9.512144327163696289e-02 8.505185693502426147e-02
9.179321676492691040e-02 8.141414076089859009e-02
8.813229203224182129e-02 7.778523862361907959e-02
8.446108549833297729e-02 7.428270578384399414e-02
8.089553564786911011e-02 7.096216827630996704e-02
7.748924195766448975e-02 6.785204261541366577e-02
7.426865398883819580e-02 6.496587395668029785e-02
7.124591618776321411e-02 6.230759248137474060e-02
6.842452287673950195e-02 5.987468734383583069e-02
6.580257415771484375e-02 5.766028910875320435e-02
6.337462365627288818e-02 5.565456673502922058e-02
6.113278865814208984e-02 5.384559929370880127e-02
5.906740576028823853e-02 5.221998319029808044e-02
5.716747418045997620e-02 5.076308920979499817e-02
5.542109906673431396e-02 4.945953190326690674e-02
5.381580814719200134e-02 4.829351231455802917e-02
5.233889073133468628e-02 4.724919050931930542e-02
5.097763240337371826e-02 4.631102085113525391e-02
4.971952363848686218e-02 4.546403512358665466e-02
4.855253547430038452e-02 4.469411447644233704e-02
4.746525362133979797e-02 4.398822039365768433e-02
4.644708707928657532e-02 4.333454743027687073e-02
4.548839107155799866e-02 4.272263869643211365e-02
4.458058997988700867e-02 4.214346036314964294e-02
4.371618852019309998e-02 4.158943518996238708e-02
4.288884624838829041e-02 4.105434566736221313e-02
4.209329187870025635e-02 4.053332656621932983e-02
4.132531955838203430e-02 4.002270475029945374e-02
4.058166593313217163e-02 3.951987251639366150e-02
3.985989838838577271e-02 3.902316465973854065e-02
3.915834054350852966e-02 3.853166848421096802e-02
3.847587853670120239e-02 3.804511576890945435e-02
3.781190887093544006e-02 3.756368532776832581e-02
3.716616332530975342e-02 3.708792850375175476e-02
3.653863072395324707e-02 3.661859780550003052e-02
3.592944145202636719e-02 3.615658730268478394e-02
3.533880040049552917e-02 3.570283204317092896e-02
3.476689383387565613e-02 3.525822237133979797e-02
3.421387448906898499e-02 3.482357785105705261e-02
3.367976844310760498e-02 3.439961001276969910e-02
3.316450119018554688e-02 3.398686647415161133e-02
3.266786038875579834e-02 3.358573839068412781e-02
3.218945860862731934e-02 3.319646790623664856e-02
3.172880038619041443e-02 3.281910717487335205e-02
3.128523379564285278e-02 3.245358169078826904e-02
3.085800819098949432e-02 3.209969028830528259e-02
3.044627048075199127e-02 3.175710514187812805e-02
3.004910051822662354e-02 3.142541646957397461e-02
2.966553904116153717e-02 3.110417164862155914e-02
2.929461374878883362e-02 3.079283982515335083e-02
2.893535234034061432e-02 3.049090504646301270e-02
2.858681976795196533e-02 3.019784577190876007e-02
2.824813313782215118e-02 2.991315349936485291e-02
2.791848778724670410e-02 2.963635884225368500e-02
2.759714610874652863e-02 2.936702035367488861e-02
2.728346548974514008e-02 2.910476736724376678e-02
2.697689458727836609e-02 2.884924970567226410e-02
2.667697705328464508e-02 2.860018052160739899e-02
2.638333104550838470e-02 2.835729904472827911e-02
2.609566040337085724e-02 2.812039107084274292e-02
2.581372670829296112e-02 2.788925729691982269e-02
2.553734742105007172e-02 2.766371518373489380e-02
2.526638470590114594e-02 2.744359709322452545e-02
2.500071749091148376e-02 2.722872234880924225e-02
2.474024891853332520e-02 2.701891399919986725e-02
2.448488213121891022e-02 2.681398577988147736e-02
2.423452213406562805e-02 2.661373279988765717e-02
2.398905903100967407e-02 2.641795016825199127e-02
2.374837920069694519e-02 2.622641623020172119e-02
2.351235412061214447e-02 2.603890001773834229e-02
2.328083477914333344e-02 2.585518732666969299e-02
2.305367216467857361e-02 2.567505277693271637e-02
2.283070608973503113e-02 2.549827657639980316e-02
2.261178009212017059e-02 2.532465942203998566e-02
2.239672467112541199e-02 2.515403181314468384e-02
2.218539454042911530e-02 2.498622424900531769e-02
2.197764627635478973e-02 2.482110634446144104e-02
2.177334763109683990e-02 2.465856447815895081e-02
2.157238498330116272e-02 2.449850179255008698e-02
2.137466520071029663e-02 2.434086054563522339e-02
2.118010073900222778e-02 2.418559044599533081e-02
2.098863758146762848e-02 2.403265610337257385e-02
2.080022357404232025e-02 2.388205192983150482e-02
2.061483450233936310e-02 2.373374998569488525e-02
2.043244056403636932e-02 2.358776144683361053e-02
2.025303803384304047e-02 2.344406954944133759e-02
2.007661759853363037e-02 2.330268546938896179e-02
1.990318298339843750e-02 2.316359616816043854e-02
1.973273977637290955e-02 2.302679233253002167e-02
1.956528797745704651e-02 2.289225533604621887e-02
1.940083689987659454e-02 2.275996468961238861e-02
1.923938095569610596e-02 2.262989059090614319e-02
1.908093132078647614e-02 2.250200882554054260e-02
1.892547868192195892e-02 2.237629145383834839e-02
1.877302490174770355e-02 2.225270122289657593e-02
1.862356811761856079e-02 2.213120460510253906e-02
1.847710274159908295e-02 2.201177924871444702e-02
1.833362504839897156e-02 2.189441211521625519e-02
1.819313131272792816e-02 2.177908085286617279e-02
1.805561780929565430e-02 2.166577242314815521e-02
1.792108826339244843e-02 2.155449800193309784e-02
1.778954081237316132e-02 2.144524827599525452e-02
1.766097359359264374e-02 2.133804000914096832e-02
1.753538846969604492e-02 2.123289369046688080e-02
1.741278357803821564e-02 2.112982049584388733e-02
1.729315519332885742e-02 2.102884277701377869e-02
1.717649772763252258e-02 2.092998102307319641e-02
1.706280745565891266e-02 2.083324827253818512e-02
1.695206761360168457e-02 2.073867246508598328e-02
1.684426702558994293e-02 2.064624615013599396e-02
1.673938333988189697e-02 2.055599726736545563e-02
1.663739234209060669e-02 2.046791091561317444e-02
1.653826609253883362e-02 2.038197964429855347e-02
1.644196547567844391e-02 2.029819041490554810e-02
1.634845696389675140e-02 2.021652273833751678e-02
1.625769212841987610e-02 2.013693563640117645e-02
1.616962254047393799e-02 2.005939371883869171e-02
1.608419418334960938e-02 1.998384669423103333e-02
1.600135117769241333e-02 1.991023495793342590e-02
1.592102833092212677e-02 1.983849518001079559e-02
1.584315858781337738e-02 1.976854912936687469e-02
1.576767116785049438e-02 1.970032602548599243e-02
1.569448783993721008e-02 1.963373087346553802e-02
1.562353223562240601e-02 1.956867985427379608e-02
1.555471774190664291e-02 1.950507983565330505e-02
1.548795774579048157e-02 1.944283582270145416e-02
1.542316284030675888e-02 1.938184536993503571e-02
1.536024175584316254e-02 1.932201161980628967e-02
1.529910136014223099e-02 1.926324144005775452e-02
1.523963920772075653e-02 1.920543797314167023e-02
1.518176589161157608e-02 1.914850063621997833e-02
1.512537803500890732e-02 1.909234188497066498e-02
1.507038529962301254e-02 1.903687417507171631e-02
1.501668710261583328e-02 1.898200437426567078e-02
1.496418751776218414e-02 1.892766356468200684e-02
1.491279900074005127e-02 1.887376792728900909e-02
1.486242841929197311e-02 1.882023550570011139e-02
1.481298636645078659e-02 1.876700296998023987e-02
1.476439181715250015e-02 1.871399767696857452e-02
1.471656467765569687e-02 1.866116560995578766e-02
1.466943044215440750e-02 1.860843598842620850e-02
1.462291087955236435e-02 1.855575665831565857e-02
1.457694359123706818e-02 1.850307174026966095e-02
1.453146059066057205e-02 1.845033653080463409e-02
1.448640413582324982e-02 1.839750446379184723e-02
1.444172021001577377e-02 1.834453642368316650e-02
1.439735759049654007e-02 1.829139329493045807e-02
1.435326412320137024e-02 1.823804713785648346e-02
1.430940255522727966e-02 1.818447001278400421e-02
1.426572538912296295e-02 1.813063211739063263e-02
1.422220282256603241e-02 1.807652972638607025e-02
1.417879946529865265e-02 1.802214421331882477e-02
1.413548272103071213e-02 1.796746440231800079e-02
1.409222744405269623e-02 1.791248656809329987e-02
1.404900476336479187e-02 1.785721257328987122e-02
1.400579791516065598e-02 1.780164241790771484e-02
1.396258268505334854e-02 1.774577610194683075e-02
1.391934510320425034e-02 1.768962480127811432e-02
1.387606468051671982e-02 1.763319410383701324e-02
1.383273117244243622e-02 1.757649332284927368e-02
1.378933247178792953e-02 1.751953177154064178e-02
1.374585740268230438e-02 1.746231876313686371e-02
1.370229665189981461e-02 1.740486547350883484e-02
1.365864276885986328e-02 1.734718121588230133e-02
1.361489295959472656e-02 1.728927530348300934e-02
1.357103884220123291e-02 1.723116077482700348e-02
1.352707482874393463e-02 1.717284321784973145e-02
1.348299905657768250e-02 1.711433753371238708e-02
1.343880780041217804e-02 1.705564558506011963e-02
1.339449733495712280e-02 1.699678599834442139e-02
1.335006393492221832e-02 1.693776994943618774e-02
1.330550573766231537e-02 1.687859557569026947e-02
1.326081808656454086e-02 1.681928336620330811e-02
1.321600191295146942e-02 1.675984263420104980e-02
1.317105069756507874e-02 1.670027710497379303e-02
1.312596444040536880e-02 1.664060354232788086e-02
1.308073755353689194e-02 1.658083125948905945e-02
1.303536724299192429e-02 1.652096770703792572e-02
1.298985164612531662e-02 1.646102219820022583e-02
1.294418610632419586e-02 1.640100404620170593e-02
1.289837062358856201e-02 1.634091697633266449e-02
1.285239867866039276e-02 1.628076843917369843e-02
1.280627120286226273e-02 1.622056216001510620e-02
1.275998447090387344e-02 1.616030931472778320e-02
1.271353755146265030e-02 1.610000245273113251e-02
1.266692858189344406e-02 1.603965088725090027e-02
1.262015663087368011e-02 1.597925089299678802e-02
1.257322076708078384e-02 1.591880433261394501e-02
1.252612378448247910e-02 1.585831120610237122e-02
1.247886195778846741e-02 1.579776778817176819e-02
1.243144087493419647e-02 1.573717407882213593e-02
1.238385960459709167e-02 1.567652635276317596e-02
1.233612187206745148e-02 1.561582181602716446e-02
1.228822953999042511e-02 1.555505860596895218e-02
1.224018726497888565e-02 1.549423206597566605e-02
1.219199690967798233e-02 1.543334219604730606e-02
1.214366219937801361e-02 1.537238433957099915e-02
1.209518872201442719e-02 1.531135570257902145e-02
1.204658206552267075e-02 1.525024883449077606e-02
1.199784222990274429e-02 1.518906559795141220e-02
1.194897573441267014e-02 1.512779109179973602e-02
1.189998816698789597e-02 1.506642904132604599e-02
1.185087859630584717e-02 1.500497013330459595e-02
1.180165447294712067e-02 1.494340505450963974e-02
1.175231672823429108e-02 1.488172914832830429e-02
1.170286629348993301e-02 1.481992751359939575e-02
1.165330596268177032e-02 1.475799828767776489e-02
1.160363294184207916e-02 1.469592563807964325e-02
1.155385002493858337e-02 1.463369932025671005e-02
1.150395348668098450e-02 1.457130443304777145e-02
1.145393867045640945e-02 1.450873538851737976e-02
1.140380278229713440e-02 1.444596983492374420e-02
1.135353837162256241e-02 1.438299566507339478e-02
1.130314171314239502e-02 1.431979984045028687e-02
1.125259976834058762e-02 1.425637025386095047e-02
1.120190694928169250e-02 1.419268455356359482e-02
1.115105208009481430e-02 1.412873528897762299e-02
1.110002119094133377e-02 1.406449917703866959e-02
1.104880403727293015e-02 1.399996597319841385e-02
1.099738758057355881e-02 1.393512263894081116e-02
1.094575691968202591e-02 1.386995706707239151e-02
1.089389715343713760e-02 1.380445435643196106e-02
1.084179617464542389e-02 1.373860519379377365e-02
1.078943908214569092e-02 1.367239840328693390e-02
1.073681097477674484e-02 1.360583025962114334e-02
1.068389788269996643e-02 1.353889331221580505e-02
1.063068583607673645e-02 1.347158197313547134e-02
1.057716552168130875e-02 1.340389717370271683e-02
1.052332017570734024e-02 1.333583332598209381e-02
1.046913955360651016e-02 1.326739788055419922e-02
1.041461341083049774e-02 1.319859176874160767e-02
1.035973057150840759e-02 1.312942057847976685e-02
1.030448265373706818e-02 1.305989362299442291e-02
1.024886034429073334e-02 1.299001183360815048e-02
1.019285712391138077e-02 1.291978918015956879e-02
1.013646554201841354e-02 1.284923870116472244e-02
1.007967814803123474e-02 1.277836598455905914e-02
1.002249028533697128e-02 1.270718872547149658e-02
9.964898228645324707e-03 1.263571064919233322e-02
9.906897321343421936e-03 1.256395224481821060e-02
9.848484769463539124e-03 1.249192375689744949e-02
9.789658710360527039e-03 1.241964008659124374e-02
9.730418212711811066e-03 1.234711613506078720e-02
9.670762345194816589e-03 1.227436400949954987e-02
9.610692970454692841e-03 1.220140513032674789e-02
9.550211019814014435e-03 1.212824881076812744e-02
9.489320218563079834e-03 1.205492205917835236e-02
9.428024291992187500e-03 1.198143698275089264e-02
9.366326965391635895e-03 1.190781500190496445e-02
9.304237551987171173e-03 1.183407288044691086e-02
9.241762571036815643e-03 1.176024321466684341e-02
9.178910404443740845e-03 1.168634463101625443e-02
9.115694090723991394e-03 1.161240041255950928e-02
9.052125737071037292e-03 1.153844594955444336e-02
8.988218382000923157e-03 1.146450638771057129e-02
8.923992514610290527e-03 1.139061711728572845e-02
8.859463036060333252e-03 1.131680607795715332e-02
8.794650435447692871e-03 1.124311331659555435e-02
8.729578927159309387e-03 1.116957701742649078e-02
8.664276450872421265e-03 1.109622884541749954e-02
8.598764427006244659e-03 1.102311629801988602e-02
8.533076383173465729e-03 1.095027476549148560e-02
8.467242121696472168e-03 1.087775081396102905e-02
8.401301689445972443e-03 1.080558542162179947e-02
8.335285820066928864e-03 1.073381770402193069e-02
8.269236423075199127e-03 1.066249888390302658e-02
8.203197270631790161e-03 1.059166528284549713e-02
8.137211203575134277e-03 1.052136253565549850e-02
8.071323856711387634e-03 1.045162789523601532e-02
8.005584590137004852e-03 1.038250420242547989e-02
7.940040901303291321e-03 1.031402777880430222e-02
7.874744944274425507e-03 1.024623122066259384e-02
7.809750270098447800e-03 1.017914619296789169e-02
7.745106704533100128e-03 1.011280529201030731e-02
7.680867798626422882e-03 1.004723180085420609e-02
7.617088500410318375e-03 9.982444345951080322e-03
7.553816772997379303e-03 9.918464347720146179e-03
7.491104304790496826e-03 9.855306707322597504e-03
7.429001387208700180e-03 9.792971424758434296e-03
7.367553655058145523e-03 9.731471538543701172e-03
7.306802552193403244e-03 9.670804254710674286e-03
7.246791850775480270e-03 9.610967710614204407e-03
7.187558803707361221e-03 9.551947936415672302e-03
7.129136472940444946e-03 9.493744932115077972e-03
7.071552332490682602e-03 9.436334483325481415e-03
7.014835253357887268e-03 9.379706345498561859e-03
6.959005724638700485e-03 9.323840960860252380e-03
6.904080044478178024e-03 9.268713183701038361e-03
6.850073114037513733e-03 9.214308112859725952e-03
6.796994246542453766e-03 9.160597808659076691e-03
6.744848098605871201e-03 9.107563644647598267e-03
6.693636998534202576e-03 9.055185131728649139e-03
6.643359549343585968e-03 9.003431536257266998e-03
6.594010163098573685e-03 8.952292613685131073e-03
6.545582786202430725e-03 8.901739493012428284e-03
6.498068105429410934e-03 8.851758204400539398e-03
6.451451685279607773e-03 8.802332915365695953e-03
6.405720487236976624e-03 8.753442205488681793e-03
6.360859144479036331e-03 8.705076761543750763e-03
6.316847167909145355e-03 8.657216094434261322e-03
6.273667793720960617e-03 8.609853684902191162e-03
6.231299601495265961e-03 8.562979288399219513e-03
6.189723033457994461e-03 8.516584523022174835e-03
6.148914340883493423e-03 8.470660075545310974e-03
6.108853034675121307e-03 8.425199426710605621e-03
6.069516297429800034e-03 8.380196057260036469e-03
6.030882243067026138e-03 8.335652761161327362e-03
5.992928054183721542e-03 8.291553705930709839e-03
5.955629982054233551e-03 8.247898891568183899e-03
5.918968003243207932e-03 8.204682730138301849e-03
5.882919300347566605e-03 8.161901496350765228e-03
5.847463849931955338e-03 8.119546808302402496e-03
5.812579300254583359e-03 8.077619597315788269e-03
5.778247490525245667e-03 8.036105893552303314e-03
5.744445137679576874e-03 7.995003834366798401e-03
5.711156409233808517e-03 7.954300381243228912e-03
5.678361281752586365e-03 7.913988083600997925e-03
5.646042060106992722e-03 7.874055765569210052e-03
5.614179652184247971e-03 7.834495045244693756e-03
5.582759622484445572e-03 7.795291021466255188e-03
5.551761481910943985e-03 7.756436243653297424e-03
5.521173588931560516e-03 7.717913947999477386e-03
5.490977317094802856e-03 7.679713424295186996e-03
5.461158696562051773e-03 7.641821168363094330e-03
5.431702360510826111e-03 7.604226469993591309e-03
5.402596201747655869e-03 7.566919084638357162e-03
5.373823922127485275e-03 7.529886439442634583e-03
5.345373880118131638e-03 7.493110839277505875e-03
5.317230243235826492e-03 7.456590421497821808e-03
5.289384629577398300e-03 7.420314010232686996e-03
5.261821206659078598e-03 7.384269498288631439e-03
5.234529264271259308e-03 7.348451297730207443e-03
5.207497626543045044e-03 7.312847767025232315e-03
5.180715117603540421e-03 7.277453783899545670e-03
5.154170095920562744e-03 7.242264691740274429e-03
5.127853248268365860e-03 7.207276765257120132e-03
5.101754330098628998e-03 7.172480225563049316e-03
5.075861234217882156e-03 7.137872278690338135e-03
5.050167907029390335e-03 7.103450130671262741e-03
5.024662241339683533e-03 7.069209124892950058e-03
4.999338649213314056e-03 7.035145536065101624e-03
4.974184557795524597e-03 7.001261226832866669e-03
4.949194379150867462e-03 6.967545952647924423e-03
4.924360662698745728e-03 6.934006698429584503e-03
4.899675026535987854e-03 6.900636944919824600e-03
4.875129554420709610e-03 6.867434829473495483e-03
4.850719124078750610e-03 6.834399420768022537e-03
4.826434887945652008e-03 6.801533512771129608e-03
4.802272189408540726e-03 6.768832448869943619e-03
4.778224043548107147e-03 6.736294366419315338e-03
4.754285328090190887e-03 6.703920662403106689e-03
4.730450455099344254e-03 6.671710405498743057e-03
4.706712905317544937e-03 6.639660801738500595e-03
4.683069419115781784e-03 6.607771851122379303e-03
4.659514408558607101e-03 6.576043553650379181e-03
4.636041820049285889e-03 6.544475443661212921e-03
4.612648393958806992e-03 6.513065192848443985e-03
4.589329939335584641e-03 6.481814663857221603e-03
4.566082730889320374e-03 6.450717337429523468e-03
4.542902577668428421e-03 6.419776938855648041e-03
4.519784357398748398e-03 6.388988811522722244e-03
4.496727138757705688e-03 6.358352955430746078e-03
4.473725799471139908e-03 6.327871698886156082e-03
4.450778011232614517e-03 6.297538522630929947e-03
4.427879117429256439e-03 6.267352029681205750e-03
4.405028652399778366e-03 6.237312220036983490e-03
4.382221959531307220e-03 6.207419559359550476e-03
4.359457176178693771e-03 6.177667062729597092e-03
4.336731508374214172e-03 6.148057524114847183e-03
4.314044490456581116e-03 6.118583958595991135e-03
4.291391931474208832e-03 6.089251954108476639e-03
4.268771968781948090e-03 6.060056854039430618e-03
4.246181342750787735e-03 6.030994467437267303e-03
4.223621916025876999e-03 6.002062000334262848e-03
4.201089497655630112e-03 5.973262246698141098e-03
4.178582690656185150e-03 5.944593343883752823e-03
4.156100563704967499e-03 5.916050169616937637e-03
4.133643116801977158e-03 5.887632258236408234e-03
4.111206158995628357e-03 5.859339144080877304e-03
4.088790155947208405e-03 5.831170361489057541e-03
4.066394641995429993e-03 5.803117994219064713e-03
4.044017288833856583e-03 5.775188561528921127e-03
4.021658562123775482e-03 5.747375544160604477e-03
3.999318927526473999e-03 5.719678476452827454e-03
3.976995125412940979e-03 5.692096892744302750e-03
3.954689484089612961e-03 5.664630793035030365e-03
3.932399209588766098e-03 5.637272726744413376e-03
3.910124767571687698e-03 5.610028747469186783e-03
3.887867089360952377e-03 5.582895595580339432e-03
3.865624545142054558e-03 5.555867217481136322e-03
3.843398997560143471e-03 5.528948269784450531e-03
3.821188351139426231e-03 5.502136424183845520e-03
3.798995167016983032e-03 5.475427955389022827e-03
3.776818048208951950e-03 5.448826588690280914e-03
3.754658857360482216e-03 5.422325339168310165e-03
3.732516430318355560e-03 5.395928863435983658e-03
3.710391931235790253e-03 5.369634833186864853e-03
3.688286524266004562e-03 5.343444179743528366e-03
3.666200209408998489e-03 5.317350849509239197e-03
3.644134150817990303e-03 5.291358102113008499e-03
3.622090443968772888e-03 5.265465937554836273e-03
3.600067459046840668e-03 5.239672958850860596e-03
3.578068222850561142e-03 5.213979166001081467e-03
3.556093666702508926e-03 5.188384093344211578e-03
3.534143092110753059e-03 5.162885878235101700e-03
3.512219525873661041e-03 5.137489177286624908e-03
3.490324830636382103e-03 5.112188402563333511e-03
3.468458540737628937e-03 5.086985416710376740e-03
3.446622053161263466e-03 5.061880685389041901e-03
3.424817230552434921e-03 5.036873742938041687e-03
3.403046866878867149e-03 5.011966452002525330e-03
3.381310263648629189e-03 4.987158346921205521e-03
3.359610680490732193e-03 4.962445236742496490e-03
3.337949048727750778e-03 4.937831778079271317e-03
3.316327696666121483e-03 4.913317970931529999e-03
3.294748021289706230e-03 4.888903815299272537e-03
3.273210255429148674e-03 4.864590242505073547e-03
3.251718124374747276e-03 4.840373992919921875e-03
3.230271860957145691e-03 4.816261120140552521e-03
3.208875190466642380e-03 4.792250692844390869e-03
3.187529044225811958e-03 4.768342711031436920e-03
3.166235052049160004e-03 4.744536709040403366e-03
3.144995775073766708e-03 4.720834083855152130e-03
3.123812144622206688e-03 4.697237163782119751e-03
3.102686721831560135e-03 4.673744551837444305e-03
3.081621602177619934e-03 4.650359973311424255e-03
3.060618881136178970e-03 4.627081099897623062e-03
3.039680887013673782e-03 4.603913985192775726e-03
3.018810180947184563e-03 4.580852109938859940e-03
2.998005831614136696e-03 4.557905718684196472e-03
2.977273659780621529e-03 4.535068292170763016e-03
2.956613898277282715e-03 4.512346815317869186e-03
2.936029573902487755e-03 4.489737097173929214e-03
2.915521152317523956e-03 4.467243794351816177e-03
2.895092824473977089e-03 4.444869235157966614e-03
2.874745521694421768e-03 4.422613419592380524e-03
2.854481805115938187e-03 4.400477278977632523e-03
2.834303304553031921e-03 4.378462210297584534e-03
2.814213512465357780e-03 4.356570076197385788e-03
2.794212894514203072e-03 4.334803204983472824e-03
2.774304011836647987e-03 4.313163924962282181e-03
2.754490356892347336e-03 4.291650373488664627e-03
2.734772395342588425e-03 4.270266275852918625e-03
2.715152455493807793e-03 4.249013029038906097e-03
2.695633564144372940e-03 4.227892961353063583e-03
2.676216186955571175e-03 4.206908401101827621e-03
2.656904282048344612e-03 4.186059348285198212e-03
2.637698082253336906e-03 4.165346734225749969e-03
2.618600148707628250e-03 4.144772421568632126e-03
2.599612344056367874e-03 4.124342463910579681e-03
2.580736763775348663e-03 4.104051738977432251e-03
2.561975503340363503e-03 4.083906300365924835e-03
2.543328562751412392e-03 4.063907079398632050e-03
2.524800365790724754e-03 4.044053610414266586e-03
2.506390446797013283e-03 4.024350084364414215e-03
2.488102065399289131e-03 4.004797432571649551e-03
2.469934755936264992e-03 3.985397517681121826e-03
2.451891545206308365e-03 3.966148477047681808e-03
2.433973131701350212e-03 3.947053570300340652e-03
2.416180446743965149e-03 3.928115591406822205e-03
2.398516051471233368e-03 3.909335006028413773e-03
2.380980644375085831e-03 3.890713443979620934e-03
2.363574225455522537e-03 3.872249508276581764e-03
2.346300520002841949e-03 3.853946691378951073e-03
2.329158363863825798e-03 3.835805458948016167e-03
2.312147757038474083e-03 3.817824181169271469e-03
2.295271959155797958e-03 3.800009842962026596e-03
2.278529340401291847e-03 3.782357089221477509e-03
2.261923858895897865e-03 3.764870343729853630e-03
2.245453884825110435e-03 3.747548209503293037e-03
2.229119418188929558e-03 3.730393247678875923e-03
2.212923020124435425e-03 3.713401034474372864e-03
2.196863060817122459e-03 3.696577856317162514e-03
2.180940937250852585e-03 3.679918358102440834e-03
2.165157813578844070e-03 3.663429291918873787e-03
2.149511827155947685e-03 3.647104371339082718e-03
2.134004607796669006e-03 3.630944062024354935e-03
2.118635922670364380e-03 3.614955814555287361e-03
2.103406237438321114e-03 3.599129850044846535e-03
2.088314155116677284e-03 3.583471989259123802e-03
2.073361305519938469e-03 3.567981068044900894e-03
2.058546524494886398e-03 3.552655456587672234e-03
2.043869812041521072e-03 3.537489334121346474e-03
2.029330236837267876e-03 3.522493643686175346e-03
2.014929195865988731e-03 3.507658373564481735e-03
2.000664127990603447e-03 3.492988180369138718e-03
1.986536663025617599e-03 3.478480968624353409e-03
1.972545171156525612e-03 3.464131848886609077e-03
1.958688721060752869e-03 3.449945943430066109e-03
1.944967661984264851e-03 3.435918828472495079e-03
1.931381644681096077e-03 3.422051668167114258e-03
1.917927758768200874e-03 3.408341202884912491e-03
1.904608565382659435e-03 3.394787199795246124e-03
1.891421154141426086e-03 3.381389658898115158e-03
1.878364128060638905e-03 3.368147183209657669e-03
1.865439000539481640e-03 3.355055581778287888e-03
1.852643210440874100e-03 3.342117415741086006e-03
1.839976175688207150e-03 3.329331288114190102e-03
1.827436848543584347e-03 3.316693939268589020e-03
1.815024414099752903e-03 3.304203506559133530e-03
1.802737242542207241e-03 3.291859524324536324e-03
1.790575217455625534e-03 3.279660828411579132e-03
1.778536941856145859e-03 3.267606720328330994e-03
1.766621368005871773e-03 3.255694638937711716e-03
1.754826516844332218e-03 3.243926214054226875e-03
1.743152388371527195e-03 3.232292830944061279e-03
1.731597469188272953e-03 3.220799146220088005e-03
1.720160245895385742e-03 3.209441434592008591e-03
1.708839787170290947e-03 3.198220394551753998e-03
1.697634463198482990e-03 3.187131602317094803e-03
1.686543691903352737e-03 3.176172496750950813e-03
1.675565959885716438e-03 3.165345871821045876e-03
1.664700335822999477e-03 3.154646605253219604e-03
1.653944374993443489e-03 3.144072834402322769e-03
1.643298310227692127e-03 3.133628983050584793e-03
1.632760278880596161e-03 3.123304340988397598e-03
1.622327952645719051e-03 3.113101935014128685e-03
1.612002612091600895e-03 3.103024093434214592e-03
1.601780648343265057e-03 3.093062667176127434e-03
1.591662177816033363e-03 3.083218354731798172e-03
1.581645221449434757e-03 3.073489060625433922e-03
1.571728498674929142e-03 3.063872223719954491e-03
1.561911311000585556e-03 3.054370870813727379e-03
1.552192145027220249e-03 3.044978016987442970e-03
1.542569720186293125e-03 3.035693662241101265e-03
1.533043337985873222e-03 3.026516642421483994e-03
1.523610902950167656e-03 3.017446026206016541e-03
1.514271716587245464e-03 3.008480882272124290e-03
1.505025080405175686e-03 2.999614691361784935e-03
1.495869248174130917e-03 2.990851178765296936e-03
1.486802706494927406e-03 2.982187317684292793e-03
1.477826153859496117e-03 2.973621012642979622e-03
1.468936330638825893e-03 2.965150168165564537e-03
1.460133236832916737e-03 2.956772455945611000e-03
1.451415708288550377e-03 2.948488341644406319e-03
1.442782348021864891e-03 2.940296195447444916e-03
1.434232573956251144e-03 2.932191826403141022e-03
1.425764756277203560e-03 2.924175001680850983e-03
1.417378080077469349e-03 2.916245954111218452e-03
1.409071963280439377e-03 2.908401191234588623e-03
1.400845474563539028e-03 2.900640480220317841e-03
1.392696867696940899e-03 2.892960794270038605e-03
1.384626026265323162e-03 2.885359339416027069e-03
1.376631204038858414e-03 2.877840073779225349e-03
1.368712750263512135e-03 2.870397409424185753e-03
1.360867987386882305e-03 2.863027155399322510e-03
1.353096915408968925e-03 2.855733735486865044e-03
1.345399301499128342e-03 2.848511794582009315e-03
1.337772933766245842e-03 2.841361332684755325e-03
1.330218161456286907e-03 2.834281418472528458e-03
1.322733471170067787e-03 2.827269490808248520e-03
1.315318280830979347e-03 2.820324385538697243e-03
1.307971775531768799e-03 2.813445171341300011e-03
1.300694071687757969e-03 2.806629985570907593e-03
1.293481676839292049e-03 2.799878362566232681e-03
1.286336220800876617e-03 2.793187042698264122e-03
1.279256772249937057e-03 2.786556957289576530e-03
1.272241352126002312e-03 2.779982751235365868e-03
1.265290076844394207e-03 2.773468615487217903e-03
1.258401898667216301e-03 2.767010591924190521e-03
1.251577050425112247e-03 2.760608447715640068e-03
1.244812854565680027e-03 2.754257293418049812e-03
1.238111057318747044e-03 2.747959457337856293e-03
1.231468399055302143e-03 2.741714240983128548e-03
1.224885461851954460e-03 2.735518151894211769e-03
1.218362478539347649e-03 2.729371190071105957e-03
1.211897120811045170e-03 2.723271492868661880e-03
1.205489737913012505e-03 2.717220457270741463e-03
1.199139398522675037e-03 2.711214357987046242e-03
1.192845520563423634e-03 2.705252962186932564e-03
1.186606590636074543e-03 2.699335105717182159e-03
1.180423307232558727e-03 2.693459624424576759e-03
1.174294622614979744e-03 2.687625819817185402e-03
1.168219139799475670e-03 2.681833924725651741e-03
1.162196975201368332e-03 2.676081378012895584e-03
1.156227313913404942e-03 2.670367015525698662e-03
1.150310039520263672e-03 2.664689905941486359e-03
1.144443755038082600e-03 2.659051911905407906e-03
1.138628227636218071e-03 2.653450006619095802e-03
1.132862758822739124e-03 2.647882560268044472e-03
1.127146533690392971e-03 2.642351435497403145e-03
1.121479552239179611e-03 2.636855002492666245e-03
1.115861698053777218e-03 2.631391631439328194e-03
1.110290526412427425e-03 2.625961089506745338e-03
1.104767317883670330e-03 2.620561979711055756e-03
1.099290326237678528e-03 2.615195000544190407e-03
1.093860017135739326e-03 2.609858755022287369e-03
1.088474877178668976e-03 2.604551846161484718e-03
1.083134440705180168e-03 2.599275438115000725e-03
1.077839289791882038e-03 2.594028599560260773e-03
1.072587678208947182e-03 2.588812028989195824e-03
1.067379140295088291e-03 2.583624096587300301e-03
1.062214490957558155e-03 2.578461309894919395e-03
1.057091285474598408e-03 2.573328092694282532e-03
1.052010105922818184e-03 2.568222116678953171e-03
1.046970952302217484e-03 2.563141053542494774e-03
1.041972078382968903e-03 2.558086765930056572e-03
1.037013018503785133e-03 2.553059952333569527e-03
1.032094703987240791e-03 2.548057585954666138e-03
1.027215854264795780e-03 2.543083624914288521e-03
1.022375072352588177e-03 2.538129920139908791e-03
1.017573289573192596e-03 2.533202758058905602e-03
1.012809225358068943e-03 2.528303768485784531e-03
1.008083345368504524e-03 2.523428061977028847e-03
1.003393786959350109e-03 2.518573310226202011e-03
9.987413650378584862e-04 2.513745566830039024e-03
9.941245662048459053e-04 2.508941572159528732e-03
9.895437397062778473e-04 2.504161791875958443e-03
9.849983034655451775e-04 2.499403432011604309e-03
9.804874425753951073e-04 2.494669053703546524e-03
9.760120301507413387e-04 2.489958889782428741e-03
9.715696214698255062e-04 2.485275035724043846e-03
9.671610896475613117e-04 2.480610739439725876e-03
9.627857361920177937e-04 2.475970191881060600e-03
9.584437357261776924e-04 2.471354091539978981e-03
9.541338076815009117e-04 2.466761274263262749e-03
9.498560102656483650e-04 2.462190343067049980e-03
9.456102270632982254e-04 2.457641763612627983e-03
9.413958759978413582e-04 2.453118795529007912e-03
9.372122003696858883e-04 2.448617247864603996e-03
9.330591419711709023e-04 2.444138051941990852e-03
9.289361187256872654e-04 2.439684001728892326e-03
9.248434216715395451e-04 2.435251837596297264e-03
9.207800612784922123e-04 2.430843655019998550e-03
9.167462121695280075e-04 2.426455961540341377e-03
9.127414668910205364e-04 2.422092715278267860e-03
9.087646612897515297e-04 2.417754381895065308e-03
9.048163192346692085e-04 2.413437003269791603e-03
9.008964407257735729e-04 2.409142442047595978e-03
8.970037451945245266e-04 2.404872793704271317e-03
8.931390475481748581e-04 2.400627592578530312e-03
8.893005433492362499e-04 2.396403579041361809e-03
8.854892803356051445e-04 2.392200520262122154e-03
8.817047346383333206e-04 2.388024935498833656e-03
8.779456256888806820e-04 2.383873797953128815e-03
8.742134086787700653e-04 2.379743615165352821e-03
8.705066866241395473e-04 2.375635085627436638e-03
8.668243535794317722e-04 2.371554030105471611e-03
8.631681557744741440e-04 2.367495559155941010e-03
8.595359977334737778e-04 2.363458042964339256e-03
8.559291018173098564e-04 2.359446603804826736e-03
8.523464202880859375e-04 2.355459379032254219e-03
8.487876038998365402e-04 2.351493341848254204e-03
8.452525944449007511e-04 2.347551519051194191e-03
8.417412755079567432e-04 2.343634143471717834e-03
8.382534142583608627e-04 2.339741680771112442e-03
8.347881375811994076e-04 2.335872035473585129e-03
8.313466096296906471e-04 2.332026138901710510e-03
8.279273752123117447e-04 2.328205155208706856e-03
8.245307253673672676e-04 2.324408385902643204e-03
8.211563108488917351e-04 2.320633269846439362e-03
8.178037824109196663e-04 2.316882601007819176e-03
8.144729654304683208e-04 2.313158474862575531e-03
8.111639181151986122e-04 2.309455769136548042e-03
8.078762330114841461e-04 2.305776113644242287e-03
8.046097937040030956e-04 2.302121836692094803e-03
8.013641345314681530e-04 2.298494102433323860e-03
7.981394301168620586e-04 2.294886857271194458e-03
7.949357968755066395e-04 2.291302196681499481e-03
7.917519542388617992e-04 2.287744777277112007e-03
7.885887171141803265e-04 2.284209243953227997e-03
7.854449213482439518e-04 2.280697692185640335e-03
7.823219057172536850e-04 2.277208724990487099e-03
7.792179821990430355e-04 2.273747231811285019e-03
7.761341985315084457e-04 2.270307624712586403e-03
7.730689249001443386e-04 2.266888739541172981e-03
7.700234418734908104e-04 2.263498026877641678e-03
7.669969927519559860e-04 2.260128036141395569e-03
7.639891700819134712e-04 2.256781561300158501e-03
7.610000320710241795e-04 2.253459999337792397e-03
7.580293458886444569e-04 2.250161720439791679e-03
7.550772279500961304e-04 2.246887423098087311e-03
7.521432125940918922e-04 2.243633847683668137e-03
7.492275326512753963e-04 2.240403788164258003e-03
7.463297224603593349e-04 2.237199572846293449e-03
7.434494909830391407e-04 2.234014216810464859e-03
7.405870710499584675e-04 2.230853075161576271e-03
7.377421134151518345e-04 2.227718010544776917e-03
7.349143852479755878e-04 2.224605064839124680e-03
7.321041775867342949e-04 2.221510279923677444e-03
7.293111993931233883e-04 2.218444366008043289e-03
7.265343447215855122e-04 2.215399406850337982e-03
7.237746613100171089e-04 2.212373772636055946e-03
7.210318581201136112e-04 2.209371654316782951e-03
7.183054694905877113e-04 2.206396311521530151e-03
7.155953207984566689e-04 2.203440060839056969e-03
7.129017612896859646e-04 2.200502436608076096e-03
7.102243835106492043e-04 2.197589958086609840e-03
7.075626635923981667e-04 2.194702159613370895e-03
7.049174164421856403e-04 2.191831357777118683e-03
7.022876525297760963e-04 2.188981976360082626e-03
6.996734882704913616e-04 2.186160068958997726e-03
6.970756803639233112e-04 2.183355856686830521e-03
6.944922497496008873e-04 2.180571202188730240e-03
6.919248844496905804e-04 2.177808433771133423e-03
6.893725367262959480e-04 2.175070345401763916e-03
6.868352647870779037e-04 2.172348322346806526e-03
6.843131268396973610e-04 2.169647952541708946e-03
6.818058900535106659e-04 2.166972029954195023e-03
6.793134962208569050e-04 2.164314966648817062e-03
6.768359453417360783e-04 2.161675365641713142e-03
6.743725971318781376e-04 2.159059513360261917e-03
6.719239172525703907e-04 2.156462986022233963e-03
6.694896728731691837e-04 2.153887180611491203e-03
6.670701550319790840e-04 2.151330932974815369e-03
6.646648398600518703e-04 2.148793311789631844e-03
6.622726796194911003e-04 2.146276645362377167e-03
6.598953041248023510e-04 2.143779071047902107e-03
6.575320730917155743e-04 2.141302917152643204e-03
6.551826372742652893e-04 2.138840965926647186e-03
6.528459489345550537e-04 2.136403461918234825e-03
6.505238707177340984e-04 2.133982954546809196e-03
6.482148892246186733e-04 2.131578046828508377e-03
6.459198775701224804e-04 2.129195490851998329e-03
6.436379044316709042e-04 2.126832725480198860e-03
6.413693190552294254e-04 2.124484395608305931e-03
6.391138304024934769e-04 2.122155856341123581e-03
6.368715548887848854e-04 2.119848271831870079e-03
6.346423760987818241e-04 2.117555588483810425e-03
6.324260029941797256e-04 2.115279203280806541e-03
6.302229012362658978e-04 2.113021910190582275e-03
6.280319066718220711e-04 2.110784873366355896e-03
6.258542416617274284e-04 2.108562504872679710e-03
6.236889748834073544e-04 2.106356900185346603e-03
6.215362809598445892e-04 2.104168524965643883e-03
6.193961016833782196e-04 2.101998310536146164e-03
6.172681460157036781e-04 2.099840203300118446e-03
6.151525885798037052e-04 2.097702352330088615e-03
6.130494875833392143e-04 2.095584757626056671e-03
6.109581445343792439e-04 2.093476476147770882e-03
6.088789668865501881e-04 2.091385656967759132e-03
6.068117218092083931e-04 2.089315792545676231e-03
6.047567585483193398e-04 2.087257336825132370e-03
6.027133204042911530e-04 2.085211221128702164e-03
6.006820476613938808e-04 2.083185827359557152e-03
5.986620089970529079e-04 2.081175800412893295e-03
5.966535536572337151e-04 2.079174621030688286e-03
5.946569144725799561e-04 2.077191369608044624e-03
5.926713929511606693e-04 2.075228607282042503e-03
5.906975711695849895e-04 2.073273062705993652e-03
5.887352162972092628e-04 2.071332419291138649e-03
5.867838626727461815e-04 2.069409471005201340e-03
5.848436849191784859e-04 2.067498862743377686e-03
5.829147412441670895e-04 2.065598964691162109e-03
5.809969734400510788e-04 2.063717227429151535e-03
5.790893337689340115e-04 2.061848528683185577e-03
5.771936266683042049e-04 2.059992169961333275e-03
5.753082223236560822e-04 2.058146288618445396e-03
5.734337028115987778e-04 2.056317171081900597e-03
5.715693696402013302e-04 2.054499229416251183e-03
5.697160377167165279e-04 2.052695024758577347e-03
5.678731249645352364e-04 2.050903858616948128e-03
5.660408060066401958e-04 2.049123402684926987e-03
5.642192554660141468e-04 2.047354821115732193e-03
5.624071345664560795e-04 2.045598812401294708e-03
5.606058402918279171e-04 2.043855376541614532e-03
5.588144995272159576e-04 2.042122418060898781e-03
5.570330540649592876e-04 2.040400169789791107e-03
5.552615039050579071e-04 2.038692589849233627e-03
5.535006057471036911e-04 2.036994090303778648e-03
5.517491372302174568e-04 2.035304903984069824e-03
5.500077386386692524e-04 2.033630618825554848e-03
5.482755950652062893e-04 2.031961688771843910e-03
5.465535214170813560e-04 2.030305564403533936e-03
5.448411684483289719e-04 2.028662245720624924e-03
5.431382451206445694e-04 2.027027308940887451e-03
5.414451588876545429e-04 2.025400754064321518e-03
5.397606873884797096e-04 2.023787237703800201e-03
5.380858783610165119e-04 2.022183500230312347e-03
5.364203243516385555e-04 2.020586282014846802e-03
5.347641999833285809e-04 2.018998144194483757e-03
5.331169231794774532e-04 2.017422113567590714e-03
5.314789013937115669e-04 2.015854697674512863e-03
5.298494361340999603e-04 2.014294033870100975e-03
5.282295751385390759e-04 2.012747107073664665e-03
5.266178050078451633e-04 2.011204138398170471e-03
5.250155227258801460e-04 2.009669551625847816e-03
5.234215641394257545e-04 2.008147072046995163e-03
5.218362784944474697e-04 2.006629481911659241e-03
5.202598404139280319e-04 2.005118876695632935e-03
5.186917260289192200e-04 2.003619680181145668e-03
5.171324592083692551e-04 2.002127701416611671e-03
5.155809922143816948e-04 2.000638516619801521e-03
5.140381981618702412e-04 1.999162370339035988e-03
5.125038442201912403e-04 1.997693674638867378e-03
5.109775229357182980e-04 1.996228005737066269e-03
5.094591178931295872e-04 1.994773279875516891e-03
5.079486873000860214e-04 1.993326470255851746e-03
5.064465221948921680e-04 1.991879194974899292e-03
5.049525061622262001e-04 1.990443794056773186e-03
5.034663481637835503e-04 1.989016309380531311e-03
5.019878153689205647e-04 1.987591618672013283e-03
5.005169659852981567e-04 1.986172283068299294e-03
4.990539164282381535e-04 1.984766684472560883e-03
4.975988413207232952e-04 1.983360387384891510e-03
4.961511585861444473e-04 1.981958048418164253e-03
4.947111010551452637e-04 1.980566419661045074e-03
4.932780284434556961e-04 1.979181310161948204e-03
4.918528720736503601e-04 1.977795735001564026e-03
4.904348170384764671e-04 1.976418541744351387e-03
4.890238051302731037e-04 1.975049497559666634e-03
4.876203602179884911e-04 1.973682083189487457e-03
4.862240748479962349e-04 1.972317462787032127e-03
4.848349490202963352e-04 1.970964949578046799e-03
4.834528372157365084e-04 1.969612203538417816e-03
4.820776812266558409e-04 1.968261320143938065e-03
4.807091609109193087e-04 1.966922078281641006e-03
4.793481493834406137e-04 1.965584466233849525e-03
4.779938317369669676e-04 1.964245690032839775e-03
4.766462370753288269e-04 1.962917624041438103e-03
4.753050743602216244e-04 1.961592584848403931e-03
4.739708965644240379e-04 1.960266148671507835e-03
4.726430925074964762e-04 1.958950888365507126e-03
4.713221569545567036e-04 1.957636559382081032e-03
4.700074205175042152e-04 1.956323161721229553e-03
4.686994652729481459e-04 1.955016516149044037e-03
4.673975927289575338e-04 1.953714527189731598e-03
4.661022685468196869e-04 1.952411490492522717e-03
4.648133181035518646e-04 1.951114507392048836e-03
4.635304503608494997e-04 1.949821249581873417e-03
4.622537526302039623e-04 1.948528108187019825e-03
4.609834577422589064e-04 1.947238110005855560e-03
4.597191873472183943e-04 1.945954747498035431e-03
4.584607959259301424e-04 1.944670104421675205e-03
4.572086327243596315e-04 1.943389535881578922e-03
4.559626104310154915e-04 1.942115020938217640e-03
4.547222051769495010e-04 1.940835616551339626e-03
4.534876788966357708e-04 1.939562964253127575e-03
4.522591480053961277e-04 1.938296365551650524e-03
4.510364669840782881e-04 1.937025808729231358e-03
4.498191701713949442e-04 1.935757580213248730e-03
4.486079269554466009e-04 1.934496336616575718e-03
4.474018933251500130e-04 1.933232648298144341e-03
4.462017968762665987e-04 1.931970939040184021e-03
4.450073174666613340e-04 1.930716331116855145e-03
4.438182804733514786e-04 1.929458230733871460e-03
4.426345694810152054e-04 1.928203040733933449e-03
4.414565046317875385e-04 1.926951226778328419e-03
4.402837657835334539e-04 1.925698481500148773e-03
4.391163820400834084e-04 1.924446900375187397e-03
4.379545571282505989e-04 1.923199626617133617e-03
4.367974761407822371e-04 1.921952236443758011e-03
4.356459539849311113e-04 1.920704497024416924e-03
4.344998451415449381e-04 1.919463509693741798e-03
4.333583347033709288e-04 1.918217632919549942e-03
4.322224122006446123e-04 1.916974200867116451e-03
4.310914082452654839e-04 1.915734494104981422e-03
4.299654974602162838e-04 1.914493041113018990e-03
4.288442723918706179e-04 1.913252403028309345e-03
4.277284024283289909e-04 1.912017003633081913e-03
4.266174219083040953e-04 1.910776132717728615e-03
4.255113599356263876e-04 1.909539801999926567e-03
4.244098672643303871e-04 1.908303820528090000e-03
4.233135259710252285e-04 1.907067140564322472e-03
4.222217539791017771e-04 1.905832905322313309e-03
4.211349878460168839e-04 1.904598204419016838e-03
4.200527619104832411e-04 1.903366297483444214e-03
4.189752507954835892e-04 1.902130898088216782e-03
4.179024836048483849e-04 1.900898991152644157e-03
4.168341693002730608e-04 1.899668481200933456e-03
4.157705407124012709e-04 1.898433547466993332e-03
4.147114814259111881e-04 1.897204434499144554e-03
4.136570787522941828e-04 1.895973226055502892e-03
4.126068961340934038e-04 1.894739922136068344e-03
4.115613410249352455e-04 1.893510227091610432e-03
4.105201223865151405e-04 1.892280997708439827e-03
4.094834439456462860e-04 1.891046180389821529e-03
4.084510728716850281e-04 1.889819861389696598e-03
4.074233584105968475e-04 1.888590981252491474e-03
4.063994856551289558e-04 1.887357095256447792e-03
4.053798620589077473e-04 1.886128564365208149e-03
4.043647786602377892e-04 1.884901197627186775e-03
4.033537989016622305e-04 1.883667428046464920e-03
4.023470974061638117e-04 1.882438897155225277e-03
4.013448779005557299e-04 1.881210715509951115e-03
4.003465292043983936e-04 1.879977062344551086e-03
3.993522550445050001e-04 1.878748182207345963e-03
3.983620554208755493e-04 1.877519069239497185e-03
3.973759012296795845e-04 1.876286114566028118e-03
3.963939088862389326e-04 1.875056885182857513e-03
3.954156709369271994e-04 1.873826840892434120e-03
3.944415948353707790e-04 1.872593653388321400e-03
3.934715059585869312e-04 1.871364424005150795e-03
3.925054916180670261e-04 1.870131352916359901e-03
3.915432607755064964e-04 1.868900144472718239e-03
3.905851626768708229e-04 1.867668353952467442e-03
3.896304406225681305e-04 1.866436563432216644e-03
3.886798513121902943e-04 1.865205238573253155e-03
3.877328708767890930e-04 1.863972516730427742e-03
3.867898194584995508e-04 1.862737466581165791e-03
3.858508716803044081e-04 1.861502998508512974e-03
3.849151253234595060e-04 1.860271440818905830e-03
3.839831915684044361e-04 1.859034528024494648e-03
3.830555360764265060e-04 1.857802155427634716e-03
3.821309946943074465e-04 1.856568502262234688e-03
3.812102659139782190e-04 1.855329144746065140e-03
3.802931460086256266e-04 1.854097936302423477e-03
3.793795476667582989e-04 1.852860092185437679e-03
3.784697619266808033e-04 1.851621200330555439e-03
3.775634395424276590e-04 1.850388012826442719e-03
3.766609006561338902e-04 1.849147840403020382e-03
3.757617378141731024e-04 1.847911626100540161e-03
3.748659801203757524e-04 1.846675528213381767e-03
3.739735693670809269e-04 1.845434540882706642e-03
3.730848256964236498e-04 1.844198792241513729e-03
3.721995744854211807e-04 1.842957455664873123e-03
3.713176702149212360e-04 1.841717516072094440e-03
3.704392001964151859e-04 1.840481185354292393e-03
3.695644263643771410e-04 1.839238917455077171e-03
3.686926502268761396e-04 1.837998162955045700e-03
3.678244538605213165e-04 1.836758456192910671e-03
3.669594007078558207e-04 1.835513510741293430e-03
3.660977818071842194e-04 1.834273920394480228e-03
3.652394807431846857e-04 1.833033747971057892e-03
3.643843519967049360e-04 1.831786124967038631e-03
3.635325992945581675e-04 1.830548048019409180e-03
3.626841644290834665e-04 1.829303568229079247e-03
3.618389018811285496e-04 1.828057458624243736e-03
3.609967243392020464e-04 1.826816704124212265e-03
3.601578646339476109e-04 1.825570710934698582e-03
3.593222354538738728e-04 1.824323670007288456e-03
3.584896039683371782e-04 1.823082682676613331e-03
3.576601739041507244e-04 1.821833779104053974e-03
3.568337415345013142e-04 1.820588833652436733e-03
3.560111217666417360e-04 1.819343538954854012e-03
3.551908012013882399e-04 1.818094868212938309e-03
3.543738857842981815e-04 1.816850621253252029e-03
3.535601717885583639e-04 1.815603813156485558e-03
3.527491062413901091e-04 1.814355258829891682e-03
3.519415040500462055e-04 1.813107635825872421e-03
3.511364338919520378e-04 1.811861060559749603e-03
3.503348270896822214e-04 1.810611924156546593e-03
3.495361306704580784e-04 1.809367211535573006e-03
3.487404319457709789e-04 1.808116096071898937e-03
3.479474689811468124e-04 1.806868007406592369e-03
3.471575619187206030e-04 1.805620384402573109e-03
3.463705943431705236e-04 1.804369734600186348e-03
3.455864789430052042e-04 1.803120947442948818e-03
3.448055067565292120e-04 1.801873557269573212e-03
3.440270374994724989e-04 1.800623140297830105e-03
3.432517405599355698e-04 1.799373072572052479e-03
3.424792666919529438e-04 1.798123936168849468e-03
3.417096741031855345e-04 1.796874101273715496e-03
3.409427299629896879e-04 1.795625546947121620e-03
3.401786671020090580e-04 1.794374082237482071e-03
3.394173400010913610e-04 1.793125178664922714e-03
3.386590105947107077e-04 1.791875693015754223e-03
3.379033296369016171e-04 1.790624577552080154e-03
3.371504426468163729e-04 1.789376488886773586e-03
3.364002914167940617e-04 1.788125606253743172e-03
3.356531960889697075e-04 1.786874025128781796e-03
3.349084290675818920e-04 1.785624306648969650e-03
3.341665142215788364e-04 1.784375519491732121e-03
3.334274806547909975e-04 1.783121842890977859e-03
3.326905716676265001e-04 1.781876897439360619e-03
3.319569223094731569e-04 1.780626829713582993e-03
3.312257758807390928e-04 1.779376994818449020e-03
3.304972196929156780e-04 1.778129604645073414e-03
3.297714574728161097e-04 1.776877441443502903e-03
3.290480526629835367e-04 1.775630982592701912e-03
3.283273254055529833e-04 1.774381613358855247e-03
3.276093630120158195e-04 1.773132360540330410e-03
3.268939908593893051e-04 1.771883573383092880e-03
3.261809761170297861e-04 1.770636416040360928e-03
3.254707553423941135e-04 1.769388443790376186e-03
3.247628919780254364e-04 1.768142101354897022e-03
3.240581136196851730e-04 1.766895642504096031e-03
3.233552561141550541e-04 1.765646971762180328e-03
3.226551634725183249e-04 1.764401094987988472e-03
3.219575155526399612e-04 1.763153821229934692e-03
3.212624287698417902e-04 1.761910389177501202e-03
3.205698158126324415e-04 1.760664395987987518e-03
3.198797639925032854e-04 1.759417355060577393e-03
3.191918949596583843e-04 1.758176251314580441e-03
3.185067616868764162e-04 1.756928977556526661e-03
3.178241313435137272e-04 1.755685778334736824e-03
3.171435964759439230e-04 1.754443743266165257e-03
3.164659428875893354e-04 1.753198099322617054e-03
3.157903265673667192e-04 1.751958043314516544e-03
3.151175624225288630e-04 1.750717521645128727e-03
3.144468355458229780e-04 1.749473158270120621e-03
3.137785242870450020e-04 1.748237642459571362e-03
3.131124540232121944e-04 1.746995723806321621e-03
3.124492068309336901e-04 1.745756133459508419e-03
3.117878804914653301e-04 1.744518987834453583e-03
3.111292899120599031e-04 1.743279513902962208e-03
3.104726201854646206e-04 1.742044696584343910e-03
3.098185989074409008e-04 1.740805571898818016e-03
3.091667313128709793e-04 1.739570405334234238e-03
3.085170756094157696e-04 1.738336984999477863e-03
3.078697191085666418e-04 1.737095997668802738e-03
3.072249819524586201e-04 1.735868863761425018e-03
3.065822238568216562e-04 1.734632300212979317e-03
3.059419395867735147e-04 1.733401324599981308e-03
3.053037798963487148e-04 1.732170698232948780e-03
3.046677447855472565e-04 1.730937976390123367e-03
3.040341252926737070e-04 1.729709794744849205e-03
3.034028632100671530e-04 1.728482777252793312e-03
3.027735801879316568e-04 1.727250288240611553e-03
3.021465672645717859e-04 1.726028393022716045e-03
