5.806433409452438354e-02 9.733169674873352051e-01
8.524686098098754883e-01 9.482423216104507446e-02
8.938430994749069214e-02 1.321654468774795532e-01
1.289869099855422974e-01 1.180553212761878967e-01
1.127436608076095581e-01 7.601220160722732544e-02
7.426328212022781372e-02 5.087428539991378784e-02
5.234295874834060669e-02 4.534177482128143311e-02
4.724550247192382812e-02 4.941957443952560425e-02
4.933476075530052185e-02 5.377002805471420288e-02
5.155158787965774536e-02 5.106427520513534546e-02
4.919192567467689514e-02 4.285187646746635437e-02
4.396242648363113403e-02 3.625817596912384033e-02
4.102297872304916382e-02 3.420257568359375000e-02
4.144196584820747375e-02 3.530506044626235962e-02
4.309272766113281250e-02 3.590070456266403198e-02
4.269527643918991089e-02 3.383081778883934021e-02
3.909344598650932312e-02 3.146831691265106201e-02
3.526213020086288452e-02 3.229549527168273926e-02
3.479110449552536011e-02 3.580820932984352112e-02
3.722838684916496277e-02 3.736999258399009705e-02
3.829075768589973450e-02 3.518968448042869568e-02
3.638081625103950500e-02 3.215590491890907288e-02
3.400402516126632690e-02 3.048045374453067780e-02
3.303078189492225647e-02 2.988293766975402832e-02
3.310035169124603271e-02 2.930373512208461761e-02
3.310706838965415955e-02 2.829571627080440521e-02
3.246701881289482117e-02 2.718086913228034973e-02
3.132285922765731812e-02 2.643423713743686676e-02
3.010583296418190002e-02 2.616114355623722076e-02
2.907673455774784088e-02 2.635779604315757751e-02
2.837684191763401031e-02 2.717199362814426422e-02
2.814937196671962738e-02 2.829613164067268372e-02
2.810135856270790100e-02 2.860315516591072083e-02
2.751326188445091248e-02 2.772321738302707672e-02
2.647557482123374939e-02 2.668645419180393219e-02
2.597147598862648010e-02 2.605891600251197815e-02
2.612602151930332184e-02 2.563270553946495056e-02
2.624273672699928284e-02 2.545178309082984924e-02
2.614167705178260803e-02 2.564165368676185608e-02
2.601759135723114014e-02 2.584643289446830750e-02
2.578456141054630280e-02 2.579783834517002106e-02
2.540051937103271484e-02 2.576567791402339935e-02
2.516603842377662659e-02 2.583568729460239410e-02
2.513394318521022797e-02 2.569569274783134460e-02
2.497925981879234314e-02 2.535562217235565186e-02
2.465017326176166534e-02 2.502444945275783539e-02
2.436791732907295227e-02 2.462291158735752106e-02
2.418229915201663971e-02 2.400567196309566498e-02
2.400798536837100983e-02 2.336818538606166840e-02
2.387400157749652863e-02 2.299487218260765076e-02
2.377365902066230774e-02 2.295825444161891937e-02
2.360223419964313507e-02 2.325738780200481415e-02
2.338626980781555176e-02 2.376753464341163635e-02
2.324398234486579895e-02 2.412408217787742615e-02
2.313730120658874512e-02 2.411875315010547638e-02
2.298817224800586700e-02 2.395066618919372559e-02
2.283071912825107574e-02 2.389025688171386719e-02
2.267788909375667572e-02 2.402105554938316345e-02
2.253563515841960907e-02 2.421024627983570099e-02
2.242992259562015533e-02 2.424430660903453827e-02
2.231284603476524353e-02 2.408528141677379608e-02
2.217806875705718994e-02 2.393277920782566071e-02
2.204553596675395966e-02 2.401794120669364929e-02
2.191251143813133240e-02 2.438401430845260620e-02
2.179590985178947449e-02 2.485102415084838867e-02
2.170980349183082581e-02 2.514994144439697266e-02
2.162972465157508850e-02 2.516324445605278015e-02
2.153764292597770691e-02 2.504774369299411774e-02
2.144488133490085602e-02 2.507493831217288971e-02
2.135872468352317810e-02 2.530976198613643646e-02
2.126913703978061676e-02 2.552956715226173401e-02
2.117371745407581329e-02 2.554317750036716461e-02
2.106662280857563019e-02 2.549606934189796448e-02
2.096219547092914581e-02 2.564809098839759827e-02
2.085842937231063843e-02 2.601283229887485504e-02
2.074008993804454803e-02 2.632334455847740173e-02
2.062045037746429443e-02 2.631082572042942047e-02
2.050536684691905975e-02 2.610796317458152771e-02
2.039572224020957947e-02 2.608599327504634857e-02
2.027476020157337189e-02 2.632252499461174011e-02
2.014496549963951111e-02 2.651160396635532379e-02
2.002271823585033417e-02 2.645398117601871490e-02
1.989281550049781799e-02 2.643156610429286957e-02
1.975978910923004150e-02 2.668166160583496094e-02
1.962701231241226196e-02 2.689869329333305359e-02
1.950089447200298309e-02 2.675912156701087952e-02
1.936848834156990051e-02 2.664074860513210297e-02
1.922607049345970154e-02 2.685371413826942444e-02
1.906713657081127167e-02 2.695747651159763336e-02
1.889638602733612061e-02 2.690476737916469574e-02
1.871035061776638031e-02 2.724791690707206726e-02
1.850582845509052277e-02 2.762054279446601868e-02
1.828548125922679901e-02 2.783923782408237457e-02
1.804899424314498901e-02 2.858550474047660828e-02
1.780002750456333160e-02 2.914365567266941071e-02
1.754657179117202759e-02 2.938631735742092133e-02
1.729723066091537476e-02 2.990034595131874084e-02
1.705969311296939850e-02 2.969458140432834625e-02
1.683711633086204529e-02 3.035797178745269775e-02
1.662321388721466064e-02 2.925797365605831146e-02
1.643988303840160370e-02 3.281726315617561340e-02
1.670538261532783508e-02 2.746051922440528870e-02
1.836162246763706207e-02 4.318122565746307373e-02
2.281998284161090851e-02 2.770053409039974213e-02
1.811103709042072296e-02 2.791302278637886047e-02
1.689324527978897095e-02 3.569596260786056519e-02
1.810757629573345184e-02 3.265928477048873901e-02
1.631986908614635468e-02 2.809473313391208649e-02
1.698199100792407990e-02 2.921617031097412109e-02
1.600671187043190002e-02 3.408738598227500916e-02
1.639926619827747345e-02 3.381911665201187134e-02
1.549052447080612183e-02 3.063585236668586731e-02
1.568598113954067230e-02 3.087406419217586517e-02
1.528314501047134399e-02 3.352728858590126038e-02
1.500765047967433929e-02 3.251731023192405701e-02
1.479287259280681610e-02 3.007298707962036133e-02
1.482091844081878662e-02 3.088332340121269226e-02
1.426106132566928864e-02 3.405769541859626770e-02
1.457384508103132248e-02 3.307982534170150757e-02
1.381005626171827316e-02 3.273277729749679565e-02
1.404268015176057816e-02 3.497553616762161255e-02
1.359480060636997223e-02 3.608946502208709717e-02
1.369176246225833893e-02 3.364950045943260193e-02
1.354566495865583420e-02 3.420490399003028870e-02
1.332055963575839996e-02 3.637487813830375671e-02
1.342228986322879791e-02 3.471123054623603821e-02
1.308754086494445801e-02 3.373929485678672791e-02
1.309904269874095917e-02 3.500916808843612671e-02
1.297871023416519165e-02 3.408821299672126770e-02
1.276495866477489471e-02 3.300431743264198303e-02
1.279072649776935577e-02 3.448023647069931030e-02
1.261278800666332245e-02 3.451846167445182800e-02
1.251574419438838959e-02 3.294052928686141968e-02
1.248174346983432770e-02 3.399187326431274414e-02
1.232634671032428741e-02 3.524803742766380310e-02
1.222357712686061859e-02 3.497030213475227356e-02
1.217147987335920334e-02 3.494314476847648621e-02
1.206036657094955444e-02 3.492948040366172791e-02
1.197431795299053192e-02 3.391367942094802856e-02
1.191269513219594955e-02 3.461015969514846802e-02
1.181077398359775543e-02 3.580236062407493591e-02
1.175605319440364838e-02 3.528784215450286865e-02
1.169719547033309937e-02 3.617678582668304443e-02
1.161114592105150223e-02 3.590165451169013977e-02
1.152661535888910294e-02 3.664850816130638123e-02
1.146004907786846161e-02 3.718022257089614868e-02
1.139810029417276382e-02 3.707042336463928223e-02
1.132728811353445053e-02 3.705299645662307739e-02
1.126939896494150162e-02 3.696886450052261353e-02
1.120954845100641251e-02 3.836109861731529236e-02
1.119727082550525665e-02 3.633944690227508545e-02
1.139722671359777451e-02 4.053568467497825623e-02
1.195436343550682068e-02 3.235452622175216675e-02
1.487396843731403351e-02 4.428061097860336304e-02
1.265251915901899338e-02 4.297044128179550171e-02
1.283365301787853241e-02 3.320239484310150146e-02
1.395232230424880981e-02 3.535024449229240417e-02
1.248185522854328156e-02 4.638976231217384338e-02
1.398073695600032806e-02 4.029934853315353394e-02
1.176138408482074738e-02 3.536035865545272827e-02
1.318341773003339767e-02 3.739199787378311157e-02
1.169528625905513763e-02 4.133913666009902954e-02
1.199133694171905518e-02 4.083121567964553833e-02
1.208562590181827545e-02 3.764120489358901978e-02
1.148579083383083344e-02 3.712747991085052490e-02
1.179681997746229172e-02 3.962203487753868103e-02
1.141865178942680359e-02 4.309676215052604675e-02
1.137304771691560745e-02 4.317234456539154053e-02
1.120938081294298172e-02 4.083279892802238464e-02
1.098107825964689255e-02 4.044508188962936401e-02
1.098652184009552002e-02 4.214667528867721558e-02
1.073380280286073685e-02 4.421403631567955017e-02
1.074315886944532394e-02 4.401877894997596741e-02
1.062022615224123001e-02 4.215021431446075439e-02
1.046125683933496475e-02 4.151542484760284424e-02
1.043603476136922836e-02 4.174528270959854126e-02
1.038186345249414444e-02 4.104794561862945557e-02
1.022686809301376343e-02 4.035484045743942261e-02
1.021356321871280670e-02 4.099961370229721069e-02
1.015016902238130569e-02 4.283579438924789429e-02
1.003618910908699036e-02 4.365704953670501709e-02
1.001807954162359238e-02 4.255259409546852112e-02
9.914441965520381927e-03 4.234101995825767517e-02
9.871334768831729889e-03 4.388619959354400635e-02
9.786119684576988220e-03 4.515419155359268188e-02
9.732243604958057404e-03 4.480248317122459412e-02
9.684703312814235687e-03 4.372365772724151611e-02
9.622617624700069427e-03 4.330871626734733582e-02
9.566372260451316833e-03 4.362231865525245667e-02
9.521835483610630035e-03 4.436202347278594971e-02
9.463594295084476471e-03 4.538055881857872009e-02
9.414608590304851532e-03 4.621330648660659790e-02
9.339044801890850067e-03 4.620466753840446472e-02
9.316929616034030914e-03 4.554706439375877380e-02
9.254470467567443848e-03 4.551123827695846558e-02
9.195478633046150208e-03 4.611791297793388367e-02
9.160715155303478241e-03 4.613690823316574097e-02
9.111070074141025543e-03 4.549717158079147339e-02
9.065901860594749451e-03 4.515836760401725769e-02
9.020963683724403381e-03 4.525138810276985168e-02
8.977487683296203613e-03 4.548801481723785400e-02
8.945360779762268066e-03 4.554836824536323547e-02
8.893149904906749725e-03 4.538932815194129944e-02
8.867402561008930206e-03 4.537000134587287903e-02
8.819551207125186920e-03 4.578312486410140991e-02
8.788118138909339905e-03 4.605331271886825562e-02
8.747193031013011932e-03 4.584903642535209656e-02
8.716669864952564240e-03 4.603647068142890930e-02
8.675945922732353210e-03 4.646202176809310913e-02
8.645866066217422485e-03 4.631656035780906677e-02
8.610199205577373505e-03 4.672770947217941284e-02
8.581437170505523682e-03 4.729837924242019653e-02
8.551718667149543762e-03 4.675575718283653259e-02
8.522878400981426239e-03 4.668802767992019653e-02
8.494699373841285706e-03 4.714166000485420227e-02
8.468725718557834625e-03 4.713948071002960205e-02
8.440875448286533356e-03 4.654235392808914185e-02
8.419829420745372772e-03 4.697757586836814880e-02
8.393297903239727020e-03 4.680464044213294983e-02
8.375409059226512909e-03 4.710647463798522949e-02
8.365924470126628876e-03 4.657711088657379150e-02
8.416429162025451660e-03 5.010411143302917480e-02
8.804854936897754669e-03 4.376563802361488342e-02
1.000829879194498062e-02 5.879677087068557739e-02
1.241669990122318268e-02 4.161360859870910645e-02
1.061562448740005493e-02 4.025844857096672058e-02
9.613245725631713867e-03 4.694503545761108398e-02
1.020085718482732773e-02 4.726520925760269165e-02
9.884453378617763519e-03 4.251777753233909607e-02
1.079116947948932648e-02 4.035853594541549683e-02
1.114461291581392288e-02 4.453292116522789001e-02
1.139733940362930298e-02 4.002544656395912170e-02
1.164781488478183746e-02 4.622600972652435303e-02
1.117976102977991104e-02 4.853221401572227478e-02
1.086090132594108582e-02 4.154797270894050598e-02
1.034771371632814407e-02 4.124534502625465393e-02
1.041433587670326233e-02 4.660316929221153259e-02
1.021575834602117538e-02 4.622128233313560486e-02
9.708414785563945770e-03 4.548150300979614258e-02
1.022886298596858978e-02 4.850126802921295166e-02
9.591674432158470154e-03 4.825977981090545654e-02
9.555187076330184937e-03 4.315347224473953247e-02
9.290019050240516663e-03 4.173416644334793091e-02
9.399188682436943054e-03 4.558937624096870422e-02
9.174075908958911896e-03 4.725772142410278320e-02
9.299053810536861420e-03 4.296437278389930725e-02
8.983680047094821930e-03 4.056684300303459167e-02
9.032985195517539978e-03 4.254514724016189575e-02
8.844884112477302551e-03 4.375481978058815002e-02
8.956434205174446106e-03 4.156236350536346436e-02
8.766339160501956940e-03 4.161518067121505737e-02
8.720410987734794617e-03 4.512312635779380798e-02
8.660334162414073944e-03 4.690017178654670715e-02
8.655105717480182648e-03 4.498207941651344299e-02
8.531292900443077087e-03 4.395727440714836121e-02
8.539816364645957947e-03 4.554249346256256104e-02
8.487327024340629578e-03 4.639922827482223511e-02
8.484588935971260071e-03 4.486414790153503418e-02
8.376500569283962250e-03 4.363308101892471313e-02
8.407481946051120758e-03 4.380078986287117004e-02
8.334696292877197266e-03 4.357342794537544250e-02
8.311051875352859497e-03 4.220017045736312866e-02
8.268386125564575195e-03 4.193433374166488647e-02
8.267924189567565918e-03 4.267373308539390564e-02
8.215549401938915253e-03 4.338393360376358032e-02
8.216045796871185303e-03 4.283410683274269104e-02
8.186611346900463104e-03 4.211320728063583374e-02
8.170382119715213776e-03 4.243350774049758911e-02
8.151516318321228027e-03 4.304843023419380188e-02
8.130704052746295929e-03 4.340448603034019470e-02
8.120366372168064117e-03 4.380281642079353333e-02
8.100040256977081299e-03 4.429506137967109680e-02
8.087937720119953156e-03 4.445369169116020203e-02
8.063412271440029144e-03 4.458148777484893799e-02
8.064050227403640747e-03 4.497883841395378113e-02
8.039017207920551300e-03 4.546233639121055603e-02
8.024374954402446747e-03 4.570050910115242004e-02
8.014377206563949585e-03 4.578246548771858215e-02
8.002961985766887665e-03 4.572436958551406860e-02
7.989709265530109406e-03 4.571492224931716919e-02
7.978570647537708282e-03 4.604542627930641174e-02
7.967045530676841736e-03 4.630755633115768433e-02
7.956822402775287628e-03 4.597532004117965698e-02
7.949299179017543793e-03 4.564420133829116821e-02
7.936420850455760956e-03 4.599654302000999451e-02
7.929014042019844055e-03 4.637637361884117126e-02
7.919883355498313904e-03 4.622281342744827271e-02
7.908931933343410492e-03 4.619464650750160217e-02
7.900645956397056580e-03 4.649244621396064758e-02
7.892890833318233490e-03 4.646643623709678650e-02
7.882610894739627838e-03 4.629969224333763123e-02
7.875579409301280975e-03 4.659827426075935364e-02
7.865936495363712311e-03 4.678853228688240051e-02
7.858472876250743866e-03 4.637881740927696228e-02
7.849977351725101471e-03 4.627073183655738831e-02
7.842931896448135376e-03 4.675325751304626465e-02
7.835148833692073822e-03 4.689047485589981079e-02
7.827475666999816895e-03 4.667864739894866943e-02
7.820723578333854675e-03 4.679968953132629395e-02
7.813397794961929321e-03 4.696139320731163025e-02
7.806225214153528214e-03 4.685893654823303223e-02
7.799751125276088715e-03 4.688317701220512390e-02
7.792836520820856094e-03 4.697342589497566223e-02
7.786026690155267715e-03 4.685452952980995178e-02
7.779619190841913223e-03 4.683571308851242065e-02
7.773187942802906036e-03 4.700817540287971497e-02
7.767023053020238876e-03 4.699677601456642151e-02
7.760975509881973267e-03 4.693475365638732910e-02
7.754749618470668793e-03 4.709975048899650574e-02
7.748721633106470108e-03 4.720651730895042419e-02
7.743078283965587616e-03 4.713980108499526978e-02
7.737212814390659332e-03 4.708459228277206421e-02
7.731662597507238388e-03 4.706981405615806580e-02
7.726137526333332062e-03 4.705229401588439941e-02
7.720322348177433014e-03 4.694499820470809937e-02
7.715018000453710556e-03 4.691087827086448669e-02
7.709613535553216934e-03 4.695494100451469421e-02
7.704176940023899078e-03 4.696177318692207336e-02
7.699078414589166641e-03 4.701281338930130005e-02
7.693835534155368805e-03 4.697813838720321655e-02
7.688771001994609833e-03 4.689726233482360840e-02
7.683844305574893951e-03 4.691522940993309021e-02
7.678917609155178070e-03 4.702657088637351990e-02
7.674357853829860687e-03 4.686109721660614014e-02
7.670415099710226059e-03 4.694941267371177673e-02
7.668088190257549286e-03 4.672886431217193604e-02
7.670118007808923721e-03 4.700405895709991455e-02
7.687895558774471283e-03 4.657293856143951416e-02
7.742079440504312515e-03 4.767460376024246216e-02
7.961908355355262756e-03 4.565814509987831116e-02
8.221514523029327393e-03 4.925686493515968323e-02
8.905146270990371704e-03 4.467067867517471313e-02
8.302758447825908661e-03 4.675680026412010193e-02
7.699716836214065552e-03 4.907099902629852295e-02
8.136422373354434967e-03 4.514873400330543518e-02
8.160529658198356628e-03 4.518221318721771240e-02
7.831607945263385773e-03 4.757531359791755676e-02
7.920861244201660156e-03 4.607443884015083313e-02
7.908456958830356598e-03 4.474012926220893860e-02
7.807421498000621796e-03 4.779095575213432312e-02
7.865601219236850739e-03 4.620830342173576355e-02
7.762850262224674225e-03 4.409937933087348938e-02
7.798204664140939713e-03 4.725815728306770325e-02
7.754535879939794540e-03 4.706804081797599792e-02
7.739880587905645370e-03 4.416122660040855408e-02
7.727881427854299545e-03 4.549674689769744873e-02
7.710263133049011230e-03 4.726681485772132874e-02
7.701512426137924194e-03 4.623310640454292297e-02
7.659758441150188446e-03 4.569904506206512451e-02
7.700526155531406403e-03 4.607829824090003967e-02
7.640248630195856094e-03 4.631400108337402344e-02
7.655624300241470337e-03 4.564360156655311584e-02
7.645198144018650055e-03 4.571149125695228577e-02
7.623949553817510605e-03 4.677313193678855896e-02
7.635400630533695221e-03 4.575935378670692444e-02
7.602662779390811920e-03 4.478735849261283875e-02
7.618592120707035065e-03 4.625780880451202393e-02
7.598263211548328400e-03 4.615823924541473389e-02
7.583289407193660736e-03 4.498915374279022217e-02
7.593245245516300201e-03 4.563360288739204407e-02
7.573851849883794785e-03 4.606189206242561340e-02
7.571909576654434204e-03 4.576015844941139221e-02
7.567541208118200302e-03 4.595063254237174988e-02
7.557573262602090836e-03 4.605989158153533936e-02
7.560433354228734970e-03 4.572088643908500671e-02
7.545153144747018814e-03 4.533787444233894348e-02
7.546204142272472382e-03 4.580724984407424927e-02
7.541312836110591888e-03 4.629351943731307983e-02
7.534353993833065033e-03 4.550871253013610840e-02
7.529138587415218353e-03 4.563496261835098267e-02
7.523127831518650055e-03 4.614939913153648376e-02
7.520962506532669067e-03 4.558286070823669434e-02
7.516189478337764740e-03 4.571489989757537842e-02
7.508749607950448990e-03 4.585552215576171875e-02
7.504394743591547012e-03 4.543755948543548584e-02
7.503444794565439224e-03 4.566239565610885620e-02
7.495443336665630341e-03 4.565901309251785278e-02
7.493080105632543564e-03 4.561666399240493774e-02
7.488140370696783066e-03 4.581887274980545044e-02
7.483559660613536835e-03 4.573091864585876465e-02
7.481393404304981232e-03 4.576610401272773743e-02
7.476240396499633789e-03 4.579393565654754639e-02
7.471495307981967926e-03 4.589072242379188538e-02
7.468963973224163055e-03 4.581969603896141052e-02
7.465030997991561890e-03 4.574471712112426758e-02
7.459596730768680573e-03 4.598749801516532898e-02
7.457035593688488007e-03 4.584863409399986267e-02
7.454135455191135406e-03 4.587025195360183716e-02
7.449182216078042984e-03 4.579498246312141418e-02
7.445620838552713394e-03 4.582576081156730652e-02
7.443325128406286240e-03 4.591925442218780518e-02
7.439450826495885849e-03 4.579153656959533691e-02
7.435403764247894287e-03 4.585295915603637695e-02
7.433086633682250977e-03 4.574084281921386719e-02
7.432302925735712051e-03 4.589724913239479065e-02
7.435933686792850494e-03 4.568101465702056885e-02
7.447139825671911240e-03 4.612634703516960144e-02
7.495474070310592651e-03 4.506602883338928223e-02
7.603285368531942368e-03 4.710177332162857056e-02
7.956041023135185242e-03 4.348705336451530457e-02
8.090458810329437256e-03 4.736249893903732300e-02
7.977063767611980438e-03 4.612431675195693970e-02
7.616683840751647949e-03 4.346868768334388733e-02
7.647526916116476059e-03 4.710199683904647827e-02
7.696850690990686417e-03 4.710274189710617065e-02
7.662901189178228378e-03 4.578936845064163208e-02
7.571479771286249161e-03 4.577156901359558105e-02
7.610046770423650742e-03 4.581502452492713928e-02
7.617506198585033417e-03 4.596700146794319153e-02
7.529669441282749176e-03 4.591981694102287292e-02
7.607009261846542358e-03 4.522340744733810425e-02
7.469122298061847687e-03 4.544737935066223145e-02
7.530941162258386612e-03 4.581513628363609314e-02
7.494156714528799057e-03 4.540750384330749512e-02
7.486672140657901764e-03 4.581704363226890564e-02
7.501213345676660538e-03 4.526208341121673584e-02
7.483956404030323029e-03 4.565835371613502502e-02
7.483713328838348389e-03 4.554753005504608154e-02
7.428144570440053940e-03 4.653014987707138062e-02
7.452993188053369522e-03 4.574012756347656250e-02
7.424523122608661652e-03 4.484183341264724731e-02
7.429158780723810196e-03 4.615425318479537964e-02
7.421869784593582153e-03 4.528432339429855347e-02
7.411873899400234222e-03 4.523898288607597351e-02
7.404651492834091187e-03 4.553362354636192322e-02
7.387083955109119415e-03 4.515980184078216553e-02
7.392075844109058380e-03 4.518868401646614075e-02
7.382747717201709747e-03 4.489760473370552063e-02
7.379788905382156372e-03 4.543431848287582397e-02
7.366938982158899307e-03 4.580076783895492554e-02
7.362089119851589203e-03 4.575215280055999756e-02
7.358499802649021149e-03 4.550317674875259399e-02
7.351196371018886566e-03 4.548573493957519531e-02
7.348095066845417023e-03 4.597709327936172485e-02
7.347754202783107758e-03 4.532354697585105896e-02
7.337658200412988663e-03 4.563170671463012695e-02
7.332448847591876984e-03 4.558887332677841187e-02
7.329815533012151718e-03 4.589136317372322083e-02
7.326125167310237885e-03 4.565798118710517883e-02
7.322883699089288712e-03 4.599535092711448669e-02
7.315614726394414902e-03 4.565126076340675354e-02
7.314694579690694809e-03 4.601715505123138428e-02
7.309983484447002411e-03 4.580428823828697205e-02
7.306137122213840485e-03 4.651958495378494263e-02
7.314582355320453644e-03 4.552014544606208801e-02
7.330197840929031372e-03 4.669724777340888977e-02
7.411631289869546890e-03 4.447569698095321655e-02
7.503302302211523056e-03 4.816848039627075195e-02
7.701658643782138824e-03 4.390948638319969177e-02
7.647528313100337982e-03 4.713615402579307556e-02
7.655196823179721832e-03 4.605938494205474854e-02
7.936222478747367859e-03 4.829332232475280762e-02
8.015209808945655823e-03 4.521020501852035522e-02
7.696455810219049454e-03 4.533035680651664734e-02
7.394878659397363663e-03 4.615028575062751770e-02
7.593479007482528687e-03 4.677392169833183289e-02
7.584542036056518555e-03 4.545157775282859802e-02
7.547809742391109467e-03 4.649979621171951294e-02
7.510831113904714584e-03 4.521458595991134644e-02
7.424469105899333954e-03 4.556890204548835754e-02
7.574302144348621368e-03 4.593841359019279480e-02
7.573618087917566299e-03 4.459298402070999146e-02
7.380081806331872940e-03 4.452854394912719727e-02
7.581905927509069443e-03 4.671395197510719299e-02
7.454524748027324677e-03 4.537678137421607971e-02
7.549197878688573837e-03 4.679568484425544739e-02
7.451520767062902451e-03 4.478760063648223877e-02
7.532038725912570953e-03 4.593901336193084717e-02
7.393492851406335831e-03 4.433725774288177490e-02
7.388299796730279922e-03 4.513537883758544922e-02
7.377476897090673447e-03 4.619687050580978394e-02
7.352887187153100967e-03 4.546540975570678711e-02
7.367624901235103607e-03 4.688982293009757996e-02
7.376941386610269547e-03 4.529135301709175110e-02
7.315973285585641861e-03 4.590571671724319458e-02
7.307561580091714859e-03 4.691599309444427490e-02
7.324717938899993896e-03 4.463612660765647888e-02
7.307894527912139893e-03 4.549624025821685791e-02
7.302309386432170868e-03 4.637505486607551575e-02
7.284278515726327896e-03 4.592395946383476257e-02
7.268965244293212891e-03 4.574866592884063721e-02
7.263577077537775040e-03 4.538862407207489014e-02
7.298207376152276993e-03 4.589466378092765808e-02
7.252108305692672729e-03 4.534128680825233459e-02
7.266636006534099579e-03 4.662909358739852905e-02
7.243900094181299210e-03 4.563505202531814575e-02
7.238338235765695572e-03 4.572502523660659790e-02
7.225698325783014297e-03 4.613290727138519287e-02
7.230341434478759766e-03 4.661206528544425964e-02
7.251810282468795776e-03 4.560187458992004395e-02
7.259550504386425018e-03 4.692799225449562073e-02
7.384096272289752960e-03 4.510588198900222778e-02
7.353975437581539154e-03 4.775778949260711670e-02
7.372754160314798355e-03 4.578828066587448120e-02
7.302941288799047470e-03 4.715051129460334778e-02
7.290811743587255478e-03 4.624403268098831177e-02
7.265752647072076797e-03 4.652816802263259888e-02
7.236825767904520035e-03 4.658761620521545410e-02
7.278777658939361572e-03 4.561781510710716248e-02
7.316297851502895355e-03 4.842264205217361450e-02
7.405744399875402451e-03 4.435524344444274902e-02
7.452449761331081390e-03 4.793675988912582397e-02
7.366103585809469223e-03 4.566919058561325073e-02
7.214584387838840485e-03 4.547936841845512390e-02
7.206623908132314682e-03 4.825511574745178223e-02
7.379785180091857910e-03 4.542510583996772766e-02
7.419169880449771881e-03 4.808282479643821716e-02
7.345777004957199097e-03 4.639691486954689026e-02
7.255293428897857666e-03 4.560574144124984741e-02
7.333737798035144806e-03 4.772103577852249146e-02
7.405829615890979767e-03 4.652892798185348511e-02
7.305142935365438461e-03 4.650744795799255371e-02
7.248870097100734711e-03 4.587007686495780945e-02
7.312788162380456924e-03 4.660442098975181580e-02
7.456050720065832138e-03 4.630399122834205627e-02
7.191642187535762787e-03 4.591409489512443542e-02
7.292944006621837616e-03 4.686115309596061707e-02
7.389562670141458511e-03 4.524958133697509766e-02
7.401446346193552017e-03 4.807543382048606873e-02
7.363106124103069305e-03 4.528222605586051941e-02
7.516578771173954010e-03 4.724423959851264954e-02
7.311017252504825592e-03 4.700901359319686890e-02
7.218465209007263184e-03 4.546922445297241211e-02
7.303120102733373642e-03 4.764524474740028381e-02
7.337069604545831680e-03 4.499490931630134583e-02
7.297621574252843857e-03 4.714129865169525146e-02
7.394670043140649796e-03 4.427706822752952576e-02
7.296045310795307159e-03 4.512961953878402710e-02
7.241641636937856674e-03 4.694161564111709595e-02
7.318894378840923309e-03 4.513429477810859680e-02
7.200163789093494415e-03 4.587556794285774231e-02
7.298084907233715057e-03 4.656144604086875916e-02
7.254536263644695282e-03 4.716962575912475586e-02
7.205379195511341095e-03 4.559021443128585815e-02
7.193044759333133698e-03 4.486123099923133850e-02
7.235676981508731842e-03 4.599850997328758240e-02
7.160307373851537704e-03 4.609696194529533386e-02
7.222658954560756683e-03 4.648170247673988342e-02
7.223383989185094833e-03 4.546739161014556885e-02
7.190433796495199203e-03 4.655379429459571838e-02
7.183314766734838486e-03 4.582189023494720459e-02
7.193389348685741425e-03 4.692421853542327881e-02
7.119474466890096664e-03 4.636548087000846863e-02
7.130902260541915894e-03 4.612987115979194641e-02
7.150849793106317520e-03 4.622315987944602966e-02
7.086355239152908325e-03 4.635619372129440308e-02
7.113768719136714935e-03 4.660831391811370850e-02
7.132568862289190292e-03 4.517621546983718872e-02
7.181501947343349457e-03 4.746013879776000977e-02
7.264015730470418930e-03 4.447346180677413940e-02
7.441631518304347992e-03 4.895668849349021912e-02
7.751566823571920395e-03 4.578028991818428040e-02
8.137690834701061249e-03 4.750486835837364197e-02
8.126146160066127777e-03 4.520659521222114563e-02
7.934650406241416931e-03 4.848243668675422668e-02
7.615996059030294418e-03 4.305492341518402100e-02
7.786200847476720810e-03 4.596102610230445862e-02
7.608355022966861725e-03 4.550573974847793579e-02
7.414175663143396378e-03 4.588510096073150635e-02
7.506962865591049194e-03 4.725175723433494568e-02
7.404725998640060425e-03 4.361736774444580078e-02
7.398511283099651337e-03 4.421402141451835632e-02
7.279808167368173599e-03 4.695976153016090393e-02
7.356119342148303986e-03 4.513685032725334167e-02
7.289024535566568375e-03 4.533984512090682983e-02
7.275085896253585815e-03 4.669892415404319763e-02
7.259690202772617340e-03 4.592489823698997498e-02
7.182402070611715317e-03 4.552127048373222351e-02
7.189464755356311798e-03 4.629820585250854492e-02
7.212775293737649918e-03 4.671529307961463928e-02
7.119231857359409332e-03 4.603210464119911194e-02
7.158043328672647476e-03 4.543976485729217529e-02
7.133113685995340347e-03 4.499489814043045044e-02
7.088621146976947784e-03 4.547635093331336975e-02
7.119932211935520172e-03 4.643713682889938354e-02
7.082892116159200668e-03 4.576371982693672180e-02
7.074873894453048706e-03 4.505561664700508118e-02
7.075383327901363373e-03 4.586970433592796326e-02
7.052292115986347198e-03 4.538567364215850830e-02
7.046871818602085114e-03 4.562341794371604919e-02
7.044290658086538315e-03 4.650131240487098694e-02
7.037760224193334579e-03 4.561116918921470642e-02
7.032569497823715210e-03 4.660768434405326843e-02
7.028902415186166763e-03 4.625703394412994385e-02
7.029757834970951080e-03 4.680576920509338379e-02
7.020869292318820953e-03 4.612909257411956787e-02
7.053882814943790436e-03 4.689066857099533081e-02
7.141286972910165787e-03 4.565442353487014771e-02
7.263705134391784668e-03 4.776741564273834229e-02
7.374315056949853897e-03 4.513634741306304932e-02
7.500533014535903931e-03 4.880731925368309021e-02
7.474950049072504044e-03 4.375940188765525818e-02
7.341936230659484863e-03 4.819151014089584351e-02
7.179619278758764267e-03 4.634220153093338013e-02
7.127576973289251328e-03 4.577895998954772949e-02
7.208219729363918304e-03 4.867653548717498779e-02
7.286592386662960052e-03 4.433299973607063293e-02
7.191098295152187347e-03 4.699233919382095337e-02
7.043187506496906281e-03 4.680842161178588867e-02
7.061442825943231583e-03 4.458420723676681519e-02
7.168850395828485489e-03 4.808017984032630920e-02
7.119637914001941681e-03 4.559792578220367432e-02
6.987465079873800278e-03 4.514579474925994873e-02
7.013577967882156372e-03 4.795737937092781067e-02
7.120521273463964462e-03 4.529236629605293274e-02
7.105306722223758698e-03 4.608864709734916687e-02
7.061331532895565033e-03 4.770389944314956665e-02
7.126638200134038925e-03 4.467807337641716003e-02
7.152628153562545776e-03 4.746973887085914612e-02
7.028509862720966339e-03 4.629896953701972961e-02
6.959199905395507812e-03 4.442369937896728516e-02
7.017782889306545258e-03 4.727325215935707092e-02
7.033950183540582657e-03 4.508348181843757629e-02
6.975498050451278687e-03 4.569624364376068115e-02
6.958367768675088882e-03 4.751779511570930481e-02
6.997284945100545883e-03 4.480292648077011108e-02
7.031443063169717789e-03 4.701070487499237061e-02
7.028511725366115570e-03 4.591546580195426941e-02
7.067016325891017914e-03 4.600503668189048767e-02
7.206353358924388885e-03 4.700238630175590515e-02
7.416167762130498886e-03 4.626173898577690125e-02
7.243893109261989594e-03 4.472066834568977356e-02
7.044584490358829498e-03 4.693438857793807983e-02
7.038422860205173492e-03 4.460788890719413757e-02
7.056098431348800659e-03 4.603746905922889709e-02
6.981501821428537369e-03 4.653711616992950439e-02
7.018418051302433014e-03 4.398902133107185364e-02
7.131381891667842865e-03 4.826983809471130371e-02
7.103928364813327789e-03 4.528629779815673828e-02
7.023809943348169327e-03 4.610022529959678650e-02
7.011687848716974258e-03 4.669848456978797913e-02
6.981280632317066193e-03 4.557218775153160095e-02
6.921900901943445206e-03 4.646441712975502014e-02
6.941466592252254486e-03 4.636354744434356689e-02
6.983599625527858734e-03 4.582673311233520508e-02
6.983150728046894073e-03 4.521501436829566956e-02
6.993277929723262787e-03 4.610409215092658997e-02
6.976397242397069931e-03 4.511835053563117981e-02
6.939794868230819702e-03 4.667557403445243835e-02
6.932863034307956696e-03 4.513165354728698730e-02
6.930793635547161102e-03 4.593291878700256348e-02
6.905562244355678558e-03 4.563575237989425659e-02
6.888025905936956406e-03 4.547435045242309570e-02
6.895328871905803680e-03 4.598945006728172302e-02
6.898710969835519791e-03 4.590904340147972107e-02
6.887561175972223282e-03 4.549574106931686401e-02
6.890603341162204742e-03 4.626286029815673828e-02
6.921122781932353973e-03 4.495873674750328064e-02
6.989867426455020905e-03 4.679870977997779846e-02
7.103968411684036255e-03 4.480249807238578796e-02
7.334842346608638763e-03 4.652287065982818604e-02
7.386256009340286255e-03 4.483659565448760986e-02
7.395205087959766388e-03 4.688365757465362549e-02
7.201774511486291885e-03 4.354338347911834717e-02
7.024799473583698273e-03 4.632047191262245178e-02
6.988944020122289658e-03 4.595575854182243347e-02
7.041511125862598419e-03 4.460608959197998047e-02
7.078283932060003281e-03 4.774342849850654602e-02
7.052917964756488800e-03 4.397781938314437866e-02
7.002625614404678345e-03 4.604410380125045776e-02
6.947624497115612030e-03 4.668258875608444214e-02
6.944582797586917877e-03 4.420991614460945129e-02
6.993509829044342041e-03 4.784622788429260254e-02
6.990077905356884003e-03 4.533819854259490967e-02
6.920753512531518936e-03 4.559482261538505554e-02
6.879570428282022476e-03 4.676705598831176758e-02
6.936713121831417084e-03 4.421742632985115051e-02
6.973580457270145416e-03 4.655564948916435242e-02
6.920238025486469269e-03 4.593512415885925293e-02
6.884988397359848022e-03 4.387147724628448486e-02
6.953543517738580704e-03 4.669043049216270447e-02
6.996670272201299667e-03 4.393560066819190979e-02
6.980644073337316513e-03 4.548035934567451477e-02
6.957787089049816132e-03 4.622653499245643616e-02
7.015593349933624268e-03 4.452576115727424622e-02
6.963784806430339813e-03 4.559485986828804016e-02
6.858819164335727692e-03 4.573702067136764526e-02
6.865588482469320297e-03 4.423199594020843506e-02
6.911025848239660263e-03 4.603824391961097717e-02
6.897755898535251617e-03 4.598355665802955627e-02
6.883321795612573624e-03 4.389282688498497009e-02
6.920862011611461639e-03 4.644468799233436584e-02
6.912129931151866913e-03 4.420484229922294617e-02
6.900161504745483398e-03 4.529283195734024048e-02
6.900650449097156525e-03 4.515229538083076477e-02
6.886393763124942780e-03 4.521098732948303223e-02
6.859824992716312408e-03 4.511583968997001648e-02
6.867861840873956680e-03 4.558977484703063965e-02
6.866420153528451920e-03 4.428838938474655151e-02
6.843844894319772720e-03 4.499557614326477051e-02
6.825099699199199677e-03 4.494703933596611023e-02
6.837800145149230957e-03 4.474718868732452393e-02
6.841526832431554794e-03 4.452675953507423401e-02
6.824067328125238419e-03 4.514825716614723206e-02
6.817820481956005096e-03 4.433897882699966431e-02
6.826120428740978241e-03 4.505579918622970581e-02
6.827262230217456818e-03 4.485715553164482117e-02
6.831129547208547592e-03 4.491424933075904846e-02
6.853300146758556366e-03 4.490833729505538940e-02
6.894578691571950912e-03 4.531268030405044556e-02
6.960946135222911835e-03 4.377904906868934631e-02
7.108011748641729355e-03 4.657797142863273621e-02
7.228444330394268036e-03 4.279824346303939819e-02
7.333073765039443970e-03 4.644547402858734131e-02
7.214619778096675873e-03 4.338551312685012817e-02
7.036716677248477936e-03 4.529500752687454224e-02
6.946527399122714996e-03 4.566909372806549072e-02
7.110751233994960785e-03 4.398915171623229980e-02
7.203062064945697784e-03 4.652858152985572815e-02
7.010812871158123016e-03 4.442733898758888245e-02
7.014979608356952667e-03 4.458082094788551331e-02
7.044028490781784058e-03 4.554406180977821350e-02
6.922991015017032623e-03 4.430964961647987366e-02
6.996887736022472382e-03 4.554529115557670593e-02
7.035762071609497070e-03 4.491128399968147278e-02
6.851016543805599213e-03 4.506454989314079285e-02
6.900685373693704605e-03 4.556674882769584656e-02
6.957768462598323822e-03 4.435819759964942932e-02
6.854425184428691864e-03 4.540516436100006104e-02
6.855950690805912018e-03 4.521121829748153687e-02
6.924906279891729355e-03 4.424614831805229187e-02
6.846146192401647568e-03 4.446720704436302185e-02
6.825195159763097763e-03 4.478294402360916138e-02
6.881718989461660385e-03 4.457958042621612549e-02
6.837646476924419403e-03 4.436304047703742981e-02
6.815413478761911392e-03 4.437957704067230225e-02
6.854784674942493439e-03 4.410652443766593933e-02
6.842958740890026093e-03 4.431794583797454834e-02
6.816090550273656845e-03 4.394594207406044006e-02
6.848336663097143173e-03 4.454768076539039612e-02
6.853208877146244049e-03 4.378003627061843872e-02
6.850766483694314957e-03 4.458430036902427673e-02
6.870330777019262314e-03 4.392965510487556458e-02
6.901864893734455109e-03 4.510683566331863403e-02
6.907454226166009903e-03 4.412937536835670471e-02
6.938994862139225006e-03 4.463747143745422363e-02
6.901225540786981583e-03 4.367035999894142151e-02
6.845182739198207855e-03 4.471945017576217651e-02
6.809132639318704605e-03 4.403206706047058105e-02
6.806499324738979340e-03 4.403259232640266418e-02
6.816550157964229584e-03 4.444073885679244995e-02
6.829886697232723236e-03 4.336316138505935669e-02
6.847503595054149628e-03 4.468696564435958862e-02
6.829160265624523163e-03 4.351535066962242126e-02
6.802353076636791229e-03 4.457506164908409119e-02
6.791570689529180527e-03 4.412683099508285522e-02
6.791459862142801285e-03 4.390762001276016235e-02
6.790988147258758545e-03 4.446531459689140320e-02
6.797277368605136871e-03 4.349628463387489319e-02
6.812591105699539185e-03 4.452913254499435425e-02
6.817330606281757355e-03 4.326282814145088196e-02
6.818550173193216324e-03 4.443529993295669556e-02
6.814290769398212433e-03 4.369266331195831299e-02
6.811539642512798309e-03 4.388922080397605896e-02
6.801119539886713028e-03 4.394759237766265869e-02
6.792122032493352890e-03 4.372612386941909790e-02
6.789100822061300278e-03 4.441035166382789612e-02
6.793341133743524551e-03 4.377426952123641968e-02
6.782294716686010361e-03 4.420151561498641968e-02
6.771940737962722778e-03 4.385932534933090210e-02
6.772325839847326279e-03 4.373424500226974487e-02
6.777674891054630280e-03 4.388888552784919739e-02
6.782642565667629242e-03 4.356827586889266968e-02
6.781392730772495270e-03 4.393140226602554321e-02
6.783589720726013184e-03 4.367374628782272339e-02
6.785914301872253418e-03 4.353470355272293091e-02
6.786138750612735748e-03 4.375654086470603943e-02
6.786549929529428482e-03 4.323323816061019897e-02
6.793393753468990326e-03 4.391411691904067993e-02
6.802369840443134308e-03 4.295225813984870911e-02
6.814212538301944733e-03 4.411135986447334290e-02
6.822245661169290543e-03 4.254827648401260376e-02
6.839933805167675018e-03 4.436995461583137512e-02
6.861242000013589859e-03 4.240706190466880798e-02
6.895777769386768341e-03 4.459730163216590881e-02
6.925611756742000580e-03 4.250730201601982117e-02
6.953776814043521881e-03 4.481737688183784485e-02
6.947916001081466675e-03 4.338365048170089722e-02
6.921888329088687897e-03 4.425826296210289001e-02
6.849783007055521011e-03 4.428644105792045593e-02
6.808942649513483047e-03 4.293237999081611633e-02
6.823488976806402206e-03 4.448826983571052551e-02
6.935863289982080460e-03 4.275758564472198486e-02
7.190319709479808807e-03 4.481225088238716125e-02
7.322778459638357162e-03 4.368528351187705994e-02
6.999186240136623383e-03 4.191133752465248108e-02
6.977262906730175018e-03 4.528393223881721497e-02
7.234307937324047089e-03 4.206927865743637085e-02
7.150480058044195175e-03 4.606231674551963806e-02
7.296209689229726791e-03 4.109885543584823608e-02
7.783200591802597046e-03 4.674837365746498108e-02
7.465952541679143906e-03 4.367221519351005554e-02
7.387042045593261719e-03 4.274120181798934937e-02
7.439829409122467041e-03 4.728155210614204407e-02
7.519142236560583115e-03 4.255558177828788757e-02
7.515643723309040070e-03 4.419942945241928101e-02
7.097862660884857178e-03 4.532520845532417297e-02
7.196950726211071014e-03 4.358176514506340027e-02
7.272566203027963638e-03 4.706571251153945923e-02
7.276049349457025528e-03 4.506593942642211914e-02
7.096999790519475937e-03 4.307148978114128113e-02
7.075889501720666885e-03 4.460477456450462341e-02
6.959994323551654816e-03 4.475682973861694336e-02
7.109963800758123398e-03 4.389192536473274231e-02
7.048782892525196075e-03 4.409892484545707703e-02
7.002541329711675644e-03 4.496530815958976746e-02
6.943756248801946640e-03 4.411140456795692444e-02
6.956784520298242569e-03 4.410830140113830566e-02
6.915195379406213760e-03 4.366932809352874756e-02
6.954546086490154266e-03 4.233183711767196655e-02
6.905732210725545883e-03 4.432928562164306641e-02
6.935303099453449249e-03 4.372720420360565186e-02
6.890832446515560150e-03 4.412573575973510742e-02
6.867108400911092758e-03 4.546346515417098999e-02
6.859731860458850861e-03 4.496582970023155212e-02
6.874750368297100067e-03 4.417198523879051208e-02
6.833103951066732407e-03 4.376431554555892944e-02
6.849422119557857513e-03 4.424318298697471619e-02
6.834520958364009857e-03 4.506716504693031311e-02
6.824557669460773468e-03 4.448008164763450623e-02
6.819137837737798691e-03 4.391917213797569275e-02
6.813750602304935455e-03 4.375855997204780579e-02
6.813694722950458527e-03 4.387306421995162964e-02
6.802377291023731232e-03 4.333134368062019348e-02
6.799335591495037079e-03 4.321470856666564941e-02
6.801364477723836899e-03 4.382654651999473572e-02
6.791270337998867035e-03 4.377090930938720703e-02
6.788693368434906006e-03 4.381833225488662720e-02
6.789673119783401489e-03 4.395319521427154541e-02
6.785847246646881104e-03 4.436314478516578674e-02
6.778778973966836929e-03 4.404782131314277649e-02
6.777974776923656464e-03 4.382593184709548950e-02
6.777317263185977936e-03 4.394636303186416626e-02
6.772945635020732880e-03 4.376615956425666809e-02
6.770013365894556046e-03 4.362725839018821716e-02
6.770485080778598785e-03 4.338479414582252502e-02
6.769011728465557098e-03 4.352895170450210571e-02
6.765834055840969086e-03 4.370801895856857300e-02
6.764174904674291611e-03 4.378521814942359924e-02
6.761384196579456329e-03 4.355782270431518555e-02
6.762252189218997955e-03 4.367204383015632629e-02
6.757256574928760529e-03 4.359539225697517395e-02
6.758037023246288300e-03 4.340058565139770508e-02
6.756850983947515488e-03 4.368323832750320435e-02
6.755328271538019180e-03 4.363287612795829773e-02
6.754610687494277954e-03 4.359739646315574646e-02
6.753551773726940155e-03 4.330444335937500000e-02
6.753443274646997452e-03 4.340799897909164429e-02
6.753073539584875107e-03 4.337397590279579163e-02
6.752512417733669281e-03 4.363199323415756226e-02
6.752864923328161240e-03 4.328265413641929626e-02
6.753876805305480957e-03 4.351780936121940613e-02
6.755726877599954605e-03 4.299660772085189819e-02
6.759585347026586533e-03 4.339062795042991638e-02
6.765922997146844864e-03 4.297016561031341553e-02
6.777130998671054840e-03 4.370697960257530212e-02
6.792998872697353363e-03 4.285464435815811157e-02
6.820711307227611542e-03 4.367339238524436951e-02
6.853625178337097168e-03 4.249780625104904175e-02
6.905582733452320099e-03 4.399142041802406311e-02
6.934505887329578400e-03 4.235256835818290710e-02
6.955963559448719025e-03 4.385066404938697815e-02
6.903494708240032196e-03 4.240641742944717407e-02
6.827146746218204498e-03 4.324653744697570801e-02
6.758516188710927963e-03 4.295465722680091858e-02
6.747192703187465668e-03 4.269572719931602478e-02
6.784254219383001328e-03 4.370428621768951416e-02
6.818330381065607071e-03 4.239851236343383789e-02
6.820481270551681519e-03 4.366583004593849182e-02
6.786032114177942276e-03 4.268363490700721741e-02
6.754057016223669052e-03 4.309147223830223083e-02
6.744740065187215805e-03 4.324245825409889221e-02
6.754403002560138702e-03 4.254833981394767761e-02
6.766677834093570709e-03 4.346514120697975159e-02
6.771742366254329681e-03 4.237779602408409119e-02
6.774871610105037689e-03 4.319376870989799500e-02
6.772911641746759415e-03 4.267387092113494873e-02
6.769052706658840179e-03 4.288622736930847168e-02
6.754671689122915268e-03 4.285861179232597351e-02
6.739505566656589508e-03 4.265661537647247314e-02
6.732969079166650772e-03 4.288675263524055481e-02
6.738845258951187134e-03 4.258475452661514282e-02
6.749255117028951645e-03 4.300187900662422180e-02
6.750289350748062134e-03 4.258269816637039185e-02
6.743046455085277557e-03 4.299957677721977234e-02
6.733661983162164688e-03 4.255182668566703796e-02
6.730866618454456329e-03 4.277139157056808472e-02
6.733225192874670029e-03 4.261894151568412781e-02
6.734624505043029785e-03 4.249480366706848145e-02
6.732894573360681534e-03 4.280982166528701782e-02
6.730212364345788956e-03 4.231794923543930054e-02
6.729895714670419693e-03 4.284996539354324341e-02
6.730973720550537109e-03 4.229945689439773560e-02
6.731101311743259430e-03 4.269074276089668274e-02
6.729464046657085419e-03 4.238894209265708923e-02
6.727940402925014496e-03 4.249856621026992798e-02
6.728070322424173355e-03 4.256046563386917114e-02
6.730197928845882416e-03 4.241234064102172852e-02
6.732934154570102692e-03 4.257763549685478210e-02
6.735411472618579865e-03 4.245385527610778809e-02
6.737221032381057739e-03 4.240624979138374329e-02
6.740900222212076187e-03 4.261106252670288086e-02
6.747301667928695679e-03 4.215933382511138916e-02
6.761080585420131683e-03 4.286381229758262634e-02
6.779693998396396637e-03 4.192177578806877136e-02
6.812684237957000732e-03 4.319621250033378601e-02
6.847151555120944977e-03 4.171233251690864563e-02
6.900887936353683472e-03 4.348558560013771057e-02
6.927053444087505341e-03 4.143589735031127930e-02
6.945427507162094116e-03 4.345187917351722717e-02
6.892800331115722656e-03 4.140153527259826660e-02
6.823911331593990326e-03 4.303175956010818481e-02
6.760634481906890869e-03 4.186969995498657227e-02
6.749697029590606689e-03 4.261738806962966919e-02
6.772172637283802032e-03 4.246517643332481384e-02
6.790888961404561996e-03 4.219870269298553467e-02
6.784408353269100189e-03 4.270472005009651184e-02
6.757508032023906708e-03 4.193209856748580933e-02
6.748038344085216522e-03 4.283386841416358948e-02
6.762722972780466080e-03 4.191504418849945068e-02
6.791026797145605087e-03 4.311675950884819031e-02
6.789685692638158798e-03 4.178674146533012390e-02
6.770127452909946442e-03 4.312523454427719116e-02
6.743849720805883408e-03 4.181335493922233582e-02
6.745732389390468597e-03 4.305341094732284546e-02
6.763821933418512344e-03 4.188761115074157715e-02
6.772956810891628265e-03 4.281217604875564575e-02
6.754058413207530975e-03 4.196074232459068298e-02
6.727269385010004044e-03 4.225335642695426941e-02
6.716894917190074921e-03 4.221368208527565002e-02
6.726884748786687851e-03 4.191612079739570618e-02
6.738208234310150146e-03 4.244563356041908264e-02
6.735621485859155655e-03 4.172755777835845947e-02
6.728762295097112656e-03 4.250389337539672852e-02
6.727850995957851410e-03 4.153916239738464355e-02
6.735233124345541000e-03 4.259977117180824280e-02
6.739776581525802612e-03 4.156666249036788940e-02
6.739429198205471039e-03 4.248980060219764709e-02
6.731278263032436371e-03 4.173995554447174072e-02
6.729112006723880768e-03 4.228230938315391541e-02
6.734805647283792496e-03 4.191263392567634583e-02
6.744875572621822357e-03 4.219903796911239624e-02
6.750618107616901398e-03 4.202294722199440002e-02
6.750651635229587555e-03 4.227268695831298828e-02
6.746685598045587540e-03 4.230592399835586548e-02
6.759135983884334564e-03 4.244000837206840515e-02
6.777411792427301407e-03 4.318423196673393250e-02
6.901201792061328888e-03 4.236505180597305298e-02
6.932856049388647079e-03 4.288189858198165894e-02
7.238754071295261383e-03 4.402008280158042908e-02
7.168534211814403534e-03 4.250090569257736206e-02
7.239642553031444550e-03 4.332561418414115906e-02
7.121331058442592621e-03 4.150029644370079041e-02
7.006444036960601807e-03 4.233275353908538818e-02
7.116681430488824844e-03 4.190976545214653015e-02
7.216550409793853760e-03 4.321810230612754822e-02
7.144876755774021149e-03 4.171913117170333862e-02
7.002356462180614471e-03 4.298155009746551514e-02
7.115189917385578156e-03 4.257640987634658813e-02
6.996355950832366943e-03 4.157970845699310303e-02
6.891702767461538315e-03 4.262872785329818726e-02
7.037895731627941132e-03 4.107182845473289490e-02
6.895449943840503693e-03 4.195287078619003296e-02
6.908657494932413101e-03 4.231951013207435608e-02
6.930048111826181412e-03 4.329905286431312561e-02
6.903584115207195282e-03 4.201832786202430725e-02
6.857865490019321442e-03 4.347253590822219849e-02
6.876971572637557983e-03 4.280254617333412170e-02
6.859014742076396942e-03 4.285819828510284424e-02
6.824712269008159637e-03 4.257320985198020935e-02
6.802384741604328156e-03 4.372833669185638428e-02
6.799826864153146744e-03 4.226075485348701477e-02
6.783015094697475433e-03 4.185134544968605042e-02
6.766145117580890656e-03 4.339753091335296631e-02
6.783912889659404755e-03 4.273393377661705017e-02
6.778401322662830353e-03 4.308563098311424255e-02
6.766035221517086029e-03 4.265201836824417114e-02
6.770102772861719131e-03 4.309114813804626465e-02
6.755840964615345001e-03 4.272511973977088928e-02
6.749191321432590485e-03 4.348556324839591980e-02
6.744123995304107666e-03 4.280285164713859558e-02
6.740500684827566147e-03 4.287838935852050781e-02
6.734592374414205551e-03 4.290007427334785461e-02
6.727187894284725189e-03 4.263670742511749268e-02
6.737077143043279648e-03 4.334188625216484070e-02
6.731218192726373672e-03 4.250130429863929749e-02
6.729124579578638077e-03 4.274602234363555908e-02
6.728130392730236053e-03 4.248433560132980347e-02
6.731380708515644073e-03 4.277192428708076477e-02
6.727167405188083649e-03 4.235252365469932556e-02
6.723522208631038666e-03 4.294703528285026550e-02
6.724243052303791046e-03 4.241158440709114075e-02
6.722726859152317047e-03 4.299945384263992310e-02
6.719215773046016693e-03 4.256819933652877808e-02
6.718753371387720108e-03 4.277803003787994385e-02
6.719821132719516754e-03 4.252939298748970032e-02
6.720087025314569473e-03 4.271906241774559021e-02
6.720089819282293320e-03 4.193871468305587769e-02
6.722365505993366241e-03 4.298449680209159851e-02
6.728052161633968353e-03 4.206533357501029968e-02
