1.807335913181304932e-01 1.766106635332107544e-01
1.753526180982589722e-01 1.713236868381500244e-01
1.701297163963317871e-01 1.661949455738067627e-01
1.650659292936325073e-01 1.612237840890884399e-01
1.601606160402297974e-01 1.564081609249114990e-01
1.554119884967803955e-01 1.517444401979446411e-01
1.508178710937500000e-01 1.472286134958267212e-01
1.463759839534759521e-01 1.428567767143249512e-01
1.420838385820388794e-01 1.386248916387557983e-01
1.379385143518447876e-01 1.345288604497909546e-01
1.339366436004638672e-01 1.305645108222961426e-01
1.300743967294692993e-01 1.267279982566833496e-01
1.263477504253387451e-01 1.230155006051063538e-01
1.227524802088737488e-01 1.194234639406204224e-01
1.192842870950698853e-01 1.159484833478927612e-01
1.159389168024063110e-01 1.125873997807502747e-01
1.127121448516845703e-01 1.093371808528900146e-01
1.095997765660285950e-01 1.061948463320732117e-01
1.065977513790130615e-01 1.031576395034790039e-01
1.037020757794380188e-01 1.002227440476417542e-01
1.009088307619094849e-01 9.738746285438537598e-02
9.821426123380661011e-02 9.464908391237258911e-02
9.561469405889511108e-02 9.200493246316909790e-02
9.310653805732727051e-02 8.945229649543762207e-02
9.068635106086730957e-02 8.698853850364685059e-02
8.835079520940780640e-02 8.461099863052368164e-02
8.609666675329208374e-02 8.231707662343978882e-02
8.392088115215301514e-02 8.010423928499221802e-02
8.182048052549362183e-02 7.796995341777801514e-02
7.979262620210647583e-02 7.591180503368377686e-02
7.783459126949310303e-02 7.392743974924087524e-02
7.594378292560577393e-02 7.201454043388366699e-02
7.411767542362213135e-02 7.017086446285247803e-02
7.235386967658996582e-02 6.839423626661300659e-02
7.065002620220184326e-02 6.668253242969512939e-02
6.900392472743988037e-02 6.503365188837051392e-02
6.741337478160858154e-02 6.344559043645858765e-02
6.587629765272140503e-02 6.191631034016609192e-02
6.439065933227539062e-02 6.044386699795722961e-02
6.295451521873474121e-02 5.902634933590888977e-02
6.156596541404724121e-02 5.766184255480766296e-02
6.022318080067634583e-02 5.634847283363342285e-02
5.892438814043998718e-02 5.508443713188171387e-02
5.766788497567176819e-02 5.386791378259658813e-02
5.645199120044708252e-02 5.269710719585418701e-02
5.527508631348609924e-02 5.157025903463363647e-02
5.413560196757316589e-02 5.048565194010734558e-02
5.303199961781501770e-02 4.944157227873802185e-02
5.196276679635047913e-02 4.843635112047195435e-02
5.092645436525344849e-02 4.746833071112632751e-02
4.992160946130752563e-02 4.653592407703399658e-02
4.894686117768287659e-02 4.563755542039871216e-02
4.800086840987205505e-02 4.477170854806900024e-02
4.708231985569000244e-02 4.393691569566726685e-02
4.618998244404792786e-02 4.313175752758979797e-02
4.532266408205032349e-02 4.235487803816795349e-02
4.447923973202705383e-02 4.160498827695846558e-02
4.365863651037216187e-02 4.088085517287254333e-02
4.285987094044685364e-02 4.018131271004676819e-02
4.208199307322502136e-02 3.950526565313339233e-02
4.132414609193801880e-02 3.885167092084884644e-02
4.058552533388137817e-02 3.821955248713493347e-02
3.986538574099540710e-02 3.760799393057823181e-02
3.916304931044578552e-02 3.701612353324890137e-02
3.847787529230117798e-02 3.644313663244247437e-02
3.780928999185562134e-02 3.588827699422836304e-02
3.715676441788673401e-02 3.535081073641777039e-02
3.651979938149452209e-02 3.483007848262786865e-02
3.589794784784317017e-02 3.432542830705642700e-02
3.529078885912895203e-02 3.383627161383628845e-02
3.469792753458023071e-02 3.336201980710029602e-02
3.411900997161865234e-02 3.290213644504547119e-02
3.355367854237556458e-02 3.245609998703002930e-02
3.300161659717559814e-02 3.202342614531517029e-02
3.246252611279487610e-02 3.160362318158149719e-02
3.193610161542892456e-02 3.119625151157379150e-02
3.142207115888595581e-02 3.080088458955287933e-02
3.092015907168388367e-02 3.041710145771503448e-02
3.043010644614696503e-02 3.004449792206287384e-02
2.995165437459945679e-02 2.968269586563110352e-02
2.948455512523651123e-02 2.933134138584136963e-02
2.902857027947902679e-02 2.899007499217987061e-02
2.858345396816730499e-02 2.865855395793914795e-02
2.814898453652858734e-02 2.833647467195987701e-02
2.772491984069347382e-02 2.802352048456668854e-02
2.731105312705039978e-02 2.771940082311630249e-02
2.690715342760086060e-02 2.742383070290088654e-02
2.651301585137844086e-02 2.713655307888984680e-02
2.612842991948127747e-02 2.685731276869773865e-02
2.575319260358810425e-02 2.658586390316486359e-02
2.538711018860340118e-02 2.632199041545391083e-02
2.502998709678649902e-02 2.606545947492122650e-02
2.468164078891277313e-02 2.581607736647129059e-02
2.434188872575759888e-02 2.557364851236343384e-02
2.401056140661239624e-02 2.533797547221183777e-02
2.368748746812343597e-02 2.510889247059822083e-02
2.337250486016273499e-02 2.488622814416885376e-02
2.306545339524745941e-02 2.466982603073120117e-02
2.276618592441082001e-02 2.445952408015727997e-02
2.247455343604087830e-02 2.425518445670604706e-02
2.219041064381599426e-02 2.405666559934616089e-02
2.191362529993057251e-02 2.386383712291717529e-02
2.164405770599842072e-02 2.367656864225864410e-02
2.138158492743968964e-02 2.349472790956497192e-02
2.112607285380363464e-02 2.331820689141750336e-02
2.087740413844585419e-02 2.314687892794609070e-02
2.063545584678649902e-02 2.298063598573207855e-02
2.040011249482631683e-02 2.281936071813106537e-02
2.017125487327575684e-02 2.266293950378894806e-02
1.994876936078071594e-02 2.251126617193222046e-02
1.973254419863224030e-02 2.236423455178737640e-02
1.952246390283107758e-02 2.222172915935516357e-02
1.931841671466827393e-02 2.208364009857177734e-02
1.912029087543487549e-02 2.194985747337341309e-02
1.892797276377677917e-02 2.182026766240596771e-02
1.874134875833988190e-02 2.169476076960563660e-02
1.856030337512493134e-02 2.157321386039257050e-02
1.838471740484237671e-02 2.145552076399326324e-02
1.821447536349296570e-02 2.134155109524726868e-02
1.804945431649684906e-02 2.123119123280048370e-02
1.788953505456447601e-02 2.112430706620216370e-02
1.773459091782569885e-02 2.102077938616275787e-02
1.758449710905551910e-02 2.092047408223152161e-02
1.743912138044834137e-02 2.082326263189315796e-02
1.729832775890827179e-02 2.072900719940662384e-02
1.716198958456516266e-02 2.063757181167602539e-02
1.702995970845222473e-02 2.054881863296031952e-02
1.690210774540901184e-02 2.046260423958301544e-02
1.677828282117843628e-02 2.037878520786762238e-02
1.665834896266460419e-02 2.029722742736339569e-02
1.654215902090072632e-02 2.021777629852294922e-02
1.642956212162971497e-02 2.014029398560523987e-02
1.632041856646537781e-02 2.006463706493377686e-02
1.621457561850547791e-02 1.999066211283206940e-02
1.611189357936382294e-02 1.991822943091392517e-02
1.601222157478332520e-02 1.984720677137374878e-02
1.591541990637779236e-02 1.977746188640594482e-02
1.582134701311588287e-02 1.970886439085006714e-02
1.572986505925655365e-02 1.964129321277141571e-02
1.564083993434906006e-02 1.957463286817073822e-02
1.555414125323295593e-02 1.950877346098423004e-02
1.546964421868324280e-02 1.944361254572868347e-02
1.538722496479749680e-02 1.937905512750148773e-02
1.530676893889904022e-02 1.931501552462577820e-02
1.522816158831119537e-02 1.925142295658588409e-02
1.515130046755075455e-02 1.918819174170494080e-02
1.507608219981193542e-02 1.912527158856391907e-02
1.500240620225667953e-02 1.906260289251804352e-02
1.493018679320812225e-02 1.900014281272888184e-02
1.485933270305395126e-02 1.893784664571285248e-02
1.478976104408502579e-02 1.887568272650241852e-02
1.472139265388250351e-02 1.881362311542034149e-02
1.465415302664041519e-02 1.875164546072483063e-02
1.458796951919794083e-02 1.868973113596439362e-02
1.452277228236198425e-02 1.862786151468753815e-02
1.445849612355232239e-02 1.856603100895881653e-02
1.439507771283388138e-02 1.850423030555248260e-02
1.433246023952960968e-02 1.844245009124279022e-02
1.427057944238185883e-02 1.838068477809429169e-02
1.420938409864902496e-02 1.831893995404243469e-02
1.414882671087980270e-02 1.825720444321632385e-02
1.408885046839714050e-02 1.819548383355140686e-02
1.402941439300775528e-02 1.813377439975738525e-02
1.397047098726034164e-02 1.807207986712455750e-02
1.391198392957448959e-02 1.801040023565292358e-02
1.385391224175691605e-02 1.794873923063278198e-02
1.379622146487236023e-02 1.788709498941898346e-02
1.373888272792100906e-02 1.782547123730182648e-02
1.368186064064502716e-02 1.776386983692646027e-02
1.362513098865747452e-02 1.770229451358318329e-02
1.356867048889398575e-02 1.764075271785259247e-02
1.351245585829019547e-02 1.757923886179924011e-02
1.345646474510431290e-02 1.751775667071342468e-02
1.340068317949771881e-02 1.745631359517574310e-02
1.334509626030921936e-02 1.739490404725074768e-02
1.328968163579702377e-02 1.733353361487388611e-02
1.323443558067083359e-02 1.727220229804515839e-02
1.317933946847915649e-02 1.721091382205486298e-02
1.312439236789941788e-02 1.714966446161270142e-02
1.306957658380270004e-02 1.708846166729927063e-02
1.301489211618900299e-02 1.702729426324367523e-02
1.296032872051000595e-02 1.696617342531681061e-02
1.290588360279798508e-02 1.690509729087352753e-02
1.285154744982719421e-02 1.684406772255897522e-02
1.279731933027505875e-02 1.678307726979255676e-02
1.274319924414157867e-02 1.672213524580001831e-02
1.268918067216873169e-02 1.666123606264591217e-02
1.263526454567909241e-02 1.660038530826568604e-02
1.258144713938236237e-02 1.653957739472389221e-02
1.252773124724626541e-02 1.647882163524627686e-02
1.247411314398050308e-02 1.641811430454254150e-02
1.242059282958507538e-02 1.635745912790298462e-02
1.236717030405998230e-02 1.629685424268245697e-02
1.231384743005037308e-02 1.623630709946155548e-02
1.226062141358852386e-02 1.617581397294998169e-02
1.220749411731958389e-02 1.611537858843803406e-02
1.215446274727582932e-02 1.605500653386116028e-02
1.210153196007013321e-02 1.599469594657421112e-02
1.204869709908962250e-02 1.593444682657718658e-02
1.199595443904399872e-02 1.587426662445068359e-02
1.194330677390098572e-02 1.581415347754955292e-02
1.189075130969285965e-02 1.575411297380924225e-02
1.183828618377447128e-02 1.569414138793945312e-02
1.178590580821037292e-02 1.563424430787563324e-02
1.173360552638769150e-02 1.557442173361778259e-02
1.168138533830642700e-02 1.551467273384332657e-02
1.162923872470855713e-02 1.545499544590711594e-02
1.157715823501348495e-02 1.539539638906717300e-02
1.152514107525348663e-02 1.533587183803319931e-02
1.147317793220281601e-02 1.527642086148262024e-02
1.142126601189374924e-02 1.521704066544771194e-02
1.136939506977796555e-02 1.515773311257362366e-02
1.131755672395229340e-02 1.509849261492490768e-02
1.126574538648128510e-02 1.503932196646928787e-02
1.121395174413919449e-02 1.498021371662616730e-02
1.116217020899057388e-02 1.492116507142782211e-02
1.111038867384195328e-02 1.486217323690652847e-02
1.105860248208045959e-02 1.480323448777198792e-02
1.100680138915777206e-02 1.474434323608875275e-02
1.095497701317071915e-02 1.468549482524394989e-02
1.090312097221612930e-02 1.462668459862470627e-02
1.085122860968112946e-02 1.456790510565042496e-02
1.079928688704967499e-02 1.450914610177278519e-02
1.074729021638631821e-02 1.445040572434663773e-02
1.069523207843303680e-02 1.439167745411396027e-02
1.064310129731893539e-02 1.433294825255870819e-02
1.059089228510856628e-02 1.427421905100345612e-02
1.053859572857618332e-02 1.421547122299671173e-02
1.048620603978633881e-02 1.415670476853847504e-02
1.043371297419071198e-02 1.409790478646755219e-02
1.038110814988613129e-02 1.403906289488077164e-02
1.032838411629199982e-02 1.398017257452011108e-02
1.027553249150514603e-02 1.392122078686952591e-02
1.022254489362239838e-02 1.386220287531614304e-02
1.016941107809543610e-02 1.380310207605361938e-02
1.011612359434366226e-02 1.374391466379165649e-02
1.006267219781875610e-02 1.368463132530450821e-02
1.000905036926269531e-02 1.362524088472127914e-02
9.955247864127159119e-03 1.356573496013879776e-02
9.901252575218677521e-03 1.350610703229904175e-02
9.847058914601802826e-03 1.344634685665369034e-02
9.792654775083065033e-03 1.338644605129957199e-02
9.738033637404441833e-03 1.332639809697866440e-02
9.683185257017612457e-03 1.326619740575551987e-02
9.628100320696830750e-03 1.320583838969469070e-02
9.572772309184074402e-03 1.314531359821557999e-02
9.517190977931022644e-03 1.308461930602788925e-02
9.461347945034503937e-03 1.302375365048646927e-02
9.405238553881645203e-03 1.296270918101072311e-02
9.348855353891849518e-03 1.290149055421352386e-02
9.292193688452243805e-03 1.284008938819169998e-02
9.235246106982231140e-03 1.277850568294525146e-02
9.178007952868938446e-03 1.271674688905477524e-02
9.120475500822067261e-03 1.265480555593967438e-02
9.062648750841617584e-03 1.259269285947084427e-02
9.004524908959865570e-03 1.253040041774511337e-02
8.946101181209087372e-03 1.246794685721397400e-02
8.887381292879581451e-03 1.240532565861940384e-02
8.828361518681049347e-03 1.234254986047744751e-02
8.769049309194087982e-03 1.227962784469127655e-02
8.709446527063846588e-03 1.221656519919633865e-02
8.649556897580623627e-03 1.215337496250867844e-02
8.589388802647590637e-03 1.209006458520889282e-02
8.528947830200195312e-03 1.202664989978075027e-02
8.468243293464183807e-03 1.196314208209514618e-02
8.407284505665302277e-03 1.189955510199069977e-02
8.346085436642169952e-03 1.183590665459632874e-02
8.284657262265682220e-03 1.177220791578292847e-02
8.223014883697032928e-03 1.170848403126001358e-02
8.161175996065139771e-03 1.164474710822105408e-02
8.099153637886047363e-03 1.158101856708526611e-02
8.036972023546695709e-03 1.151731237769126892e-02
7.974649779498577118e-03 1.145365741103887558e-02
7.912209257483482361e-03 1.139007229357957840e-02
7.849674671888351440e-03 1.132657565176486969e-02
7.787072565406560898e-03 1.126319356262683868e-02
7.724429480731487274e-03 1.119994465261697769e-02
7.661771960556507111e-03 1.113685127347707748e-02
7.599131669849157333e-03 1.107393950223922729e-02
7.536536548286676407e-03 1.101123169064521790e-02
7.474021054804325104e-03 1.094874553382396698e-02
7.411616388708353043e-03 1.088650897145271301e-02
7.349354680627584457e-03 1.082453597337007523e-02
7.287271320819854736e-03 1.076285634189844131e-02
7.225396577268838882e-03 1.070148590952157974e-02
7.163766305893659592e-03 1.064044609665870667e-02
7.102410774677991867e-03 1.057975459843873978e-02
7.041365839540958405e-03 1.051943190395832062e-02
6.980660837143659592e-03 1.045949291437864304e-02
6.920326035469770432e-03 1.039995439350605011e-02
6.860392168164253235e-03 1.034083496779203415e-02
6.800884846597909927e-03 1.028214208781719208e-02
6.741832010447978973e-03 1.022389344871044159e-02
6.683255545794963837e-03 1.016610115766525269e-02
6.625182460993528366e-03 1.010877359658479691e-02
6.567629054188728333e-03 1.005192659795284271e-02
6.510617677122354507e-03 9.995562955737113953e-03
6.454161833971738815e-03 9.939692914485931396e-03
6.398279685527086258e-03 9.884319268167018890e-03
6.342980545014142990e-03 9.829452261328697205e-03
6.288277916610240936e-03 9.775097481906414032e-03
6.234181579202413559e-03 9.721255861222743988e-03
6.180698517709970474e-03 9.667930193245410919e-03
6.127833388745784760e-03 9.615125134587287903e-03
6.075592711567878723e-03 9.562843479216098785e-03
6.023978348821401596e-03 9.511075913906097412e-03
5.972992163151502609e-03 9.459830820560455322e-03
5.922635085880756378e-03 9.409100748598575592e-03
5.872906651347875595e-03 9.358888491988182068e-03
5.823805928230285645e-03 9.309186600148677826e-03
5.775329191237688065e-03 9.259992279112339020e-03
5.727475043386220932e-03 9.211299009621143341e-03
5.680237896740436554e-03 9.163104929029941559e-03
5.633613560348749161e-03 9.115397930145263672e-03
5.587596911936998367e-03 9.068171493709087372e-03
5.542181897908449173e-03 9.021421894431114197e-03
5.497363395988941193e-03 8.975137025117874146e-03
5.453133955597877502e-03 8.929305709898471832e-03
5.409487057477235794e-03 8.883919566869735718e-03
5.366414785385131836e-03 8.838972076773643494e-03
5.323910620063543320e-03 8.794449269771575928e-03
5.281964316964149475e-03 8.750341832637786865e-03
5.240570288151502609e-03 8.706636726856231689e-03
5.199717823415994644e-03 8.663320913910865784e-03
5.159399472177028656e-03 8.620391599833965302e-03
5.119607318192720413e-03 8.577826432883739471e-03
5.080330651253461838e-03 8.535623550415039062e-03
5.041561555117368698e-03 8.493769913911819458e-03
5.003290716558694839e-03 8.452250622212886810e-03
4.965508356690406799e-03 8.411061950027942657e-03
4.928205162286758423e-03 8.370188996195793152e-03
4.891372285783290863e-03 8.329625241458415985e-03
4.855000413954257965e-03 8.289360441267490387e-03
4.819079767912626266e-03 8.249386213719844818e-03
4.783601500093936920e-03 8.209690451622009277e-03
4.748555831611156464e-03 8.170275017619132996e-03
4.713935311883687973e-03 8.131125941872596741e-03
4.679731093347072601e-03 8.092235773801803589e-03
4.645933397114276886e-03 8.053603582084178925e-03
4.612535238265991211e-03 8.015222847461700439e-03
4.579528234899044037e-03 7.977083325386047363e-03
4.546904005110263824e-03 7.939188741147518158e-03
4.514657426625490189e-03 7.901528850197792053e-03
4.482779186218976974e-03 7.864106446504592896e-03
4.451264161616563797e-03 7.826905697584152222e-03
4.420105833560228348e-03 7.789936847984790802e-03
4.389296751469373703e-03 7.753190584480762482e-03
4.358832724392414093e-03 7.716671098023653030e-03
4.328707233071327209e-03 7.680368144065141678e-03
4.298916086554527283e-03 7.644289173185825348e-03
4.269453231245279312e-03 7.608425337821245193e-03
4.240316804498434067e-03 7.572778966277837753e-03
4.211497958749532700e-03 7.537350524216890335e-03
4.182995762676000595e-03 7.502140942960977554e-03
4.154805094003677368e-03 7.467148359864950180e-03
4.126921761780977249e-03 7.432371377944946289e-03
4.099342506378889084e-03 7.397813256829977036e-03
4.072062671184539795e-03 7.363472599536180496e-03
4.045078996568918228e-03 7.329352665692567825e-03
4.018388688564300537e-03 7.295452989637851715e-03
3.991987556219100952e-03 7.261775899678468704e-03
3.965872805565595627e-03 7.228320464491844177e-03
3.940039779990911484e-03 7.195091340690851212e-03
3.914486616849899292e-03 7.162086665630340576e-03
3.889208892360329628e-03 7.129309233278036118e-03
3.864204511046409607e-03 7.096763700246810913e-03
3.839469049125909805e-03 7.064450066536664963e-03
3.815001342445611954e-03 7.032366935163736343e-03
3.790794406086206436e-03 7.000518031418323517e-03
3.766848705708980560e-03 6.968904286623001099e-03
3.743159817531704903e-03 6.937527563422918320e-03
3.719723550602793694e-03 6.906387396156787872e-03
3.696538507938385010e-03 6.875486113131046295e-03
3.673600032925605774e-03 6.844822783023118973e-03
3.650906030088663101e-03 6.814400665462017059e-03
3.628453472629189491e-03 6.784215569496154785e-03
3.606238868087530136e-03 6.754271686077117920e-03
3.584259888157248497e-03 6.724565289914608002e-03
3.562512109056115150e-03 6.695099640637636185e-03
3.540993435308337212e-03 6.665870547294616699e-03
3.519702469930052757e-03 6.636876612901687622e-03
3.498633624985814095e-03 6.608117837458848953e-03
3.477784804999828339e-03 6.579592823982238770e-03
3.457154845818877220e-03 6.551298312842845917e-03
3.436739323660731316e-03 6.523232441395521164e-03
3.416535211727023125e-03 6.495394278317689896e-03
3.396540880203247070e-03 6.467781029641628265e-03
3.376752836629748344e-03 6.440393161028623581e-03
3.357168519869446754e-03 6.413223221898078918e-03
3.337786067277193069e-03 6.386270280927419662e-03
3.318600356578826904e-03 6.359536200761795044e-03
3.299611620604991913e-03 6.333010736852884293e-03
3.280815901234745979e-03 6.306700408458709717e-03
3.262210870161652565e-03 6.280597299337387085e-03
3.243794199079275131e-03 6.254699546843767166e-03
3.225563094019889832e-03 6.229005288332700729e-03
3.207514295354485512e-03 6.203513126820325851e-03
3.189646638929843903e-03 6.178220268338918686e-03
3.171957097947597504e-03 6.153125781565904617e-03
3.154444042593240738e-03 6.128227803856134415e-03
3.137104213237762451e-03 6.103525403887033463e-03
3.119936212897300720e-03 6.079012528061866760e-03
3.102936781942844391e-03 6.054691039025783539e-03
3.086103126406669617e-03 6.030560471117496490e-03
3.069435013458132744e-03 6.006617099046707153e-03
3.052927786484360695e-03 5.982860457152128220e-03
3.036582609638571739e-03 5.959290079772472382e-03
3.020394826307892799e-03 5.935899447649717331e-03
3.004362806677818298e-03 5.912693217396736145e-03
2.988484455272555351e-03 5.889665335416793823e-03
2.972756978124380112e-03 5.866819992661476135e-03
2.957180840894579887e-03 5.844148807227611542e-03
2.941752318292856216e-03 5.821656901389360428e-03
2.926469314843416214e-03 5.799340084195137024e-03
2.911330899223685265e-03 5.777195561677217484e-03
2.896334044635295868e-03 5.755223799496889114e-03
2.881477819755673409e-03 5.733425263315439224e-03
2.866759430617094040e-03 5.711792968213558197e-03
2.852177713066339493e-03 5.690329708158969879e-03
2.837732201442122459e-03 5.669035017490386963e-03
2.823418937623500824e-03 5.647902376949787140e-03
2.809236757457256317e-03 5.626935046166181564e-03
2.795185195282101631e-03 5.606133956462144852e-03
2.781261922791600227e-03 5.585492122918367386e-03
2.767464146018028259e-03 5.565010011196136475e-03
2.753791399300098419e-03 5.544685292989015579e-03
2.740242518484592438e-03 5.524520296603441238e-03
2.726815408095717430e-03 5.504510365426540375e-03
2.713507972657680511e-03 5.484656896442174911e-03
2.700320212170481682e-03 5.464957561343908310e-03
2.687248634174466133e-03 5.445407703518867493e-03
2.674293238669633865e-03 5.426011513918638229e-03
2.661451697349548340e-03 5.406764801591634750e-03
2.648723544552922249e-03 5.387667566537857056e-03
2.636106917634606361e-03 5.368716549128293991e-03
2.623600652441382408e-03 5.349914077669382095e-03
2.611203119158744812e-03 5.331255495548248291e-03
2.598911989480257034e-03 5.312742199748754501e-03
2.586727496236562729e-03 5.294370464980602264e-03
2.574648009613156319e-03 5.276140756905078888e-03
2.562672132626175880e-03 5.258050281554460526e-03
2.550797536969184875e-03 5.240101367235183716e-03
2.539024455472826958e-03 5.222287960350513458e-03
2.527351025491952896e-03 5.204609595239162445e-03
2.515775384381413460e-03 5.187071394175291061e-03
2.504297299310564995e-03 5.169662646949291229e-03
2.492915838956832886e-03 5.152387544512748718e-03
2.481629140675067902e-03 5.135246086865663528e-03
2.470436971634626389e-03 5.118234083056449890e-03
2.459336072206497192e-03 5.101350601762533188e-03
2.448327140882611275e-03 5.084594246000051498e-03
2.437408082187175751e-03 5.067967344075441360e-03
2.426579594612121582e-03 5.051463376730680466e-03
2.415838185697793961e-03 5.035085137933492661e-03
2.405184553936123848e-03 5.018828436732292175e-03
2.394616603851318359e-03 5.002694670110940933e-03
2.384133636951446533e-03 4.986681975424289703e-03
2.373735187575221062e-03 4.970788490027189255e-03
2.363419393077492714e-03 4.955012816935777664e-03
2.353185554966330528e-03 4.939354024827480316e-03
2.343032974749803543e-03 4.923812579363584518e-03
2.332960022613406181e-03 4.908384755253791809e-03
2.322966465726494789e-03 4.893071018159389496e-03
2.313051605597138405e-03 4.877870902419090271e-03
2.303212648257613182e-03 4.862780217081308365e-03
2.293450990691781044e-03 4.847800824791193008e-03
2.283764770254492760e-03 4.832931328564882278e-03
2.274152357131242752e-03 4.818168468773365021e-03
2.264614216983318329e-03 4.803515039384365082e-03
2.255148254334926605e-03 4.788965452462434769e-03
2.245754702016711235e-03 4.774519242346286774e-03
2.236431231722235680e-03 4.760178271681070328e-03
2.227178076282143593e-03 4.745940212160348892e-03
2.217994304373860359e-03 4.731804132461547852e-03
2.208880148828029633e-03 4.717765841633081436e-03
2.199832815676927567e-03 4.703828133642673492e-03
2.190852072089910507e-03 4.689988214522600174e-03
2.181937918066978455e-03 4.676246084272861481e-03
2.173089189454913139e-03 4.662602674216032028e-03
2.164305420592427254e-03 4.649047739803791046e-03
2.155584050342440605e-03 4.635591059923171997e-03
2.146926941350102425e-03 4.622227977961301804e-03
2.138331532478332520e-03 4.608955234289169312e-03
2.129798522219061852e-03 4.595773294568061829e-03
2.121325349435210228e-03 4.582681227475404739e-03
2.112913178279995918e-03 4.569679964333772659e-03
2.104560378938913345e-03 4.556763917207717896e-03
2.096265787258744240e-03 4.543937742710113525e-03
2.088029636070132256e-03 4.531197249889373779e-03
2.079851226881146431e-03 4.518539644777774811e-03
2.071728697046637535e-03 4.505968652665615082e-03
2.063663210719823837e-03 4.493480082601308823e-03
2.055652905255556107e-03 4.481076262891292572e-03
2.047697082161903381e-03 4.468750208616256714e-03
2.039795974269509315e-03 4.456508439034223557e-03
2.031948883086442947e-03 4.444343969225883484e-03
2.024153945967555046e-03 4.432258196175098419e-03
2.016411628574132919e-03 4.420252516865730286e-03
2.008721232414245605e-03 4.408321343362331390e-03
2.001081360504031181e-03 4.396470263600349426e-03
1.993493176996707916e-03 4.384691826999187469e-03
1.985954353585839272e-03 4.372988827526569366e-03
1.978465355932712555e-03 4.361360799521207809e-03
1.971025019884109497e-03 4.349805414676666260e-03
1.963633578270673752e-03 4.338318947702646255e-03
1.956290099769830704e-03 4.326910246163606644e-03
1.948992954567074776e-03 4.315568599849939346e-03
1.941743306815624237e-03 4.304298199713230133e-03
1.934540225192904472e-03 4.293095320463180542e-03
1.927382429130375385e-03 4.281961359083652496e-03
1.920270384289324284e-03 4.270898178219795227e-03
1.913202693685889244e-03 4.259900655597448349e-03
1.906180055812001228e-03 4.248969256877899170e-03
1.899200491607189178e-03 4.238104913383722305e-03
1.892264583148062229e-03 4.227303899824619293e-03
1.885371049866080284e-03 4.216568078845739365e-03
1.878520590253174305e-03 4.205895587801933289e-03
1.871711690910160542e-03 4.195287358015775681e-03
1.864944119006395340e-03 4.184740595519542694e-03
1.858218340203166008e-03 4.174256231635808945e-03
1.851532724685966969e-03 4.163832403719425201e-03
1.844887388870120049e-03 4.153468180447816849e-03
1.838281983509659767e-03 4.143167287111282349e-03
1.831715926527976990e-03 4.132924135774374008e-03
1.825188635848462582e-03 4.122740589082241058e-03
1.818700460717082024e-03 4.112613853067159653e-03
1.812249771319329739e-03 4.102545790374279022e-03
1.805837266147136688e-03 4.092535469681024551e-03
1.799461781047284603e-03 4.082580562680959702e-03
1.793123665265738964e-03 4.072681535035371780e-03
1.786822103895246983e-03 4.062838852405548096e-03
1.780556514859199524e-03 4.053049255162477493e-03
1.774327130988240242e-03 4.043316002935171127e-03
1.768133137375116348e-03 4.033637233078479767e-03
1.761974534019827843e-03 4.024010617285966873e-03
1.755849691107869148e-03 4.014436155557632446e-03
1.749760238453745842e-03 4.004914313554763794e-03
1.743704196996986866e-03 3.995446022599935532e-03
1.737682730890810490e-03 3.986028023064136505e-03
1.731694443151354790e-03 3.976660780608654022e-03
1.725739683024585247e-03 3.967343829572200775e-03
1.719816937111318111e-03 3.958078566938638687e-03
1.713926671072840691e-03 3.948860801756381989e-03
1.708068884909152985e-03 3.939693793654441833e-03
1.702243229374289513e-03 3.930573817342519760e-03
1.696448307484388351e-03 3.921505063772201538e-03
1.690685632638633251e-03 3.912481479346752167e-03
1.684953458607196808e-03 3.903504461050033569e-03
1.679251086898148060e-03 3.894576337188482285e-03
1.673580496571958065e-03 3.885694080963730812e-03
1.667939010076224804e-03 3.876857459545135498e-03
1.662327558733522892e-03 3.868067869916558266e-03
1.656744978390634060e-03 3.859324613586068153e-03
1.651192898862063885e-03 3.850623732432723045e-03
1.645669341087341309e-03 3.841969184577465057e-03
1.640174072235822678e-03 3.833359573036432266e-03
1.634707208722829819e-03 3.824790939688682556e-03
1.629268866963684559e-03 3.816266544163227081e-03
1.623858232051134109e-03 3.807785687968134880e-03
1.618475536815822124e-03 3.799346974119544029e-03
1.613119849935173988e-03 3.790951566770672798e-03
1.607791287824511528e-03 3.782598767429590225e-03
1.602490665391087532e-03 3.774286713451147079e-03
1.597215421497821808e-03 3.766016103327274323e-03
1.591967069543898106e-03 3.757786937057971954e-03
1.586745842359960079e-03 3.749596420675516129e-03
1.581549178808927536e-03 3.741449676454067230e-03
1.576379057951271534e-03 3.733340185135602951e-03
1.571234199218451977e-03 3.725271904841065407e-03
1.566114719025790691e-03 3.717242740094661713e-03
1.561021548695862293e-03 3.709251759573817253e-03
1.555951428599655628e-03 3.701301524415612221e-03
1.550906803458929062e-03 3.693388309329748154e-03
1.545886858366429806e-03 3.685513744130730629e-03
1.540891244076192379e-03 3.677675733342766762e-03
1.535919145680963993e-03 3.669876139611005783e-03
1.530970912426710129e-03 3.662114730104804039e-03
1.526047359220683575e-03 3.654389875009655952e-03
1.521146390587091446e-03 3.646702272817492485e-03
1.516269519925117493e-03 3.639048663899302483e-03
1.511414768174290657e-03 3.631434636190533638e-03
1.506583881564438343e-03 3.623855300247669220e-03
1.501775346696376801e-03 3.616309026256203651e-03
1.496989047154784203e-03 3.608800936490297318e-03
1.492225681431591511e-03 3.601327538490295410e-03
1.487484551034867764e-03 3.593888133764266968e-03
1.482765190303325653e-03 3.586485749110579491e-03
1.478067715652287006e-03 3.579114563763141632e-03
1.473392127081751823e-03 3.571778768673539162e-03
1.468738657422363758e-03 3.564477432519197464e-03
1.464106142520904541e-03 3.557208226993680000e-03
1.459494698792695999e-03 3.549973247572779655e-03
1.454904326237738132e-03 3.542772261425852776e-03
1.450335141271352768e-03 3.535604570060968399e-03
1.445786794647574425e-03 3.528467146679759026e-03
1.441258587874472141e-03 3.521362319588661194e-03
1.436751801520586014e-03 3.514291020110249519e-03
1.432264107279479504e-03 3.507251385599374771e-03
1.427797833457589149e-03 3.500242717564105988e-03
1.423351233825087547e-03 3.493266645818948746e-03
1.418923959136009216e-03 3.486320842057466507e-03
1.414517289958894253e-03 3.479406703263521194e-03
1.410130062140524387e-03 3.472523530945181847e-03
1.405762624926865101e-03 3.465672256425023079e-03
1.401414279825985432e-03 3.458847757428884506e-03
1.397085376083850861e-03 3.452056087553501129e-03
1.392775913700461388e-03 3.445294685661792755e-03
1.388484961353242397e-03 3.438562387600541115e-03
1.384213217534124851e-03 3.431861056014895439e-03
1.379960682243108749e-03 3.425187198445200920e-03
1.375726074911653996e-03 3.418541280552744865e-03
1.371510559692978859e-03 3.411925397813320160e-03
1.367312623187899590e-03 3.405340248718857765e-03
1.363133778795599937e-03 3.398783039301633835e-03
1.358973095193505287e-03 3.392253769561648369e-03
1.354831154458224773e-03 3.385751741006970406e-03
1.350706443190574646e-03 3.379276720806956291e-03
1.346600009128451347e-03 3.372832434251904488e-03
1.342511735856533051e-03 3.366414690390229225e-03
1.338440342806279659e-03 3.360021859407424927e-03
1.334386994130909443e-03 3.353657433763146400e-03
1.330351456999778748e-03 3.347320482134819031e-03
1.326332683674991131e-03 3.341011004522442818e-03
1.322332187555730343e-03 3.334727371111512184e-03
1.318348105996847153e-03 3.328470513224601746e-03
1.314381370320916176e-03 3.322239033877849579e-03
1.310431864112615585e-03 3.316033165901899338e-03
1.306499470956623554e-03 3.309853840619325638e-03
1.302583608776330948e-03 3.303700359538197517e-03
1.298684510402381420e-03 3.297570394352078438e-03
1.294802408665418625e-03 3.291468834504485130e-03
1.290936954319477081e-03 3.285391954705119133e-03
1.287087681703269482e-03 3.279338125139474869e-03
1.283255056478083134e-03 3.273310139775276184e-03
1.279439195059239864e-03 3.267305437475442886e-03
1.275638816878199577e-03 3.261325880885124207e-03
1.271854736842215061e-03 3.255371004343032837e-03
1.268087420612573624e-03 3.249438479542732239e-03
1.264335820451378822e-03 3.243529936298727989e-03
1.260600285604596138e-03 3.237646538764238358e-03
1.256880816072225571e-03 3.231784328818321228e-03
1.253176364116370678e-03 3.225947497412562370e-03
1.249487628228962421e-03 3.220132552087306976e-03
1.245815888978540897e-03 3.214341821148991585e-03
1.242158352397382259e-03 3.208571579307317734e-03
1.238517346791923046e-03 3.202825086191296577e-03
1.234890893101692200e-03 3.197100479155778885e-03
1.231279922649264336e-03 3.191397991031408310e-03
1.227683969773352146e-03 3.185718087479472160e-03
1.224104082211852074e-03 3.180059138685464859e-03
1.220539328642189503e-03 3.174421144649386406e-03
1.216988544911146164e-03 3.168805968016386032e-03
1.213453244417905807e-03 3.163211047649383545e-03
1.209933194331824780e-03 3.157638013362884521e-03
1.206427230499684811e-03 3.152084071189165115e-03
1.202936400659382343e-03 3.146551782265305519e-03
1.199460355564951897e-03 3.141040913760662079e-03
1.195998745970427990e-03 3.135550068691372871e-03
1.192551571875810623e-03 3.130079945549368858e-03
1.189118716865777969e-03 3.124627750366926193e-03
1.185700064525008202e-03 3.119196044281125069e-03
1.182295847684144974e-03 3.113784361630678177e-03
1.178905717097222805e-03 3.108391072601079941e-03
1.175530138425529003e-03 3.103019203990697861e-03
1.172168413177132607e-03 3.097665030509233475e-03
1.168820424936711788e-03 3.092329483479261398e-03
1.165486522950232029e-03 3.087014425545930862e-03
1.162166357971727848e-03 3.081717295572161674e-03
1.158860162831842899e-03 3.076437162235379219e-03
1.155567355453968048e-03 3.071176586672663689e-03
1.152288052253425121e-03 3.065933706238865852e-03
1.149023184552788734e-03 3.060709917917847633e-03
1.145770656876266003e-03 3.055503359064459801e-03
1.142531400546431541e-03 3.050315193831920624e-03
1.139305997639894485e-03 3.045141696929931641e-03
1.136093749664723873e-03 3.039989387616515160e-03
1.132894656620919704e-03 3.034852212294936180e-03
1.129708252847194672e-03 3.029733197763562202e-03
1.126535004004836082e-03 3.024631412699818611e-03
1.123375142924487591e-03 3.019544761627912521e-03
1.120227389037609100e-03 3.014476271346211433e-03
1.117092790082097054e-03 3.009422915056347847e-03
1.113970647566020489e-03 3.004387021064758301e-03
1.110860961489379406e-03 2.999368356540799141e-03
1.107764197513461113e-03 2.994364360347390175e-03
1.104679075069725513e-03 2.989375498145818710e-03
1.101607456803321838e-03 2.984405495226383209e-03
1.098547829315066338e-03 2.979449694976210594e-03
1.095499843358993530e-03 2.974508563056588173e-03
1.092464313842356205e-03 2.969584194943308830e-03
1.089441124349832535e-03 2.964675193652510643e-03
1.086429925635457039e-03 2.959781326353549957e-03
1.083430252037942410e-03 2.954902360215783119e-03
1.080442219972610474e-03 2.950038993731141090e-03
1.077466178685426712e-03 2.945190528407692909e-03
1.074502477422356606e-03 2.940356032922863960e-03
1.071549253538250923e-03 2.935539698228240013e-03
1.068608486093580723e-03 2.930733375251293182e-03
1.065678545273840427e-03 2.925942419096827507e-03
1.062760362401604652e-03 2.921169158071279526e-03
1.059853588230907917e-03 2.916408004239201546e-03
1.056957291439175606e-03 2.911661984398961067e-03
1.054073101840913296e-03 2.906929468736052513e-03
1.051199855282902718e-03 2.902210922911763191e-03
1.048337551765143871e-03 2.897507976740598679e-03
1.045485725626349449e-03 2.892817137762904167e-03
1.042645890265703201e-03 2.888140734285116196e-03
1.039815368130803108e-03 2.883478533476591110e-03
1.036997186020016670e-03 2.878831000998616219e-03
1.034188899211585522e-03 2.874195575714111328e-03
1.031391322612762451e-03 2.869572723284363747e-03
1.028604106977581978e-03 2.864965703338384628e-03
1.025827368721365929e-03 2.860371256247162819e-03
1.023061224259436131e-03 2.855790313333272934e-03
1.020305790007114410e-03 2.851222641766071320e-03
1.017560716718435287e-03 2.846666611731052399e-03
1.014824840240180492e-03 2.842126181349158287e-03
1.012099790386855602e-03 2.837598323822021484e-03
1.009384752251207829e-03 2.833083271980285645e-03
1.006680307909846306e-03 2.828581025823950768e-03
1.003985176794230938e-03 2.824092516675591469e-03
1.001300290226936340e-03 2.819614950567483902e-03
9.986248333007097244e-04 2.815152518451213837e-03
9.959590388461947441e-04 2.810701495036482811e-03
9.933033725246787071e-04 2.806264208629727364e-03
9.906576015055179596e-04 2.801838098093867302e-03
9.880211437121033669e-04 2.797425026074051857e-03
9.853946976363658905e-04 2.793025691062211990e-03
9.827772155404090881e-04 2.788639394566416740e-03
9.801691630855202675e-04 2.784262644127011299e-03
9.775701910257339478e-04 2.779900329187512398e-03
9.749805321916937828e-04 2.775550819933414459e-03
9.724008850753307343e-04 2.771214116364717484e-03
9.698301437310874462e-04 2.766888355836272240e-03
9.672683663666248322e-04 2.762574702501296997e-03
9.647159604355692863e-04 2.758274553343653679e-03
9.621726931072771549e-04 2.753986744210124016e-03
9.596383897587656975e-04 2.749710110947489738e-03
9.571124101057648659e-04 2.745445584878325462e-03
9.545957436785101891e-04 2.741192700341343880e-03
9.520876919850707054e-04 2.736953087151050568e-03
9.495887788943946362e-04 2.732724649831652641e-03
9.470983641222119331e-04 2.728509483858942986e-03
9.446163312532007694e-04 2.724305260926485062e-03
9.421434369869530201e-04 2.720113610848784447e-03
9.396790410391986370e-04 2.715933602303266525e-03
9.372226777486503124e-04 2.711765468120574951e-03
9.347753366455435753e-04 2.707609673961997032e-03
9.323364356532692909e-04 2.703465754166245461e-03
9.299056837335228920e-04 2.699332544580101967e-03
9.274829062633216381e-04 2.695210743695497513e-03
9.250688599422574043e-04 2.691101748496294022e-03
9.226631955243647099e-04 2.687004860490560532e-03
9.202655055560171604e-04 2.682917518541216850e-03
9.178757900372147560e-04 2.678843680769205093e-03
9.154940489679574966e-04 2.674779621884226799e-03
9.131206315942108631e-04 2.670729765668511391e-03
9.107551304623484612e-04 2.666689921170473099e-03
9.083978366106748581e-04 2.662659855559468269e-03
9.060481097549200058e-04 2.658644458279013634e-03
9.037067648023366928e-04 2.654639771208167076e-03
9.013729868456721306e-04 2.650646260008215904e-03
8.990465430542826653e-04 2.646662760525941849e-03
8.967281319200992584e-04 2.642691833898425102e-03
8.944177534431219101e-04 2.638732548803091049e-03
8.921148255467414856e-04 2.634782809764146805e-03
8.898191736079752445e-04 2.630846109241247177e-03
8.875315543264150620e-04 2.626920351758599281e-03
8.852516184560954571e-04 2.623005304485559464e-03
8.829784346744418144e-04 2.619102830067276955e-03
8.807131089270114899e-04 2.615209901705384254e-03
8.784555247984826565e-04 2.611327916383743286e-03
8.762048673816025257e-04 2.607458736747503281e-03
8.739616605453193188e-04 2.603597473353147507e-03
8.717258460819721222e-04 2.599750412628054619e-03
8.694974821992218494e-04 2.595912665128707886e-03
8.672762196511030197e-04 2.592086093500256538e-03
8.650617673993110657e-04 2.588272560387849808e-03
8.628545911051332951e-04 2.584468573331832886e-03
8.606549235992133617e-04 2.580674597993493080e-03
8.584619499742984772e-04 2.576892031356692314e-03
8.562758448533713818e-04 2.573121571913361549e-03
8.540976559743285179e-04 2.569359494373202324e-03
8.519258699379861355e-04 2.565609058365225792e-03
8.497605449520051479e-04 2.561869332566857338e-03
8.476026705466210842e-04 2.558141248300671577e-03
8.454516646452248096e-04 2.554424339905381203e-03
8.433072362095117569e-04 2.550716511905193329e-03
8.411697344854474068e-04 2.547020325437188148e-03
8.390388684347271919e-04 2.543333917856216431e-03
8.369149290956556797e-04 2.539657521992921829e-03
8.347976836375892162e-04 2.535993466153740883e-03
8.326870738528668880e-04 2.532339189201593399e-03
8.305832161568105221e-04 2.528694923967123032e-03
8.284859941340982914e-04 2.525061136111617088e-03
8.263946510851383209e-04 2.521438291296362877e-03
8.243105839937925339e-04 2.517826389521360397e-03
8.222328033298254013e-04 2.514224266633391380e-03
8.201616001315414906e-04 2.510632853955030441e-03
8.180969161912798882e-04 2.507052849978208542e-03
8.160384022630751133e-04 2.503481460735201836e-03
8.139860001392662525e-04 2.499920548871159554e-03
8.119404665194451809e-04 2.496370347216725349e-03
8.099010447040200233e-04 2.492828527465462685e-03
8.078680839389562607e-04 2.489299513399600983e-03
8.058412349782884121e-04 2.485780045390129089e-03
8.038209634833037853e-04 2.482270589098334312e-03
8.018064545467495918e-04 2.478771377354860306e-03
7.997979992069303989e-04 2.475281246006488800e-03
7.977963541634380817e-04 2.471802057698369026e-03
7.958004134707152843e-04 2.468332415446639061e-03
7.938106427900493145e-04 2.464874181896448135e-03
7.918273913674056530e-04 2.461425727233290672e-03
7.898493786342442036e-04 2.457984257489442825e-03
7.878782344050705433e-04 2.454556291922926903e-03
7.859122706577181816e-04 2.451138105243444443e-03
7.839528843760490417e-04 2.447728067636489868e-03
7.819993188604712486e-04 2.444328274577856064e-03
7.800516905263066292e-04 2.440938726067543030e-03
7.781097665429115295e-04 2.437559422105550766e-03
7.761740125715732574e-04 2.434190828353166580e-03
7.742439047433435917e-04 2.430830150842666626e-03
7.723195012658834457e-04 2.427480416372418404e-03
7.704010931774973869e-04 2.424139296635985374e-03
7.684883894398808479e-04 2.420810051262378693e-03
7.665817975066602230e-04 2.417488256469368935e-03
7.646803278475999832e-04 2.414177870377898216e-03
7.627853192389011383e-04 2.410876564681529999e-03
7.608954911120235920e-04 2.407584805041551590e-03
7.590113091282546520e-04 2.404300961643457413e-03
7.571331807412207127e-04 2.401028759777545929e-03
7.552608731202781200e-04 2.397766103968024254e-03
7.533933385275304317e-04 2.394511830061674118e-03
7.515322649851441383e-04 2.391269197687506676e-03
7.496760226786136627e-04 2.388034714385867119e-03
7.478256011381745338e-04 2.384809777140617371e-03
7.459811167791485786e-04 2.381593221798539162e-03
7.441415800713002682e-04 2.378388307988643646e-03
7.423080387525260448e-04 2.375191310420632362e-03
7.404793286696076393e-04 2.372004790231585503e-03
7.386564393527805805e-04 2.368826186284422874e-03
7.368390797637403011e-04 2.365657128393650055e-03
7.350269588641822338e-04 2.362499479204416275e-03
7.332206587307155132e-04 2.359349513426423073e-03
7.314193062484264374e-04 2.356209093704819679e-03
7.296230178326368332e-04 2.353077288717031479e-03
7.278327248059213161e-04 2.349955029785633087e-03
7.260476122610270977e-04 2.346844878047704697e-03
7.242674473673105240e-04 2.343739848583936691e-03
7.224931614473462105e-04 2.340647159144282341e-03
7.207238231785595417e-04 2.337562618777155876e-03
7.189595489762723446e-04 2.334487158805131912e-03
7.172012119553983212e-04 2.331419847905635834e-03
7.154477061703801155e-04 2.328362781554460526e-03
7.136994390748441219e-04 2.325313864275813103e-03
7.119562360458076000e-04 2.322275890037417412e-03
7.102185045368969440e-04 2.319245133548974991e-03
7.084857206791639328e-04 2.316225087270140648e-03
7.067580008879303932e-04 2.313214121386408806e-03
7.050358108244836330e-04 2.310211071744561195e-03
7.033186266198754311e-04 2.307216869667172432e-03
7.016061572358012199e-04 2.304232679307460785e-03
6.998992175795137882e-04 2.301256638020277023e-03
6.981973419897258282e-04 2.298289211466908455e-03
6.965006468817591667e-04 2.295332727953791618e-03
6.948086665943264961e-04 2.292382763698697090e-03
6.931219832040369511e-04 2.289443975314497948e-03
6.914403638802468777e-04 2.286512637510895729e-03
6.897635175846517086e-04 2.283590612933039665e-03
6.880922592245042324e-04 2.280676970258355141e-03
6.864254246465861797e-04 2.277772640809416771e-03
6.847640033811330795e-04 2.274878323078155518e-03
6.831074133515357971e-04 2.271990990266203880e-03
6.814554217271506786e-04 2.269113669171929359e-03
6.798088434152305126e-04 2.266243798658251762e-03
6.781670963391661644e-04 2.263383241370320320e-03
6.765301222912967205e-04 2.260531764477491379e-03
6.748979794792830944e-04 2.257687738165259361e-03
6.732713663950562477e-04 2.254853723570704460e-03
6.716490606777369976e-04 2.252028090879321098e-03
6.700319354422390461e-04 2.249212004244327545e-03
6.684197578579187393e-04 2.246403601020574570e-03
6.668119458481669426e-04 2.243604743853211403e-03
6.652098381891846657e-04 2.240813802927732468e-03
6.636119796894490719e-04 2.238030545413494110e-03
6.620188360102474689e-04 2.235257532447576523e-03
6.604312220588326454e-04 2.232493599876761436e-03
6.588479154743254185e-04 2.229736186563968658e-03
6.572695565409958363e-04 2.226987620815634727e-03
6.556957378052175045e-04 2.224249066784977913e-03
6.541270413435995579e-04 2.221517264842987061e-03
6.525628850795328617e-04 2.218795707449316978e-03
6.510036182589828968e-04 2.216081134974956512e-03
6.494493572972714901e-04 2.213374944403767586e-03
6.478992290794849396e-04 2.210677601397037506e-03
6.463543977588415146e-04 2.207989804446697235e-03
6.448142230510711670e-04 2.205309923738241196e-03
6.432787631638348103e-04 2.202637260779738426e-03
6.417479598894715309e-04 2.199972746893763542e-03
6.402215221896767616e-04 2.197319176048040390e-03
6.387002649717032909e-04 2.194672124460339546e-03
6.371835479512810707e-04 2.192033687606453896e-03
6.356714293360710144e-04 2.189403632655739784e-03
6.341641419567167759e-04 2.186781028285622597e-03
6.326612201519310474e-04 2.184167737141251564e-03
6.311630713753402233e-04 2.181563060730695724e-03
6.296699284575879574e-04 2.178965602070093155e-03
6.281811511144042015e-04 2.176376525312662125e-03
6.266966811381280422e-04 2.173795364797115326e-03
6.252169841900467873e-04 2.171223750337958336e-03
6.237425259314477444e-04 2.168657956644892693e-03
6.222718511708080769e-04 2.166102407500147820e-03
6.208058912307024002e-04 2.163554774597287178e-03
6.193452281877398491e-04 2.161013893783092499e-03
6.178883486427366734e-04 2.158483024686574936e-03
6.164364167489111423e-04 2.155958907678723335e-03
6.149891414679586887e-04 2.153443405404686928e-03
6.135457078926265240e-04 2.150935120880603790e-03
6.121078622527420521e-04 2.148435916751623154e-03
6.106735672801733017e-04 2.145945094525814056e-03
6.092444527894258499e-04 2.143461490049958229e-03
6.078195874579250813e-04 2.140986034646630287e-03
6.063993205316364765e-04 2.138518029823899269e-03
6.049831281416118145e-04 2.136057708412408829e-03
6.035717087797820568e-04 2.133606467396020889e-03
6.021650624461472034e-04 2.131162211298942566e-03
6.007623742334544659e-04 2.128726802766323090e-03
5.993648665025830269e-04 2.126298379153013229e-03
5.979709676466882229e-04 2.123878570273518562e-03
5.965817254036664963e-04 2.121465979143977165e-03
5.951971979811787605e-04 2.119062468409538269e-03
5.938169197179377079e-04 2.116665244102478027e-03
5.924407741986215115e-04 2.114276401698589325e-03
5.910695763304829597e-04 2.111895941197872162e-03
5.897022201679646969e-04 2.109522232785820961e-03
5.883398116566240788e-04 2.107157139107584953e-03
5.869811866432428360e-04 2.104799496009945869e-03
5.856271600350737572e-04 2.102449070662260056e-03
5.842777900397777557e-04 2.100106095895171165e-03
5.829325527884066105e-04 2.097771735861897469e-03
5.815917393192648888e-04 2.095443895086646080e-03
5.802549421787261963e-04 2.093125833198428154e-03
5.789228598587214947e-04 2.090814057737588882e-03
5.775944446213543415e-04 2.088509267196059227e-03
5.762706277891993523e-04 2.086212625727057457e-03
5.749513511545956135e-04 2.083922969177365303e-03
5.736359744332730770e-04 2.081642625853419304e-03
5.723251379095017910e-04 2.079368336126208305e-03
5.710184341296553612e-04 2.077101729810237885e-03
5.697162705473601818e-04 2.074844436720013618e-03
5.684179486706852913e-04 2.072592033073306084e-03
5.671239923685789108e-04 2.070348942652344704e-03
5.658344016410410404e-04 2.068112837150692940e-03
5.645490600727498531e-04 2.065883018076419830e-03
5.632674437947571278e-04 2.063662279397249222e-03
5.619902512989938259e-04 2.061447827145457268e-03
5.607171333394944668e-04 2.059241058304905891e-03
5.594485555775463581e-04 2.057041507214307785e-03
5.581837031058967113e-04 2.054850570857524872e-03
5.569233326241374016e-04 2.052665455266833305e-03
5.556666292250156403e-04 2.050489187240600586e-03
5.544142914004623890e-04 2.048318739980459213e-03
5.531663191504776478e-04 2.046156208962202072e-03
5.519221303984522820e-04 2.044000895693898201e-03
5.506824236363172531e-04 2.041851868852972984e-03
5.494462093338370323e-04 2.039712620899081230e-03
5.482145352289080620e-04 2.037579193711280823e-03
5.469866446219384670e-04 2.035452518612146378e-03
5.457631195895373821e-04 2.033333526924252510e-03
5.445434362627565861e-04 2.031221520155668259e-03
5.433275946415960789e-04 2.029116498306393623e-03
5.421156529337167740e-04 2.027019392699003220e-03
5.409081350080668926e-04 2.024929039180278778e-03
5.397046334110200405e-04 2.022846136242151260e-03
5.385051481425762177e-04 2.020768821239471436e-03
5.373093299567699432e-04 2.018700353801250458e-03
5.361174698919057846e-04 2.016638871282339096e-03
5.349299171939492226e-04 2.014584373682737350e-03
5.337460897862911224e-04 2.012535929679870605e-03
5.325658130459487438e-04 2.010493539273738861e-03
5.313900765031576157e-04 2.008460229262709618e-03
5.302180070430040359e-04 2.006432041525840759e-03
5.290496628731489182e-04 2.004412468522787094e-03
5.278855096548795700e-04 2.002400113269686699e-03
5.267247906886041164e-04 2.000394510105252266e-03
5.255686701275408268e-04 1.998394494876265526e-03
5.244160420261323452e-04 1.996401231735944748e-03
5.232669063843786716e-04 1.994416816160082817e-03
5.221217870712280273e-04 1.992438454180955887e-03
5.209808587096631527e-04 1.990466145798563957e-03
5.198433063924312592e-04 1.988501055166125298e-03
5.187097704038023949e-04 1.986543182283639908e-03
5.175803089514374733e-04 1.984592294320464134e-03
5.164543981663882732e-04 1.982647459954023361e-03
5.153319216333329678e-04 1.980708679184317589e-03
5.142133450135588646e-04 1.978778047487139702e-03
5.130989593453705311e-04 1.976852305233478546e-03
5.119876586832106113e-04 1.974936341866850853e-03
5.108804325573146343e-04 1.973024336621165276e-03
5.097770481370389462e-04 1.971119781956076622e-03
