2.590499460697174294e-01 2.571664750576019287e-01
2.047372981905937195e-01 2.044456243515014593e-01
1.643949061632156428e-01 1.631150126457214244e-01
1.332796886563301086e-01 1.313746422529220581e-01
1.094778671860694857e-01 1.073081046342849731e-01
9.146655127406119745e-02 8.920275270938873846e-02
7.809496223926544467e-02 7.546556442975997647e-02
6.849471554160117825e-02 6.487911343574523371e-02
5.951513871550560136e-02 5.711093842983246127e-02
5.322625078260898729e-02 5.122595205903053561e-02
4.826162606477737288e-02 4.673256874084472795e-02
4.439237713813781738e-02 4.338020756840706149e-02
4.135155081748962541e-02 4.075366184115410129e-02
3.881736770272255221e-02 3.872897997498512407e-02
3.711703419685363770e-02 3.693282529711723605e-02
3.547327443957328658e-02 3.556855171918869157e-02
3.409976102411747118e-02 3.436836898326874057e-02
3.289482668042183200e-02 3.344252631068229953e-02
3.193064369261264940e-02 3.265189006924629211e-02
3.108082786202430794e-02 3.198369443416595320e-02
3.040286637842655112e-02 3.145472779870032987e-02
2.979732193052768777e-02 3.094567880034446855e-02
2.921198643743991991e-02 3.053135573863983293e-02
2.873459197580814292e-02 3.016758337616920471e-02
2.827915810048580239e-02 2.985536381602287362e-02
2.787446677684784005e-02 2.950970157980918954e-02
2.748577482998371124e-02 2.929510921239852905e-02
2.712042108178138594e-02 2.905769273638725281e-02
2.682123742997646193e-02 2.882546037435531477e-02
2.652185149490833213e-02 2.861957326531410287e-02
2.622458450496196677e-02 2.842715531587600847e-02
2.596076875925064018e-02 2.824839949607849121e-02
2.573770992457866807e-02 2.805581390857696603e-02
2.548366524279117515e-02 2.793237864971160819e-02
2.529189623892307351e-02 2.780547067523002694e-02
2.504880540072917938e-02 2.770925089716911455e-02
2.486921660602092743e-02 2.756792530417442183e-02
2.468334175646304945e-02 2.736415788531303475e-02
2.447679191827773978e-02 2.730950787663459847e-02
2.432382591068744590e-02 2.723369821906089852e-02
2.413618117570877006e-02 2.712316960096359392e-02
2.397239282727241586e-02 2.706447914242744376e-02
2.382417842745781014e-02 2.702495902776718209e-02
2.367947585880756517e-02 2.692185714840888977e-02
2.356530316174030443e-02 2.685670927166938782e-02
2.337954007089138031e-02 2.676829248666763236e-02
2.327192462980747292e-02 2.664401233196258406e-02
2.313244380056857924e-02 2.657324150204658578e-02
2.302524000406265189e-02 2.658639401197433402e-02
2.290980182588100295e-02 2.652886360883712630e-02
2.277553416788578172e-02 2.649911902844905714e-02
2.267807424068450997e-02 2.637216113507747511e-02
2.256332337856292725e-02 2.630324363708496163e-02
2.246739566326141219e-02 2.631912976503372054e-02
2.237437348812818666e-02 2.624156102538108964e-02
2.228990979492664198e-02 2.619119025766849379e-02
2.218085378408431868e-02 2.621875070035457542e-02
2.208276018500327995e-02 2.619301341474056244e-02
2.200812045484781126e-02 2.612654045224189689e-02
2.192706279456615309e-02 2.612891197204589983e-02
2.184031605720520089e-02 2.606947086751460960e-02
2.176083475351333479e-02 2.608808800578117301e-02
2.169783040881156921e-02 2.602869682013988356e-02
2.161636948585510254e-02 2.601302415132522583e-02
2.154046222567558219e-02 2.596482038497924943e-02
2.148928865790367126e-02 2.590267844498157432e-02
2.141646221280097892e-02 2.595722079277038713e-02
2.136027738451957633e-02 2.598004490137100289e-02
2.129156328737735748e-02 2.595659531652927399e-02
2.127351928502321105e-02 2.584423758089542458e-02
2.119271028786897521e-02 2.585189417004585266e-02
2.115533687174320221e-02 2.590524442493915419e-02
2.109023109078407218e-02 2.579186297953128815e-02
2.103082519024610658e-02 2.578452713787555625e-02
2.099434547126293252e-02 2.579481825232505729e-02
2.094055153429508209e-02 2.584116086363792350e-02
2.089127972722053597e-02 2.579236738383770128e-02
2.085176724940538545e-02 2.578082457184791704e-02
2.081286348402500153e-02 2.582719549536705017e-02
2.079226244240999291e-02 2.581083364784717699e-02
2.073634974658489227e-02 2.574088573455810686e-02
2.070786394178867479e-02 2.569988220930099349e-02
2.066564913839101861e-02 2.565966881811618944e-02
2.062088213860988756e-02 2.566910907626152039e-02
2.058901824057102203e-02 2.571967095136642317e-02
2.055350020527839730e-02 2.570708766579627921e-02
2.054167613387107919e-02 2.565124891698360513e-02
2.048251498490571976e-02 2.561480924487113953e-02
2.047091498970985551e-02 2.563224434852600167e-02
2.044039554893970628e-02 2.560981623828411172e-02
2.039146907627582481e-02 2.561686635017395089e-02
2.037984840571880479e-02 2.566919550299644540e-02
2.034705635160207610e-02 2.558010742068290641e-02
2.032062187790870805e-02 2.553958036005497118e-02
2.029583062976598670e-02 2.565505802631378243e-02
2.027281187474727631e-02 2.562901154160499712e-02
2.024812959134578844e-02 2.547889463603496621e-02
2.025228533893823693e-02 2.542864084243774345e-02
2.019650153815746169e-02 2.551254741847515037e-02
2.020794078707694938e-02 2.563785091042518685e-02
2.015430796891450743e-02 2.556592449545860152e-02
2.011100258678197999e-02 2.550796195864677568e-02
2.010136432945728441e-02 2.545043565332889487e-02
2.007248066365718842e-02 2.545117288827896188e-02
2.007046956568956514e-02 2.539057880640029768e-02
2.004569023847579956e-02 2.536095902323722701e-02
1.999280862510204385e-02 2.543630041182041307e-02
2.001016214489936829e-02 2.560699097812175681e-02
1.996976416558027267e-02 2.551525793969631334e-02
1.995075009763240884e-02 2.531368732452392648e-02
1.991411317139863899e-02 2.526227869093418052e-02
1.992267426103353639e-02 2.526780590415000916e-02
1.988590881228446960e-02 2.527739293873310089e-02
1.986015010625124047e-02 2.531027048826217651e-02
1.983572728931903839e-02 2.537395320832729409e-02
1.982024610042571952e-02 2.539101727306842735e-02
1.979750581085681915e-02 2.532126680016517570e-02
1.977191865444183350e-02 2.516890205442905495e-02
1.976939756423234940e-02 2.518729306757450104e-02
1.974732019007206102e-02 2.510885111987590929e-02
1.974217686802148819e-02 2.511893920600414415e-02
1.973004154860973428e-02 2.533634603023528914e-02
1.968992725014686446e-02 2.531637586653232713e-02
1.967224217951297691e-02 2.518034018576145033e-02
1.965834759175777435e-02 2.510261759161949019e-02
1.963851638138294081e-02 2.506685703992843697e-02
1.962006799876690050e-02 2.509708069264888694e-02
1.957705896347761154e-02 2.514474354684352944e-02
1.957573182880878448e-02 2.508916482329368730e-02
1.955830305814743042e-02 2.505856081843376229e-02
1.953419111669063568e-02 2.510975711047649245e-02
1.951493937522173067e-02 2.502929717302322318e-02
1.948489472270011763e-02 2.505351640284061293e-02
1.946237869560718536e-02 2.492020130157470564e-02
1.946224234998226305e-02 2.490222081542015076e-02
1.942528784275054932e-02 2.503534443676471571e-02
1.942573562264442513e-02 2.491324655711650918e-02
1.940687652677297592e-02 2.486748993396759033e-02
1.941873859614133904e-02 2.504135668277740479e-02
1.935955062508582999e-02 2.494182661175727705e-02
1.932693459093570709e-02 2.488563433289527754e-02
1.932652518153190474e-02 2.492647469043731551e-02
1.929733566939830641e-02 2.476419880986213684e-02
1.935947332531213691e-02 2.471321113407611708e-02
1.925076805055141518e-02 2.477633468806743691e-02
1.928731966763734887e-02 2.486748173832893302e-02
1.923798322677612235e-02 2.481528073549270699e-02
1.922603491693735192e-02 2.487490773200988839e-02
1.923378556966781616e-02 2.473098039627075195e-02
1.917883306741714408e-02 2.457052990794181963e-02
1.916013117879629066e-02 2.460790127515792916e-02
1.914505939930677414e-02 2.471486143767833571e-02
1.911906283348798613e-02 2.471775822341442178e-02
1.908826120197772841e-02 2.471942864358425002e-02
1.911179423332214425e-02 2.464703135192394118e-02
1.908596195280552049e-02 2.475263960659503798e-02
1.907420083880424430e-02 2.459832541644573281e-02
1.901493240147828986e-02 2.461772263050079207e-02
1.903487183153629303e-02 2.455292381346225669e-02
1.901021897792816093e-02 2.444661073386669020e-02
1.897230055183172365e-02 2.449763007462024689e-02
1.896816361695528169e-02 2.461954578757286072e-02
1.895701177418231825e-02 2.458549849689006805e-02
1.898794621229171753e-02 2.448745332658290932e-02
1.886804010719060967e-02 2.439072728157043457e-02
1.888165734708309104e-02 2.434091269969940186e-02
1.883130222558975289e-02 2.447755299508571486e-02
1.883256062865257263e-02 2.463263347744941781e-02
1.882553920149803231e-02 2.448365613818168779e-02
1.876934543251991203e-02 2.437431439757347176e-02
1.873859576880931854e-02 2.438429407775401930e-02
1.875795330852270126e-02 2.425870746374130318e-02
1.870457213371991972e-02 2.421213462948799272e-02
1.871668919920921326e-02 2.433510720729827742e-02
1.865070126950740814e-02 2.449165955185890128e-02
1.879909969866275926e-02 2.424965947866439958e-02
1.870003156363964081e-02 2.429976873099803925e-02
1.861951891332864692e-02 2.408418059349060059e-02
1.870897691696882248e-02 2.407976463437080245e-02
1.865313556045293877e-02 2.427046187222003937e-02
1.852033305913209846e-02 2.423679642379283905e-02
1.849733516573905806e-02 2.409812361001968314e-02
1.844612136483192444e-02 2.399899140000343392e-02
1.844191495329141478e-02 2.414024695754051278e-02
1.841551344841718674e-02 2.420734539628028800e-02
1.834774054586887221e-02 2.409590817987918715e-02
1.826947815716266701e-02 2.409944012761116097e-02
1.827021315693855286e-02 2.408481799066066603e-02
1.821834556758403917e-02 2.402311526238918443e-02
1.827387120574712823e-02 2.404199056327343056e-02
1.833730060607195039e-02 2.407139874994754930e-02
1.811172310262918611e-02 2.389629222452640395e-02
1.821063160896301339e-02 2.415279597043991019e-02
1.800672952085733552e-02 2.396726794540882111e-02
1.810903996229171892e-02 2.413817420601844718e-02
1.791444197297096391e-02 2.413553930819034576e-02
1.791092827916145394e-02 2.381418980658054491e-02
1.784465294331312110e-02 2.380228489637374947e-02
1.780408155173063278e-02 2.378959767520427704e-02
1.760885473340749810e-02 2.373089641332626343e-02
1.756524387747049332e-02 2.394706569612026215e-02
1.750078592449426720e-02 2.377396188676357200e-02
1.729507911950349877e-02 2.373409494757652144e-02
1.720705963671207567e-02 2.371785230934619904e-02
1.724296826869249274e-02 2.380846850574016432e-02
1.688454020768404007e-02 2.370655089616775443e-02
1.669048592448234627e-02 2.376166060566902230e-02
1.637611445039510727e-02 2.363685816526412894e-02
1.589660961180925508e-02 2.336550652980804582e-02
1.534719169139862026e-02 2.365036942064762185e-02
1.631367281079292367e-02 2.345704920589923928e-02
1.560941208153963054e-02 2.316334918141365121e-02
1.623984687030315469e-02 2.263011187314987321e-02
1.507646944373846123e-02 2.263407222926616669e-02
1.473237723112106289e-02 2.421227023005485465e-02
1.484952569007873605e-02 2.171345986425876617e-02
1.451895907521247829e-02 2.158475443720817705e-02
1.439600363373756339e-02 2.137118428945541243e-02
1.414542049169540371e-02 2.158150263130664825e-02
1.454051136970519950e-02 2.124519571661949088e-02
1.401646006852388417e-02 2.119048833847046037e-02
1.439438620582222939e-02 2.096824161708354950e-02
1.440981347113847767e-02 2.028915174305439065e-02
1.372407581657171180e-02 1.905919946730137010e-02
1.287398058921098744e-02 1.833926215767860482e-02
1.401474680751562188e-02 2.076242677867412567e-02
1.513977479189634358e-02 1.970025822520255973e-02
1.503424327820539544e-02 1.927761659026145866e-02
1.417968012392520870e-02 1.819839999079704215e-02
1.301601547747850349e-02 1.893917471170425415e-02
1.260468754917383125e-02 1.774598248302936693e-02
1.262660827487707173e-02 1.828435324132442544e-02
1.302531864494085347e-02 1.802974306046962669e-02
1.238005030900240014e-02 1.769282408058643272e-02
1.224488047882914613e-02 1.838943213224410872e-02
1.223929319530725479e-02 1.858314611017703941e-02
1.409827014431357453e-02 2.013679407536983490e-02
1.583054512739181380e-02 2.072699777781963210e-02
1.634859163314104219e-02 2.067528627812862535e-02
1.650221776217222075e-02 2.084897384047508170e-02
1.632914729416370253e-02 2.061820551753044267e-02
1.622034832835197310e-02 2.129237540066242218e-02
1.593932844698429246e-02 2.067541889846324921e-02
1.567777544260024955e-02 2.065932676196098258e-02
1.580537818372249742e-02 2.071018368005752425e-02
1.502645425498485600e-02 2.055830396711826394e-02
1.458953432738780906e-02 2.026577927172184060e-02
1.460237018764018978e-02 2.036459520459175249e-02
1.460630763322114979e-02 2.212993279099464278e-02
1.482544708997011150e-02 2.004742994904518127e-02
1.444122083485126565e-02 2.122410982847213606e-02
1.416318006813526223e-02 1.987871192395686964e-02
1.370184328407049110e-02 1.934552751481533051e-02
1.306999940425157547e-02 1.886530369520187517e-02
1.237422814592719147e-02 1.870236024260520796e-02
1.220759507268667256e-02 1.812533400952815940e-02
1.204354465007781948e-02 2.029124237596988817e-02
2.049363087862730165e-02 3.170392177999019345e-02
1.873093210160732200e-02 2.003188170492649009e-02
1.701860688626766205e-02 2.226444035768508981e-02
1.787003148347139289e-02 2.141222134232521196e-02
1.614712849259376456e-02 2.044438123703002860e-02
1.521725039929151466e-02 2.108130715787410667e-02
1.519137602299451897e-02 2.118089795112609863e-02
1.452170684933662415e-02 2.114163935184478621e-02
1.465380918234586785e-02 2.033610530197620461e-02
1.411867514252662659e-02 2.114036828279495378e-02
1.596026495099067688e-02 2.382840327918529441e-02
1.571128778159618447e-02 2.151359841227531294e-02
1.498935427516698803e-02 2.116864174604415894e-02
1.489264555275440251e-02 1.963705569505691528e-02
1.409156564623117482e-02 1.932582929730415275e-02
1.380536053329706192e-02 1.963763535022735457e-02
1.341107208281755447e-02 1.917756348848342896e-02
1.300581311807036400e-02 1.925266459584236076e-02
1.259234398603439366e-02 1.895431540906429221e-02
1.225512782111764024e-02 1.868700757622718950e-02
1.174585074186325004e-02 1.839782409369945457e-02
1.157046034932136466e-02 1.814097017049789290e-02
1.162036135792732239e-02 1.820188388228416443e-02
1.147462306544184615e-02 1.778039969503879617e-02
1.118975179269909859e-02 1.717097610235214164e-02
1.110141174867749179e-02 1.707974858582019667e-02
1.094301566481590236e-02 1.660895720124244690e-02
1.098077585920691560e-02 1.623565182089805464e-02
1.086139380931854317e-02 1.662612035870552132e-02
1.085399249568581512e-02 1.669273599982261727e-02
1.070484220981597970e-02 1.584402061998844286e-02
1.069493032991886139e-02 1.616551280021667411e-02
1.069667981937527657e-02 1.668904833495616843e-02
1.038065925240516663e-02 1.595489531755447249e-02
1.044573299586772953e-02 1.630161777138710091e-02
1.030658120289444993e-02 1.698809973895549705e-02
1.073532421141862835e-02 1.545668691396713187e-02
1.076815584674477647e-02 1.611038669943809509e-02
1.033468404784798622e-02 1.747239790856838088e-02
1.020479332655668293e-02 1.548709869384765590e-02
1.045414097607135807e-02 1.515699289739131858e-02
1.038480168208479916e-02 1.572247445583343367e-02
1.029894743114709819e-02 1.508340686559677193e-02
1.026611644774675335e-02 1.495631746947765316e-02
1.011693626642227138e-02 1.582788750529289315e-02
1.011836510151624749e-02 1.598566882312297752e-02
1.019251793622970650e-02 1.495499312877654995e-02
1.009764149785041809e-02 1.654272340238094330e-02
9.854590706527232430e-03 1.581063196063041756e-02
9.575647860765456806e-03 1.619993112981319566e-02
9.641954582184553493e-03 1.524241529405117104e-02
9.402093570679425846e-03 1.687530502676963876e-02
9.536985866725444447e-03 1.492357999086380005e-02
9.615951310843228947e-03 1.555534228682517971e-02
9.526704903692007065e-03 1.664818488061427931e-02
9.727052412927150726e-03 1.475813053548336029e-02
9.378146100789307854e-03 1.623965390026569505e-02
9.097433928400278785e-03 1.515848785638809239e-02
9.235652349889277718e-03 1.532613933086395333e-02
9.112003073096276023e-03 1.617659591138363023e-02
1.144309658557176625e-02 1.527227833867073059e-02
1.106956833973526955e-02 1.413412857800722122e-02
9.397019632160663605e-03 1.421055663377046585e-02
9.601375274360179207e-03 1.393808610737323761e-02
9.485878702253102562e-03 1.487818621098995278e-02
9.452785365283489227e-03 1.449228674173355137e-02
9.115727804601191780e-03 1.608618982136249612e-02
8.991249743849039425e-03 1.449711062014102936e-02
9.219685848802328804e-03 1.442457791417837108e-02
1.070128995925188030e-02 1.365862786769866943e-02
1.083336379379034112e-02 1.627609170973300795e-02
1.138589987531304394e-02 1.471205130219459603e-02
1.051969267427921295e-02 1.351936571300029789e-02
9.716375265270471573e-03 1.377789676189422607e-02
9.394922666251659740e-03 1.376302856951952015e-02
9.207223542034626007e-03 1.417693141847848823e-02
9.095364529639483192e-03 1.399491652846336295e-02
9.005679190158844341e-03 1.426576413214206661e-02
9.184926841408013951e-03 1.500590220093727181e-02
9.277084004133939396e-03 1.327391266822814872e-02
9.211295098066330650e-03 1.428433991968631675e-02
9.051408711820840489e-03 1.312847230583429406e-02
9.800643660128116608e-03 1.464573219418525626e-02
9.953069500625133514e-03 1.580370888113975456e-02
9.734584018588066101e-03 1.530786063522100379e-02
9.396032057702541004e-03 1.344233378767967224e-02
9.452051855623722423e-03 1.597082316875457833e-02
9.854788519442081104e-03 1.580490246415138314e-02
9.382346644997596741e-03 1.540486440062522819e-02
9.151405096054077495e-03 1.492900252342224156e-02
8.627374283969401966e-03 1.466248650103807449e-02
8.643574081361293793e-03 1.442967671900987660e-02
8.755894843488931656e-03 1.351073328405618702e-02
8.521473128348588597e-03 1.515689902007579838e-02
8.240643329918384899e-03 1.440654359757900273e-02
7.972855120897293091e-03 1.485274471342563560e-02
8.033240865916013024e-03 1.393068581819534302e-02
7.931938394904136658e-03 1.463879197835922172e-02
8.038903027772903789e-03 1.400848254561424221e-02
8.432862441986798893e-03 1.408919356763362919e-02
9.803164284676313400e-03 1.660251393914222856e-02
9.390200674533843300e-03 1.325789764523506095e-02
8.676282502710819591e-03 1.564442701637745042e-02
8.474759850651025425e-03 1.420380510389804805e-02
8.151620253920554768e-03 1.413821801543235779e-02
8.072092011570931175e-03 1.374821309000253712e-02
7.907958654686807892e-03 1.382086016237735714e-02
7.862765900790691029e-03 1.431271992623806000e-02
7.891803700476884148e-03 1.370541937649250031e-02
7.961739972233771584e-03 1.522698737680911948e-02
7.947551924735308040e-03 1.328776273876428569e-02
7.891751360148191452e-03 1.457409299910068443e-02
7.822902593761681816e-03 1.389284618198871613e-02
8.144149836152792671e-03 1.337430104613304173e-02
8.604931458830834129e-03 1.423330549150705372e-02
8.571323566138744007e-03 1.274065095931291650e-02
8.428200706839561115e-03 1.401183884590864216e-02
7.839606516063213695e-03 1.339142359793186153e-02
8.227391913533211448e-03 1.360687948763370479e-02
7.527356501668691635e-03 1.393781322985887527e-02
7.527234405279159893e-03 1.320563517510891030e-02
7.708155643194913517e-03 1.457952838391065632e-02
7.496649399399757385e-03 1.357356831431388855e-02
7.485935278236865824e-03 1.314454060047864914e-02
7.574001513421535665e-03 1.327329501509666443e-02
7.568449433892965490e-03 1.448447797447443078e-02
7.687169406563043421e-03 1.272561512887477805e-02
7.993229199200868607e-03 1.624469459056854248e-02
8.818666730076075294e-03 1.878869272768497398e-02
1.238494720309972832e-02 1.691411435604095459e-02
1.377445887774229015e-02 1.700768731534480979e-02
1.258524991571903159e-02 1.557711735367774998e-02
1.142898323014378617e-02 1.421708874404430459e-02
1.137704011052846978e-02 1.534200571477413108e-02
1.077246936038136517e-02 1.503019221127033234e-02
1.041434956714510848e-02 1.349284350872039830e-02
1.027969541028142010e-02 1.344218589365482261e-02
1.020817207172513078e-02 1.459836550056934322e-02
1.000194102525711094e-02 1.673345081508159637e-02
9.184908308088778756e-03 1.457300968468189240e-02
8.946808986365795135e-03 1.621712259948253701e-02
8.373545855283737530e-03 1.491494905203580822e-02
8.551330212503671993e-03 1.536054015159606968e-02
9.000541642308235168e-03 1.324409693479538033e-02
9.345810301601887096e-03 1.385089829564094613e-02
1.038915030658245017e-02 1.460399348288774456e-02
9.813407436013221741e-03 1.483899932354688575e-02
9.270451404154301037e-03 1.491193175315857003e-02
9.143669530749321331e-03 1.438506767153739999e-02
8.872258244082331657e-03 1.402223985642194783e-02
8.640300109982490193e-03 1.389285624027252267e-02
8.650696929544210087e-03 1.388650964945554664e-02
8.393619675189256668e-03 1.360859870910644497e-02
8.136558998376130364e-03 1.432295907288789680e-02
8.609442319720984199e-03 1.378560289740562474e-02
8.442888827994465481e-03 1.468554213643074105e-02
8.206410706043243755e-03 1.390409134328365361e-02
8.246241975575685848e-03 1.446351055055856635e-02
7.886125054210425117e-03 1.418978292495012318e-02
7.781820464879274021e-03 1.393270809203386341e-02
7.894584583118558277e-03 1.395774893462657998e-02
7.902309112250805595e-03 1.396801229566335678e-02
7.784010097384452993e-03 1.346730850636959111e-02
7.587320171296596527e-03 1.388043165206909180e-02
7.480545248836278742e-03 1.407097708433866466e-02
7.520763017237186258e-03 1.377595756202936242e-02
7.381092570722102945e-03 1.378755979239940609e-02
7.364439032971859152e-03 1.484439745545387303e-02
8.392956480383873333e-03 1.466989163309335639e-02
8.415725920349359859e-03 1.440767142921686207e-02
8.454253990203141819e-03 1.378541532903909683e-02
8.157569263130427101e-03 1.394772808998823166e-02
7.771849259734153401e-03 1.370853297412395408e-02
7.550753047689795147e-03 1.385614089667797089e-02
7.291344925761222839e-03 1.336507331579923560e-02
7.283994928002357483e-03 1.377183236181736027e-02
7.354669272899627686e-03 1.316665820777416195e-02
7.125817891210317785e-03 1.452180594205856358e-02
7.137968763709067951e-03 1.289233136922121083e-02
7.217334676533937107e-03 1.331230830401182105e-02
7.218678202480077917e-03 1.368134133517742192e-02
7.376938126981258392e-03 1.232674978673458169e-02
7.344767823815346111e-03 1.428656410425901448e-02
7.525804359465837826e-03 1.242397557944059303e-02
7.102821767330169504e-03 1.352744400501251255e-02
7.279301760718226433e-03 1.212058831006288494e-02
7.692095637321471994e-03 1.240455657243728568e-02
7.426268327981233944e-03 1.418271679431199958e-02
7.384828431531787266e-03 1.243138425052165916e-02
7.272522710263728922e-03 1.365276351571082999e-02
7.021034322679042990e-03 1.266207490116357838e-02
7.228690478950738733e-03 1.314155738800764153e-02
6.886921869590878313e-03 1.227603480219841003e-02
6.844884622842073787e-03 1.288448274135589600e-02
7.209353055804968227e-03 1.323527600616216694e-02
7.291903067380189722e-03 1.199904065579176018e-02
7.623028382658958782e-03 1.440877541899681161e-02
7.645658869296312506e-03 1.210130229592323338e-02
6.941220816224813114e-03 1.327040083706378971e-02
6.867517158389091839e-03 1.242186576128006051e-02
6.908415164798497980e-03 1.429413873702287639e-02
7.281163893640041525e-03 1.156885717064142297e-02
7.803440466523170818e-03 1.473690625280141796e-02
7.963034044951199791e-03 1.203049514442682336e-02
7.711276039481162678e-03 1.431958246976137127e-02
8.015595842152833939e-03 1.159941703081130912e-02
8.051792625337839127e-03 1.215962097048759426e-02
7.707641506567597216e-03 1.331189908087253640e-02
7.497229985892773022e-03 1.468536499887704815e-02
7.738058082759379994e-03 1.298624388873577049e-02
7.435639761388302196e-03 1.332936529070138931e-02
7.074100244790315455e-03 1.298226397484541009e-02
7.074862252920866013e-03 1.269906461238861153e-02
7.129818294197320591e-03 1.208959724754095008e-02
6.911688903346657926e-03 1.218653712421655620e-02
7.000533910468220537e-03 1.364643070846796070e-02
7.292941492050885981e-03 1.184092722833156655e-02
7.232553604990243738e-03 1.327606942504644394e-02
6.944497535005212004e-03 1.262010782957076992e-02
7.130495551973581141e-03 1.248870417475700378e-02
7.052259426563978542e-03 1.342810597270727158e-02
7.366416417062282909e-03 1.159107703715562751e-02
6.980133894830942327e-03 1.362262684851884773e-02
7.712829252704977642e-03 1.219958793371915887e-02
6.828936096280813044e-03 1.252088770270347665e-02
6.730962311848998070e-03 1.201732698827981914e-02
6.735487887635826891e-03 1.256484519690275262e-02
6.658748909831047232e-03 1.213976126164197956e-02
6.637738272547722036e-03 1.264796517789363792e-02
6.949653010815381657e-03 1.176342759281396796e-02
6.582576595246791666e-03 1.274968497455120087e-02
6.712200306355953390e-03 1.256937161087989807e-02
6.613991595804691662e-03 1.154121048748493229e-02
6.629087403416633953e-03 1.256586033850908349e-02
6.839004717767238964e-03 1.334324404597282340e-02
6.976971961557864796e-03 1.112119425088167225e-02
7.626920146867633213e-03 1.465127766132354702e-02
7.342964131385088140e-03 1.143141407519578968e-02
7.334603648632764990e-03 1.322050690650939872e-02
6.977845076471566807e-03 1.301576215773820808e-02
6.773610692471265446e-03 1.332300286740064656e-02
6.802813895046710795e-03 1.214833632111549447e-02
6.787868123501539577e-03 1.271275188773870503e-02
7.406086940318345850e-03 1.235986594110727310e-02
7.675096858292818069e-03 1.195048764348030125e-02
7.550918776541948145e-03 1.160669568926095928e-02
7.082416489720344370e-03 1.434869635850191151e-02
7.881943788379430077e-03 1.185839492827653850e-02
7.384182140231132681e-03 1.303179319947958027e-02
7.184226578101515596e-03 1.208034027367830242e-02
6.995931267738342285e-03 1.336669940501451423e-02
6.723861768841743122e-03 1.268851887434721028e-02
6.708827055990696127e-03 1.320920120924711297e-02
7.394766574725509037e-03 1.262519862502813409e-02
6.868986599147319967e-03 1.082184072583913803e-02
6.904926337301731283e-03 1.151256300508976017e-02
6.957138655707240105e-03 1.215849202126264607e-02
6.584585178643465042e-03 1.112050786614418064e-02
6.708921864628791809e-03 1.135496981441974640e-02
6.625874061137437473e-03 1.169000957161188056e-02
6.844107154756784092e-03 1.149744875729083980e-02
6.822381541132927288e-03 1.149264592677354778e-02
7.238142006099223917e-03 1.386786680668592418e-02
7.249617623165250171e-03 1.132960114628076519e-02
6.804666714742779732e-03 1.377661339938640594e-02
7.320266356691718448e-03 1.286823954433202744e-02
7.292101066559553493e-03 1.131759900599718129e-02
7.497237436473369945e-03 1.109645646065473591e-02
7.054805662482977260e-03 1.186211872845888138e-02
6.673433259129524578e-03 1.277430802583694527e-02
6.573265232145786112e-03 1.210210956633090904e-02
6.500635948032140905e-03 1.129705943167209556e-02
6.569986231625080109e-03 1.216549705713987350e-02
6.487637665122747768e-03 1.229197755455970799e-02
6.807317538186907595e-03 1.099940016865730286e-02
7.165990024805069143e-03 1.300168428570032050e-02
6.869470793753862034e-03 1.123721674084663356e-02
6.456365995109081442e-03 1.386419702321290900e-02
6.819804012775420969e-03 1.172331552952527930e-02
6.856014765799045389e-03 1.080457493662834167e-02
6.897261086851358587e-03 1.191026326268911431e-02
6.652553239837289203e-03 1.105337888002395560e-02
6.449866713955998768e-03 1.178315002471208572e-02
6.473001092672348022e-03 1.246752645820379223e-02
6.727383565157651554e-03 1.053171735256910359e-02
6.984959542751312429e-03 1.310825962573289837e-02
6.909577921032905405e-03 1.158293634653091361e-02
7.175364717841148550e-03 1.371863465756177972e-02
6.826973613351583134e-03 1.204488631337881019e-02
6.498620845377445221e-03 1.188697852194309235e-02
6.902270019054412842e-03 1.158884949982166325e-02
7.315215095877647747e-03 1.180504113435745274e-02
7.171893399208784450e-03 1.150420829653739895e-02
7.162651140242814671e-03 1.101058833301067283e-02
6.573829893022775303e-03 1.053186655044555629e-02
6.532046850770712246e-03 1.124557312577962806e-02
6.885252380743622953e-03 1.078309230506420066e-02
6.359558179974555622e-03 1.095350217074155842e-02
6.494327075779437672e-03 1.208543982356786659e-02
6.875864043831825083e-03 1.083445083349943161e-02
6.570667354390024792e-03 1.327103953808545997e-02
7.013866119086742748e-03 1.171376481652259757e-02
7.595329917967319835e-03 1.236005630344152485e-02
7.174927927553653891e-03 1.030664630234241416e-02
6.766271870583295475e-03 1.165103539824485779e-02
7.431878615170717586e-03 1.178018059581518139e-02
8.470194786787033428e-03 1.123122274875640834e-02
9.234588779509066842e-03 1.189281865954399178e-02
8.154585491865873337e-03 1.338267959654331277e-02
7.722167484462261373e-03 1.210396662354469230e-02
7.089848257601260792e-03 1.403232440352439846e-02
7.035708054900169373e-03 1.269242595881223644e-02
6.688480777665972536e-03 1.183495298027992249e-02
6.456985487602651119e-03 1.240960303694009850e-02
6.406873185187578375e-03 1.185512989759445260e-02
6.259590806439519102e-03 1.270534805953502620e-02
6.290395278483629227e-03 1.151422094553708995e-02
6.553749553859233856e-03 1.280554961413144996e-02
6.352611538022756750e-03 1.160438992083072732e-02
6.397980637848377575e-03 1.133837737143039703e-02
6.904097832739352833e-03 1.198949441313743557e-02
9.783531259745358727e-03 1.168948523700237205e-02
1.134481886401772499e-02 1.208623833954334224e-02
1.095582582056522404e-02 1.319039799273014069e-02
1.097140274941921234e-02 1.292636059224605560e-02
1.017833137884736026e-02 1.392561681568622520e-02
9.883090853691101074e-03 1.329451967030763695e-02
8.583848364651203156e-03 1.158957462757825851e-02
8.689121063798665306e-03 1.301487907767295837e-02
7.860541343688964844e-03 1.176630239933729172e-02
7.298839092254638498e-03 1.230237148702144692e-02
6.995505746454000126e-03 1.190775316208600963e-02
6.877675047144293438e-03 1.182756554335355828e-02
6.848295498639344996e-03 1.186754368245601654e-02
6.682151835411787380e-03 1.146826259791850974e-02
6.683455035090446646e-03 1.184696890413761139e-02
6.475109886378049677e-03 1.148310992866754567e-02
6.451508449390530760e-03 1.256649661809206009e-02
7.347138132899999619e-03 1.116492561995983089e-02
7.973220013082028129e-03 1.320516243577003410e-02
7.398760970681905400e-03 1.151814535260200535e-02
7.374214194715023214e-03 1.342855747789144585e-02
7.765779830515384327e-03 1.062633320689201390e-02
7.597393169999122446e-03 1.125755049288272927e-02
7.703720778226852590e-03 1.293551847338676383e-02
7.132314704358577381e-03 1.088719926774501731e-02
7.219212595373392105e-03 1.192649547010660172e-02
6.668283883482217615e-03 1.155293919146060944e-02
6.475180620327591896e-03 1.274942159652709892e-02
6.317313667386770595e-03 1.141645070165395702e-02
6.268147611990571022e-03 1.206837892532348563e-02
6.258990103378892118e-03 1.121835634112358128e-02
6.171525549143552433e-03 1.183989513665437664e-02
6.138315191492438316e-03 1.165105514228343894e-02
6.092912843450903546e-03 1.299064196646213497e-02
6.252985820174217571e-03 1.065304167568683659e-02
6.859256699681281870e-03 1.210428867489099503e-02
6.834844313561916525e-03 1.100719235837459634e-02
6.757830921560526068e-03 1.263249963521957328e-02
6.877695862203836615e-03 1.023681145161390270e-02
7.028828468173741947e-03 1.280297730118036201e-02
7.155877770856022835e-03 1.121696121990680729e-02
6.572873331606388092e-03 1.270802225917577744e-02
6.232779938727617264e-03 1.084935758262872696e-02
6.164323771372437477e-03 1.300246994942426751e-02
6.735630054026842291e-03 1.020812727510929038e-02
6.140114832669496189e-03 1.168685033917427063e-02
6.320899259299040188e-03 1.115382816642522881e-02
6.629530340433120728e-03 1.125758085399866139e-02
6.815807614475488836e-03 1.261022761464119027e-02
7.109900098294019352e-03 1.002297215163707768e-02
7.607815973460674459e-03 1.018134150654077461e-02
7.295636646449566061e-03 1.226666755974292755e-02
6.875258404761552811e-03 1.076075695455074380e-02
6.978756841272115360e-03 1.251523438841104473e-02
6.739824824035167521e-03 1.088064443320035934e-02
6.512672547250986446e-03 1.257929615676403080e-02
6.396565446630119930e-03 1.024964042007923092e-02
6.496126763522624969e-03 1.207627858966589009e-02
6.287208758294582367e-03 1.140275113284587929e-02
6.227768398821354259e-03 1.210549958050250938e-02
6.133054243400692593e-03 1.177971307188272442e-02
6.094044866040348660e-03 1.161546912044286728e-02
6.140054855495691473e-03 1.082626655697822501e-02
6.157235801219939839e-03 1.189695037901401450e-02
6.174847949296236038e-03 1.087622679769992794e-02
6.155150011181831360e-03 1.118562705814838375e-02
6.054525170475244869e-03 1.096678283065557515e-02
6.108433194458484823e-03 1.109719779342412983e-02
6.093820184469222676e-03 1.066351570188999245e-02
6.147901806980371302e-03 1.004902236163616146e-02
6.089277146384119814e-03 1.258444208651781152e-02
6.012474978342651974e-03 1.032849922776222194e-02
5.852727778255939137e-03 1.150235421955585549e-02
5.894978344440460032e-03 1.084568500518798793e-02
5.725493934005498713e-03 1.116065755486488412e-02
5.770570412278175181e-03 1.041192896664142574e-02
5.803956510499119412e-03 1.092029046267271007e-02
5.741169955581426447e-03 1.030504535883665015e-02
6.340624392032622944e-03 1.035029608756303857e-02
6.222266005352139473e-03 1.205639448016881943e-02
7.636601943522692074e-03 1.260443795472383430e-02
9.520659316331147801e-03 1.103008035570383037e-02
7.989182509481907238e-03 1.223795767873525620e-02
6.806806987151503216e-03 1.185465045273303986e-02
6.565386336296797146e-03 1.353594567626714706e-02
7.111332472413777958e-03 1.081426851451396977e-02
6.330669950693845402e-03 1.175994817167520454e-02
6.413634307682514538e-03 1.080179829150438274e-02
6.151991151273250753e-03 1.128076091408729623e-02
6.044556340202689344e-03 1.069613397121429478e-02
6.170681957155465906e-03 1.192962676286697318e-02
6.001724814996123487e-03 1.005691979080438649e-02
6.200639344751834696e-03 1.106787826865911553e-02
5.847366666421294559e-03 1.119781807065010036e-02
5.804184265434742321e-03 9.743786603212355873e-03
6.001071492210030729e-03 1.145697273313999245e-02
6.089399708434939731e-03 1.086161714047193493e-02
6.314249802380799900e-03 9.877814911305904388e-03
6.256480421870947058e-03 1.074431817978620599e-02
6.109431106597185308e-03 1.007680781185626984e-02
6.701841531321406191e-03 1.242224462330341304e-02
6.064009526744485248e-03 9.845373220741748810e-03
6.005126703530550177e-03 1.445482484996318817e-02
6.938464939594268799e-03 9.701518341898918152e-03
6.206827657297253782e-03 9.838503785431385040e-03
6.524307187646627426e-03 1.120375879108905827e-02
6.421453226357698787e-03 1.029589641839265789e-02
6.607793737202882767e-03 1.152628716081380809e-02
6.455549504607915878e-03 1.059617530554532970e-02
6.911949254572391510e-03 1.174088250845670665e-02
6.765479128807783474e-03 9.537870250642298958e-03
6.961840856820345098e-03 1.065187696367502282e-02
6.410013139247894461e-03 1.095099132508039509e-02
6.483884528279304504e-03 1.086613368242978980e-02
5.804227851331234152e-03 1.092404853552579949e-02
6.039514485746621912e-03 1.077850647270679404e-02
5.883188638836145574e-03 1.195464581251144340e-02
5.947958212345838547e-03 1.048924531787633931e-02
6.147925648838281978e-03 9.728140383958815834e-03
5.856753326952457428e-03 1.025021318346261943e-02
5.774274421855807478e-03 9.822130762040614735e-03
5.949036683887243271e-03 1.057198662310838630e-02
5.907288845628499638e-03 1.137667372822761570e-02
6.059892661869526083e-03 9.899990260601043354e-03
6.107875425368547266e-03 1.016699112951755489e-02
5.887162126600742514e-03 1.033681146800518105e-02
5.821756366640329187e-03 1.040746234357356990e-02
6.089510209858417338e-03 1.091338731348514592e-02
5.759926233440637762e-03 1.026161052286624943e-02
5.638080742210149418e-03 1.084835585206747090e-02
5.595016712322831327e-03 1.113149002194404637e-02
6.498893909156322653e-03 1.015110649168491329e-02
6.669306755065917622e-03 1.043618936091661453e-02
7.098461594432592045e-03 9.917317144572734139e-03
6.608308572322130030e-03 1.054147668182849919e-02
6.519850250333547939e-03 1.075123194605112111e-02
6.373130157589912761e-03 1.071980260312557255e-02
6.328386208042502577e-03 1.025158539414405823e-02
6.370071601122617548e-03 1.189011055976152420e-02
6.257908744737505566e-03 9.591704234480857849e-03
5.845272727310657328e-03 1.132822670042514870e-02
5.955524463206529791e-03 9.647217020392418255e-03
6.186076160520315344e-03 1.054608076810836792e-02
6.586672132834791790e-03 1.066740714013576438e-02
6.152133084833621632e-03 1.073716823011636699e-02
5.869334796443581581e-03 1.255603823810815846e-02
6.490671914070844997e-03 1.057130880653858220e-02
6.309982202947139567e-03 1.038243751972913777e-02
6.304585561156273062e-03 1.098687145859003102e-02
6.083695963025092905e-03 9.773758612573147167e-03
6.212523858994245703e-03 1.183502506464719807e-02
5.801905738189816128e-03 1.031465884298086132e-02
6.169415637850761067e-03 9.832778945565223694e-03
5.970898456871509899e-03 1.164731625467538799e-02
7.618968840688467026e-03 9.910871647298336376e-03
7.713987492024898529e-03 1.278096474707126652e-02
7.020357623696326863e-03 1.023889910429716041e-02
6.852218136191368276e-03 1.100109610706567764e-02
6.144167669117450541e-03 1.011428367346525227e-02
6.033816700801252972e-03 1.242800354957580497e-02
6.441888492554425846e-03 9.340356569737195969e-03
6.134473951533436775e-03 1.078241169452667271e-02
5.834897700697183782e-03 9.571103192865849235e-03
5.862263403832912792e-03 9.935938380658626209e-03
5.829671723768114697e-03 1.059463173151016166e-02
5.484520317986607205e-03 1.049203630536794593e-02
5.525814159773290504e-03 9.931935742497444847e-03
5.918624415062368090e-03 1.086048055440187385e-02
5.663139326497912233e-03 1.008036136627197231e-02
5.673765111714601864e-03 1.346792373806238174e-02
1.473289802670478890e-02 1.115543451160192455e-02
1.282124835997819866e-02 1.572690121829509874e-02
1.471382323652505909e-02 1.394815072417259286e-02
1.353399232029914821e-02 1.568189561367034843e-02
1.294530611485242809e-02 1.438270844519138301e-02
1.229713857173919678e-02 1.532809026539325679e-02
1.169600579887628521e-02 1.393580958247184719e-02
1.043353937566280330e-02 1.263949498534202610e-02
9.836896322667598724e-03 1.211086027324199607e-02
9.472018154338002899e-03 1.179963983595371316e-02
9.467121679335832596e-03 1.205605287104844978e-02
8.682791842147707939e-03 1.222107969224453007e-02
8.406881242990493774e-03 1.244867835193872417e-02
8.619264978915453651e-03 1.137078143656253780e-02
8.186118211597204208e-03 1.290526222437620232e-02
8.130039181560277592e-03 1.180477105081081425e-02
7.987418491393328407e-03 1.147844158113002846e-02
7.671054452657699585e-03 1.281548887491226231e-02
7.607592921704054052e-03 1.253192387521267007e-02
7.532828580588101994e-03 1.145096030086278915e-02
7.262785080820321690e-03 1.171196289360523259e-02
7.280854601413011204e-03 1.184229645878076553e-02
9.104392956942319870e-03 1.253668889403343131e-02
9.236402716487646450e-03 1.366431489586830174e-02
9.257666766643524170e-03 1.310777030885219505e-02
9.319379925727844238e-03 1.401351653039455483e-02
9.317798633128404270e-03 1.339020561426878045e-02
8.868224080651998173e-03 1.311469934880733421e-02
8.408425748348236431e-03 1.296013370156288112e-02
8.072981983423233379e-03 1.305390112102031673e-02
7.915121037513017654e-03 1.279261615127325058e-02
7.643220154568553318e-03 1.217042021453380515e-02
7.368939649313688452e-03 1.173431947827339138e-02
7.168355397880077362e-03 1.138246338814496994e-02
7.072558533400297512e-03 1.114330515265464852e-02
6.897139805369078766e-03 1.212877016514539788e-02
6.973384087905288090e-03 1.092676278203725745e-02
7.218427816405892025e-03 1.175120547413826058e-02
6.893778685480356216e-03 1.136907339096069301e-02
6.899368204176426107e-03 1.190494187176227570e-02
7.195783685892820705e-03 1.184730734676122700e-02
7.457721373066305767e-03 1.048129349946975639e-02
6.953168846666813070e-03 1.060676183551549981e-02
6.746724247932434082e-03 1.200996264815330436e-02
6.803618557751178568e-03 1.091314014047384262e-02
6.710122874937951738e-03 1.149984560906886985e-02
6.546457484364509756e-03 1.074695549905300106e-02
6.485827360302209507e-03 1.119831707328558003e-02
6.699605239555239330e-03 1.017835941165685584e-02
6.643907260149716984e-03 1.149656213819980587e-02
6.991659011691808874e-03 1.102722045034170220e-02
6.667076237499713551e-03 1.051513403654098441e-02
6.458577420562505896e-03 1.108511202037334477e-02
6.386195495724678213e-03 1.094651482999324868e-02
6.479244213551282883e-03 1.076483968645334209e-02
6.678450014442205082e-03 1.095728650689125130e-02
6.508147716522217144e-03 1.007692236453294754e-02
6.372854113578796387e-03 1.128371153026819229e-02
6.206399668008089412e-03 1.059618722647428547e-02
6.537703191861509930e-03 1.107129976153373684e-02
6.251570535823702812e-03 1.078254003077745368e-02
6.233436521142721176e-03 1.056545022875070641e-02
6.178553635254502470e-03 1.092404313385486603e-02
6.243839580565691168e-03 1.099870223551988567e-02
6.070410553365945990e-03 1.065639555454254116e-02
6.150143034756183451e-03 1.079221982508897851e-02
6.138407345861196691e-03 1.078440528362989426e-02
6.117233657278120518e-03 1.020722035318613087e-02
6.080103944987058986e-03 1.069050095975399017e-02
6.189982965588569294e-03 1.054080612957477604e-02
6.188662955537438393e-03 9.966023452579974434e-03
6.405559973791241993e-03 1.137707810848951305e-02
6.218900112435222019e-03 1.012293938547372853e-02
6.101151695474982262e-03 1.102289464324712753e-02
6.330607272684573954e-03 1.083634644746780430e-02
6.162663549184798847e-03 9.787450172007083546e-03
6.073034740984440197e-03 1.056605502963066032e-02
5.944576207548379551e-03 9.945560991764069297e-03
6.168370833620429039e-03 1.133215464651584660e-02
6.497346796095371246e-03 9.546056576073169014e-03
6.260919664055108851e-03 1.152452118694782292e-02
6.259083515033125877e-03 9.509124606847763755e-03
6.493496894836425955e-03 1.081433407962322304e-02
6.101809628307819540e-03 9.966439194977283131e-03
6.143573205918073654e-03 9.614310972392559745e-03
5.976661713793874134e-03 1.073193661868572166e-02
6.180289248004555529e-03 1.011513508856296505e-02
5.975732067599892790e-03 1.109328567981720040e-02
5.852822912856936455e-03 9.574286639690399170e-03
6.751362886279821569e-03 1.087626442313194275e-02
6.045434763655066837e-03 9.325566329061984669e-03
6.259449664503336300e-03 1.043203510344028508e-02
6.721267383545637478e-03 9.359357133507727883e-03
6.653585936874151230e-03 1.090522501617669990e-02
6.638010218739509756e-03 1.100066844373941491e-02
6.468916218727827419e-03 9.740846790373325001e-03
6.038285885006188999e-03 1.012908425182104145e-02
6.053429981693625624e-03 9.899418614804745414e-03
6.974730268120765339e-03 1.277711987495422363e-02
7.823252305388449929e-03 1.106484886258840561e-02
8.225480373948813179e-03 1.221788413822650840e-02
7.884721551090479591e-03 1.093035247176885570e-02
6.873403117060661663e-03 1.145608369261026313e-02
6.777111720293760126e-03 1.056495755910873482e-02
6.648981990292668169e-03 1.087672822177410126e-02
7.070300914347171610e-03 9.969962015748023293e-03
6.544068176299333746e-03 1.001856476068496704e-02
6.560938432812690735e-03 1.097915545105934178e-02
6.112839002162218441e-03 9.897641465067863117e-03
5.797607265412807812e-03 1.058236993849277427e-02
5.962885823100805630e-03 1.026955563575029408e-02
5.718937655910849398e-03 9.642084129154682159e-03
5.689969938248396093e-03 1.089058313518762554e-02
5.680508888326584946e-03 9.325166046619415977e-03
7.424216996878385370e-03 1.116612292826175620e-02
8.126470353454351078e-03 1.096546128392219578e-02
7.452555233612656593e-03 1.016755457967519725e-02
6.839425861835479389e-03 1.051715612411499058e-02
6.356953643262386322e-03 9.989491291344165455e-03
6.463149562478065491e-03 1.032131128013133968e-02
6.329086842015385628e-03 1.018326729536056519e-02
6.598537229001522411e-03 1.063251234591007163e-02
7.000816613435744892e-03 9.381640516221523979e-03
7.434993050992488861e-03 1.055748350918292965e-02
6.304108630865811955e-03 1.082013547420501709e-02
6.092770677059889013e-03 1.130609866231679916e-02
6.045938562601804386e-03 9.882531501352787365e-03
6.521460320800543005e-03 1.104948278516531060e-02
6.022564275190234531e-03 1.007277183234691655e-02
5.920926481485367168e-03 1.211644671857356990e-02
6.410100078210234469e-03 9.803971089422703483e-03
6.028448045253753489e-03 1.159905847162008216e-02
6.068933755159378052e-03 1.047186534851789544e-02
6.184491608291864222e-03 1.087023057043552329e-02
6.137501168996095831e-03 9.832096658647060741e-03
5.606562877073883837e-03 9.638084284961222908e-03
5.430912692099809300e-03 9.639498405158519398e-03
5.419426690787076603e-03 1.006846223026514053e-02
5.290462449193000620e-03 9.966330602765083313e-03
5.328942509368062193e-03 9.585559181869030693e-03
5.215207580476999283e-03 9.487070329487323067e-03
5.429950100369751800e-03 8.850699197500944485e-03
5.766832921653986151e-03 1.085763983428478241e-02
5.876448377966881145e-03 9.250957705080508492e-03
5.868302239105105227e-03 1.208974886685609818e-02
5.861394479870796551e-03 1.007707789540290833e-02
6.114536011591553515e-03 1.170377526432275772e-02
6.683996319770813335e-03 9.583256579935551037e-03
6.307864096015691757e-03 1.053611021488904884e-02
5.580209381878376181e-03 9.345259517431259155e-03
5.544178141281008894e-03 9.887894056737423290e-03
5.316236428916454662e-03 9.463876951485872269e-03
5.360075598582625042e-03 1.007254570722579921e-02
5.217452626675367008e-03 9.250300470739603043e-03
5.271402047947048794e-03 1.027888823300599982e-02
5.239168973639607083e-03 9.372872766107320786e-03
5.435260850936174740e-03 8.604532107710838318e-03
6.639163382351398815e-03 1.035156343132257427e-02
5.887612979859113520e-03 9.168228507041931499e-03
5.679044220596551722e-03 1.031126305460929905e-02
5.594561016187072147e-03 9.783536754548549305e-03
5.649577546864748175e-03 1.077703591436147620e-02
5.940703395754099066e-03 9.181651100516319969e-03
5.533528048545122147e-03 1.024210527539253304e-02
5.533838272094726216e-03 9.587244130671024323e-03
5.713359732180833643e-03 9.178949519991874695e-03
5.755314650014042681e-03 1.070764716714620556e-02
6.034938804805278952e-03 9.117057733237742684e-03
5.455805268138646906e-03 9.470104984939099052e-03
5.291580688208341599e-03 9.003718104213475487e-03
5.211308877915143793e-03 9.456631913781165383e-03
5.158407520502806057e-03 9.841880202293396343e-03
5.352251930162310600e-03 9.136451315134764065e-03
5.576406558975577528e-03 9.560104273259640434e-03
5.428756121546030045e-03 8.894625958055258144e-03
5.290018813684582884e-03 8.816666807979345669e-03
6.113138049840927124e-03 1.263099480420351063e-02
7.760235015302896847e-03 1.022855918854475091e-02
7.179398555308580399e-03 1.039950698614120449e-02
6.461700797080993999e-03 9.882718324661254883e-03
5.976425297558307474e-03 1.030341889709234307e-02
5.549279646947980274e-03 9.965192340314388969e-03
5.567705724388360977e-03 1.110561508685350453e-02
5.735850008204579180e-03 9.319728612899780620e-03
5.357510922476649111e-03 1.050597764551639522e-02
5.601250007748604168e-03 8.932842873036861420e-03
5.488341581076383938e-03 1.027703545987606118e-02
5.297582037746906627e-03 9.051022026687860836e-03
5.125218536704778671e-03 1.015494056046009098e-02
5.286654736846685236e-03 9.022215101867913506e-03
5.123096844181418072e-03 8.600995130836962960e-03
5.226728133857249867e-03 9.234503470361232411e-03
5.152100883424282247e-03 9.081835579127072594e-03
5.220447247847914522e-03 1.010303162038326229e-02
5.495543032884598125e-03 9.453198499977588307e-03
5.420704185962676828e-03 8.527451474219561317e-03
5.409396253526210785e-03 9.661936387419699929e-03
5.379133485257625233e-03 8.995229005813598286e-03
5.625938065350055695e-03 1.162776332348585198e-02
6.100243888795375824e-03 8.888045698404312481e-03
6.129265390336513172e-03 1.072475332766771247e-02
8.371543791145085595e-03 1.385385617613792489e-02
9.936179872602224697e-03 1.172032151371240651e-02
7.652572123333811760e-03 1.203940343111753464e-02
7.279846444725989948e-03 1.166117079555988381e-02
6.364728277549147779e-03 1.060737054795026814e-02
6.274128146469592875e-03 1.224941667169332504e-02
6.052454188466072256e-03 1.029491350054740836e-02
5.959138460457325155e-03 1.100993975996971200e-02
5.594723368994891297e-03 9.291917923837900509e-03
5.345847364515066494e-03 1.071290075778961147e-02
5.403333716094494213e-03 9.727133810520172466e-03
5.740036582574247967e-03 1.116434168070554699e-02
5.855748523026704441e-03 8.806616067886352539e-03
5.338528100401163448e-03 1.033113542944192817e-02
5.413907207548617970e-03 8.967236336320637963e-03
5.423622624948620970e-03 1.012144293636083568e-02
5.391943361610173832e-03 8.684044796973466526e-03
5.688994564116001476e-03 1.028284002095460926e-02
5.195673834532499140e-03 9.287608042359351418e-03
5.234528798609972000e-03 9.077716246247291218e-03
5.242080008611082857e-03 9.587229788303374897e-03
5.115590197965503086e-03 8.691690210253000953e-03
5.102078244090080088e-03 1.006115581840276788e-02
5.240033147856593132e-03 9.124870598316191933e-03
5.540809780359268362e-03 1.098524611443281104e-02
5.350644793361425053e-03 8.908674120903015137e-03
5.289479810744524176e-03 9.817630425095558513e-03
5.014935228973627264e-03 8.768000733107328068e-03
5.242989305406809200e-03 9.356091730296611786e-03
5.225084163248539318e-03 9.244963899254799236e-03
4.972882103174924850e-03 8.502453286200761101e-03
5.121345398947596550e-03 9.715129248797893177e-03
5.085249477997422045e-03 8.769637625664471886e-03
5.180868506431579763e-03 8.609976992011070598e-03
5.285611283034086574e-03 1.152507420629262855e-02
5.815968196839093989e-03 8.694149553775787354e-03
6.309172790497541601e-03 9.745664335787296642e-03
6.132012279704212969e-03 8.798511512577534416e-03
5.947530735284090042e-03 9.590764157474040638e-03
5.643979273736476551e-03 9.197834320366382946e-03
5.345384543761611158e-03 9.521887078881264080e-03
5.054207844659685742e-03 9.012984484434128155e-03
5.212000804021954536e-03 1.006378047168254852e-02
5.185623094439506878e-03 8.767771348357201316e-03
4.930210066959261894e-03 9.177092276513577201e-03
4.962732945568859404e-03 9.244256652891635895e-03
4.938190151005983179e-03 8.724279329180717121e-03
4.971404513344168836e-03 8.416773751378059387e-03
4.961006948724389423e-03 9.474909864366054535e-03
5.170569731853901993e-03 9.225868433713913658e-03
5.214580241590738643e-03 8.948911167681216500e-03
