1.205895245075225830e-01 9.007170796394348145e-02
8.744784444570541382e-02 4.244513437151908875e-02
4.056814685463905334e-02 5.020890384912490845e-02
4.591703787446022034e-02 3.756739199161529541e-02
3.139917925000190735e-02 3.135418519377708435e-02
2.408317103981971741e-02 3.014487959444522858e-02
2.181985042989253998e-02 1.054868400096893311e-01
1.022049412131309509e-01 3.295645862817764282e-02
2.516513131558895111e-02 3.501778468489646912e-02
2.805235981941223145e-02 3.355066850781440735e-02
2.718936465680599213e-02 3.144590929150581360e-02
2.555131912231445312e-02 2.950203232467174530e-02
2.395743131637573242e-02 2.784784883260726929e-02
2.256659045815467834e-02 2.640482783317565918e-02
2.135657146573066711e-02 2.511556446552276611e-02
2.034555748105049133e-02 2.407102100551128387e-02
1.969697512686252594e-02 2.346632629632949829e-02
1.959878765046596527e-02 2.325242571532726288e-02
1.983349584043025970e-02 2.302606776356697083e-02
1.980253867805004120e-02 2.265519089996814728e-02
1.933624781668186188e-02 2.231493592262268066e-02
1.867325231432914734e-02 2.215142548084259033e-02
1.804041303694248199e-02 2.222289144992828369e-02
1.758255623281002045e-02 2.248746342957019806e-02
1.733971573412418365e-02 2.281650155782699585e-02
1.723749749362468719e-02 2.306230552494525909e-02
1.714781671762466431e-02 2.311873249709606171e-02
1.696379482746124268e-02 2.294674143195152283e-02
1.664168946444988251e-02 2.257805131375789642e-02
1.621138118207454681e-02 2.210181020200252533e-02
1.576016470789909363e-02 2.162474393844604492e-02
1.538408827036619186e-02 2.120724506676197052e-02
1.511427480727434158e-02 2.082277834415435791e-02
1.487428881227970123e-02 2.040880545973777771e-02
1.454519387334585190e-02 1.997126080095767975e-02
1.409428752958774567e-02 1.959450915455818176e-02
1.360083743929862976e-02 1.934039592742919922e-02
1.315329130738973618e-02 1.916646212339401245e-02
1.275585778057575226e-02 1.894328556954860687e-02
1.233220100402832031e-02 1.855924911797046661e-02
1.181273534893989563e-02 1.803937554359436035e-02
1.123181916773319244e-02 1.754789985716342926e-02
1.070706639438867569e-02 1.718832179903984070e-02
1.018547825515270233e-02 1.762315444648265839e-02
9.972410276532173157e-03 1.904012449085712433e-02
1.069173868745565414e-02 1.722209155559539795e-02
1.028336305171251297e-02 1.648594439029693604e-02
1.011179387569427490e-02 1.555683091282844543e-02
9.778367355465888977e-03 1.523493975400924683e-02
9.817238897085189819e-03 1.509405206888914108e-02
9.891660884022712708e-03 1.483255904167890549e-02
9.762285277247428894e-03 1.449449732899665833e-02
9.515064768493175507e-03 1.413010433316230774e-02
9.218781255185604095e-03 1.365061756223440170e-02
8.863341994583606720e-03 1.318154297769069672e-02
8.587908931076526642e-03 1.273937709629535675e-02
8.362489752471446991e-03 1.229332946240901947e-02
8.116069249808788300e-03 1.197757571935653687e-02
7.851706817746162415e-03 1.185769680887460709e-02
7.548404857516288757e-03 1.178614608943462372e-02
7.281130179762840271e-03 1.150326430797576904e-02
6.994530558586120605e-03 1.126532163470983505e-02
6.758105475455522537e-03 1.117316633462905884e-02
6.531526334583759308e-03 1.111698150634765625e-02
6.315545178949832916e-03 1.093538571149110794e-02
6.014418322592973709e-03 1.090458035469055176e-02
5.778363440185785294e-03 1.035629492253065109e-02
5.499900784343481064e-03 1.006946805864572525e-02
5.370562896132469177e-03 9.676434099674224854e-03
5.258563440293073654e-03 9.517786093056201935e-03
5.240083206444978714e-03 9.263808839023113251e-03
4.965538624674081802e-03 9.568075649440288544e-03
5.017261486500501633e-03 8.886964991688728333e-03
5.335704889148473740e-03 8.775091730058193207e-03
4.955206997692584991e-03 8.108190260827541351e-03
4.752301145344972610e-03 7.369025610387325287e-03
4.705058876425027847e-03 7.307117339223623276e-03
4.227028694003820419e-03 7.412714418023824692e-03
4.250166937708854675e-03 6.901773158460855484e-03
4.428229294717311859e-03 7.284627761691808701e-03
4.232386127114295959e-03 6.714515853673219681e-03
3.634380409494042397e-03 6.808889098465442657e-03
3.811465343460440636e-03 7.440710440278053284e-03
3.827632172033190727e-03 6.747732404619455338e-03
3.404142335057258606e-03 6.589209660887718201e-03
3.416023915633559227e-03 7.012341171503067017e-03
3.405958646908402443e-03 6.477796938270330429e-03
3.097975626587867737e-03 6.326710339635610580e-03
3.088873345404863358e-03 6.581214256584644318e-03
3.062846837565302849e-03 5.983714945614337921e-03
2.849115524441003799e-03 5.686093121767044067e-03
2.834012033417820930e-03 5.844822153449058533e-03
2.793187275528907776e-03 5.490961950272321701e-03
2.628596965223550797e-03 5.402124952524900436e-03
2.608608687296509743e-03 5.667917430400848389e-03
2.625141525641083717e-03 5.127348937094211578e-03
2.515338361263275146e-03 5.092477891594171524e-03
2.366449451074004173e-03 4.953629337251186371e-03
2.287028823047876358e-03 4.784736782312393188e-03
2.274310914799571037e-03 5.163113586604595184e-03
2.263248898088932037e-03 4.735521040856838226e-03
2.229197416454553604e-03 5.160707980394363403e-03
2.198421163484454155e-03 4.586480092257261276e-03
2.164724748581647873e-03 4.923585336655378342e-03
2.063700230792164803e-03 4.354414530098438263e-03
1.904385047964751720e-03 4.391827154904603958e-03
1.803042250685393810e-03 4.540117923170328140e-03
1.765987020917236805e-03 4.278705455362796783e-03
1.813541050069034100e-03 4.871724639087915421e-03
1.840592711232602596e-03 4.205357749015092850e-03
2.058450365439057350e-03 5.083559546619653702e-03
2.103253733366727829e-03 4.208116326481103897e-03
2.224133117124438286e-03 4.039040300995111465e-03
1.570804044604301453e-03 4.369539674371480942e-03
1.724667148664593697e-03 4.243358969688415527e-03
2.048361115157604218e-03 4.290440119802951813e-03
1.436273567378520966e-03 4.407642874866724014e-03
1.474977121688425541e-03 4.304352216422557831e-03
2.107647014781832695e-03 4.651638213545084000e-03
1.950312405824661255e-03 3.677393309772014618e-03
1.537022762931883335e-03 3.720189677551388741e-03
1.485663116909563541e-03 4.804708529263734818e-03
1.719899708405137062e-03 4.194664768874645233e-03
1.740176812745630741e-03 4.507264122366905212e-03
1.315457629971206188e-03 4.517336841672658920e-03
1.341875060461461544e-03 3.963989205658435822e-03
1.517742522992193699e-03 3.988436888903379440e-03
1.301671611145138741e-03 3.584320424124598503e-03
1.194358104839920998e-03 3.546607214957475662e-03
1.330412807874381542e-03 3.769773757085204124e-03
1.300559262745082378e-03 3.497869940474629402e-03
1.163232373073697090e-03 3.607785794883966446e-03
1.085801515728235245e-03 3.830062458291649818e-03
1.140400301665067673e-03 3.680434077978134155e-03
1.255101058632135391e-03 3.801286686211824417e-03
1.230669207870960236e-03 3.390619996935129166e-03
1.112054684199392796e-03 3.316111862659454346e-03
1.019128365442156792e-03 3.509605303406715393e-03
1.112892758101224899e-03 3.521144157275557518e-03
1.165954163298010826e-03 3.622697433456778526e-03
1.086321193724870682e-03 3.433412173762917519e-03
1.000387244857847691e-03 3.431090852245688438e-03
9.600459015928208828e-04 3.603965742513537407e-03
1.041150186210870743e-03 3.421691944822669029e-03
1.075482578016817570e-03 3.467714414000511169e-03
1.046251854859292507e-03 3.214188851416110992e-03
9.845964377745985985e-04 3.198012476786971092e-03
8.972457726486027241e-04 3.342182142660021782e-03
9.516156860627233982e-04 3.297043498605489731e-03
9.884082246571779251e-04 3.523278050124645233e-03
1.044953241944313049e-03 3.288996405899524689e-03
1.071472303010523319e-03 3.330816747620701790e-03
9.491969831287860870e-04 3.207685891538858414e-03
9.305379935540258884e-04 3.148734336718916893e-03
8.515489753335714340e-04 3.118792781606316566e-03
8.600748260505497456e-04 3.145240480080246925e-03
8.253690903075039387e-04 3.243308747187256813e-03
8.353921002708375454e-04 3.179615829139947891e-03
8.423381950706243515e-04 3.257110482081770897e-03
8.747499668970704079e-04 3.118247492238879204e-03
9.820677805691957474e-04 3.397539490833878517e-03
1.066382159478962421e-03 3.548117121681571007e-03
1.390850520692765713e-03 4.031113348901271820e-03
1.711355987936258316e-03 3.702726680785417557e-03
1.642751274630427361e-03 3.049747552722692490e-03
9.096700814552605152e-04 3.656167536973953247e-03
1.380968140438199043e-03 3.884164383634924889e-03
1.481801853515207767e-03 3.398813307285308838e-03
9.974507847800850868e-04 3.720435313880443573e-03
1.225954038091003895e-03 3.438489977270364761e-03
1.190498354844748974e-03 3.311222186312079430e-03
9.123104973696172237e-04 3.454155288636684418e-03
1.086055650375783443e-03 3.314797999337315559e-03
1.073751598596572876e-03 3.273963229730725288e-03
9.524170891381800175e-04 3.208814654499292374e-03
9.427141048945486546e-04 3.105998504906892776e-03
9.228723356500267982e-04 3.299739910289645195e-03
9.156498708762228489e-04 3.255165182054042816e-03
9.339381940662860870e-04 3.038488794118165970e-03
7.533042225986719131e-04 3.084868891164660454e-03
8.112023351714015007e-04 2.971223555505275726e-03
8.690390386618673801e-04 2.975423121824860573e-03
7.743288297206163406e-04 2.904046326875686646e-03
7.908648694865405560e-04 2.985737985000014305e-03
7.774322293698787689e-04 2.902852138504385948e-03
7.071539876051247120e-04 2.906986745074391365e-03
7.412680424749851227e-04 2.923957537859678268e-03
7.406491204164922237e-04 2.774943830445408821e-03
7.112772436812520027e-04 2.831147750839591026e-03
7.234551012516021729e-04 2.797665772959589958e-03
6.970531539991497993e-04 2.807116368785500526e-03
6.720144301652908325e-04 2.828191965818405151e-03
6.875337567180395126e-04 2.760011004284024239e-03
6.656475597992539406e-04 2.768411301076412201e-03
6.639756611548364162e-04 2.744473982602357864e-03
6.811522180214524269e-04 2.806670963764190674e-03
6.764932768419384956e-04 2.747804159298539162e-03
7.457237225025892258e-04 2.953182440251111984e-03
8.190259104594588280e-04 2.913766540586948395e-03
9.845737367868423462e-04 3.202061867341399193e-03
1.166049740277230740e-03 3.294555004686117172e-03
1.343636657111346722e-03 3.066762117668986320e-03
1.085912459529936314e-03 2.686032559722661972e-03
7.050731801427900791e-04 2.922738902270793915e-03
8.710890542715787888e-04 3.346715820953249931e-03
1.142693916335701942e-03 3.126860829070210457e-03
1.002465258352458477e-03 2.860778244212269783e-03
6.988783716224133968e-04 2.834809711202979088e-03
7.052127621136605740e-04 2.924517728388309479e-03
8.765384554862976074e-04 2.948459237813949585e-03
8.469467284157872200e-04 2.725168364122509956e-03
6.674832548014819622e-04 2.702757949009537697e-03
6.006308831274509430e-04 2.908957889303565025e-03
6.995883304625749588e-04 2.873127348721027374e-03
7.760903681628406048e-04 2.903449814766645432e-03
7.610397296957671642e-04 2.684305887669324875e-03
6.845979369245469570e-04 2.596101257950067520e-03
6.016124971210956573e-04 2.563990885391831398e-03
5.754397716373205185e-04 2.589600393548607826e-03
6.046064081601798534e-04 2.772570122033357620e-03
6.848357152193784714e-04 2.758103655651211739e-03
7.845800719223916531e-04 2.952010836452245712e-03
8.832382154650986195e-04 2.739397808909416199e-03
8.532078936696052551e-04 2.533957595005631447e-03
6.448909989558160305e-04 2.489425241947174072e-03
5.776426405645906925e-04 2.635721117258071899e-03
6.659765494987368584e-04 2.915978431701660156e-03
7.899503689259290695e-04 2.735648304224014282e-03
7.576353964395821095e-04 2.631237497553229332e-03
6.085417699068784714e-04 2.503230003640055656e-03
5.574267706833779812e-04 2.470468170940876007e-03
5.394562031142413616e-04 2.627145731821656227e-03
6.070462404750287533e-04 2.568820025771856308e-03
6.245071417652070522e-04 2.666681772097945213e-03
6.210407009348273277e-04 2.605695975944399834e-03
6.389890913851559162e-04 2.674057846888899803e-03
6.629971321672201157e-04 2.545061288401484489e-03
6.763841374777257442e-04 2.477793954312801361e-03
5.754817975685000420e-04 2.450298983603715897e-03
5.604400648735463619e-04 2.448103390634059906e-03
4.965469124726951122e-04 2.488223602995276451e-03
5.160080036148428917e-04 2.463841345161199570e-03
4.820328613277524710e-04 2.430780557915568352e-03
4.956136690452694893e-04 2.377846045419573784e-03
4.743850731756538153e-04 2.376382937654852867e-03
4.776364658027887344e-04 2.354168100282549858e-03
4.756130801979452372e-04 2.351176459342241287e-03
4.628284368664026260e-04 2.373777329921722412e-03
4.768985672853887081e-04 2.431869041174650192e-03
4.849340475630015135e-04 2.424817532300949097e-03
5.677994340658187866e-04 2.690246328711509705e-03
7.599929813295602798e-04 3.322739852592349052e-03
1.483453786931931973e-03 5.242574494332075119e-03
3.400041488930583000e-03 5.070060025900602341e-03
3.348314668983221054e-03 2.829027362167835236e-03
1.208832487463951111e-03 4.301783163100481033e-03
2.764356322586536407e-03 3.463943488895893097e-03
1.370233017951250076e-03 4.705640487372875214e-03
2.145130885764956474e-03 3.686690470203757286e-03
1.393251004628837109e-03 4.216115456074476242e-03
1.872108085080981255e-03 3.387976903468370438e-03
1.219384721480309963e-03 3.597224131226539612e-03
1.351404585875570774e-03 3.578142495825886726e-03
1.411790843121707439e-03 3.226429456844925880e-03
1.105763483792543411e-03 3.263836959376931190e-03
1.189701957628130913e-03 2.763512311503291130e-03
7.871811976656317711e-04 3.284257836639881134e-03
1.210203394293785095e-03 2.784447278827428818e-03
7.056508911773562431e-04 3.175130346789956093e-03
1.018623239360749722e-03 3.024046542122960091e-03
9.862779406830668449e-04 2.546758158132433891e-03
6.465354235842823982e-04 2.723582787439227104e-03
9.867551270872354507e-04 2.541822846978902817e-03
6.296666106209158897e-04 2.858629683032631874e-03
7.948001148179173470e-04 2.650752430781722069e-03
7.560569792985916138e-04 2.567059826105833054e-03
5.513547803275287151e-04 2.974741859361529350e-03
7.859351462684571743e-04 2.528667915612459183e-03
5.651797982864081860e-04 2.516323234885931015e-03
6.008756463415920734e-04 2.593109849840402603e-03
6.268740398809313774e-04 2.414041431620717049e-03
5.222338950261473656e-04 2.499801106750965118e-03
6.271750316955149174e-04 2.434310037642717361e-03
4.779437440447509289e-04 2.649952191859483719e-03
5.675108986906707287e-04 2.475530607625842094e-03
5.086231976747512817e-04 2.414931077510118484e-03
4.763500182889401913e-04 2.531522652134299278e-03
5.402292008511722088e-04 2.334237564355134964e-03
4.426339291967451572e-04 2.335089026018977165e-03
4.657941753976047039e-04 2.394082490354776382e-03
4.828309174627065659e-04 2.250002929940819740e-03
4.149788001086562872e-04 2.280893037095665932e-03
4.511153092607855797e-04 2.347554080188274384e-03
4.526166012510657310e-04 2.259145257994532585e-03
3.997090680059045553e-04 2.226432785391807556e-03
4.216901725158095360e-04 2.224416704848408699e-03
4.256575193721801043e-04 2.140071010217070580e-03
3.856621624436229467e-04 2.155829686671495438e-03
3.938858571927994490e-04 2.223085844889283180e-03
4.094039031770080328e-04 2.183710923418402672e-03
3.751597832888364792e-04 2.188725164160132408e-03
3.724077832885086536e-04 2.217763103544712067e-03
3.869338252115994692e-04 2.169532701373100281e-03
3.731254546437412500e-04 2.142096171155571938e-03
3.551254631020128727e-04 2.140633296221494675e-03
3.619883500505238771e-04 2.126646228134632111e-03
3.659658832475543022e-04 2.149037318304181099e-03
3.496248391456902027e-04 2.157623879611492157e-03
3.410309727769345045e-04 2.147545805200934410e-03
3.470626252237707376e-04 2.149144420400261879e-03
3.503773768898099661e-04 2.097473479807376862e-03
3.396319225430488586e-04 2.093537244945764542e-03
3.280872770119458437e-04 2.093420131132006645e-03
3.276751376688480377e-04 2.078411169350147247e-03
3.317428927402943373e-04 2.092449227347970009e-03
3.297358634881675243e-04 2.069566631689667702e-03
3.210386203136295080e-04 2.062549116089940071e-03
3.127650998067110777e-04 2.055455232039093971e-03
3.124973154626786709e-04 2.044625580310821533e-03
3.138400497846305370e-04 2.064468106254935265e-03
3.154105797875672579e-04 2.038631355389952660e-03
3.115687286481261253e-04 2.045839326456189156e-03
3.059848677366971970e-04 2.025964902713894844e-03
2.998038835357874632e-04 2.018134575337171555e-03
2.952863287646323442e-04 2.003734931349754333e-03
2.925843582488596439e-04 1.995627302676439285e-03
2.910939801950007677e-04 2.005381044000387192e-03
2.909167378675192595e-04 1.990678953006863594e-03
2.909563190769404173e-04 2.002175198867917061e-03
2.920616243500262499e-04 1.977058127522468567e-03
2.934747317340224981e-04 1.998608466237783432e-03
2.979351556859910488e-04 1.972214784473180771e-03
3.061202005483210087e-04 2.023097127676010132e-03
3.238605568185448647e-04 2.003470668569207191e-03
3.515579446684569120e-04 2.120238030329346657e-03
4.136993375141173601e-04 2.124971244484186172e-03
4.938406054861843586e-04 2.327564638108015060e-03
6.420547724701464176e-04 2.276146085932850838e-03
6.855335086584091187e-04 2.228542929515242577e-03
6.315108039416372776e-04 1.956859370693564415e-03
3.874567628372460604e-04 1.896818517707288265e-03
2.843169204425066710e-04 2.120316028594970703e-03
3.985306539107114077e-04 2.259220927953720093e-03
5.348316626623272896e-04 2.362410537898540497e-03
5.738082109019160271e-04 2.045315923169255257e-03
4.225946322549134493e-04 1.887893071398139000e-03
2.843624970410019159e-04 1.961941830813884735e-03
3.143069625366479158e-04 2.114517381414771080e-03
4.199562536086887121e-04 2.306231996044516563e-03
4.808557569049298763e-04 2.071724273264408112e-03
3.903653996530920267e-04 1.946320291608572006e-03
2.798800123855471611e-04 1.906234538182616234e-03
2.711289853323251009e-04 1.949888188391923904e-03
3.201877116225659847e-04 2.110225381329655647e-03
3.763137210626155138e-04 1.996078761294484138e-03
3.456988779362291098e-04 1.965509960427880287e-03
2.814668114297091961e-04 1.903658849187195301e-03
2.535660169087350368e-04 1.887795864604413509e-03
2.520475245546549559e-04 1.956030726432800293e-03
2.855781931430101395e-04 1.913540065288543701e-03
2.897481608670204878e-04 1.942087896168231964e-03
2.817913191393017769e-04 1.878279494121670723e-03
2.605424961075186729e-04 1.862107077613472939e-03
2.418005897197872400e-04 1.840110053308308125e-03
2.355945616727694869e-04 1.834057620726525784e-03
2.300325577380135655e-04 1.867343555204570293e-03
2.430375170661136508e-04 1.853681518696248531e-03
2.482359413988888264e-04 1.913569984026253223e-03
2.717222087085247040e-04 1.856770948506891727e-03
2.845507697202265263e-04 1.901616458781063557e-03
3.050682134926319122e-04 1.888466416858136654e-03
3.333227650728076696e-04 2.011033706367015839e-03
3.967827651649713516e-04 1.978269545361399651e-03
4.418630560394376516e-04 2.027665730565786362e-03
4.454571753740310669e-04 1.970619428902864456e-03
4.235284868627786636e-04 1.963748829439282417e-03
3.936435678042471409e-04 1.842531259171664715e-03
3.168653929606080055e-04 1.782901003025472164e-03
2.225635980721563101e-04 1.859759911894798279e-03
2.491508494131267071e-04 1.907106372527778149e-03
2.789605059660971165e-04 2.074240474030375481e-03
3.731795586645603180e-04 1.968443160876631737e-03
4.135532362852245569e-04 1.971798483282327652e-03
4.054635646753013134e-04 1.913619809783995152e-03
3.792581846937537193e-04 1.897006179206073284e-03
3.313526103738695383e-04 1.838171039707958698e-03
2.887006266973912716e-04 1.791484886780381203e-03
2.056518569588661194e-04 1.874089473858475685e-03
2.596803533378988504e-04 1.843934995122253895e-03
2.522437716834247112e-04 1.971734687685966492e-03
3.192799922544509172e-04 1.847424893639981747e-03
3.172727883793413639e-04 1.828337088227272034e-03
2.785496180877089500e-04 1.820045872591435909e-03
2.739792398642748594e-04 1.815117313526570797e-03
2.273748395964503288e-04 1.825640094466507435e-03
2.505110751371830702e-04 1.766203320585191250e-03
1.960246881935745478e-04 1.776189077645540237e-03
2.256985608255490661e-04 1.732319477014243603e-03
1.906193792819976807e-04 1.756414189003407955e-03
2.083137078443542123e-04 1.737908925861120224e-03
1.960959343705326319e-04 1.722372486256062984e-03
1.907799451146274805e-04 1.732914126478135586e-03
1.973667531274259090e-04 1.715135411359369755e-03
1.820847683120518923e-04 1.729411073029041290e-03
1.935378822963684797e-04 1.697987900115549564e-03
1.756437413860112429e-04 1.700075692497193813e-03
1.896742323879152536e-04 1.684500835835933685e-03
1.747493952279910445e-04 1.691163866780698299e-03
1.900356146506965160e-04 1.704838708974421024e-03
1.927527773659676313e-04 1.715017715469002724e-03
2.332223666599020362e-04 1.873878529295325279e-03
3.461136948317289352e-04 2.133889356628060341e-03
6.580334738828241825e-04 2.922577550634741783e-03
1.368106226436793804e-03 3.516525961458683014e-03
1.961161848157644272e-03 3.188032656908035278e-03
1.937411841936409473e-03 1.721367123536765575e-03
5.324404919520020485e-04 2.923356136307120323e-03
1.444429741241037846e-03 2.679443219676613808e-03
1.241133315488696098e-03 2.133405301719903946e-03
5.908348830416798592e-04 3.202569670975208282e-03
1.432899618521332741e-03 2.628519432619214058e-03
8.606570190750062466e-04 2.209197264164686203e-03
5.871251341886818409e-04 2.663090825080871582e-03
1.097942003980278969e-03 2.253377810120582581e-03
6.173711735755205154e-04 2.307588234543800354e-03
6.161485798656940460e-04 2.467649755999445915e-03
8.352527511306107044e-04 2.030148403719067574e-03
3.538330201990902424e-04 2.549074124544858932e-03
7.244659936986863613e-04 1.986428396776318550e-03
4.043885273858904839e-04 2.014849334955215454e-03
4.423917271196842194e-04 2.350318245589733124e-03
5.345529061742126942e-04 2.008812269195914268e-03
3.422270820010453463e-04 2.030425937846302986e-03
4.549844597931951284e-04 2.100390149280428886e-03
3.651071747299283743e-04 2.040476538240909576e-03
3.297537332400679588e-04 1.968109048902988434e-03
3.672218299470841885e-04 1.955130370333790779e-03
3.264998958911746740e-04 1.955949468538165092e-03
2.836251514963805676e-04 1.954018836840987206e-03
3.436312254052609205e-04 1.814733841456472874e-03
2.263266069348901510e-04 1.906068064272403717e-03
3.305377031210809946e-04 1.729033421725034714e-03
2.183859178330749273e-04 1.771542010828852654e-03
2.759047492872923613e-04 1.778216217644512653e-03
2.454546629451215267e-04 1.734497491270303726e-03
2.398255310254171491e-04 1.726234680972993374e-03
2.218983863713219762e-04 1.805086270906031132e-03
2.399229269940406084e-04 1.732371747493743896e-03
2.010554308071732521e-04 1.715522375889122486e-03
2.199702721554785967e-04 1.748207141645252705e-03
2.143651508959010243e-04 1.729362295009195805e-03
1.855939626693725586e-04 1.751795178279280663e-03
2.149151841877028346e-04 1.744821784086525440e-03
1.918484485941007733e-04 1.707613933831453323e-03
1.905623648781329393e-04 1.681626308709383011e-03
1.852018322097137570e-04 1.704535447061061859e-03
1.913599990075454116e-04 1.669326447881758213e-03
1.734774414217099547e-04 1.675835228525102139e-03
1.768040965544059873e-04 1.717278501018881798e-03
1.829070388339459896e-04 1.669786986894905567e-03
1.650937920203432441e-04 1.646451535634696484e-03
1.712273806333541870e-04 1.640537055209279060e-03
1.671655336394906044e-04 1.622539362870156765e-03
1.669760677032172680e-04 1.611366518773138523e-03
1.603337150299921632e-04 1.613226719200611115e-03
1.582049590069800615e-04 1.621275558136403561e-03
1.630458282306790352e-04 1.619722344912588596e-03
1.538306532893329859e-04 1.607293146662414074e-03
1.533562171971425414e-04 1.597522059455513954e-03
1.542830868856981397e-04 1.597446855157613754e-03
1.511202863184735179e-04 1.591370441019535065e-03
1.506392436567693949e-04 1.588158076629042625e-03
1.453616423532366753e-04 1.590743078850209713e-03
1.474423916079103947e-04 1.580808544531464577e-03
1.468224945710971951e-04 1.584612648002803326e-03
1.424962247256189585e-04 1.582442666403949261e-03
1.419553445884957910e-04 1.572659588418900967e-03
1.409808610333129764e-04 1.573789166286587715e-03
1.404825889039784670e-04 1.565079670399427414e-03
1.399544562445953488e-04 1.555309048853814602e-03
1.364835625281557441e-04 1.554610673338174820e-03
1.358330191578716040e-04 1.561593962833285332e-03
1.361395407002419233e-04 1.563570811413228512e-03
1.346539065707474947e-04 1.553201931528747082e-03
1.339403097517788410e-04 1.550703193061053753e-03
1.322933385381475091e-04 1.543806400150060654e-03
1.306791091337800026e-04 1.539628370665013790e-03
1.306026970269158483e-04 1.543286256492137909e-03
1.302262826357036829e-04 1.538134762085974216e-03
1.289843639824539423e-04 1.535749295726418495e-03
1.283215678995475173e-04 1.530239824205636978e-03
1.269768690690398216e-04 1.526897074654698372e-03
1.257811090908944607e-04 1.526645617559552193e-03
1.254497328773140907e-04 1.525933621451258659e-03
1.248819316970184445e-04 1.523773302324116230e-03
1.241444988409057260e-04 1.518599106930196285e-03
1.236863172380253673e-04 1.518827048130333424e-03
1.230175548698753119e-04 1.512496266514062881e-03
1.219476471305824816e-04 1.512392424046993256e-03
1.211948838317766786e-04 1.513121183961629868e-03
1.205040825880132616e-04 1.510973786935210228e-03
1.196128723677247763e-04 1.507785520516335964e-03
1.189243339467793703e-04 1.506321714259684086e-03
1.184118300443515182e-04 1.503543811850249767e-03
1.178121092380024493e-04 1.501324470154941082e-03
1.171683397842571139e-04 1.500767772085964680e-03
1.167369846371002495e-04 1.497893128544092178e-03
1.163489068858325481e-04 1.498835510574281216e-03
1.159496532636694610e-04 1.495857723057270050e-03
1.157680962933227420e-04 1.497206743806600571e-03
1.160357714979909360e-04 1.495256088674068451e-03
1.169323659269139171e-04 1.498766127042472363e-03
1.193676507682539523e-04 1.497986959293484688e-03
1.246308383997529745e-04 1.518919831141829491e-03
1.375263382215052843e-04 1.535745337605476379e-03
1.629125763429328799e-04 1.618283218704164028e-03
2.279552281834185123e-04 1.710161799564957619e-03
3.335972141940146685e-04 1.994443591684103012e-03
5.926865851506590843e-04 2.126682084053754807e-03
7.505430839955806732e-04 2.174910623580217361e-03
8.400279912166297436e-04 1.694613252766430378e-03
3.855354734696447849e-04 1.489820890128612518e-03
1.768648508004844189e-04 1.825540326535701752e-03
4.335397388786077499e-04 1.962941838428378105e-03
5.043210112489759922e-04 1.745381741784512997e-03
3.078765003010630608e-04 1.554028596729040146e-03
1.551246095914393663e-04 1.694714883342385292e-03
2.839068765752017498e-04 1.878268201835453510e-03
4.048543050885200500e-04 1.737304148264229298e-03
2.920823753811419010e-04 1.570219174027442932e-03
1.554996997583657503e-04 1.587636419571936131e-03
1.822995836846530437e-04 1.697613392025232315e-03
2.882670378312468529e-04 1.709355507045984268e-03
2.686789084691554308e-04 1.565478392876684666e-03
1.534237380838021636e-04 1.590023864991962910e-03
1.673254446359351277e-04 1.732232281938195229e-03
2.562981680966913700e-04 1.645224983803927898e-03
2.046663285000249743e-04 1.617214060388505459e-03
1.498083729529753327e-04 1.595198060385882854e-03
1.528306747786700726e-04 1.608579303137958050e-03
1.906143443193286657e-04 1.602283911779522896e-03
1.773467520251870155e-04 1.528737368062138557e-03
1.333611144218593836e-04 1.532684080302715302e-03
1.347966608591377735e-04 1.581482822075486183e-03
1.662523573031648993e-04 1.551441382616758347e-03
1.654723018873482943e-04 1.522876555100083351e-03
1.299649738939478993e-04 1.489095855504274368e-03
1.190279581351205707e-04 1.488804700784385204e-03
1.369505189359188080e-04 1.518955803476274014e-03
1.476572215324267745e-04 1.505191321484744549e-03
1.246331667061895132e-04 1.515480107627809048e-03
1.156703729066066444e-04 1.529338536784052849e-03
1.195336444652639329e-04 1.526085776276886463e-03
1.307975471718236804e-04 1.521774334833025932e-03
1.295582915190607309e-04 1.503547769971191883e-03
1.223547733388841152e-04 1.483149128034710884e-03
1.102348833228461444e-04 1.491446862928569317e-03
1.112717000069096684e-04 1.504696439951658249e-03
1.176526784547604620e-04 1.518825767561793327e-03
1.253550581168383360e-04 1.505943248048424721e-03
1.185047294711694121e-04 1.488670241087675095e-03
1.106061899918131530e-04 1.483677071519196033e-03
1.047869445756077766e-04 1.494008349254727364e-03
1.059417263604700565e-04 1.489572576247155666e-03
1.087092387024313211e-04 1.486594439484179020e-03
1.122794128605164587e-04 1.486506429500877857e-03
1.139366286224685609e-04 1.488239620812237263e-03
1.139410233008675277e-04 1.486504566855728626e-03
1.100483423215337098e-04 1.475088065490126610e-03
1.049807106028310955e-04 1.468315254896879196e-03
1.009533880278468132e-04 1.471125055104494095e-03
1.002011413220316172e-04 1.466092537157237530e-03
1.000396005110815167e-04 1.467443886213004589e-03
1.009883417282253504e-04 1.467739348299801350e-03
1.023919830913655460e-04 1.469586626626551151e-03
1.054536478477530181e-04 1.474695978686213493e-03
1.079508801922202110e-04 1.475026947446167469e-03
1.121143941418267787e-04 1.487772911787033081e-03
1.171343828900717199e-04 1.494953874498605728e-03
1.284772879444062710e-04 1.503571518696844578e-03
1.420883636455982924e-04 1.523415907286107540e-03
1.701056171441450715e-04 1.563513767905533314e-03
2.016563958022743464e-04 1.631366554647684097e-03
2.660036552697420120e-04 1.679229550063610077e-03
3.066761710215359926e-04 1.729940646328032017e-03
3.784105356317013502e-04 1.714009675197303295e-03
3.492634277790784836e-04 1.636967877857387066e-03
2.978242991957813501e-04 1.521899946965277195e-03
1.709378993837162852e-04 1.457438804209232330e-03
1.053377854987047613e-04 1.511783571913838387e-03
1.317038695560768247e-04 1.605536090210080147e-03
2.056502125924453139e-04 1.684717717580497265e-03
2.814312465488910675e-04 1.652197795920073986e-03
2.773708256427198648e-04 1.587588107213377953e-03
2.362312807235866785e-04 1.497923163697123528e-03
1.488941343268379569e-04 1.462454441934823990e-03
1.017784452415071428e-04 1.491304836235940456e-03
1.177011217805556953e-04 1.548824366182088852e-03
1.631192717468366027e-04 1.592538319528102875e-03
1.991071039810776711e-04 1.552730100229382515e-03
1.832830748753622174e-04 1.516351010650396347e-03
1.410801050951704383e-04 1.471111550927162170e-03
1.032296931953169405e-04 1.479394035413861275e-03
1.009790285024791956e-04 1.512873452156782150e-03
1.272090012207627296e-04 1.526307198219001293e-03
1.489147834945470095e-04 1.534092123620212078e-03
1.549778826301917434e-04 1.493406482040882111e-03
1.344238407909870148e-04 1.463902997784316540e-03
1.071758306352421641e-04 1.447420916520059109e-03
9.363846766063943505e-05 1.459517399780452251e-03
1.021930002025328577e-04 1.491934643127024174e-03
1.215821757796220481e-04 1.497014425694942474e-03
1.353552361251786351e-04 1.501604798249900341e-03
1.422964269295334816e-04 1.486799679696559906e-03
1.324172917520627379e-04 1.468454487621784210e-03
1.161871696240268648e-04 1.465553767047822475e-03
1.004486111924052238e-04 1.456833095289766788e-03
9.392444189870730042e-05 1.464667730033397675e-03
9.433357627131044865e-05 1.462749554775655270e-03
1.005070589599199593e-04 1.467582886107265949e-03
1.110974408220499754e-04 1.476160483434796333e-03
1.202458006446249783e-04 1.482368912547826767e-03
1.302652090089395642e-04 1.504723913967609406e-03
1.362894399790093303e-04 1.503141364082694054e-03
1.468105037929490209e-04 1.515206880867481232e-03
1.499183272244408727e-04 1.508459798060357571e-03
1.599783718120306730e-04 1.516241580247879028e-03
1.589565072208642960e-04 1.510547008365392685e-03
1.593265769770368934e-04 1.508081448264420033e-03
1.485007232986390591e-04 1.499750418588519096e-03
1.417203020537272096e-04 1.488717622123658657e-03
1.285548496525734663e-04 1.475261757150292397e-03
1.186108347610570490e-04 1.468472648411989212e-03
1.078054992831312120e-04 1.456004101783037186e-03
1.002132048597559333e-04 1.455978257581591606e-03
9.453981328988447785e-05 1.445724512450397015e-03
9.162903734249994159e-05 1.450671814382076263e-03
8.958456601249054074e-05 1.441773376427590847e-03
8.814506145427003503e-05 1.444246270693838596e-03
8.698460442246869206e-05 1.436930615454912186e-03
8.608570351498201489e-05 1.440935884602367878e-03
8.541233546566218138e-05 1.441939268261194229e-03
8.534455992048606277e-05 1.443069428205490112e-03
8.579137647757306695e-05 1.442652544938027859e-03
8.704626088729128242e-05 1.442602253518998623e-03
8.980847633210942149e-05 1.448338967747986317e-03
9.595322626410052180e-05 1.461767242290079594e-03
1.081399168469943106e-04 1.489815069362521172e-03
1.383247144985944033e-04 1.559966476634144783e-03
1.989837619476020336e-04 1.710451091639697552e-03
3.621808427851647139e-04 1.983697991818189621e-03
6.006024195812642574e-04 2.473342930898070335e-03
1.138712395913898945e-03 2.504524774849414825e-03
1.138434745371341705e-03 2.049548551440238953e-03
8.015026105567812920e-04 1.542090438306331635e-03
2.555850078351795673e-04 1.935031847096979618e-03
5.762648652307689190e-04 2.275527222082018852e-03
8.414760814048349857e-04 1.639619586057960987e-03
2.827747375704348087e-04 1.599522074684500694e-03
2.450180181767791510e-04 2.094471361488103867e-03
6.221924559213221073e-04 1.856095157563686371e-03
4.482766089495271444e-04 1.541881007142364979e-03
1.574805937707424164e-04 1.695868326351046562e-03
3.018199349753558636e-04 1.784274470992386341e-03
4.014465375803411007e-04 1.601705327630043030e-03
2.122996520483866334e-04 1.598502392880618572e-03
1.938757632160559297e-04 1.678890665061771870e-03
3.012959496118128300e-04 1.677376916632056236e-03
2.234076528111472726e-04 1.581982476636767387e-03
1.427502138540148735e-04 1.650938997045159340e-03
2.515064261388033628e-04 1.692991587333381176e-03
2.151844237232580781e-04 1.563451020047068596e-03
1.291077642235904932e-04 1.582639408297836781e-03
1.897746842587366700e-04 1.614474691450595856e-03
1.965135888895019889e-04 1.519023790024220943e-03
1.241819554707035422e-04 1.533192466013133526e-03
1.573315093992277980e-04 1.587368315085768700e-03
1.806802320061251521e-04 1.519061508588492870e-03
1.170605755760334432e-04 1.513966126367449760e-03
1.293086243094876409e-04 1.544713624753057957e-03
1.572360051795840263e-04 1.480761682614684105e-03
1.213630530401133001e-04 1.458978978917002678e-03
1.062245137291029096e-04 1.512292074039578438e-03
1.336056011496111751e-04 1.498340978287160397e-03
1.207493332913145423e-04 1.474168733693659306e-03
9.909175423672422767e-05 1.498745288699865341e-03
1.120315209846012294e-04 1.500765094533562660e-03
1.190909533761441708e-04 1.480598235502839088e-03
1.018272960209287703e-04 1.474707853049039841e-03
9.563836647430434823e-05 1.475865603424608707e-03
1.077144843293353915e-04 1.472553471103310585e-03
1.093458049581386149e-04 1.460743369534611702e-03
9.463256719755008817e-05 1.453262753784656525e-03
9.213664452545344830e-05 1.468897215090692043e-03
1.018758266582153738e-04 1.475552795454859734e-03
1.004381192615255713e-04 1.455203397199511528e-03
9.068242070497944951e-05 1.448966679163277149e-03
8.782543591223657131e-05 1.458807266317307949e-03
9.462106390856206417e-05 1.463260035961866379e-03
9.674016473582014441e-05 1.460595172829926014e-03
8.953191718319430947e-05 1.441408996470272541e-03
8.451770554529502988e-05 1.441185246221721172e-03
8.739247277844697237e-05 1.452718395739793777e-03
9.092601248994469643e-05 1.444080262444913387e-03
8.934173092711716890e-05 1.439528539776802063e-03
8.397139026783406734e-05 1.432195305824279785e-03
8.227283251471817493e-05 1.434731180779635906e-03
8.458981756120920181e-05 1.443642075173556805e-03
8.645403431728482246e-05 1.436891034245491028e-03
8.506262383889406919e-05 1.437838887795805931e-03
8.172030356945469975e-05 1.432978198863565922e-03
8.009174052858725190e-05 1.430118223652243614e-03
8.070011972449719906e-05 1.432530116289854050e-03
8.214147965190932155e-05 1.428326359018683434e-03
8.240362512879073620e-05 1.433888101018965244e-03
8.102369611151516438e-05 1.426996896043419838e-03
7.904834637884050608e-05 1.425479305908083916e-03
7.808415830368176103e-05 1.427731127478182316e-03
7.803611515555530787e-05 1.426512375473976135e-03
7.877661118982359767e-05 1.428931253030896187e-03
7.911046850495040417e-05 1.422499888576567173e-03
7.897376053733751178e-05 1.426651724614202976e-03
7.813597039785236120e-05 1.422428525984287262e-03
7.717906555626541376e-05 1.421732245944440365e-03
7.628613820997998118e-05 1.419894979335367680e-03
7.578247459605336189e-05 1.418444095179438591e-03
7.558236393379047513e-05 1.419892301782965660e-03
7.559774530818685889e-05 1.416201470419764519e-03
7.572867616545408964e-05 1.419954933226108551e-03
7.580070814583450556e-05 1.416099490597844124e-03
7.590997120132669806e-05 1.418061321601271629e-03
7.590267341583967209e-05 1.412390032783150673e-03
7.596593059133738279e-05 1.417641411535441875e-03
7.598651427542790771e-05 1.414931262843310833e-03
7.621038093930110335e-05 1.419272273778915405e-03
7.647486199857667089e-05 1.414521480910480022e-03
7.720691064605489373e-05 1.421785680577158928e-03
7.830634422134608030e-05 1.416813465766608715e-03
8.052340854192152619e-05 1.427588402293622494e-03
8.374558819923549891e-05 1.423544948920607567e-03
9.038345888257026672e-05 1.447328366339206696e-03
9.992936247726902366e-05 1.450807903893291950e-03
1.202726271003484726e-04 1.501509454101324081e-03
1.470002898713573813e-04 1.534578506834805012e-03
2.073571668006479740e-04 1.627541496418416500e-03
2.629221417009830475e-04 1.697468338534235954e-03
3.766072331927716732e-04 1.752315089106559753e-03
3.858872514683753252e-04 1.691753393970429897e-03
3.833739901892840862e-04 1.565379439853131771e-03
2.229184610769152641e-04 1.423593377694487572e-03
1.038166737998835742e-04 1.448852126486599445e-03
9.937853610608726740e-05 1.559335272759199142e-03
1.832701964303851128e-04 1.644555246457457542e-03
2.714769798330962658e-04 1.614227890968322754e-03
2.503888972569257021e-04 1.514897681772708893e-03
1.812495029298588634e-04 1.437304890714585781e-03
9.650361607782542706e-05 1.428280607797205448e-03
8.164135215338319540e-05 1.480708713643252850e-03
1.284614263568073511e-04 1.528025255538523197e-03
1.663693110458552837e-04 1.523269922472536564e-03
1.648148027015849948e-04 1.458999700844287872e-03
1.136642604251392186e-04 1.429484225809574127e-03
7.945419201860204339e-05 1.448236173018813133e-03
9.085008059628307819e-05 1.493241172283887863e-03
1.227360771736130118e-04 1.506414148025214672e-03
1.366462965961545706e-04 1.468923292122781277e-03
1.136578648583963513e-04 1.436780905351042747e-03
8.693738345755264163e-05 1.419264823198318481e-03
7.816607831045985222e-05 1.443327753804624081e-03
9.035322727868333459e-05 1.455183606594800949e-03
1.076172120519913733e-04 1.463450258597731590e-03
1.074332467396743596e-04 1.450911629945039749e-03
9.656616748543456197e-05 1.423781737685203552e-03
8.264324424089863896e-05 1.422901870682835579e-03
7.788777293171733618e-05 1.419002655893564224e-03
8.202440221793949604e-05 1.448446535505354404e-03
8.946596062742173672e-05 1.438907580450177193e-03
9.218262130161747336e-05 1.442880369722843170e-03
8.702645573066547513e-05 1.430304953828454018e-03
8.114358206512406468e-05 1.417546882294118404e-03
7.604993879795074463e-05 1.422072411514818668e-03
7.448427641065791249e-05 1.417379011400043964e-03
7.702684524701908231e-05 1.442946610040962696e-03
8.111223723972216249e-05 1.421108958311378956e-03
8.386826084461063147e-05 1.434428384527564049e-03
8.404445543419569731e-05 1.415955368429422379e-03
8.280305337393656373e-05 1.430408563464879990e-03
7.864490180509164929e-05 1.414742902852594852e-03
7.475459278794005513e-05 1.419731299392879009e-03
7.171388278948143125e-05 1.415709266439080238e-03
6.993178976699709892e-05 1.410595839843153954e-03
6.956684228498488665e-05 1.415026374161243439e-03
7.078819908201694489e-05 1.408245181664824486e-03
7.255042874021455646e-05 1.428350107744336128e-03
7.562914834124967456e-05 1.412021345458924770e-03
8.012251782929524779e-05 1.441021915525197983e-03
8.650422387290745974e-05 1.424714573659002781e-03
9.638892515795305371e-05 1.469374052248895168e-03
1.093873142963275313e-04 1.448784489184617996e-03
1.248482876690104604e-04 1.506681554019451141e-03
1.413736172253265977e-04 1.478094724006950855e-03
1.503058738308027387e-04 1.513905008323490620e-03
1.533626054879277945e-04 1.474518794566392899e-03
1.404123904649168253e-04 1.481469953432679176e-03
1.417636522091925144e-04 1.522743725217878819e-03
1.646196178626269102e-04 1.563310390338301659e-03
2.384249673923477530e-04 1.682084635831415653e-03
2.988394699059426785e-04 1.716739498078823090e-03
3.965469077229499817e-04 1.699425745755434036e-03
3.407482581678777933e-04 1.578997354954481125e-03
2.679423778317868710e-04 1.476003439165651798e-03
1.484099921071901917e-04 1.447488204576075077e-03
9.957327711163088679e-05 1.456564292311668396e-03
1.171001058537513018e-04 1.522558159194886684e-03
1.576145441504195333e-04 1.582593307830393314e-03
2.158556890208274126e-04 1.585333957336843014e-03
2.425550919724628329e-04 1.577949966304004192e-03
2.321521751582622528e-04 1.469199429266154766e-03
1.474114687880501151e-04 1.409075688570737839e-03
8.284737123176455498e-05 1.437271246686577797e-03
8.609229553258046508e-05 1.482202671468257904e-03
1.289752399316057563e-04 1.531507703475654125e-03
1.583904959261417389e-04 1.484851702116429806e-03
1.414781290804967284e-04 1.450021634809672832e-03
1.101981615647673607e-04 1.439660205505788326e-03
8.534317021258175373e-05 1.431669224984943867e-03
8.258096931967884302e-05 1.453844597563147545e-03
9.630230488255620003e-05 1.467443886213004589e-03
1.137056096922606230e-04 1.461675856262445450e-03
1.229144982062280178e-04 1.458532758988440037e-03
1.044523014570586383e-04 1.418598578311502934e-03
7.922374788904562593e-05 1.414515078067779541e-03
6.793191278120502830e-05 1.438039704225957394e-03
7.832223491277545691e-05 1.445090863853693008e-03
9.443487215321511030e-05 1.457624137401580811e-03
9.830611088545992970e-05 1.436031889170408249e-03
9.472463716519996524e-05 1.425895374268293381e-03
8.447177970083430409e-05 1.416443847119808197e-03
7.509334682254120708e-05 1.409254036843776703e-03
6.999417382758110762e-05 1.423569279722869396e-03
6.914802361279726028e-05 1.415310078300535679e-03
7.223357533803209662e-05 1.418021507561206818e-03
7.869004184613004327e-05 1.420597312971949577e-03
8.610382064944133162e-05 1.425193739123642445e-03
8.859292574925348163e-05 1.424609334208071232e-03
8.784128294792026281e-05 1.427752664312720299e-03
8.402512321481481194e-05 1.418013125658035278e-03
8.117336255963891745e-05 1.421895460225641727e-03
7.727926276857033372e-05 1.402653753757476807e-03
7.420921610901132226e-05 1.413900637999176979e-03
7.040214404696598649e-05 1.405080780386924744e-03
6.743754056515172124e-05 1.410804805345833302e-03
6.499818846350535750e-05 1.405792427249252796e-03
6.371670315274968743e-05 1.405549701303243637e-03
6.325756839942187071e-05 1.405568677000701427e-03
6.326594302663579583e-05 1.396685722284018993e-03
6.321864202618598938e-05 1.401817658916115761e-03
6.297397339949384332e-05 1.399441389366984367e-03
6.282173853833228350e-05 1.404399634338915348e-03
6.279264925979077816e-05 1.400240464136004448e-03
6.340561230899766088e-05 1.403946196660399437e-03
6.490382656920701265e-05 1.400470966473221779e-03
6.801498966524377465e-05 1.410818309523165226e-03
7.396811270155012608e-05 1.417360850609838963e-03
8.750128472456708550e-05 1.459225313737988472e-03
1.133777768700383604e-04 1.499678473919630051e-03
1.769486116245388985e-04 1.643197028897702694e-03
2.810500154737383127e-04 1.852207933552563190e-03
5.379478679969906807e-04 2.120850607752799988e-03
7.384623168036341667e-04 2.302066655829548836e-03
1.023498130962252617e-03 1.945968600921332836e-03
6.160392076708376408e-04 1.463272259570658207e-03
1.973617181647568941e-04 1.535337651148438454e-03
2.139807911589741707e-04 1.844418351538479328e-03
4.757150600198656321e-04 1.864388468675315380e-03
4.741324810311198235e-04 1.497655059210956097e-03
1.536321651656180620e-04 1.476332079619169235e-03
1.287361374124884605e-04 1.747164293192327023e-03
3.517128061503171921e-04 1.704272115603089333e-03
3.562547208275645971e-04 1.525919651612639427e-03
1.780147576937451959e-04 1.422597793862223625e-03
9.780043910723179579e-05 1.563495490700006485e-03
2.162035525543615222e-04 1.652982668019831181e-03
2.438747178530320525e-04 1.467641792260110378e-03
1.136471983045339584e-04 1.481734914705157280e-03
1.251147332368418574e-04 1.612050458788871765e-03
2.071366616291925311e-04 1.507772249169647694e-03
1.544842962175607681e-04 1.481610466726124287e-03
9.726694406708702445e-05 1.498328521847724915e-03
1.334207918262109160e-04 1.488350913859903812e-03
1.435333833796903491e-04 1.481166109442710876e-03
1.139208761742338538e-04 1.442458597011864185e-03
9.885923645924776793e-05 1.482477528043091297e-03
1.162396656582131982e-04 1.492748851887881756e-03
1.129717129515483975e-04 1.457342528738081455e-03
9.780405525816604495e-05 1.463799155317246914e-03
9.514617704553529620e-05 1.450074836611747742e-03
9.788152237888425589e-05 1.440890133380889893e-03
9.110047540161758661e-05 1.472359406761825085e-03
9.372861677547916770e-05 1.440931460820138454e-03
9.145410149358212948e-05 1.439737272448837757e-03
8.082175190793350339e-05 1.447133952751755714e-03
7.961635856190696359e-05 1.442333217710256577e-03
8.724306826479732990e-05 1.457167090848088264e-03
8.457745570922270417e-05 1.425405731424689293e-03
7.269828347489237785e-05 1.422932022251188755e-03
7.155893399612978101e-05 1.442103297449648380e-03
8.001718379091471434e-05 1.423585461452603340e-03
8.068226452451199293e-05 1.429806812666356564e-03
6.989030225668102503e-05 1.419321633875370026e-03
6.568881508428603411e-05 1.412956858985126019e-03
7.180040120147168636e-05 1.430633594281971455e-03
7.574248593300580978e-05 1.416109385900199413e-03
6.992681301198899746e-05 1.416165730915963650e-03
6.396948447218164802e-05 1.414953731000423431e-03
6.544031202793121338e-05 1.408870564773678780e-03
6.944133201614022255e-05 1.426030299626290798e-03
6.911442324053496122e-05 1.411393051967024803e-03
6.500342715298756957e-05 1.408171607181429863e-03
6.318758096313104033e-05 1.414396101608872414e-03
6.430851499317213893e-05 1.406671013683080673e-03
6.556857260875403881e-05 1.410936587490141392e-03
6.423710874514654279e-05 1.400947337970137596e-03
6.239751382963731885e-05 1.400119159370660782e-03
6.221418880159035325e-05 1.403598347678780556e-03
6.308808224275708199e-05 1.394549268297851086e-03
6.338378443615511060e-05 1.403532573021948338e-03
6.201385258464142680e-05 1.399174681864678860e-03
6.054666664567776024e-05 1.399304950609803200e-03
6.006208786857314408e-05 1.402365043759346008e-03
6.078885780880227685e-05 1.397411804646253586e-03
6.157835741760209203e-05 1.402255962602794170e-03
6.141224002931267023e-05 1.393209444358944893e-03
6.056421989342197776e-05 1.397284097038209438e-03
5.953387153567746282e-05 1.396435895003378391e-03
5.907558079343289137e-05 1.393063575960695744e-03
5.906816659262403846e-05 1.396851497702300549e-03
5.924026845605112612e-05 1.393260667100548744e-03
5.920315379626117647e-05 1.397869316861033440e-03
5.887538281967863441e-05 1.392014557495713234e-03
5.848410728503949940e-05 1.395359868183732033e-03
5.817142664454877377e-05 1.395134138874709606e-03
5.812814197270199656e-05 1.393197919242084026e-03
5.827083077747374773e-05 1.393959391862154007e-03
5.854359915247187018e-05 1.391325145959854126e-03
5.881822289666160941e-05 1.393973012454807758e-03
5.908593084313906729e-05 1.391786849126219749e-03
5.939797847531735897e-05 1.394533202983438969e-03
6.001769361319020391e-05 1.395157887600362301e-03
6.108087836764752865e-05 1.395820756442844868e-03
6.329034658847376704e-05 1.403689268045127392e-03
6.693814066238701344e-05 1.406679861247539520e-03
7.436740997945889831e-05 1.425270922482013702e-03
8.579625136917456985e-05 1.438621664419770241e-03
1.099404325941577554e-04 1.488204579800367355e-03
1.429526309948414564e-04 1.539670978672802448e-03
2.129462227458134294e-04 1.628610189072787762e-03
2.754319284576922655e-04 1.702322042547166348e-03
3.855647519230842590e-04 1.726608606986701488e-03
3.737731312867254019e-04 1.616110559552907944e-03
3.187981201335787773e-04 1.507227774709463120e-03
1.628001191420480609e-04 1.409559510648250580e-03
8.395918121095746756e-05 1.479908474721014500e-03
1.169944735011085868e-04 1.548513653688132763e-03
1.867219980340451002e-04 1.595755107700824738e-03
2.312772994628176093e-04 1.562346005812287331e-03
2.004810812650248408e-04 1.493994263000786304e-03
1.653376093599945307e-04 1.486994209699332714e-03
1.211277485708706081e-04 1.435792772099375725e-03
9.884274186333641410e-05 1.447944785468280315e-03
9.096437861444428563e-05 1.460083527490496635e-03
1.030079874908551574e-04 1.479841652326285839e-03
1.267694460693746805e-04 1.491714850999414921e-03
1.192796480609104037e-04 1.431253040209412575e-03
9.066319762496277690e-05 1.421952969394624233e-03
6.478009890997782350e-05 1.435278798453509808e-03
7.159507367759943008e-05 1.443750108592212200e-03
9.728180884849280119e-05 1.464014872908592224e-03
1.013546352623961866e-04 1.414107391610741615e-03
8.363868255401030183e-05 1.405769959092140198e-03
6.322238914435729384e-05 1.415791339240968227e-03
6.385088636307045817e-05 1.416421495378017426e-03
7.646148878848180175e-05 1.440533669665455818e-03
7.977103086886927485e-05 1.409363467246294022e-03
7.369374361587688327e-05 1.404475653544068336e-03
6.686017150059342384e-05 1.410417025908827782e-03
6.668779678875580430e-05 1.403027097694575787e-03
6.735198257956653833e-05 1.416993676684796810e-03
6.452547677326947451e-05 1.401752582751214504e-03
6.167930405354127288e-05 1.413621474057435989e-03
6.254141044337302446e-05 1.418958650901913643e-03
6.697509525110945106e-05 1.410227385349571705e-03
6.918350845808163285e-05 1.414047204889357090e-03
6.701725942548364401e-05 1.402372377924621105e-03
6.136059528216719627e-05 1.401054440066218376e-03
5.715873339795507491e-05 1.404954935424029827e-03
5.659159432980231941e-05 1.397812622599303722e-03
5.811803202959708869e-05 1.403805566951632500e-03
5.939923357800580561e-05 1.395273953676223755e-03
5.919767500017769635e-05 1.401719287969172001e-03
