1.464282840490341298e-01 1.388409048318862971e-01
1.299103021621704213e-01 1.253814995288848877e-01
1.158651769161224421e-01 1.147399768233299255e-01
1.048930346965789850e-01 1.058102428913116483e-01
9.606366008520125788e-02 9.821575880050659180e-02
8.820957094430922907e-02 9.177964478731155673e-02
8.085338473320007047e-02 8.611616343259811956e-02
7.575358077883720398e-02 8.101435750722885132e-02
7.055932581424713412e-02 7.652384638786316473e-02
6.580633297562599182e-02 7.255768179893493097e-02
6.176733821630477766e-02 6.899862140417098444e-02
5.878180712461471280e-02 6.569676399230957309e-02
5.559994950890541354e-02 6.282783448696135919e-02
5.266921147704124728e-02 6.025491356849670133e-02
5.026701167225837430e-02 5.790559947490692139e-02
4.795656278729439059e-02 5.572874248027801652e-02
4.583033472299576083e-02 5.370914191007614136e-02
4.413014054298401018e-02 5.179524570703506609e-02
4.219921231269836703e-02 5.009064674377441267e-02
4.070411175489425937e-02 4.848816841840743880e-02
3.923095241189002852e-02 4.698370099067687711e-02
3.810142278671264926e-02 4.557288140058517178e-02
3.682507239282131056e-02 4.429719746112823625e-02
3.569855317473411699e-02 4.307486563920974454e-02
3.475719913840293745e-02 4.191949069499969344e-02
3.373226970434188565e-02 4.084440171718597273e-02
3.295643627643585205e-02 3.977942615747451921e-02
3.219995498657226424e-02 3.877540230751037875e-02
3.148141205310821256e-02 3.781728893518447598e-02
3.069855943322181632e-02 3.692304939031600813e-02
3.006956428289413522e-02 3.605988621711730957e-02
2.950722649693489005e-02 3.524982631206512174e-02
2.893961966037750244e-02 3.452085703611373901e-02
2.848269380629062791e-02 3.381617218255996565e-02
2.797140851616859367e-02 3.317860513925552368e-02
2.752717062830924849e-02 3.260371088981628418e-02
2.715885415673256059e-02 3.210843950510024886e-02
2.677084840834140916e-02 3.165423646569252153e-02
2.644570618867874215e-02 3.123467862606048653e-02
2.616753168404102256e-02 3.080152869224548479e-02
2.582976818084716658e-02 3.046115785837173393e-02
2.560397870838642190e-02 3.012093305587768693e-02
2.535095736384391715e-02 2.979060932993888786e-02
2.511284835636615892e-02 2.951255217194557329e-02
2.488388232886791160e-02 2.926136404275894026e-02
2.467883862555026939e-02 2.905460745096206596e-02
2.450341321527958055e-02 2.880011126399040222e-02
2.433301992714404990e-02 2.854436933994293144e-02
2.411711961030960083e-02 2.835804000496864458e-02
2.395100332796573639e-02 2.814865931868553231e-02
2.378644272685050826e-02 2.798171788454055856e-02
2.363324053585529397e-02 2.778884768486022949e-02
2.347310669720172743e-02 2.762855961918830872e-02
2.333243563771247864e-02 2.752540558576583793e-02
2.319206632673740526e-02 2.743423059582710336e-02
2.306292206048965454e-02 2.732091024518013000e-02
2.297095879912376334e-02 2.720369249582290511e-02
2.282217107713222642e-02 2.713135257363319397e-02
2.274739146232605119e-02 2.703128680586814811e-02
2.262230925261974473e-02 2.692139819264411857e-02
2.249981798231601854e-02 2.681210860610008101e-02
2.239963561296463151e-02 2.671594172716140747e-02
2.229861430823803017e-02 2.665473967790603707e-02
2.221604809165000916e-02 2.659857869148254256e-02
2.214203514158725669e-02 2.658816352486610343e-02
2.204670868813991477e-02 2.652120366692543169e-02
2.196029014885425568e-02 2.642209604382515092e-02
2.188107483088970115e-02 2.632123604416847229e-02
2.179334014654159615e-02 2.621447145938873152e-02
2.172402180731296609e-02 2.612434774637222359e-02
2.165033258497715135e-02 2.604797556996345589e-02
2.156974337995052476e-02 2.597563639283180167e-02
2.150814048945903778e-02 2.592853605747223039e-02
2.144154347479343414e-02 2.584438323974609306e-02
2.136901393532752991e-02 2.576715648174286027e-02
2.130834013223648071e-02 2.570191770792007446e-02
2.125281952321529319e-02 2.565140798687935014e-02
2.120620422065257887e-02 2.562703564763069153e-02
2.114522159099578927e-02 2.558440342545509338e-02
2.109048478305339952e-02 2.551480159163475175e-02
2.104154750704765459e-02 2.542319819331169059e-02
2.100528776645660400e-02 2.536546289920806746e-02
2.093931250274181505e-02 2.532921135425567766e-02
2.091784067451953749e-02 2.528789564967155387e-02
2.085282392799854209e-02 2.520248815417289873e-02
2.079555466771125863e-02 2.516062930226325989e-02
2.074276246130466600e-02 2.515079155564308236e-02
2.074806056916713576e-02 2.516849115490913530e-02
2.068230137228965759e-02 2.516118809580802917e-02
2.061508595943450928e-02 2.513362392783164909e-02
2.058492079377174239e-02 2.518764659762382646e-02
2.054660469293594430e-02 2.518831938505172729e-02
2.051027454435825487e-02 2.519122809171676566e-02
2.045578137040138245e-02 2.514577209949493339e-02
2.042657285928726335e-02 2.513354867696761946e-02
2.038255706429481506e-02 2.508901730179786613e-02
2.033896632492542336e-02 2.507270276546478410e-02
2.030184008181095193e-02 2.504283115267753532e-02
2.026279419660568376e-02 2.502972185611724784e-02
2.025034725666046212e-02 2.509432733058929513e-02
2.020376995205879281e-02 2.513263672590255668e-02
2.017151117324829032e-02 2.515394240617752075e-02
2.013320699334144454e-02 2.516271695494651933e-02
2.010680995881557534e-02 2.509588375687599182e-02
2.005190625786781172e-02 2.508037090301513602e-02
2.001081407070159912e-02 2.500734552741050790e-02
1.997304148972034454e-02 2.495208606123924117e-02
1.993121951818466187e-02 2.487759962677955558e-02
1.989988125860691140e-02 2.481813356280326843e-02
1.987000517547130723e-02 2.480917498469352792e-02
1.983201280236244340e-02 2.473499998450279236e-02
1.979289613664150099e-02 2.464879229664802482e-02
1.977294422686099937e-02 2.460558414459228585e-02
1.973504461348056863e-02 2.455610185861587663e-02
1.969892308115959306e-02 2.450965344905853271e-02
1.964397989213466714e-02 2.454156354069709708e-02
1.960474513471126626e-02 2.459269389510154724e-02
1.955961361527442863e-02 2.462712153792381148e-02
1.952290534973144531e-02 2.464365288615226815e-02
1.948138959705829690e-02 2.468856200575828691e-02
1.945973932743072510e-02 2.475129738450050285e-02
1.939838267862796853e-02 2.467876002192497323e-02
1.933580096811056068e-02 2.459020018577575545e-02
1.929117850959300925e-02 2.454300895333290031e-02
1.923587620258331368e-02 2.453508898615837028e-02
1.917174123227596144e-02 2.464358061552047660e-02
1.911088079214096069e-02 2.466879487037658761e-02
1.906350813806056976e-02 2.467636093497276376e-02
1.894199326634406905e-02 2.458906695246696611e-02
1.884161159396171431e-02 2.452754452824592452e-02
1.872182786464691301e-02 2.452565729618072510e-02
1.857847720384597778e-02 2.448232173919677804e-02
1.836830154061317583e-02 2.445777505636215210e-02
1.811416186392307212e-02 2.453056648373603751e-02
1.767233405262231757e-02 2.450985535979271004e-02
1.831602957099676132e-02 2.393729165196418693e-02
1.821049004793167184e-02 2.400261238217353890e-02
1.815241686999797752e-02 2.403440773487091134e-02
1.853582188487052848e-02 2.425768673419952462e-02
1.820470616221427779e-02 2.466620281338691850e-02
1.816095709800720145e-02 2.452318519353866716e-02
1.784858666360378265e-02 2.433115392923355241e-02
1.771157719194888999e-02 2.411685958504676888e-02
1.739429309964179993e-02 2.385442107915878435e-02
1.700265426188707352e-02 2.381223663687705855e-02
1.693366654217243195e-02 2.312799096107482841e-02
1.664787791669368813e-02 2.330820634961128235e-02
1.673359982669353485e-02 2.368975728750228812e-02
1.672333814203739305e-02 2.345458716154098441e-02
1.654558833688497474e-02 2.307726144790649483e-02
1.646605432033538749e-02 2.304132953286170890e-02
1.643148064613342285e-02 2.319825068116188049e-02
1.632976308465004106e-02 2.330893129110336165e-02
1.644867770373821189e-02 2.279809042811393668e-02
1.617877595126628737e-02 2.291974350810050895e-02
1.616185978055000375e-02 2.303675189614295959e-02
1.599085163325071265e-02 2.280573993921279977e-02
1.600834056735038827e-02 2.257433012127876143e-02
1.579996645450592110e-02 2.234569936990737915e-02
1.579713877290487428e-02 2.207050248980522295e-02
1.568177267909049918e-02 2.232081741094589164e-02
1.561126951128244400e-02 2.249359413981437752e-02
1.572468243539333274e-02 2.245217487215995719e-02
1.565668024122714858e-02 2.238387241959571838e-02
1.554650235921144555e-02 2.273094132542610030e-02
1.551561057567596436e-02 2.242363393306732317e-02
1.553911771625280346e-02 2.226184085011482378e-02
1.546522118151187966e-02 2.183504626154899458e-02
1.535409484058618615e-02 2.171241044998168876e-02
1.512807626277208259e-02 2.197120934724807600e-02
1.505253240466117824e-02 2.220342159271240096e-02
1.510150730609893799e-02 2.171846926212310860e-02
1.507240794599056313e-02 2.150709182024002075e-02
1.500301454216241767e-02 2.181462571024894714e-02
1.481248736381530692e-02 2.144751623272895744e-02
1.491453014314174721e-02 2.150953710079193254e-02
1.485926210880279472e-02 2.174151986837387016e-02
1.480678617954254116e-02 2.144261077046394348e-02
1.490938663482666016e-02 2.147751376032829354e-02
1.494584269821643864e-02 2.150901108980178902e-02
1.475599296391010354e-02 2.132943347096443246e-02
1.457514949142932857e-02 2.093128189444542001e-02
1.451027914881706203e-02 2.117261514067649703e-02
1.465747691690921783e-02 2.148446664214134078e-02
1.454788036644458736e-02 2.108438611030578544e-02
1.437789089977741311e-02 2.152396067976951669e-02
1.435187608003616298e-02 2.144282534718513350e-02
1.427811495959758689e-02 2.043158411979675154e-02
1.422493215650320018e-02 2.056487873196601729e-02
1.413803435862064431e-02 2.063381820917129655e-02
1.415789276361465419e-02 2.021021023392677307e-02
1.399708241224289010e-02 2.095254361629485945e-02
1.398726310580968892e-02 2.046140953898429801e-02
1.391409337520599365e-02 2.059209868311882158e-02
1.390278823673725059e-02 2.071328312158584456e-02
1.383705642074346473e-02 2.032771930098533492e-02
1.377284657210111653e-02 1.989701241254806380e-02
1.373075395822525094e-02 2.042479291558265547e-02
1.393841300159692764e-02 2.017180174589157035e-02
1.374876331537961890e-02 1.978049054741859436e-02
1.400370988994836807e-02 2.012964710593223572e-02
1.353150643408298527e-02 2.097961008548736642e-02
1.361618060618638958e-02 2.008987963199615479e-02
1.354653909802436794e-02 1.963145285844802856e-02
1.371285486966371606e-02 1.983670219779014657e-02
1.340258195996284554e-02 1.962275952100753923e-02
1.332335546612739563e-02 1.995475441217422347e-02
1.337484829127788544e-02 2.004066854715347290e-02
1.327868606895208324e-02 1.967839449644088676e-02
1.329958364367484977e-02 1.887682005763053825e-02
1.338001452386379173e-02 1.910133659839630127e-02
1.319110989570617710e-02 1.993581205606460502e-02
1.352133452892303501e-02 1.967335790395736625e-02
1.353811789304018055e-02 1.930366754531860282e-02
1.299938447773456643e-02 2.056904360651969771e-02
1.372061073780059780e-02 1.932181045413017273e-02
1.301332041621208226e-02 1.961797326803207259e-02
1.424530949443578685e-02 1.965467855334281783e-02
1.321327388286590646e-02 2.012459188699722290e-02
1.365659981966018711e-02 1.912939101457595756e-02
1.338527295738458668e-02 1.942203640937805245e-02
1.319793481379747356e-02 2.003526091575622697e-02
1.291553042829036643e-02 1.916884779930114885e-02
1.276192795485258172e-02 1.846798658370971818e-02
1.311169266700744698e-02 1.845712438225746016e-02
1.254322845488786697e-02 2.071893513202667167e-02
1.334793381392955849e-02 1.873732954263686995e-02
1.324674598872661521e-02 1.918494328856468201e-02
1.312688291072845390e-02 1.984202861785888672e-02
1.294249501079320838e-02 2.076218873262405257e-02
1.307669412344694172e-02 1.877316012978553703e-02
1.270520202815532754e-02 1.831311956048011641e-02
1.249719839543104137e-02 1.911582797765731812e-02
1.254019159823656013e-02 1.826541051268577506e-02
1.242001205682754551e-02 1.822860762476920943e-02
1.214579753577709267e-02 1.889980137348174979e-02
1.241423357278108666e-02 1.862925738096237252e-02
1.213401779532432591e-02 1.831656247377395560e-02
1.224638335406780243e-02 1.843398213386535783e-02
1.228236164897680317e-02 1.870285496115684648e-02
1.214321758598089183e-02 1.827415823936462402e-02
1.225368436425924336e-02 1.826259568333625863e-02
1.206885538995266030e-02 1.848794966936111520e-02
1.210261061787605216e-02 1.814314499497413774e-02
1.208647098392248188e-02 1.881970688700675826e-02
1.233141403645277023e-02 1.830669194459915231e-02
1.203681658953428303e-02 1.820484921336174011e-02
1.182564627379179001e-02 1.894164457917213440e-02
1.207809057086706161e-02 1.850707232952118059e-02
1.221386827528476646e-02 1.814467385411262443e-02
1.222201492637395824e-02 1.846781969070434432e-02
1.220002882182598045e-02 1.888799667358398438e-02
1.181880179792642663e-02 1.813292354345321516e-02
1.222197189927101170e-02 1.839677095413207869e-02
1.238609887659549748e-02 1.821855083107948303e-02
1.207528933882713248e-02 1.837183311581611772e-02
1.201047450304031441e-02 1.856648027896880965e-02
1.199209950864315102e-02 1.801340430974960466e-02
1.202919371426105534e-02 1.800886765122413496e-02
1.170649752020835876e-02 1.839745491743087838e-02
1.178459618240594933e-02 1.780393272638320853e-02
1.152770295739173959e-02 1.804440543055534432e-02
1.141327340155839920e-02 1.721630245447158813e-02
1.165362540632486343e-02 1.757344231009483337e-02
1.139149367809295585e-02 1.768976524472236703e-02
1.132203955203294789e-02 1.754550337791442940e-02
1.138133183121681213e-02 1.797087639570236345e-02
1.148327924311160972e-02 1.794060990214347770e-02
1.135806720703840325e-02 1.805042028427123954e-02
1.126834116876125266e-02 1.726817786693573067e-02
1.147688142955303157e-02 1.707481890916824271e-02
1.144457124173641274e-02 1.797351688146591256e-02
1.119949538260698284e-02 1.706952601671218872e-02
1.140281222760677372e-02 1.773937493562698434e-02
1.150451134890317917e-02 1.781593933701515128e-02
1.173525638878345455e-02 1.752202659845352242e-02
1.142041236162185704e-02 1.879122927784919808e-02
1.152260992676019599e-02 1.759705618023872306e-02
1.161591857671737636e-02 1.723328903317451408e-02
1.140044759958982502e-02 1.816385090351104598e-02
1.123960409313440323e-02 1.763795539736747603e-02
1.134650819003582035e-02 1.745928823947906494e-02
1.112885884940624168e-02 1.736955717206001282e-02
1.121963802725076641e-02 1.714406907558441162e-02
1.124702710658311879e-02 1.710316091775894096e-02
1.115051098167896271e-02 1.871314346790313790e-02
1.125311478972434998e-02 1.781328096985817025e-02
1.169198267161846230e-02 1.716729775071144243e-02
1.122624203562736477e-02 1.857732385396957536e-02
1.152607146650552750e-02 1.725142523646354745e-02
1.114762723445892299e-02 1.753217428922653268e-02
1.115096621215343545e-02 1.723866462707519462e-02
1.142275780439376900e-02 1.818445995450019767e-02
1.177204251289367710e-02 1.848154217004776070e-02
1.228790134191513027e-02 1.807843297719955583e-02
1.271769683808088303e-02 1.839047148823737959e-02
1.195606868714094162e-02 1.952788680791854928e-02
1.213789992034435342e-02 1.751375198364257812e-02
1.128854248672723701e-02 1.733632981777191023e-02
1.129484791308641399e-02 1.757986098527908325e-02
1.120077036321163143e-02 1.713382825255393982e-02
1.096409689635038411e-02 1.817869618535041670e-02
1.108149625360965729e-02 1.747537031769752502e-02
1.095601916313171387e-02 1.718483418226241996e-02
1.088152285665273597e-02 1.715825498104095459e-02
1.068233139812946320e-02 1.689563095569610734e-02
1.082220599055290153e-02 1.730658039450645377e-02
1.087577939033508231e-02 1.723921895027160506e-02
1.068920288234949043e-02 1.683152094483375549e-02
1.081436146050691535e-02 1.737245544791221619e-02
1.075140535831451381e-02 1.652995049953460624e-02
1.056755892932415009e-02 1.691250205039978097e-02
1.080214213579893182e-02 1.722920835018158098e-02
1.056213118135929108e-02 1.684125140309333801e-02
1.065954770892858436e-02 1.708477735519409180e-02
1.068171504884958198e-02 1.699062064290046692e-02
1.066691111773252452e-02 1.701052561402320931e-02
1.058192495256662403e-02 1.752072498202323844e-02
1.056940313428640296e-02 1.655329838395118783e-02
1.056887954473495483e-02 1.683301776647567680e-02
1.073275916278362309e-02 1.642141491174697876e-02
1.056712456047534908e-02 1.646124199032783508e-02
1.028540879487991298e-02 1.712816581130027771e-02
1.050126515328884090e-02 1.668799817562103410e-02
1.026828624308109318e-02 1.724929884076118608e-02
1.048248335719108651e-02 1.734399423003196716e-02
1.067678090184926917e-02 1.794871017336845467e-02
1.084927339106798137e-02 1.691235899925231864e-02
1.049115490168333123e-02 1.644225716590881278e-02
1.115696839988231624e-02 1.913994774222373824e-02
1.139953732490539551e-02 1.694742217659950256e-02
1.039706543087959290e-02 1.684538424015045305e-02
1.089396607130765915e-02 1.710983738303184509e-02
1.059835422784089973e-02 1.650407090783119132e-02
1.076268851757049630e-02 1.768857166171073844e-02
1.067559402436018060e-02 1.735873445868492057e-02
1.114617697894573246e-02 1.739673987030982902e-02
1.039836537092924187e-02 1.653585284948349068e-02
1.039456669241189957e-02 1.621464863419532637e-02
1.004855111241340603e-02 1.682149991393089294e-02
1.031485293060541153e-02 1.686367914080619951e-02
1.002392098307609489e-02 1.631151884794235229e-02
1.016811262816190789e-02 1.638932600617408822e-02
1.013968046754598618e-02 1.671876460313797066e-02
9.989763423800469139e-03 1.652971208095550468e-02
1.011781562119722436e-02 1.678762510418891837e-02
1.002388931810855796e-02 1.634900793433189531e-02
9.928769990801810871e-03 1.612463369965553422e-02
9.953804127871990898e-03 1.644054874777793954e-02
9.884938783943652413e-03 1.694481000304222038e-02
1.001173108816146885e-02 1.634866818785667489e-02
9.999861381947994579e-03 1.678613945841789246e-02
1.015221960842609475e-02 1.803655102849006583e-02
1.046270430088043144e-02 1.675779893994331499e-02
1.038315817713737418e-02 1.750309467315673898e-02
1.049403548240661690e-02 1.723864004015922616e-02
1.038270480930805241e-02 1.628814116120338301e-02
1.021379791200160980e-02 1.660877168178558419e-02
9.999238327145576824e-03 1.713915243744850228e-02
1.033551972359418938e-02 1.748927310109138489e-02
1.064114738255739212e-02 1.659872457385063241e-02
1.049054153263568809e-02 1.707463860511779924e-02
1.057051736861467327e-02 1.730619370937347412e-02
9.976490400731563568e-03 1.640891581773757865e-02
9.967126511037349354e-03 1.660649478435516357e-02
9.713958390057087292e-03 1.594105362892150879e-02
9.861872345209122398e-03 1.635519713163375785e-02
9.730554558336735119e-03 1.598784849047660966e-02
9.661970846354960701e-03 1.649484336376190116e-02
9.768025204539298317e-03 1.629852652549743791e-02
9.805471636354923248e-03 1.639799475669860909e-02
9.766176901757716786e-03 1.636964380741119315e-02
9.581688325852155685e-03 1.631084606051445146e-02
9.817587584257126201e-03 1.635110378265380859e-02
9.758951887488365867e-03 1.672087907791137626e-02
1.014732569456100464e-02 1.713855713605880876e-02
9.931891411542891762e-03 1.607553511857986311e-02
9.630816988646984100e-03 1.689250171184539934e-02
9.709834121167659760e-03 1.729639545083045890e-02
1.001480929553508724e-02 1.697254925966262817e-02
1.006776560097932816e-02 1.615265235304832320e-02
1.038864627480506897e-02 1.718637347221374512e-02
1.092639248818159069e-02 1.738716065883636613e-02
1.035559903830289910e-02 1.588859111070633004e-02
1.067288592457771301e-02 1.818765476346016069e-02
1.061407914385199477e-02 1.982915997505187850e-02
1.236820202320814202e-02 1.821865662932396074e-02
1.061463728547096252e-02 1.706429943442344666e-02
1.120288521051406895e-02 1.697875782847404341e-02
1.021992731839418446e-02 1.866878643631935189e-02
1.110404953360557591e-02 1.758920922875404497e-02
1.042516380548477208e-02 1.620941311120987008e-02
1.037102360278368066e-02 1.660629957914352278e-02
1.019422132521867821e-02 1.643683463335037301e-02
9.731370396912098278e-03 1.648517102003097673e-02
9.576514177024365165e-03 1.636829972267150879e-02
9.936885721981526115e-03 1.617666780948638985e-02
1.136341933161020244e-02 1.894569620490074019e-02
1.137531343847513268e-02 1.820342913269996574e-02
1.064101979136466980e-02 1.715244650840759208e-02
1.049884967505931854e-02 1.639491319656372070e-02
9.678960964083670876e-03 1.733065322041511466e-02
9.954093769192696312e-03 1.550581902265548741e-02
9.455854445695877422e-03 1.627327278256416460e-02
9.622188284993171692e-03 1.632845476269722054e-02
9.469755925238132477e-03 1.595239564776420454e-02
9.303389303386210701e-03 1.517339274287223851e-02
9.207155741751193306e-03 1.578403785824775835e-02
9.246878139674664238e-03 1.605064049363136292e-02
9.130846336483955036e-03 1.574681252241134574e-02
9.202325530350208976e-03 1.569587588310241560e-02
9.128001332283020713e-03 1.560437977313995292e-02
9.224981442093849529e-03 1.600406914949416975e-02
9.208646975457668651e-03 1.601417884230613847e-02
9.557824209332465779e-03 1.577563360333442827e-02
9.410350117832422256e-03 1.624226942658424377e-02
9.690588433295488011e-03 1.694184020161628584e-02
9.602309390902518532e-03 1.636123508214950423e-02
9.106499142944812775e-03 1.690526381134986947e-02
9.681663103401660572e-03 1.697714924812316825e-02
9.730065986514092186e-03 1.613649874925613542e-02
9.484492987394333580e-03 1.632501482963561942e-02
9.366788715124130943e-03 1.582474783062935014e-02
9.281777963042258522e-03 1.594331339001655440e-02
9.449096396565437317e-03 1.683594360947609017e-02
9.099150635302066456e-03 1.739646419882774284e-02
9.768674988299608578e-03 1.874488331377506187e-02
1.087961420416832040e-02 1.569313481450080802e-02
1.042868364602327416e-02 1.646749377250671456e-02
9.621427021920680653e-03 1.811371520161628862e-02
1.020669173449277947e-02 1.722705662250518729e-02
9.727308154106139790e-03 1.645223200321197649e-02
9.155954141169786800e-03 1.599180251359939506e-02
1.020652670413255657e-02 1.736893206834793160e-02
9.889377746731042862e-03 1.928892061114311288e-02
1.059261457994580338e-02 1.674196496605873108e-02
1.000197660177946056e-02 1.601018533110618730e-02
9.595635347068309784e-03 1.566155329346656869e-02
9.525490738451481559e-03 1.654506698250770430e-02
9.274199604988098145e-03 1.677228957414627145e-02
9.296909440308809280e-03 1.551566943526267936e-02
9.095282852649688374e-03 1.553462967276573146e-02
8.858874998986720692e-03 1.656672358512878418e-02
9.159631747752427361e-03 1.734663471579551627e-02
1.002954952418804238e-02 1.693330258131027152e-02
1.039437474682927166e-02 1.717313081026077340e-02
9.520282596349715840e-03 1.667313650250434875e-02
9.053423814475537040e-03 1.598714590072631767e-02
9.069329872727394798e-03 1.597692221403122087e-02
9.395641647279262890e-03 1.638641804456710677e-02
9.197388961911200783e-03 1.596522852778434892e-02
9.571801498532294880e-03 1.538710370659828255e-02
9.139557927846908222e-03 1.692811101675033639e-02
9.324543364346026680e-03 1.647142171859741072e-02
9.001613967120647777e-03 1.747779622673988412e-02
8.897725865244865764e-03 1.558577269315719604e-02
8.903029002249240528e-03 1.580448821187019348e-02
8.989777229726315239e-03 1.644868329167365958e-02
9.086946677416562340e-03 1.622776836156845232e-02
8.862153254449367176e-03 1.557850763201713493e-02
8.717547170817852020e-03 1.665062010288238456e-02
8.881282433867454876e-03 1.531807333230972290e-02
8.632942102849483490e-03 1.535694897174835240e-02
8.582942374050616524e-03 1.590623632073402335e-02
8.649609051644802094e-03 1.622660756111144950e-02
8.615930005908012737e-03 1.581417024135589600e-02
8.750970847904682506e-03 1.672854721546173165e-02
8.717463631182909706e-03 1.586925536394119193e-02
8.850976079702376625e-03 1.579692959785461426e-02
8.591907471418381084e-03 1.545376479625701870e-02
8.648092113435267708e-03 1.684557273983955383e-02
8.723869360983372082e-03 1.603721231222152849e-02
8.686862885951995850e-03 1.620562896132469316e-02
9.188970737159251473e-03 1.652961671352386544e-02
8.626731671392917286e-03 1.653514131903648446e-02
9.020702447742223740e-03 1.707561463117599626e-02
8.544918242841958653e-03 1.687848493456840446e-02
8.828847296535968434e-03 1.615829914808273454e-02
8.937301672995090138e-03 1.640127077698707442e-02
8.845776785165071487e-03 1.575111374258995195e-02
8.834879472851752888e-03 1.760674044489860673e-02
9.012492559850215218e-03 1.636320501565933366e-02
9.289960190653801658e-03 1.676182970404625078e-02
1.112640481442212989e-02 1.631125435233116150e-02
1.060330346226692234e-02 1.707448288798332076e-02
1.042519211769104073e-02 1.941093578934669633e-02
9.883648809045552860e-03 1.653453558683395247e-02
9.951985627412795327e-03 1.623004749417305062e-02
9.316998720169066689e-03 1.744240596890449593e-02
9.400859661400317452e-03 1.771993190050125122e-02
9.337282646447420467e-03 1.576250717043876579e-02
9.667056798934935830e-03 1.554366275668144295e-02
8.738145697861909866e-03 1.725270152091979911e-02
8.922812342643738487e-03 1.654273271560668945e-02
8.943852223455905220e-03 1.535327062010765145e-02
9.283779375255107186e-03 1.528106033802032436e-02
8.694344386458396218e-03 1.606256514787673950e-02
8.891456574201584556e-03 1.611002683639526506e-02
8.686330541968345989e-03 1.524030640721321141e-02
8.723256923258305290e-03 1.534980535507202148e-02
8.553763106465338967e-03 1.621516346931457450e-02
8.827426750212908485e-03 1.513302996754646232e-02
8.804883249104023327e-03 1.520254015922546317e-02
9.085392393171787956e-03 1.578506007790565421e-02
8.912655152380466114e-03 1.713116541504859994e-02
8.832571655511855732e-03 1.542919501662254333e-02
9.372399561107159008e-03 1.652468591928481917e-02
1.021565683186054230e-02 1.702058985829353263e-02
1.041300948709249566e-02 1.694589108228683472e-02
1.118591595441103051e-02 1.820864900946617126e-02
1.122093442827463115e-02 1.641603633761406014e-02
1.022468991577625205e-02 1.711197867989540031e-02
9.941775910556316029e-03 1.928508803248405595e-02
9.986124932765960693e-03 1.633185818791389396e-02
9.844494611024856220e-03 1.597803235054016252e-02
9.515019506216049541e-03 1.694354340434074332e-02
8.942355215549469688e-03 1.843666061758995195e-02
9.776033647358416817e-03 1.713432297110557487e-02
9.485790506005287170e-03 1.581271663308143546e-02
8.727796748280525554e-03 1.575444489717483382e-02
8.534733764827251087e-03 1.646325439214706490e-02
9.001458995044231415e-03 1.508106067776679958e-02
8.537321165204048851e-03 1.619496345520019670e-02
8.741309680044651725e-03 1.515998914837837254e-02
8.678445126861333847e-03 1.496937498450279236e-02
8.638335857540369034e-03 1.528356745839118923e-02
8.719650842249394157e-03 1.536325961351394688e-02
8.656684495508670113e-03 1.528805196285247872e-02
8.499307651072740208e-03 1.531439349055290292e-02
8.608075417578220020e-03 1.527775973081588710e-02
8.401667419821023247e-03 1.493034586310386727e-02
8.225166797637939106e-03 1.653258427977561881e-02
8.354780822992324482e-03 1.583749577403068681e-02
8.119446225464344025e-03 1.516057774424552952e-02
8.168573305010796287e-03 1.516140475869178807e-02
8.092939760535955776e-03 1.593156531453132629e-02
8.125437796115875591e-03 1.514384970068931649e-02
8.525082841515541077e-03 1.628800109028816223e-02
8.262192830443382263e-03 1.559672653675079311e-02
8.474707603454589844e-03 1.624082922935485979e-02
8.472743071615695606e-03 1.838464364409446786e-02
9.632714651525020252e-03 1.691659912467002869e-02
9.840475395321846008e-03 1.603681370615959306e-02
8.610233291983604084e-03 1.864177212119102339e-02
9.059264883399009358e-03 1.574988365173339913e-02
8.967837877571582447e-03 1.579438373446464400e-02
9.315766394138336182e-03 1.598812341690063546e-02
9.100620076060295452e-03 1.649864688515663078e-02
9.081653691828251232e-03 1.641356498003005912e-02
9.263827279210091331e-03 1.553696095943450997e-02
8.750052936375141838e-03 1.730333790183067461e-02
9.464813396334648132e-03 1.616962105035781722e-02
8.930478058755398491e-03 1.601239293813705444e-02
9.509220719337463379e-03 1.691027432680130074e-02
9.531391784548759460e-03 1.906432360410690446e-02
9.251083061099053123e-03 1.595494672656059404e-02
8.980131149291992534e-03 1.608643606305122306e-02
9.444586746394634941e-03 1.518165469169616665e-02
8.544787019491194985e-03 1.582303792238235612e-02
8.532921969890593789e-03 1.582440659403800895e-02
8.486104197800159454e-03 1.535774916410446132e-02
8.538121171295643547e-03 1.558672860264778172e-02
8.463914599269628178e-03 1.575985848903655936e-02
8.485130220651625893e-03 1.560139432549476589e-02
8.325195312500000347e-03 1.475424021482467721e-02
8.304365910589694977e-03 1.653638482093811035e-02
8.123331237584352493e-03 1.614813357591628890e-02
8.575056679546833038e-03 1.539238318800926174e-02
8.169922791421414116e-03 1.513078138232231210e-02
8.359567448496817849e-03 1.555675864219665562e-02
8.143017441034317364e-03 1.556844934821128776e-02
8.349524065852164528e-03 1.549896150827407768e-02
8.189018815755844116e-03 1.611313000321388383e-02
7.991129625588655125e-03 1.519606336951255868e-02
8.030166476964950215e-03 1.941840648651122977e-02
8.909397386014461170e-03 1.534886807203292812e-02
8.330249693244695663e-03 1.652135103940963884e-02
8.620716258883475910e-03 1.660484522581100533e-02
8.622017689049243927e-03 1.532230302691459621e-02
8.798618335276842117e-03 1.724919751286506722e-02
8.394277654588222504e-03 1.593405529856681963e-02
8.634511008858680378e-03 2.445962280035018921e-02
9.054978191852570274e-03 1.767501980066299438e-02
8.974538743495940815e-03 1.852679625153541565e-02
8.738983422517776489e-03 1.695181652903556685e-02
9.023146703839302063e-03 1.706618219614029069e-02
8.133143372833728096e-03 1.524331495165824960e-02
8.444865047931671836e-03 1.577693298459053109e-02
9.030946902930736889e-03 1.762097701430320740e-02
8.645054697990418174e-03 1.550688445568084751e-02
9.666939266026020050e-03 1.707951277494430473e-02
9.621532727032899510e-03 1.581498011946678300e-02
9.199254028499127128e-03 1.663281992077827315e-02
9.191215224564074776e-03 1.654456257820129464e-02
9.166678600013255379e-03 1.613528579473495414e-02
8.959141932427883495e-03 1.683478504419326852e-02
9.053645096719265331e-03 1.596997827291488786e-02
8.538788184523582458e-03 1.547198891639709438e-02
9.038647916167975166e-03 1.520781740546226467e-02
8.147515729069710125e-03 1.941114664077758789e-02
9.635686222463846901e-03 1.847598180174827437e-02
1.075133560225367477e-02 1.675071790814399580e-02
1.208363827317953179e-02 1.685627102851867606e-02
1.086094956845045159e-02 1.837816312909126143e-02
1.000535935163497994e-02 1.849444732069969316e-02
9.794175438582897880e-03 1.699217185378074785e-02
9.332803264260291359e-03 1.574735790491104195e-02
8.954998478293419231e-03 1.578833684325218339e-02
8.958628401160240173e-03 1.530962735414504935e-02
8.570766355842352607e-03 1.567977443337440630e-02
8.697943761944770813e-03 1.629254668951034615e-02
8.445668406784534801e-03 1.680648401379585336e-02
8.386768866330385208e-03 1.512670740485191380e-02
8.497716952115296971e-03 1.465649083256721427e-02
8.265169057995080254e-03 1.481554284691810608e-02
8.141011931002140045e-03 1.558452248573303188e-02
8.198442496359347950e-03 1.489134058356285026e-02
7.956661470234393380e-03 1.463171318173408543e-02
8.188767731189728130e-03 1.496703550219535828e-02
8.127469569444656372e-03 1.603900268673896790e-02
8.138584159314631722e-03 1.477853059768676793e-02
8.222369104623794209e-03 1.450502127408981323e-02
8.117234148085118034e-03 1.547694355249404873e-02
8.002592623233795513e-03 1.567587777972221513e-02
8.150131348520517696e-03 1.488146558403968811e-02
8.139491267502307198e-03 1.462241038680076564e-02
7.736272364854812796e-03 1.724283248186111311e-02
8.073554188013077476e-03 1.492815017700195243e-02
8.296993561089038849e-03 1.506008952856063843e-02
8.337723463773727764e-03 1.598920896649360518e-02
8.626084402203559529e-03 1.642290949821472237e-02
9.761935286223887703e-03 1.629093512892722945e-02
9.509916044771670948e-03 1.605563685297966073e-02
9.060119278728961945e-03 1.551985144615173305e-02
8.625308051705360413e-03 1.568526178598404069e-02
9.382995031774043343e-03 1.608726531267166276e-02
9.513786248862742684e-03 1.719295158982276847e-02
9.314627014100551258e-03 1.594047844409942488e-02
8.324886672198772430e-03 1.561534851789474557e-02
9.022383391857147564e-03 1.532784402370452811e-02
8.452870696783066490e-03 1.538119539618492196e-02
8.771358989179134369e-03 1.575923189520835738e-02
8.261922933161258004e-03 1.620846316218376229e-02
8.460555225610733032e-03 1.510371938347816398e-02
8.889628574252128601e-03 1.547047346830368077e-02
8.338813483715058067e-03 1.732743233442306588e-02
8.365274965763091694e-03 1.513315886259078945e-02
8.060907945036888123e-03 1.485147699713706970e-02
8.195611089468002666e-03 1.476414054632186820e-02
8.062613010406494835e-03 1.575722396373748641e-02
7.992854900658130299e-03 1.522891744971275295e-02
8.286667801439762809e-03 1.536367982625961269e-02
8.159621153026819229e-03 1.522051468491554191e-02
8.271993696689605366e-03 1.575724184513092180e-02
8.126168884336948742e-03 1.493927165865898202e-02
7.793352752923965281e-03 1.458698138594627380e-02
8.225372061133384705e-03 1.498669981956481968e-02
8.210414089262485504e-03 1.566009670495987008e-02
8.204028755426407554e-03 1.588041186332702498e-02
7.932926435023546566e-03 1.451335847377777100e-02
8.221720159053803184e-03 1.473740413784980705e-02
8.206746727228163979e-03 1.522653251886367867e-02
7.995641231536865581e-03 1.631771475076675484e-02
7.944989949464797974e-03 1.459381803870201180e-02
7.675838284194469105e-03 1.695013046264648438e-02
8.724637702107429851e-03 1.665418297052383492e-02
8.567901141941548088e-03 1.664089038968086243e-02
9.057446010410785328e-03 1.662536039948463509e-02
8.666087314486503948e-03 2.085995376110076974e-02
8.676289860159159401e-03 1.856383681297302246e-02
1.003935970366001164e-02 1.604044511914253304e-02
9.511487931013107647e-03 1.568950712680816650e-02
9.898141957819461823e-03 1.664010733366012504e-02
9.469312056899071087e-03 1.512067839503288338e-02
8.545111864805221558e-03 1.653728336095810006e-02
8.794928342103958477e-03 1.697430014610290527e-02
8.647583611309527657e-03 1.643766015768051078e-02
8.849290944635868766e-03 1.678984314203262398e-02
8.379236143082380989e-03 1.522255390882492135e-02
8.086114749312400471e-03 1.535153836011886666e-02
7.770808786153793682e-03 1.479860842227935860e-02
7.690113037824630737e-03 1.479136645793914864e-02
7.696672994643449957e-03 1.536587402224540676e-02
7.637984491884708751e-03 1.657305210828781059e-02
7.785294577479362835e-03 1.469803750514984096e-02
8.398180454969405781e-03 1.446161717176437309e-02
8.100831881165504456e-03 1.556345596909522976e-02
7.969855330884456635e-03 1.485133692622184719e-02
8.053948916494847038e-03 1.449687033891677856e-02
8.244686760008335114e-03 1.574361994862556388e-02
7.959723286330700615e-03 1.520400047302246024e-02
8.802233263850212097e-03 1.522080078721046482e-02
8.998983912169933666e-03 1.483160704374313424e-02
8.379051368683576931e-03 1.904696449637412886e-02
1.064827218651771476e-02 1.722635850310325761e-02
9.186117909848690033e-03 1.542758941650390625e-02
9.584296867251396526e-03 1.648320034146309038e-02
8.835910633206368187e-03 1.602429002523422102e-02
8.897784538567066540e-03 1.590520143508911133e-02
8.666625246405601501e-03 1.612907797098159929e-02
9.126190282404422066e-03 1.495784297585487331e-02
8.441675361245870937e-03 1.561870723962783744e-02
8.109076041728257786e-03 2.018784657120704581e-02
9.454874321818351746e-03 1.569484025239944319e-02
8.231085911393164894e-03 1.545189768075943063e-02
8.511029742658137928e-03 1.476431265473365784e-02
8.191544841974974372e-03 1.596518754959106584e-02
7.856032624840737083e-03 1.463996917009353568e-02
7.829806767404079437e-03 1.457282155752182007e-02
7.858918886631727566e-03 1.512629985809326241e-02
7.706821337342262615e-03 1.488646566867828439e-02
7.559507340192794973e-03 1.477131173014640739e-02
7.722822576761245381e-03 1.446585059165954659e-02
7.574740238487720836e-03 1.546609848737716744e-02
7.726798392832278858e-03 1.484697610139846732e-02
7.447147741913795471e-03 1.493583917617797782e-02
7.539178803563117634e-03 1.462083458900451625e-02
7.486918009817600250e-03 1.571622788906097343e-02
7.589043490588665355e-03 1.517881602048873867e-02
7.672567572444677526e-03 1.440680548548698391e-02
7.757870480418205261e-03 1.420542225241661072e-02
7.611157372593879700e-03 1.537895649671554635e-02
7.496248558163642536e-03 1.528631150722503662e-02
7.336081936955451965e-03 1.440213471651077305e-02
7.498666085302830089e-03 1.496495604515075614e-02
7.380901370197534561e-03 1.570058092474937300e-02
7.557288557291030710e-03 1.474863961338996818e-02
7.356559857726097107e-03 1.480970159173011780e-02
7.484972104430198322e-03 2.151704430580139021e-02
7.748972438275813883e-03 1.557504236698150669e-02
8.598779048770665429e-03 1.446529328823089634e-02
8.056414220482111324e-03 1.770270690321922372e-02
8.463065885007382133e-03 1.499771475791931118e-02
8.502108417451382030e-03 1.490960270166397095e-02
7.891850080341100693e-03 1.596572995185852051e-02
8.186554349958897331e-03 1.525617912411689724e-02
7.631479948759079153e-03 2.071414515376091003e-02
7.709693722426890980e-03 1.604199558496475359e-02
8.235943317413330772e-03 1.553627997636795009e-02
8.052335586398839951e-03 1.544664874672889779e-02
7.777121663093566721e-03 1.569178700447082520e-02
7.347598113119602550e-03 1.440142616629600490e-02
7.863782346248626709e-03 1.475787088274955680e-02
7.479836232960224152e-03 1.541758254170417716e-02
7.877244986593723644e-03 1.464149206876754795e-02
7.941953651607037284e-03 1.561044305562972988e-02
8.276647329330444683e-03 1.587825715541839669e-02
7.859548553824424744e-03 1.578058153390884261e-02
7.734747976064682354e-03 1.548425182700157235e-02
8.856846950948238373e-03 1.664372682571411272e-02
8.124183304607868542e-03 1.569677963852882455e-02
8.711800817400217403e-03 1.469635143876075675e-02
8.257488347589969288e-03 1.460246443748474190e-02
7.969136163592339256e-03 1.651661843061447144e-02
8.032733015716076244e-03 1.464398726820945705e-02
8.578912168741226890e-03 1.630516052246093819e-02
8.454290125519037594e-03 1.700566187500953536e-02
8.085091691464185368e-03 1.510342508554458549e-02
7.888559624552727093e-03 1.468821763992309536e-02
8.623005636036396721e-03 1.455300599336624076e-02
7.883591670542955052e-03 1.553296372294426034e-02
8.056592755019664417e-03 1.581174582242965768e-02
7.787654362618923361e-03 1.451612412929534877e-02
8.521283976733684540e-03 1.542908251285552909e-02
8.529227413237094185e-03 1.461636424064636196e-02
7.463148608803748911e-03 1.594412177801132063e-02
7.766048517078160893e-03 1.708436161279678484e-02
7.841205783188342701e-03 1.542109027504920925e-02
7.850825972855090401e-03 1.759287044405937264e-02
8.430498465895653465e-03 1.597311273217201164e-02
7.988673076033592571e-03 1.670977696776389937e-02
7.896040286868809960e-03 1.484577059745788644e-02
8.029761724174022675e-03 1.434138566255569423e-02
7.420095428824424570e-03 1.743694245815276961e-02
8.711301907896994851e-03 1.495301052927970956e-02
8.223566412925719521e-03 1.468409597873687744e-02
8.690509572625159870e-03 1.658313944935798506e-02
8.628302440047263405e-03 1.628222838044166704e-02
7.603425718843937094e-03 1.528234407305717468e-02
7.607131078839301890e-03 1.509840413928031921e-02
8.062428422272205006e-03 1.500305905938148499e-02
7.591148279607296337e-03 1.636764630675315718e-02
7.619294058531522924e-03 1.428149268031120300e-02
7.759603671729564667e-03 1.410958692431449855e-02
7.549908198416233236e-03 1.504376009106636082e-02
7.522114831954240625e-03 1.526010930538177456e-02
7.220320496708154331e-03 1.424912139773368801e-02
7.482288219034671610e-03 1.483898907899856498e-02
7.240111567080020558e-03 1.499017924070358311e-02
7.567141391336918051e-03 1.622515097260475089e-02
7.487217057496308933e-03 1.435175240039825509e-02
7.468897290527820934e-03 1.528099551796913147e-02
7.144509907811879765e-03 1.463045403361320530e-02
7.239938154816627849e-03 1.495629325509071315e-02
7.210077438503503973e-03 1.462300419807434013e-02
7.054771669209003795e-03 1.533106043934822152e-02
7.122253067791461945e-03 1.450473517179489205e-02
7.153685484081506556e-03 1.468624398112297093e-02
7.099101133644580668e-03 1.441456526517868007e-02
7.347135804593563080e-03 1.469381973147392342e-02
7.213984802365303213e-03 1.432005912065506016e-02
7.437605503946542393e-03 1.471289172768592765e-02
7.154126930981874292e-03 1.583814993500709534e-02
7.408667355775833130e-03 1.430137827992439270e-02
7.576033845543861736e-03 1.436018720269203151e-02
7.558693550527096142e-03 1.535384580492973362e-02
8.054413925856351505e-03 1.945108100771903922e-02
8.255180530250072132e-03 1.530251428484916652e-02
8.731432817876338612e-03 1.507176086306571960e-02
8.134863898158073078e-03 1.527158170938491821e-02
8.296678215265274395e-03 1.610560491681099077e-02
8.950121141970157970e-03 1.549883410334587132e-02
9.446596167981624950e-03 1.576282531023025582e-02
8.464692905545235374e-03 1.567197069525718550e-02
8.493556641042232513e-03 2.339734435081481864e-02
1.147516388446092640e-02 1.663536205887794495e-02
9.358827956020832062e-03 1.686531528830528120e-02
9.306824021041392586e-03 1.798046454787254403e-02
9.825665503740310669e-03 1.859414353966713090e-02
9.282089956104754708e-03 1.773886829614639352e-02
9.350737184286117207e-03 1.783658638596534798e-02
1.089824177324771881e-02 1.837992593646049430e-02
9.951224736869334481e-03 1.683109104633331160e-02
1.084477081894874573e-02 1.691409051418304305e-02
9.677659347653388630e-03 1.710091829299926688e-02
9.385557658970356681e-03 1.753169074654579301e-02
9.479884430766105999e-03 1.612273603677749634e-02
8.709605783224105835e-03 1.507388055324554443e-02
8.153102733194828380e-03 1.555483266711235081e-02
8.372133783996104500e-03 1.526727378368377720e-02
8.262449130415915749e-03 1.531953588128089939e-02
8.199869655072689056e-03 1.524378024041652714e-02
8.277641702443360935e-03 1.459911838173866272e-02
8.371054287999868046e-03 1.451997235417365993e-02
7.700332812964916576e-03 1.478521600365638802e-02
7.779747992753982370e-03 1.470917910337448190e-02
7.625510916113853455e-03 1.409925222396850655e-02
7.458247989416122263e-03 1.432029083371162345e-02
7.424580864608287811e-03 1.427921131253242527e-02
7.386384066194295883e-03 1.416467875242233276e-02
7.388612814247607838e-03 1.420247107744216850e-02
7.391152810305357326e-03 1.435153260827064584e-02
7.381094992160797466e-03 1.416234225034713676e-02
7.307801209390163248e-03 1.408300548791885376e-02
7.656748779118061413e-03 1.366090625524520909e-02
7.784345652908086777e-03 1.431454494595527614e-02
7.573694176971912558e-03 1.520246565341949394e-02
7.548727840185165232e-03 1.406936049461364815e-02
7.374713104218244900e-03 1.387749761343002285e-02
7.271857839077711452e-03 1.432651057839393581e-02
7.309818640351295471e-03 1.750129163265228341e-02
7.538759149610996246e-03 1.513577699661254952e-02
8.188642002642155041e-03 1.747160106897354195e-02
7.922050636261701237e-03 1.543544083833694493e-02
8.951086364686489799e-03 1.529883965849876404e-02
8.548292703926563610e-03 1.530441194772720268e-02
9.025024995207787254e-03 1.603332087397575309e-02
9.430782683193684318e-03 1.527752950787544285e-02
7.886054273694754341e-03 1.485449522733688424e-02
8.061823621392249367e-03 1.491049975156783988e-02
7.792365364730357777e-03 1.523053944110870292e-02
7.803287543356418783e-03 1.487265378236770665e-02
7.563350535929202860e-03 1.440748572349548340e-02
7.586815394461154938e-03 1.441559270024299691e-02
7.454183232039213007e-03 1.572995558381080558e-02
7.864610478281974099e-03 1.487131491303443978e-02
8.630950003862380981e-03 1.469619944691658020e-02
8.732536062598227761e-03 1.412029191851615906e-02
7.758724130690097462e-03 1.732684671878814697e-02
9.123857133090496063e-03 1.555957794189453090e-02
8.143944945186377266e-03 1.469545513391494820e-02
8.187100943177937767e-03 1.473538875579833915e-02
7.651283964514732014e-03 1.590422391891479353e-02
7.676682621240616018e-03 1.447397544980049203e-02
7.440901175141334360e-03 1.406185105443000759e-02
7.447209209203720093e-03 1.424649357795715332e-02
7.359030749648809086e-03 1.401393264532089199e-02
7.457882538437843670e-03 1.429128721356391976e-02
7.361194398254155939e-03 1.446786299347877468e-02
7.257147599011659969e-03 1.390383467078208993e-02
7.249407470226287842e-03 1.405290439724922111e-02
7.116598542779684067e-03 1.479955539107322658e-02
7.275500893592834126e-03 1.386357396841049125e-02
7.774177752435207193e-03 1.406328529119491542e-02
7.174867298454045902e-03 1.567237228155136247e-02
7.311248779296874653e-03 1.388927996158599923e-02
7.443805225193500519e-03 1.376936286687851022e-02
7.251398265361785542e-03 1.429915353655815055e-02
7.121006026864051819e-03 1.585116162896156242e-02
7.256891485303640713e-03 1.414512135088443791e-02
7.319463323801756252e-03 1.503512114286422764e-02
7.655163854360580097e-03 1.532934084534645115e-02
8.194776996970177391e-03 1.466410383582115139e-02
7.603291608393192465e-03 1.408079415559768642e-02
7.488782703876495535e-03 1.587166860699653487e-02
7.597033493220805775e-03 1.452689394354820217e-02
7.079972047358750950e-03 1.553185954689979484e-02
7.781184278428554535e-03 1.587063372135162284e-02
8.455223031342029225e-03 1.560200154781341518e-02
8.210583031177521099e-03 1.417406499385833775e-02
7.599857263267039906e-03 1.504634767770767281e-02
7.636892981827259411e-03 1.486115753650665318e-02
7.842170633375644337e-03 1.516091898083686898e-02
7.811002526432275425e-03 1.419220864772796631e-02
7.813436910510063171e-03 1.477485671639442409e-02
7.964107580482960094e-03 1.424285843968391488e-02
7.286862190812826330e-03 1.461214274168014596e-02
7.180205173790454518e-03 1.456216424703598092e-02
6.977345794439315796e-03 1.416332870721817051e-02
7.287914305925369610e-03 1.402779966592788627e-02
7.060047984123229807e-03 1.577218547463416984e-02
7.305751927196979870e-03 1.376324594020843575e-02
7.165140938013792038e-03 1.373519822955131600e-02
7.628634385764598673e-03 1.445579305291175808e-02
7.162857800722122192e-03 1.428689286112785374e-02
7.539006788283586849e-03 1.615993157029151778e-02
7.833247072994709015e-03 1.516769826412200928e-02
7.894590310752392509e-03 1.648287698626518111e-02
7.499823253601789821e-03 1.513055264949798515e-02
8.071990124881267895e-03 1.444960162043571437e-02
7.647929526865482157e-03 1.502341255545616185e-02
7.475020829588174820e-03 1.445651054382324219e-02
7.029336038976907383e-03 1.394445747137069633e-02
7.243406027555465698e-03 1.421655640006065299e-02
7.378818839788437237e-03 1.525126323103904655e-02
8.822564221918582222e-03 1.442709267139434884e-02
8.355887234210967671e-03 1.458159312605857884e-02
8.551813289523124348e-03 1.451251506805419957e-02
7.737785950303078045e-03 1.522839665412902867e-02
7.471594866365194668e-03 1.452820003032684326e-02
7.330878451466560190e-03 1.437701284885406494e-02
7.397286221385001789e-03 1.572476103901863237e-02
7.308312226086854935e-03 1.388840600848197972e-02
7.387691177427768707e-03 1.447274610400199960e-02
8.059290517121554115e-03 1.547486707568168640e-02
8.295195735991000782e-03 1.576916575431823800e-02
8.133828919380903938e-03 1.451719030737876927e-02
8.147788047790528038e-03 1.433855816721916164e-02
7.882599532604218223e-03 1.434688419103622402e-02
7.567589916288852518e-03 1.514565572142601013e-02
7.930738478899001728e-03 1.528175175189971924e-02
8.422697521746158253e-03 1.490612551569938694e-02
7.941174320876598358e-03 1.475396826863288949e-02
7.609502412378787994e-03 1.538563743233680760e-02
7.882430404424666665e-03 1.484069749712943996e-02
7.534968573600054134e-03 1.458586454391479562e-02
7.845790311694144509e-03 1.495703682303428650e-02
7.638834416866302490e-03 1.437387615442276001e-02
7.392068114131689245e-03 1.463283076882362400e-02
7.785646710544824600e-03 1.430627778172493050e-02
7.480645924806595196e-03 1.429679989814758301e-02
7.313656713813542973e-03 1.365657374262809788e-02
7.386428862810134541e-03 1.388255134224891663e-02
7.693184167146682392e-03 1.563481017947197099e-02
7.329470291733741587e-03 1.377368196845054661e-02
6.987844035029411663e-03 1.395945176482200553e-02
7.023509964346886028e-03 1.476592496037483146e-02
7.096675224602222443e-03 1.372352093458175694e-02
7.558833155781030481e-03 1.423356682062149048e-02
7.341722678393125708e-03 1.632625535130500724e-02
7.930672168731689800e-03 1.560686230659484933e-02
8.268083073198794972e-03 1.426134333014488290e-02
7.937848754227160714e-03 1.408294439315795933e-02
7.347210589796304529e-03 1.454610005021095276e-02
7.422567997127771551e-03 1.423019245266914437e-02
6.909112911671400070e-03 1.397061869502067531e-02
7.141951564699411045e-03 1.457905322313308646e-02
6.893149856477975672e-03 1.409927830100059579e-02
7.040191907435655594e-03 1.433322951197624207e-02
6.960357818752527063e-03 1.375866010785102914e-02
6.800995767116546284e-03 1.416530758142471244e-02
6.873575411736965526e-03 1.384126842021942208e-02
6.847961805760860443e-03 1.425688564777374302e-02
6.730278767645358866e-03 1.445931121706962516e-02
6.797953695058822805e-03 1.365610733628272976e-02
6.725573912262916565e-03 1.378631144762039115e-02
6.910797022283077067e-03 1.674835011363029480e-02
6.825644522905349731e-03 1.440430805087089539e-02
7.275740802288055593e-03 1.727974191308021684e-02
7.153751980513334448e-03 1.396618932485580410e-02
6.952994316816329783e-03 1.585699319839477608e-02
6.836885586380958557e-03 1.405411139130592277e-02
7.173724658787250692e-03 1.391630396246910061e-02
6.842259131371974772e-03 1.353316679596900871e-02
6.864101160317659378e-03 1.425532773137092556e-02
6.805989705026149576e-03 1.364580467343330314e-02
6.651306059211492538e-03 1.760413572192192147e-02
7.307063508778810675e-03 1.422606036067008972e-02
7.420164532959461212e-03 1.998961903154850006e-02
1.542593650519847800e-02 1.977582573890685966e-02
1.312225405126810074e-02 2.129340097308158805e-02
1.311281342059373786e-02 2.081379815936088701e-02
1.226322297006845509e-02 2.009630277752876351e-02
1.172180902212858165e-02 1.981128081679344247e-02
1.186381205916404655e-02 1.952800750732421736e-02
1.183271557092666591e-02 1.858353242278099060e-02
1.131134107708930969e-02 1.788664236664772034e-02
1.089720949530601467e-02 1.722241267561912606e-02
1.014689095318317344e-02 1.640510037541389327e-02
9.177472628653048775e-03 1.621151044964790414e-02
