1.864819288253784235e-01 1.858877241611480713e-01
1.636143624782562256e-01 1.637095570564270075e-01
1.466574609279632513e-01 1.439885854721069391e-01
1.294942423701286316e-01 1.270568788051605336e-01
1.150864347815513666e-01 1.125156164169311551e-01
1.030574828386306707e-01 1.000852465629577664e-01
9.216354638338089544e-02 8.951950669288635809e-02
8.349117636680603027e-02 8.050288110971451361e-02
7.535755783319472711e-02 7.297075241804122647e-02
6.995769068598747809e-02 6.635877043008804599e-02
6.385941505432128629e-02 6.087166219949722429e-02
5.922123491764068326e-02 5.610152333974838257e-02
5.549620427191257616e-02 5.202488452196121077e-02
5.182309970259666582e-02 4.851832687854766568e-02
4.882241562008857866e-02 4.547429829835891724e-02
4.641707614064216614e-02 4.279757216572761813e-02
4.379933401942252835e-02 4.050709530711173872e-02
4.184018075466156006e-02 3.846375048160553117e-02
4.004823565483093400e-02 3.664845451712608199e-02
3.814465776085853438e-02 3.506162390112876892e-02
3.657166287302970886e-02 3.362781330943107744e-02
3.499704226851463318e-02 3.234029710292816301e-02
3.359307274222374240e-02 3.118410557508468489e-02
3.235233761370182037e-02 3.012614846229553361e-02
3.114893399178981712e-02 2.918940261006355147e-02
3.013635277748107771e-02 2.831276580691337655e-02
2.903191447257995675e-02 2.752825319766998360e-02
2.813030146062374046e-02 2.681323289871215959e-02
2.720450386404991289e-02 2.611866891384124686e-02
2.639696337282657762e-02 2.549468204379081587e-02
2.560852356255054543e-02 2.492415308952331682e-02
2.491549290716648171e-02 2.439410239458084106e-02
2.428945824503898551e-02 2.392294034361839433e-02
2.361778430640697549e-02 2.347713187336921553e-02
2.308272197842597961e-02 2.305381521582603593e-02
2.249677293002605438e-02 2.267754971981048723e-02
2.197259739041328500e-02 2.232541367411613326e-02
2.155023422092199395e-02 2.198684588074684143e-02
2.105840593576431205e-02 2.168060466647148132e-02
2.065255828201770921e-02 2.139087915420532365e-02
2.027270495891570976e-02 2.111544981598854204e-02
1.988820917904376984e-02 2.087477669119834969e-02
1.949282474815845420e-02 2.064112573862075806e-02
1.918485835194587777e-02 2.043713033199310442e-02
1.883812379091977934e-02 2.023736387491226196e-02
1.853039059787988524e-02 2.004870176315307756e-02
1.821150705218315194e-02 1.986030638217926164e-02
1.792583987116813660e-02 1.966142505407333235e-02
1.765527836978435586e-02 1.946128085255622794e-02
1.737885773181915144e-02 1.927506625652313302e-02
1.710869688540696959e-02 1.907174065709114213e-02
1.684475839138031145e-02 1.887708231806755135e-02
1.659665144979953835e-02 1.867788061499595781e-02
1.636085081845521996e-02 1.846897304058075021e-02
1.611683815717697074e-02 1.829010620713233948e-02
1.589384563267231057e-02 1.809654086828231881e-02
1.566571779549121718e-02 1.792024150490760873e-02
1.547208949923515285e-02 1.774953976273536613e-02
1.525410544127225876e-02 1.761082634329795907e-02
1.506279706954955985e-02 1.749069020152092119e-02
1.487659122794866493e-02 1.740819215774536133e-02
1.468812320381402900e-02 1.732720136642456124e-02
1.453307550400495529e-02 1.725577935576438904e-02
1.437509432435035706e-02 1.714751049876213004e-02
1.421683095395565033e-02 1.701491996645927360e-02
1.405632887035608222e-02 1.688596382737159868e-02
1.390528883785009315e-02 1.674698144197463850e-02
1.376616246998310124e-02 1.659646332263946603e-02
1.363528873771429131e-02 1.644703075289726327e-02
1.350153367966413533e-02 1.632462665438651900e-02
1.337650828063488041e-02 1.622478961944580009e-02
1.324335001409053872e-02 1.610455140471458296e-02
1.311983615159988473e-02 1.598286963999271532e-02
1.299638114869594574e-02 1.587930023670196603e-02
1.287188418209552800e-02 1.579353213310241699e-02
1.274634264409542014e-02 1.570563688874244621e-02
1.262622494250536034e-02 1.557562425732612540e-02
1.248989347368478775e-02 1.547644920647144387e-02
1.235999763011932408e-02 1.537588313221931527e-02
1.224217824637889931e-02 1.524724178016185691e-02
1.210680622607469489e-02 1.515161730349063804e-02
1.197820566594600712e-02 1.504069194197654724e-02
1.184996794909238746e-02 1.490495353937149048e-02
1.170989144593477180e-02 1.476874910295009578e-02
1.157415118068456580e-02 1.461534909904003109e-02
1.144944187253713573e-02 1.445362828671932151e-02
1.130459532141685555e-02 1.432271786034107139e-02
1.116381566971540520e-02 1.420220993459224770e-02
1.102956403046846320e-02 1.406262218952178920e-02
1.088952440768480370e-02 1.392829604446887970e-02
1.074752453714609111e-02 1.376636996865272453e-02
1.060536801815032890e-02 1.360487118363380363e-02
1.046613790094852448e-02 1.344785653054714203e-02
1.031924942508339813e-02 1.332430541515350342e-02
1.017082296311855316e-02 1.321289017796516488e-02
1.002093274146318401e-02 1.307482346892356942e-02
9.887384250760078430e-03 1.293235011398792197e-02
9.730323776602744709e-03 1.279639713466167519e-02
9.572552330791950920e-03 1.265134885907173191e-02
9.424992650747299888e-03 1.244315095245838131e-02
9.270923584699631084e-03 1.225401796400546993e-02
9.111428260803222309e-03 1.211361512541770866e-02
8.954157494008541454e-03 1.201138049364089931e-02
8.801427669823169708e-03 1.186039969325065543e-02
8.643103018403052590e-03 1.172771975398063590e-02
8.477263618260622025e-03 1.154068559408187936e-02
8.303158544003963124e-03 1.135344095528125798e-02
8.138761203736067512e-03 1.113633774220943416e-02
8.063216879963874123e-03 1.095068305730819737e-02
7.866423483937979091e-03 1.087690256536006858e-02
7.680607680231332952e-03 1.081024184823036263e-02
7.544386759400367390e-03 1.073990352451801265e-02
7.398574985563755382e-03 1.059693098068237305e-02
7.254908513277769262e-03 1.041163876652717590e-02
7.118451315909624447e-03 1.027711220085620811e-02
6.982315704226494182e-03 1.019519492983817985e-02
6.868492066860199148e-03 1.012431681156158482e-02
6.736344099044800152e-03 9.934087097644806602e-03
6.618925556540489370e-03 9.780930355191230774e-03
6.510933861136436462e-03 9.685803949832916954e-03
6.415123399347066706e-03 9.649523720145224831e-03
6.301372312009334564e-03 9.595909714698791157e-03
6.200045160949230021e-03 9.540361911058425556e-03
6.131357047706842422e-03 9.495012834668159832e-03
6.038022134453058590e-03 9.314629435539244912e-03
5.935940193012356758e-03 9.232878684997558594e-03
5.850355606526136398e-03 9.186140820384025227e-03
5.785399768501520330e-03 9.106673672795296062e-03
5.678667966276407068e-03 9.139991924166679035e-03
5.634844396263360630e-03 9.157717600464821209e-03
5.569700896739959543e-03 9.019730985164642681e-03
5.486123263835906982e-03 8.838593587279319416e-03
5.443281773477792566e-03 8.711195364594460228e-03
5.342005472630262548e-03 8.724544569849968303e-03
5.287946760654449116e-03 8.831790089607239116e-03
5.249637458473443812e-03 8.718708530068397522e-03
5.186074133962392980e-03 8.494633436203002236e-03
5.095737613737582813e-03 8.427249267697334290e-03
5.026799999177456249e-03 8.334756270051002849e-03
4.969688132405281067e-03 8.290217444300650856e-03
4.912874475121497934e-03 8.321797847747803081e-03
4.853831510990858425e-03 8.265844732522963784e-03
4.795227758586406361e-03 8.203837275505065224e-03
4.735872801393270666e-03 8.186168596148490559e-03
4.680737294256687511e-03 8.159601688385009419e-03
4.647334292531013662e-03 8.066366612911223671e-03
4.571430478245019566e-03 8.050188794732094158e-03
4.537178389728069479e-03 8.023231476545333168e-03
4.489800566807389606e-03 7.865699753165245750e-03
4.475969262421131481e-03 7.768988981842995037e-03
4.390296433120966305e-03 7.772756181657314647e-03
4.318698029965162451e-03 7.855214178562164307e-03
4.364022286608815193e-03 7.972541823983192097e-03
4.288334446027874773e-03 7.740526087582111012e-03
4.214911768212914293e-03 7.617326825857162823e-03
4.171915538609028036e-03 7.616403512656688690e-03
4.109859466552734375e-03 7.584467157721519123e-03
4.063671454787254333e-03 7.581657916307449514e-03
4.036597348749637951e-03 7.612626813352107828e-03
4.010134935379027973e-03 7.458841055631637226e-03
3.972450550645589655e-03 7.345291413366794239e-03
3.914970532059669148e-03 7.332925871014595205e-03
3.875073371455073443e-03 7.319820858538150614e-03
3.819695999845862475e-03 7.238845899701118122e-03
3.807476535439491099e-03 7.172331586480141033e-03
3.770428337156772700e-03 7.242164388298988169e-03
3.722257819026708516e-03 7.159564830362796957e-03
3.675175644457340067e-03 7.057296298444271261e-03
3.654844127595424652e-03 7.003196515142917633e-03
3.609437867999076757e-03 6.954894959926604878e-03
3.582514775916934187e-03 6.875640898942947561e-03
3.563316445797681722e-03 6.865889206528663982e-03
3.529797820374369448e-03 6.760319881141185934e-03
3.497714223340153521e-03 6.728003546595573252e-03
3.452875185757875443e-03 6.735497340559959585e-03
3.434521891176700419e-03 6.792462803423405041e-03
3.419458027929067698e-03 6.684968061745166605e-03
3.361359471455216408e-03 6.632952950894832611e-03
3.351444099098444158e-03 6.608548760414123709e-03
3.316800575703382492e-03 6.498239189386367971e-03
3.285696357488632289e-03 6.518771685659885233e-03
3.259572107344865712e-03 6.509696692228316914e-03
3.219059156253934080e-03 6.419642828404903412e-03
3.207091195508837873e-03 6.369304284453392376e-03
3.185984725132584398e-03 6.309654936194420208e-03
3.160070767626166257e-03 6.285367161035537373e-03
3.118499228730797594e-03 6.376905180513858622e-03
3.112919675186276262e-03 6.397742591798305338e-03
3.103638393804431048e-03 6.359088420867920095e-03
3.068861877545714465e-03 6.306148506700992931e-03
3.022797172889113426e-03 6.180694326758384705e-03
3.005958814173937017e-03 6.110065430402755564e-03
3.008674969896674069e-03 6.072247773408890117e-03
2.966011315584182653e-03 6.116880662739276539e-03
2.952808095142245119e-03 6.057687848806381052e-03
2.947188774123787967e-03 6.052759103477000843e-03
2.920732274651527318e-03 5.878392979502678264e-03
2.892803726717829791e-03 5.852805078029632221e-03
2.853426663205027407e-03 5.983024090528488333e-03
2.856944035738706415e-03 5.999692529439925974e-03
2.793694101274013693e-03 5.801537074148654938e-03
2.784840017557144339e-03 5.737829022109508514e-03
2.805895544588565740e-03 5.756722949445247824e-03
2.734685246832668608e-03 5.895163491368293415e-03
2.755306148901581938e-03 5.854253470897674387e-03
2.738393517211079511e-03 5.719112791121005665e-03
2.683748211711645300e-03 5.750739760696887796e-03
2.653184207156300631e-03 5.804022029042244131e-03
2.657797094434499654e-03 5.819175019860267292e-03
2.638776227831840428e-03 5.705001950263977224e-03
2.602585405111312693e-03 5.565328150987624775e-03
2.611400512978434736e-03 5.528824776411056865e-03
2.586113102734088724e-03 5.550589598715305502e-03
2.554352814331650907e-03 5.525299906730651509e-03
2.559869643300771800e-03 5.598479136824608023e-03
2.531273197382688436e-03 5.471263453364372600e-03
2.512168325483799154e-03 5.453695170581340443e-03
2.469647349789738568e-03 5.567727982997894634e-03
2.470315806567668828e-03 5.503550358116626913e-03
2.438581315800547600e-03 5.411974526941776623e-03
2.420021197758615104e-03 5.374669469892979015e-03
2.410749159753322775e-03 5.373048223555087696e-03
2.397013595327734947e-03 5.333778634667396719e-03
2.398595446720719337e-03 5.398870818316936840e-03
2.364791044965386217e-03 5.247510597109794270e-03
2.340639894828200514e-03 5.221389606595039715e-03
2.318292949348688212e-03 5.229198373854160309e-03
2.305389381945133209e-03 5.247313901782036175e-03
2.288065105676651174e-03 5.137309432029724121e-03
2.296039741486310872e-03 5.058365501463412892e-03
2.264064014889299956e-03 5.143169313669204712e-03
2.242181031033396547e-03 5.068822950124740774e-03
2.232692483812570398e-03 4.985678754746913736e-03
2.214693347923457623e-03 5.016733519732951771e-03
2.196343825198710051e-03 5.030399933457374399e-03
2.183756488375365561e-03 5.045523121953010733e-03
2.169953612610697920e-03 4.960514605045318604e-03
2.184883272275328463e-03 4.874444101005792618e-03
2.149447705596685323e-03 4.935953486710786993e-03
2.112145372666418726e-03 5.023909732699394226e-03
2.137988945469260129e-03 4.986526258289813822e-03
2.096204040572047407e-03 4.868234414607286800e-03
2.101722173392772675e-03 4.799946397542953665e-03
2.055547200143337250e-03 4.931964166462421591e-03
2.113154949620366183e-03 5.062810704112052571e-03
2.065150765702128410e-03 4.718204680830240423e-03
2.040168829262256709e-03 4.681414831429720272e-03
2.018696186132728967e-03 4.783300496637821024e-03
2.028024708852172071e-03 4.783683083951472889e-03
1.969080884009599686e-03 4.592319484800100327e-03
2.009989740327000445e-03 4.569041915237903942e-03
1.972123910672962492e-03 4.778428096324205052e-03
1.973503734916448593e-03 4.770915489643812180e-03
1.930340472608804746e-03 4.616206511855125427e-03
1.934580877423286351e-03 4.626286216080188751e-03
1.901395479217171756e-03 4.737767763435840954e-03
1.940646441653370857e-03 4.736399091780185526e-03
1.884253276512026830e-03 4.554238636046648026e-03
1.888029207475483461e-03 4.551322385668754751e-03
1.862365845590829936e-03 4.653760325163602482e-03
1.846925728023052129e-03 4.542315285652876247e-03
1.828281767666339961e-03 4.532458167523146023e-03
1.811105199158191594e-03 4.486070666462183172e-03
1.809132145717740146e-03 4.471551813185215170e-03
1.809932151809334842e-03 4.551014211028814142e-03
1.801568968221545176e-03 4.421707242727279663e-03
1.782757346518337727e-03 4.534460604190826416e-03
1.762916566804051399e-03 4.474477656185626810e-03
1.741260802373290105e-03 4.381800256669521505e-03
1.753740548156201796e-03 4.401551373302936380e-03
1.721692876890301618e-03 4.561013635247945439e-03
1.732353516854345842e-03 4.502644017338752920e-03
1.702015008777379946e-03 4.376632440835237330e-03
1.704007107764482455e-03 4.366215132176875895e-03
1.687151892110705419e-03 4.450483806431293141e-03
1.682252902537584348e-03 4.475126694887876684e-03
1.677435217425227252e-03 4.338087979704141617e-03
1.659824769012629899e-03 4.415535740554333080e-03
1.644651498645544139e-03 4.453441780060529882e-03
1.643445016816258344e-03 4.511377494782209570e-03
1.625567511655390219e-03 4.613197594881057913e-03
1.631142431870102969e-03 4.393890965729951859e-03
1.615373999811708927e-03 4.246111400425434459e-03
1.621693093329668002e-03 4.349340219050645828e-03
1.597046549431979700e-03 4.497070331126451492e-03
1.591412257403135213e-03 4.516901355236769069e-03
1.570837316103279677e-03 4.384641256183386022e-03
1.573604182340204716e-03 4.357443749904632221e-03
1.562512037344276818e-03 4.455544333904981440e-03
1.541319070383906364e-03 4.492412414401769291e-03
1.535901101306080818e-03 4.446828737854957581e-03
1.531397155486047311e-03 4.391201771795749664e-03
1.511776866391301198e-03 4.253991879522800446e-03
1.553523587062954903e-03 4.395192209631204779e-03
1.502686110325157686e-03 5.062539502978325237e-03
1.576930179726332383e-03 4.478940833359956394e-03
1.537151960656046954e-03 4.227621667087078268e-03
1.499491254799068061e-03 4.744756408035755504e-03
1.529308687895536379e-03 4.844322614371776407e-03
1.481368462555110368e-03 4.163001012057065790e-03
1.533424481749534607e-03 4.399413242936134338e-03
1.478279475122690201e-03 5.138095747679471796e-03
1.520970393903553399e-03 4.389528464525937861e-03
1.436384371481835929e-03 4.423883929848671133e-03
1.429750630632042928e-03 4.659991338849067341e-03
1.424718042835593310e-03 4.866920970380305897e-03
1.425850274972617583e-03 4.625480063259601940e-03
1.410892396233975931e-03 4.642327595502137964e-03
1.404251158237457232e-03 4.430858511477708470e-03
1.389859477058053017e-03 4.653071798384189432e-03
1.388879492878913879e-03 4.654645919799804688e-03
1.375662861391901970e-03 4.789800569415092642e-03
1.376543752849102107e-03 4.457288794219494213e-03
1.359183061867952303e-03 4.627726785838603800e-03
1.351262792013585567e-03 4.772683791816234762e-03
1.349150785245001316e-03 4.660639539360999714e-03
1.354892074596136895e-03 4.510711785405874599e-03
1.341591938398778439e-03 5.136782303452491760e-03
1.361346337944269180e-03 5.413292348384857525e-03
1.346074137836694804e-03 4.646908678114414389e-03
1.385849434882402420e-03 4.494630824774503361e-03
1.335373125039041129e-03 5.203017592430114399e-03
1.337996451184153557e-03 4.763602558523416346e-03
1.326243160292506218e-03 4.411949217319488872e-03
1.318725850433111278e-03 5.009994003921746861e-03
1.306909718550741673e-03 4.921270720660686666e-03
1.291430019773542924e-03 4.729302134364843369e-03
1.283346791751682758e-03 5.153396632522344589e-03
1.286020223051309542e-03 4.905278794467449188e-03
1.310322200879454613e-03 4.541543405503034245e-03
1.275828876532614188e-03 5.171665363013744701e-03
1.271898276172578335e-03 4.885422624647616993e-03
1.248975342605262995e-03 4.667890910059213812e-03
1.253653690218925389e-03 5.006449948996305639e-03
1.237166789360344497e-03 5.181146692484617580e-03
1.222990686073899269e-03 5.000628996640443802e-03
1.241941284388303800e-03 5.076371924951672207e-03
1.213063020259141922e-03 5.370916519314050848e-03
1.237217988818883853e-03 5.290584545582533230e-03
1.200032141059637026e-03 4.846358578652143825e-03
1.232367940247058868e-03 4.815293615683913578e-03
1.215080148540437222e-03 5.148210562765598297e-03
1.192212314344942656e-03 4.899231297895312136e-03
1.187808916438370986e-03 4.956315923482179815e-03
1.179424684960395141e-03 5.156222451478243048e-03
1.174811366945505229e-03 5.052973888814449657e-03
1.178735983557999134e-03 5.022026970982551922e-03
1.154415542259812355e-03 5.346822366118430918e-03
1.191420713439583778e-03 5.181080196052789688e-03
1.148273388389498082e-03 4.792015533894300461e-03
1.174584799446165518e-03 4.987610597163438450e-03
1.144120097160339442e-03 5.142793990671634674e-03
1.164644677191972689e-03 5.058179609477519989e-03
1.150523824617266698e-03 4.755352903157472437e-03
1.151403621770441619e-03 5.145494733005762447e-03
1.131330733187496662e-03 5.203856807202100927e-03
1.139418617822229906e-03 4.951769905164838011e-03
1.128205447457730770e-03 5.212016962468623768e-03
1.124177989549934907e-03 5.105954688042401921e-03
1.109678903594612989e-03 4.907449986785650080e-03
1.111403596587479028e-03 5.182124301791190754e-03
1.112354337237775326e-03 5.129019729793071747e-03
1.088661956600844860e-03 4.881965089589357029e-03
1.114817848429083868e-03 5.106242466717958103e-03
1.088159764185547742e-03 5.404446553438901728e-03
1.102377823553979440e-03 5.032792640849948103e-03
1.081105484627187295e-03 4.936045175418258060e-03
1.075786724686622576e-03 5.145332869142293583e-03
1.072988659143447919e-03 5.180485919117927898e-03
1.065617473796010061e-03 5.225948803126811808e-03
1.068310253322124394e-03 5.027537280693650072e-03
1.062049600295722441e-03 4.863333050161599766e-03
1.050242164637893438e-03 5.084029352292418653e-03
1.061645313166081992e-03 5.145462369546294559e-03
1.054841349832713517e-03 4.828083468601107944e-03
1.037779217585921244e-03 5.202626669779419552e-03
1.055763987824320750e-03 5.222168983891606331e-03
1.026581111364066557e-03 4.766963794827461590e-03
1.046841917559504466e-03 4.871284682303666722e-03
1.024036132730543657e-03 5.148201016709208488e-03
1.028422219678759532e-03 5.036345403641462500e-03
1.018952589947730259e-03 5.092872818931937044e-03
1.014856633264571385e-03 5.081521626561879938e-03
1.004637399455532518e-03 5.040564620867371386e-03
1.004721201024949594e-03 5.088214017450809652e-03
9.989751735702157454e-04 5.023759184405207287e-03
9.935797424986958504e-04 5.008227564394474376e-03
9.983500582166015234e-04 5.133929103612900127e-03
1.025534444488585082e-03 5.287753557786345829e-03
9.836964774876833396e-04 4.894100362434983253e-03
1.002506632357835813e-03 5.107038421556353569e-03
9.778436040505766435e-04 5.064096767455339432e-03
9.707621880806982734e-04 4.845131654292345047e-03
9.706940501928329901e-04 4.869092581793665539e-03
9.698668494820594571e-04 5.121605284512042826e-03
9.635923663154244857e-04 5.072987964376806866e-03
9.571113158017396493e-04 5.013794731348752629e-03
9.514707606285810037e-04 5.152342328801751310e-03
9.483093162998557091e-04 5.009246477857232267e-03
9.411729872226715522e-04 4.919440625235438694e-03
9.482629131525755362e-04 4.971738066524266850e-03
9.455662569962441704e-04 4.988600732758641243e-03
9.369292994961142974e-04 5.018691299483180046e-03
9.486389346420765357e-04 5.013454239815473557e-03
9.381108800880610509e-04 4.901081742718815977e-03
9.279362391680478616e-04 5.195056926459074367e-03
9.398472029715776443e-04 4.892456158995628183e-03
9.497482096776366234e-04 4.754488309845328504e-03
9.244399494491517761e-04 5.331174796447157513e-03
9.629466570913791440e-04 4.897729167714715351e-03
9.396991459652781703e-04 4.639112716540693890e-03
9.277120348997414329e-04 5.148141039535402905e-03
9.442746872082352421e-04 4.819121351465583195e-03
9.220004663802683570e-04 4.667115397751331329e-03
8.994629024527966976e-04 5.101338680833578283e-03
9.097030619159340642e-04 4.884970188140868967e-03
8.903614943847060204e-04 4.868254065513610840e-03
8.865488693118095181e-04 5.077930353581905538e-03
8.806706406176090457e-04 4.891857411712408413e-03
8.878467022441327138e-04 4.874387988820672035e-03
8.756768191233276887e-04 5.062564415857196201e-03
8.832244435325265148e-04 4.900712380185722958e-03
8.684032014571130493e-04 4.949804814532399351e-03
8.672679075971245332e-04 5.002094060182571064e-03
8.658083737827837250e-04 4.934627562761306763e-03
8.598746033385395570e-04 5.007508443668484688e-03
8.627247472759336667e-04 4.934549378231167620e-03
8.573483326472341581e-04 5.012520356103777885e-03
8.496534777805208943e-04 4.908305779099464590e-03
8.520368952304125049e-04 5.018667317926883698e-03
8.590719546191394763e-04 5.027281213551759373e-03
8.452924550510943370e-04 4.724534740671515291e-03
8.444688981398939653e-04 4.875210160389542406e-03
8.592495985794812007e-04 4.952109651640057564e-03
8.347248192876576944e-04 4.747556522488594055e-03
8.484662510454654260e-04 5.008628219366073261e-03
8.501217234879732132e-04 4.940763907507061611e-03
8.599867229349911430e-04 4.771914193406700741e-03
8.219305076636373780e-04 5.288302665576338768e-03
8.699635975062847571e-04 4.789610579609871084e-03
8.452430949546397166e-04 4.534050170332193201e-03
8.487063460052013397e-04 5.057785240933298891e-03
8.330939221195876382e-04 4.795636655762791981e-03
8.090984541922807477e-04 4.797878954559564417e-03
8.065279573202133612e-04 4.971290519461035555e-03
8.059482555836438916e-04 4.965633619576692581e-03
8.050718228332698128e-04 4.834646824747323990e-03
8.031190256588161425e-04 4.715490946546196591e-03
8.007055963389575698e-04 4.927089856937527830e-03
7.995304651558399634e-04 4.819609643891453916e-03
7.945732446387410381e-04 4.630485270172357733e-03
7.841838640160858197e-04 4.937313636764884342e-03
8.054502075538038774e-04 4.748085187748074878e-03
8.243752643465995355e-04 4.557232465595006596e-03
7.912494824267923615e-04 5.120607418939470898e-03
8.133168565109371705e-04 4.581170808523893530e-03
7.895676768384874084e-04 4.701853217557072813e-03
7.709937170147895379e-04 5.005268752574921001e-03
7.807485060766338868e-04 4.744241293519735163e-03
7.717520464211701913e-04 4.849027423188090151e-03
7.648249738849699497e-04 4.879671707749366413e-03
7.589878397993743853e-04 4.701196542009710919e-03
7.575404713861643834e-04 4.725087527185678135e-03
7.547850953415035768e-04 4.805205482989549290e-03
7.538136793300509670e-04 4.777088249102235014e-03
7.481630775146186785e-04 4.838904319331050093e-03
7.568877423182130077e-04 4.653677530586719686e-03
7.549608126282691956e-04 4.617670644074678074e-03
7.603586302138865428e-04 4.919586237519979477e-03
7.524903398007154248e-04 4.597657080739736730e-03
7.444939925335347869e-04 4.756514728069305246e-03
7.364564575254916928e-04 4.842359479516744961e-03
7.377246161922812679e-04 4.789566621184349060e-03
7.366301841102540059e-04 4.806174058467149388e-03
7.397993002086877389e-04 4.764720331877470016e-03
7.270947913639247634e-04 4.455386428162455559e-03
7.383142481558024450e-04 4.640300711616873915e-03
7.609934429638088183e-04 4.701349651440978050e-03
7.486420101486146884e-04 4.437277512624859983e-03
7.409242563880980448e-04 4.968450311571359981e-03
7.394402753561734720e-04 4.766411287710070957e-03
7.166255032643676021e-04 4.784774873405695308e-03
7.136433967389165921e-04 4.638574831187724894e-03
7.147988420911133072e-04 4.722847696393727909e-03
7.088902581017464616e-04 4.747756896540522922e-03
7.121564005501568751e-04 4.582926305010915149e-03
7.102882955223321915e-04 4.670169809833169330e-03
7.042155368253589110e-04 4.635403957217931400e-03
6.998371449299156449e-04 4.653874924406409611e-03
7.016103831119835160e-04 4.685790510848164558e-03
6.930175935849547169e-04 4.502031952142715454e-03
6.986220949329435392e-04 4.573388164862990726e-03
6.931075360625982718e-04 4.566400917246938099e-03
6.863523740321397781e-04 4.710061056539416140e-03
6.859479239210486195e-04 4.947187658399343317e-03
6.904181267600506327e-04 4.867615690454840487e-03
6.869712029583752372e-04 4.620108846575021397e-03
6.840105284936726310e-04 4.600780783221125603e-03
6.799392402172088189e-04 4.551469162106513804e-03
6.893725018016994216e-04 4.546366166323423386e-03
6.892423960380255742e-04 4.758551111444830548e-03
6.830069585703312917e-04 4.464541282504797155e-03
6.757899594958871386e-04 4.825515812262893070e-03
6.791205843910575347e-04 4.568530246615409851e-03
6.662474479526281357e-04 4.448649985715746706e-03
6.677727331407367749e-04 4.543772153556347067e-03
6.685368600301444964e-04 4.610687168315053333e-03
6.626320304349064610e-04 4.552851943299174135e-03
6.602558889426291423e-04 4.405233543366193771e-03
6.615607009734958844e-04 4.543403815478086645e-03
6.603826186619699001e-04 4.563583154231309544e-03
6.498129805549979210e-04 4.323697835206985647e-03
6.610195850953459740e-04 4.554697591811418360e-03
6.542063900269567533e-04 4.584804596379399473e-03
6.549600511789321899e-04 4.616924887523054730e-03
6.474878638982773261e-04 4.585267417132854809e-03
6.498160772025584741e-04 4.374967282637953411e-03
6.583146052435040908e-04 4.420725582167506391e-03
6.373214069753885486e-04 4.661390883848070751e-03
6.452302797697484927e-04 4.450341360643506397e-03
6.373175187036394856e-04 4.473838023841381073e-03
6.323371839243918440e-04 4.658697545528412212e-03
6.370137445628643470e-04 4.535968601703643972e-03
6.302623078227043152e-04 4.521735198795795614e-03
6.311516277492046573e-04 4.515043133869767536e-03
6.278738379478454807e-04 4.523971537128091032e-03
6.283928523771464825e-04 4.355809325352311481e-03
6.257674249354749918e-04 4.501787200570106680e-03
6.244696560315787792e-04 4.495415277779102672e-03
6.287797586992383003e-04 4.476360045373439789e-03
6.187813356518745639e-04 4.626255622133612980e-03
6.300808396190405109e-04 4.331497801467775952e-03
6.260833644773811536e-04 4.410082520917057818e-03
6.167270243167876980e-04 4.611443169414997448e-03
6.158685777336358807e-04 4.355851514264941389e-03
6.207084283232688687e-04 4.504998633638024504e-03
6.193167646415531635e-04 4.453983437269925898e-03
6.092743657063693025e-04 4.140441538766026497e-03
6.141657591797411659e-04 4.465723782777786602e-03
6.195584894157946543e-04 4.218717338517308235e-03
6.108446686994284391e-04 4.066415317356586630e-03
6.056959275156259970e-04 4.597501456737517964e-03
6.307088769972324371e-04 4.211270762607455080e-03
6.130550580564885898e-04 4.283298645168543209e-03
5.929291830398142771e-04 4.646577965468167912e-03
6.115664727985858917e-04 4.262491688132285725e-03
5.991073674522339864e-04 4.268940677866340030e-03
5.901617987547069788e-04 4.611722752451896321e-03
6.131485220976174095e-04 4.370840359479188572e-03
6.051257369108498096e-04 4.212505184113979340e-03
5.889000720344483419e-04 4.588261246681213379e-03
6.063112523406744003e-04 4.083855357021093195e-03
6.107994238846003576e-04 4.269827669486403292e-03
6.055897800251841111e-04 4.457272030413151134e-03
5.893675144761801200e-04 3.858610824681818659e-03
5.994760431349277496e-04 4.572516726329922850e-03
6.018338608555495739e-04 4.409090988337993969e-03
5.781644606031477885e-04 4.056607931852340351e-03
5.913477274589240334e-04 4.438042407855391502e-03
6.041610380634665272e-04 4.232369689270853649e-03
5.771870841272175095e-04 4.042916907928883682e-03
5.798219121061265252e-04 4.480282869189977299e-03
5.866047344170510552e-04 3.987997584044933146e-03
5.838452139869332530e-04 4.038866492919623852e-03
5.718788364902138493e-04 4.469832079485059131e-03
5.738425417803228335e-04 4.178343620151281183e-03
5.703707982320338054e-04 4.321576515212655241e-03
5.665565375238656564e-04 4.250108124688267361e-03
5.645247059874236367e-04 4.082945035770535122e-03
5.626637022942305045e-04 4.305375786498188799e-03
5.620318232104181810e-04 4.108592774719000210e-03
5.702483002096414132e-04 4.175396007485687906e-03
5.561290076002478383e-04 4.496160428971052170e-03
5.653823900502175093e-04 4.106786800548434258e-03
5.609694751910864873e-04 4.198570363223552357e-03
5.530566908419132016e-04 4.403887828812002962e-03
5.628805840387940840e-04 4.187256516888737852e-03
5.491906427778303840e-04 4.411358339712023909e-03
5.571827525272965865e-04 4.017001716420054436e-03
5.580319091677665277e-04 4.022788396105170597e-03
5.507877911441027684e-04 4.131672112271190037e-03
5.421990179456769986e-04 3.952270466834306370e-03
5.456318031065165997e-04 4.426942858844995672e-03
5.519755417481064580e-04 4.325930913910269911e-03
5.440537002868950584e-04 4.107041470706463034e-03
5.435961124021559737e-04 4.162190807983278881e-03
5.410198238678276973e-04 4.100528499111533338e-03
5.336207686923444271e-04 3.977858438156544815e-03
5.401561502367258072e-04 4.297003895044326609e-03
5.438389373011887507e-04 4.265205096453427921e-03
5.394572159275412776e-04 4.194704815745353699e-03
5.344802630133926868e-04 4.232583986595273191e-03
5.294980946928262711e-04 3.816654859110713179e-03
5.376779008656740189e-04 3.871584543958306313e-03
5.316079535987227938e-04 4.062058217823505228e-03
5.320316471625119231e-04 3.967335075139999043e-03
5.282347672618925138e-04 4.343602480366826404e-03
5.319767631590365930e-04 3.956508962437510837e-03
5.475293612107634978e-04 3.930329158902168100e-03
5.458502448163927035e-04 4.123150324448943312e-03
5.368789657950401523e-04 3.529124846681952650e-03
5.349286366254091263e-04 4.247340699657797466e-03
5.286680418066680865e-04 3.921062895096838127e-03
5.349437240511178537e-04 4.161218437366187919e-03
5.198858561925590038e-04 4.278956679627299309e-03
5.204159999266267256e-04 3.693394898436963732e-03
5.221790110226720355e-04 4.115484561771154751e-03
5.396523163653909726e-04 3.797109867446124380e-03
5.311019893269985481e-04 3.481847909279167739e-03
5.189334624446928501e-04 4.377980623394251217e-03
5.394790321588515802e-04 3.686505486257374287e-03
5.490374634973705249e-04 3.902386524714529514e-03
5.298807751387357929e-04 4.151113098487257957e-03
5.165545153431594372e-04 3.506054333411156958e-03
5.280176759697496674e-04 4.036305868066847151e-03
5.161772947758436420e-04 3.707506926730275154e-03
5.041151249315589883e-04 4.014486796222627163e-03
5.154686048626899286e-04 3.865601494908332825e-03
5.059963208623230240e-04 3.635222115553915414e-03
5.038748087827116685e-04 3.964168159291148533e-03
5.032201297581195831e-04 3.788746125064790075e-03
5.050914944149554209e-04 3.661371232010423964e-03
4.982384038157760880e-04 4.005010868422686880e-03
5.004150327295065360e-04 3.968774341046810150e-03
4.924887616652995348e-04 3.999624191783368934e-03
4.968778754118830182e-04 4.005803191103040999e-03
4.917045123875140710e-04 3.589148703031242067e-03
4.913945565931498571e-04 3.821324976161122496e-03
4.968267166987061501e-04 3.695130697451531887e-03
4.902624990791082165e-04 3.721811366267502221e-03
4.884646157734095617e-04 3.754158015362918464e-03
4.867444862611591599e-04 3.784139594063162977e-03
4.842696711421012662e-04 3.800300788134336385e-03
4.832294769585132707e-04 3.955869493074715484e-03
4.827288212254643440e-04 3.806293266825377854e-03
4.827363649383187077e-04 3.885933361016213720e-03
4.784938122611492655e-04 3.876754222437739286e-03
4.789317230461165092e-04 3.656723932363092726e-03
4.782241245266050317e-04 3.657243400812149221e-03
4.759093979373574365e-04 3.755148313939571207e-03
4.751216561999172189e-04 3.729717247188091191e-03
4.775691195391118526e-04 3.897609747946262446e-03
4.775887238793074976e-04 3.846132848411798651e-03
4.717697331216186177e-04 3.529306827113032428e-03
4.781332099810242653e-04 3.925448120571673090e-03
4.819133231649175069e-04 3.729180479422211474e-03
4.753858316689729907e-04 3.612897591665387154e-03
4.724976664874702475e-04 3.843367728404700583e-03
4.706966690719127763e-04 3.588827815838158044e-03
4.846303956583142172e-04 3.813856141641736117e-03
4.777630325406789997e-04 3.876876528374850837e-03
4.673103510867804397e-04 3.391385730355978186e-03
4.704214166849851825e-04 3.906203480437397783e-03
4.695851122960448157e-04 3.587691253051161679e-03
4.688674351200461496e-04 3.667863924056291493e-03
4.606244212482124459e-04 4.056913126260042017e-03
4.656637407606467821e-04 3.430716763250529940e-03
4.718305484857409976e-04 3.845431702211499301e-03
4.662566236220300089e-04 3.782662074081599799e-03
4.624399181921034943e-04 3.378041833639144724e-03
4.567558469716459621e-04 3.749783965758979321e-03
4.598118714056908976e-04 3.482848359271884138e-03
4.572523641400039088e-04 3.652483178302645857e-03
4.668164532631635449e-04 3.460930404253304091e-03
4.681505612097680786e-04 3.508883411996066570e-03
4.523680079728365053e-04 3.779618348926305597e-03
4.547104472294449806e-04 3.043924761004746134e-03
4.598305094987154007e-04 3.672562050633132544e-03
4.535807645879685987e-04 3.607726749032735911e-03
4.563928581774234555e-04 3.727689851075410843e-03
4.563779395539313446e-04 3.799088695086538618e-03
4.479154129512608160e-04 3.336030873470008373e-03
4.493175423704087517e-04 3.635283512994647200e-03
4.469662002520635507e-04 3.271147329360246832e-03
4.473990644328296401e-04 3.215114236809313297e-03
4.469445819268003215e-04 3.529576840810477647e-03
4.469234845601022243e-04 3.669916419312357903e-03
4.425075021572411060e-04 3.438262199051678007e-03
4.433218971826136221e-04 3.687832108698785478e-03
4.431250854395329952e-04 3.429224574938416568e-03
4.414462135173380483e-04 3.583854180760681629e-03
4.394722112920135043e-04 3.504552762024104595e-03
4.394146613776684024e-04 3.738599736243486318e-03
4.376426571980118535e-04 3.603374818339943886e-03
4.397644486743956913e-04 3.366708848625421611e-03
4.369248345028609037e-04 3.347949590533971786e-03
4.381741047836840044e-04 3.117370395921170798e-03
4.341162857599556446e-04 3.640127391554415139e-03
4.358053498435765722e-04 3.314336203038692388e-03
4.494726133998483528e-04 3.604946588166057890e-03
4.383023828268050931e-04 3.449293086305260658e-03
4.305044043576344631e-04 3.027684916742145842e-03
4.486863850615918853e-04 3.372400091029703530e-03
4.297900886740535498e-04 3.082001255825161847e-03
4.374512704089283726e-04 3.538783104158937758e-03
4.252680460922420242e-04 3.245417727157473564e-03
4.359609331004321467e-04 3.703124262392520818e-03
4.279594519175589301e-04 3.529598470777273178e-03
4.245422722306102623e-04 3.430918627418577845e-03
4.231412895023822784e-04 3.510571480728685682e-03
4.280066699720918915e-04 3.383653191849589521e-03
4.207193211186677434e-04 3.387735830619931134e-03
4.226192249916493893e-04 3.044611401855945674e-03
4.253714170772582184e-04 3.424843493849039251e-03
4.315191705245524862e-04 3.259357414208352566e-03
4.271122219506650946e-04 3.121386421844363126e-03
4.184414399787783731e-04 3.677950962446629914e-03
4.273689468391239426e-04 3.163603204302489931e-03
4.172968096099793694e-04 3.471392346546053800e-03
4.172049113549291979e-04 3.175348439253866499e-03
4.185781348496675274e-04 3.214171924628317530e-03
4.116667783819139221e-04 3.181213489733636466e-03
4.132223315536975644e-04 3.363491315394639795e-03
4.128723870962857983e-04 3.378005651757121260e-03
4.113542498089373220e-04 3.231587889604270632e-03
4.084082669578492425e-04 3.342428081668913538e-03
4.068746755365282406e-04 3.376188059337437326e-03
4.081793187651783120e-04 3.194510703906416893e-03
4.059484112076461098e-04 3.222157596610486507e-03
4.105397849343716990e-04 3.325876314193010330e-03
4.119596444070339094e-04 3.076713159680366603e-03
4.088487999979406812e-04 3.047939459793269808e-03
4.074128926731646169e-04 3.317873156629502600e-03
4.029251984320581068e-04 2.899993117898702535e-03
4.144602222368121364e-04 3.302900190465152437e-03
4.087081993930042007e-04 3.310496988706290895e-03
4.129610897507518530e-04 3.274371381849050522e-03
4.102871753275394440e-04 3.265157015994191083e-03
4.158617462962866046e-04 2.975602587684989149e-03
3.983638482168316733e-04 3.402960905805230314e-03
4.075908393133431565e-04 2.855305816046893510e-03
4.092140356078743718e-04 3.309522080235183152e-03
3.981921472586691380e-04 3.216134873218834313e-03
3.954009269364178289e-04 3.132189647294580850e-03
3.916210262104868889e-04 3.220694838091731071e-03
3.950087935663759925e-04 2.962327748537063772e-03
3.965244453866034529e-04 3.098821407184004697e-03
3.956153988838195692e-04 3.299333318136632269e-03
3.976206877268851020e-04 3.058846341446042061e-03
4.015738028101623275e-04 3.240933548659086141e-03
3.969033248722553362e-04 3.183890716172754765e-03
3.923903685063123811e-04 2.741881133988499815e-03
3.905863093677908291e-04 3.279081941582262343e-03
3.977852466050535440e-04 2.820904506370425138e-03
3.890708030667155981e-04 3.014036593958735379e-03
3.851334156934172023e-04 3.081195033155381766e-03
3.855848568491637924e-04 2.894504321739077655e-03
3.845396044198423407e-04 2.862440771423280239e-03
3.903070581145584692e-04 3.002298716455698187e-03
3.831894398899749030e-04 2.985554351471364672e-03
3.884895413648337126e-04 3.256361093372106639e-03
3.882175777107477297e-04 3.063415247015655214e-03
3.816254029516130686e-04 3.240859252400696278e-03
3.798779333010316004e-04 2.846775227226316929e-03
3.861221077386289727e-04 3.294941876083612355e-03
4.011228855233639587e-04 2.666201535612344829e-03
3.958301735110580704e-04 2.760586538352072326e-03
3.853223461192101240e-04 3.157973987981677055e-03
3.909916966222226728e-04 2.664769836701452906e-03
3.810670692473650195e-04 2.908716979436576540e-03
3.801596350967883955e-04 2.601627004332840529e-03
3.842633741442114115e-04 3.165842662565409964e-03
3.821184160187840679e-04 2.722266106866300193e-03
3.769420320168137442e-04 3.000391554087400350e-03
3.852043417282402624e-04 2.709116321057081223e-03
3.836949705146253326e-04 2.549669169820844954e-03
3.777698730118572712e-04 2.902420028112828645e-03
3.759236715268343687e-04 2.638235874474048788e-03
3.745744528714567206e-04 3.268305957317352121e-03
3.762991807889193405e-04 2.779289078898727720e-03
3.789386129938065897e-04 2.925993292592465878e-03
3.779071441385894905e-04 2.629434526897967035e-03
3.926265286281705119e-04 2.790559642016887752e-03
4.036556172650307525e-04 2.834738371893763455e-03
4.000957240350544561e-04 2.612569252960383892e-03
3.936847439035773494e-04 3.229565010406076821e-03
3.987872623838484287e-04 2.376905991695821285e-03
3.786401415709405921e-04 2.975164307281375018e-03
3.869337728247046254e-04 2.568169520236551675e-03
3.741326218005269766e-04 2.926240814849734220e-03
3.632751351688057076e-04 2.418884099461138162e-03
3.707443800522014607e-04 2.804923849180340593e-03
3.728608542587608207e-04 2.568659139797091484e-03
3.764263819903135300e-04 2.724141883663833315e-03
3.639901755377650044e-04 2.990849292837083426e-03
3.749109455384314060e-04 2.485564630478620703e-03
3.690536424983292710e-04 2.866468159481883049e-03
3.624643781222402833e-04 2.467190916649997408e-03
3.651296894531696926e-04 2.945920568890869617e-03
3.758405044209212173e-04 2.558602252975106239e-03
3.640677721705287803e-04 2.647319971583783453e-03
3.571971261408180215e-04 2.909692819230258465e-03
3.590479085687547705e-04 2.602211968041956598e-03
3.530995105393231132e-04 2.670867135748267174e-03
3.551798115950077881e-04 2.705660043284297076e-03
3.536688571330160011e-04 2.725769858807325450e-03
3.514877636916935335e-04 2.648954954929649917e-03
3.523019200656563260e-04 2.675309148617088968e-03
3.554346505552530180e-04 2.690682746469974605e-03
3.538805758580565453e-04 2.782415621913969430e-03
3.524671308696270097e-04 2.748051076196134090e-03
3.598429029807448387e-04 2.728635421954095450e-03
3.602435812354087613e-04 2.491594222374260252e-03
3.580568998586386551e-04 2.640796732157468709e-03
3.488460555672645352e-04 2.563768927939235991e-03
3.530934802256524454e-04 2.842453657649457455e-03
3.471518284641206264e-04 2.594672027043998241e-03
3.465170739218592644e-04 2.816410711966455069e-03
3.487634065095335354e-04 2.458627265878021544e-03
3.545299288816749941e-04 2.637460385449230584e-03
3.469463961664587368e-04 2.758480259217321873e-03
3.567940089851618030e-04 2.571052056737244129e-03
3.510468523018062115e-04 2.785967476665973490e-03
3.499941027257591703e-04 2.437238884158432657e-03
3.439545864239334952e-04 2.753400010988116264e-03
3.420973080210387707e-04 2.372886566445231264e-03
3.440776199568063021e-04 2.780609158799052325e-03
3.452340781223028790e-04 2.461928036063909617e-03
3.424126305617392172e-04 2.658386342227459041e-03
3.452245611697435271e-04 2.527030836790800268e-03
3.475431585684418678e-04 2.580948034301400271e-03
3.508415364194661487e-04 2.594731026329100219e-03
3.345865581650286804e-04 2.335029002279043024e-03
3.359175287187099565e-04 2.902199630625545979e-03
3.465853107627481114e-04 2.472419477999210531e-03
3.366567834746092558e-04 2.680141571909189311e-03
3.352041414473205696e-04 2.412817766889929858e-03
3.330617561005056121e-04 2.379788202233612537e-03
3.369418904185294888e-04 2.673513907939195806e-03
3.327238955534994602e-04 2.553709456697106275e-03
3.303439589217305183e-04 2.601544675417244608e-03
3.315973794087767384e-04 2.537589729763567534e-03
3.383180126547813524e-04 2.381626493297517386e-03
3.429396252613514879e-04 2.531211683526635257e-03
3.405204217415302883e-04 2.559431921690702525e-03
3.317178576253354766e-04 2.350080641917884350e-03
3.330686187837272774e-04 2.824072935618460265e-03
3.438313375227153518e-04 2.338662976399064064e-03
3.293992311228066791e-04 2.635130728594958956e-03
3.290235355962067734e-04 2.357768896035850222e-03
3.321427211631089449e-04 2.715411246754229069e-03
3.364153089933097363e-04 2.457011444494128401e-03
3.290648863185197223e-04 2.518985117785632437e-03
3.261392586864530932e-04 2.520634024403989142e-03
3.253592003602534533e-04 2.432027133181691170e-03
3.245760861318558563e-04 2.534710406325757677e-03
3.239882411435246251e-04 2.478521550074219704e-03
3.238570003304630735e-04 2.519098878838122064e-03
3.297440824098885168e-04 2.503869985230266874e-03
3.309315186925232519e-04 2.593921660445630377e-03
3.255692834500223507e-04 2.366028423421084707e-03
3.215366450604051352e-04 2.472494938410818664e-03
3.207907371688634374e-04 2.244762284681200894e-03
3.204614738933742155e-04 2.669393201358616352e-03
3.256176190916448615e-04 2.384272590279579336e-03
3.243982966523617398e-04 2.382975164800882426e-03
3.170114068780094385e-04 2.448834851384162816e-03
3.193007898516952883e-04 2.418034872971474951e-03
3.209469432476907969e-04 2.283660252578556451e-03
3.150733682559803128e-04 2.416860777884721756e-03
3.164401248795911778e-04 2.441638917662203485e-03
3.125914256088435541e-04 2.503685466945171183e-03
3.135040926281362664e-04 2.421619463711977092e-03
3.136738901957869747e-04 2.509086439386009997e-03
3.147495212033390782e-04 2.291662478819489566e-03
3.110937890596687577e-04 2.414294844493270007e-03
3.135233011562377106e-04 2.409717277623713103e-03
3.095612977631389878e-04 2.469994896091520960e-03
3.084257506998255740e-04 2.460592170245945540e-03
3.099690598901361444e-04 2.377176121808588331e-03
3.086629207246005318e-04 2.380762528628110712e-03
3.078520065173506845e-04 2.410617005079984491e-03
3.054263972444459688e-04 2.305718744173645886e-03
3.098189452430233468e-04 2.297463477589190006e-03
3.060875053051859032e-04 2.336742053739726370e-03
3.062361007323488810e-04 2.320482837967574683e-03
3.052375686820596457e-04 2.205289108678698453e-03
3.050038067158311605e-04 2.406759071163833141e-03
3.056259767618030201e-04 2.340374630875885487e-03
3.050815954338759401e-04 2.368938690051436251e-03
3.030935244169086001e-04 2.322574215941131288e-03
3.090306068770587661e-04 2.441406738944351586e-03
3.112396283540874503e-04 2.228096267208456906e-03
3.096894943155348301e-04 2.263888134621083736e-03
3.011827735463157513e-04 2.367728948593139735e-03
3.030917781870811961e-04 2.248675632290542299e-03
3.026923746801913001e-04 2.321601030416786671e-03
2.993826463352888931e-04 2.265421650372445670e-03
2.986548061016947031e-04 2.413896145299077034e-03
3.030720283277332674e-04 2.225383324548602017e-03
2.972181711811572205e-04 2.272431435994803732e-03
2.974465140141546835e-04 2.346369717270135706e-03
3.006917540915310383e-04 2.226989436894655401e-03
3.041476302314549685e-04 2.327316906303167343e-03
3.099377150647342422e-04 2.245160634629428387e-03
3.051256528124213110e-04 2.216624212451279163e-03
3.065940079977735985e-04 2.217485010623931798e-03
3.066806064452976097e-04 2.244050265289843082e-03
3.093220700975507606e-04 2.244206913746893579e-03
2.943433995824306986e-04 2.105746488086879427e-03
2.948681241832673441e-04 2.502904296852648171e-03
3.056455927435308586e-04 2.136971987783909017e-03
2.988384803757071495e-04 2.380110765807330695e-03
3.014548099599778761e-04 2.164026815444231120e-03
2.962445112643763531e-04 2.312054694630205805e-03
2.948179899249225855e-04 2.216702746227383787e-03
2.976401359774172089e-04 2.230242453515529719e-03
2.907186222728342035e-04 2.193010644987225533e-03
2.884686517063528408e-04 2.128805918619036848e-03
2.940412028692662933e-04 2.213607961311936552e-03
2.887721464503556598e-04 2.208966924808919256e-03
2.870795025955885540e-04 2.245445875450968656e-03
2.835941093508154262e-04 2.193227852694690314e-03
2.863437053747475364e-04 2.404653700068593025e-03
2.944032952655106566e-04 2.194906445220112887e-03
2.847056020982563496e-04 2.323525329120457346e-03
2.978713891934603453e-04 2.111013978719711304e-03
3.000178490765392997e-04 2.406950900331139651e-03
3.076702239923179258e-04 2.210626099258661444e-03
3.015608934219926704e-04 2.210644702427089041e-03
3.078350739087909352e-04 2.152463607490062887e-03
2.891058102250099182e-04 2.047821157611906615e-03
2.834350743796676397e-04 2.228709636256098747e-03
2.963370730867609599e-04 2.010233001783490181e-03
2.966437692521140196e-04 2.208602079190313643e-03
2.836389758158475161e-04 2.229101210832595999e-03
2.861819404643028866e-04 2.232766710221767426e-03
2.890086616389453411e-04 2.169479732401669025e-03
2.972644608234986554e-04 2.069681975990533915e-03
2.920535946032032262e-04 2.141022193245589907e-03
2.796283486532047499e-04 2.253066049888730049e-03
2.787559613352641572e-04 1.997017278335988608e-03
2.906192035879940011e-04 2.201818488538265315e-03
2.847203286364674568e-04 2.078726771287620068e-03
2.815676038153469346e-04 2.138826739974320022e-03
2.777802175842225443e-04 2.212667232379317370e-03
2.797150344122201313e-04 2.208500192500650796e-03
2.851047320291399956e-04 2.248656330630183307e-03
2.869826828828081597e-04 2.094630943611264316e-03
2.870451338822021864e-04 2.140443585813045328e-03
2.900476276408880841e-04 2.032404742203652945e-03
2.873226185329258442e-04 2.036960830446332780e-03
2.839082328137010228e-04 2.167023625224828633e-03
2.827645919751376022e-04 2.081391785759478894e-03
2.812213846482336304e-04 2.280675433576107112e-03
2.789516671327874281e-04 2.056722168345004147e-03
2.807342214509844888e-04 2.145926374942064199e-03
2.755800698651000749e-04 1.924818824045360175e-03
2.770416409475729086e-04 2.172508556395768946e-03
2.805379510391503464e-04 2.198036364279687578e-03
2.680814592167735317e-04 2.523438283242285338e-03
2.773774845991283872e-04 2.167684771120548075e-03
2.743215707596391548e-04 2.125946222804486752e-03
2.782312338240444769e-04 2.020558365620672616e-03
2.767177327768877257e-04 2.028874051757156675e-03
2.673419367056339979e-04 2.020915993489324960e-03
2.714412112254649401e-04 2.155340719036758033e-03
2.809126279316842664e-04 2.204459276981651783e-03
2.955545554868876717e-04 2.088996476959437305e-03
2.851480676326900721e-04 2.109082858078181830e-03
2.673767565283924450e-04 2.078862464986741716e-03
2.679278724826872240e-04 1.855511951725930062e-03
2.701790886931121566e-04 2.101402380503714085e-03
2.710282977204769958e-04 2.029039722401648760e-03
2.591843425761908076e-04 2.282438660040497867e-03
2.665964770130812905e-04 2.122751646675169555e-03
2.623192965984344591e-04 2.068893774412572297e-03
2.651604940183460496e-04 2.040300203952938405e-03
2.617139281937852393e-04 1.957786804996431047e-03
2.687027910724282156e-04 2.132349833846092398e-03
2.669575042091310024e-04 2.083355351351201448e-03
2.664937055669724941e-04 2.094974997453391465e-03
2.564977912697941065e-04 2.179671591147780245e-03
2.582635323051363338e-04 1.983412227127701131e-03
2.603475149953737855e-04 2.045763202477246696e-03
2.549074997659772635e-04 1.928601972758770076e-03
2.608088456327095411e-04 2.107248001266270876e-03
2.612853248137980808e-04 2.083586365915835077e-03
2.542324538808315884e-04 2.079985197633504954e-03
2.570032549556344639e-04 2.060556598007678812e-03
2.582371176686138131e-04 2.148905664216727192e-03
2.567599469330161702e-04 2.071887720376253128e-03
2.547729818616062403e-04 2.060154499486088579e-03
2.557837869971990585e-04 1.965239085257053289e-03
2.539121720474213579e-04 2.037656283937394532e-03
2.565310540376231183e-04 2.024008368607610464e-03
2.550656907260418047e-04 2.031730650924146002e-03
2.520495239878073118e-04 1.984048902522772637e-03
2.502781426301226020e-04 1.979121647309511900e-03
2.495792869012802839e-04 2.049835782963782636e-03
2.567127929069101919e-04 2.132478263229131785e-03
2.706805127672850977e-04 1.945971616078168197e-03
2.719023905228823423e-04 2.144613256677985365e-03
2.660105295944958708e-04 2.000362810213118705e-03
2.619239297928288362e-04 1.951724197715520772e-03
2.465640136506408453e-04 2.053264644928276539e-03
2.538124623242765882e-04 1.958230347372591669e-03
2.515733707696199200e-04 1.994535257108509367e-03
2.496759640052914836e-04 1.997129106894135302e-03
2.493416366633027900e-04 1.996197656262666074e-03
