0.0 -0.065 -0.065 -0.065 -0.065 -0.066271536 -0.06016799 -0.0677165 -0.064423665
0.0005 -0.065 -0.065 -0.065 -0.065 -0.066272624 -0.059224024 -0.06739206 -0.06371574
0.001 -0.065 -0.065 -0.065 -0.065 -0.06620613 -0.059677675 -0.06711082 -0.06328134
0.0015 -0.065 -0.065 -0.065 -0.065 -0.06614471 -0.06018006 -0.06686752 -0.06292101
0.002 -0.065 -0.065 -0.065 -0.065 -0.06609234 -0.060656335 -0.06665648 -0.06261686
0.0025 -0.065 -0.065 -0.065 -0.065 -0.066048965 -0.0611034 -0.06647281 -0.062361997
0.003 -0.065 -0.065 -0.065 -0.065 -0.066014096 -0.061522454 -0.066312395 -0.062150735
0.0035 -0.065 -0.065 -0.065 -0.065 -0.06598717 -0.06191499 -0.06617175 -0.061978023
0.004 -0.065 -0.065 -0.065 -0.065 -0.06596752 -0.06228251 -0.066047944 -0.061839323
0.0045 -0.065 -0.065 -0.065 -0.065 -0.06595449 -0.06262645 -0.06593849 -0.061730556
0.005 -0.065 -0.065 -0.065 -0.065 -0.06594738 -0.06294822 -0.065841265 -0.061648082
0.0055 -0.065 -0.065 -0.065 -0.065 -0.06594554 -0.063249126 -0.06575449 -0.06158864
0.006 -0.065 -0.065 -0.065 -0.065 -0.06594832 -0.06353046 -0.065676644 -0.061549317
0.0065 -0.065 -0.065 -0.065 -0.065 -0.06595513 -0.063793406 -0.06560644 -0.061527506
0.007 -0.065 -0.065 -0.065 -0.065 -0.065965384 -0.06403911 -0.06554278 -0.06152089
0.0075 -0.065 -0.065 -0.065 -0.065 -0.06597858 -0.06426862 -0.06548474 -0.0615274
0.008 -0.065 -0.065 -0.065 -0.065 -0.06599422 -0.06448296 -0.06543151 -0.061545208
0.0085 -0.065 -0.065 -0.065 -0.065 -0.06601188 -0.06468306 -0.06538244 -0.06157268
0.009 -0.065 -0.065 -0.065 -0.065 -0.066031165 -0.06486979 -0.06533695 -0.061608363
0.0095 -0.065 -0.065 -0.065 -0.065 -0.06605172 -0.065044 -0.06529455 -0.06165098
0.01 -0.065 -0.065 -0.065 -0.065 -0.066073224 -0.065206446 -0.06525484 -0.061699394
0.0105 -0.065 -0.065 -0.065 -0.065 -0.0660954 -0.065357864 -0.065217465 -0.06175261
0.011 -0.065 -0.065 -0.065 -0.065 -0.066117994 -0.06549892 -0.06518213 -0.061809737
0.0115 -0.065 -0.065 -0.065 -0.065 -0.066140786 -0.06563027 -0.06514859 -0.061870005
0.012 -0.065 -0.065 -0.065 -0.065 -0.0661636 -0.065752484 -0.065116644 -0.061932724
0.0125 -0.065 -0.065 -0.065 -0.065 -0.06618625 -0.06586613 -0.065086104 -0.061997302
0.013 -0.065 -0.065 -0.065 -0.065 -0.06620861 -0.06597172 -0.06505683 -0.06206321
0.0135 -0.065 -0.065 -0.065 -0.065 -0.06623055 -0.066069745 -0.0650287 -0.06212999
0.014 -0.065 -0.065 -0.065 -0.065 -0.06625196 -0.066160664 -0.06500161 -0.06219725
0.0145 -0.065 -0.065 -0.065 -0.065 -0.066272765 -0.066244885 -0.06497546 -0.062264636
0.015 -0.065 -0.065 -0.065 -0.065 -0.06629289 -0.06632282 -0.0649502 -0.06233186
0.0155 -0.065 -0.065 -0.065 -0.065 -0.066312276 -0.06639485 -0.06492577 -0.06239866
0.016 -0.065 -0.065 -0.065 -0.065 -0.066330865 -0.06646132 -0.06490211 -0.06246482
0.0165 -0.065 -0.065 -0.065 -0.065 -0.066348635 -0.06652254 -0.06487919 -0.062530145
0.017 -0.065 -0.065 -0.065 -0.065 -0.066365555 -0.06657885 -0.06485697 -0.06259449
0.0175 -0.065 -0.065 -0.065 -0.065 -0.066381596 -0.066630505 -0.06483544 -0.062657714
0.018 -0.065 -0.065 -0.065 -0.065 -0.06639674 -0.0666778 -0.06481455 -0.0627197
0.0185 -0.065 -0.065 -0.065 -0.065 -0.06641101 -0.06672098 -0.06479432 -0.06278038
0.019 -0.065 -0.065 -0.065 -0.065 -0.06642438 -0.06676028 -0.0647747 -0.062839665
0.0195 -0.065 -0.065 -0.065 -0.065 -0.06643685 -0.06679593 -0.0647557 -0.062897496
0.02 -0.065 -0.065 -0.065 -0.065 -0.06644845 -0.06682815 -0.064737305 -0.062953845
0.0205 -0.065 -0.065 -0.065 -0.065 -0.06645917 -0.06685712 -0.06471951 -0.063008666
0.021 -0.065 -0.065 -0.065 -0.065 -0.06646903 -0.06688304 -0.06470231 -0.063061945
0.0215 -0.065 -0.065 -0.065 -0.065 -0.06647805 -0.06690608 -0.06468569 -0.06311366
0.022 -0.065 -0.065 -0.065 -0.065 -0.06648625 -0.066926405 -0.06466965 -0.06316382
0.0225 -0.065 -0.065 -0.065 -0.065 -0.06649363 -0.06694418 -0.06465419 -0.06321242
0.023 -0.065 -0.065 -0.065 -0.065 -0.06650024 -0.066959545 -0.06463929 -0.06325947
0.0235 -0.065 -0.065 -0.065 -0.065 -0.06650608 -0.06697263 -0.064624965 -0.063304976
0.024 -0.065 -0.065 -0.065 -0.065 -0.066511184 -0.06698358 -0.064611204 -0.06334897
0.0245 -0.065 -0.065 -0.065 -0.065 -0.066515565 -0.06699252 -0.064598 -0.06339146
0.025 -0.065 -0.065 -0.065 -0.065 -0.06651926 -0.06699955 -0.06458535 -0.06343247
0.0255 -0.065 -0.065 -0.065 -0.065 -0.066522285 -0.0670048 -0.06457325 -0.06347203
0.026 -0.065 -0.065 -0.065 -0.065 -0.06652466 -0.06700836 -0.06456169 -0.06351017
0.0265 -0.065 -0.065 -0.065 -0.065 -0.06652642 -0.06701033 -0.06455066 -0.06354692
0.027 -0.065 -0.065 -0.065 -0.065 -0.06652759 -0.067010805 -0.06454017 -0.0635823
0.0275 -0.065 -0.065 -0.065 -0.065 -0.06652818 -0.06700988 -0.0645302 -0.06361636
0.028 -0.065 -0.065 -0.065 -0.065 -0.066528216 -0.06700763 -0.06452075 -0.06364912
0.0285 -0.065 -0.065 -0.065 -0.065 -0.06652774 -0.067004144 -0.064511806 -0.06368062
0.029 -0.065 -0.065 -0.065 -0.065 -0.06652675 -0.06699947 -0.06450337 -0.06371089
0.0295 -0.065 -0.065 -0.065 -0.065 -0.06652528 -0.06699371 -0.06449542 -0.06373997
0.03 -0.065 -0.065 -0.065 -0.065 -0.06652336 -0.06698692 -0.064487964 -0.06376789
0.0305 -0.065 -0.065 -0.065 -0.065 -0.06652099 -0.06697917 -0.06448099 -0.06379468
0.031 -0.065 -0.065 -0.065 -0.065 -0.0665182 -0.0669705 -0.06447448 -0.06382038
0.0315 -0.065 -0.065 -0.065 -0.065 -0.06651503 -0.066960976 -0.064468436 -0.063845016
0.032 -0.065 -0.065 -0.065 -0.065 -0.06651147 -0.066950664 -0.06446284 -0.06386863
0.0325 -0.065 -0.065 -0.065 -0.065 -0.066507556 -0.066939615 -0.06445769 -0.06389125
0.033 -0.065 -0.065 -0.065 -0.065 -0.0665033 -0.066927865 -0.064452976 -0.0639129
0.0335 -0.065 -0.065 -0.065 -0.065 -0.06649872 -0.06691547 -0.064448684 -0.063933626
0.034 -0.065 -0.065 -0.065 -0.065 -0.06649384 -0.06690246 -0.06444481 -0.06395345
0.0345 -0.065 -0.065 -0.065 -0.065 -0.06648866 -0.0668889 -0.06444134 -0.0639724
0.035 -0.065 -0.065 -0.065 -0.065 -0.066483214 -0.0668748 -0.06443827 -0.06399052
0.0355 -0.065 -0.065 -0.065 -0.065 -0.066477515 -0.06686023 -0.06443558 -0.06400781
0.036 -0.065 -0.065 -0.065 -0.065 -0.06647157 -0.06684521 -0.06443327 -0.06402432
0.0365 -0.065 -0.065 -0.065 -0.065 -0.06646539 -0.06682977 -0.064431325 -0.06404008
0.037 -0.065 -0.065 -0.065 -0.065 -0.066459 -0.066813946 -0.06442974 -0.0640551
0.0375 -0.065 -0.065 -0.065 -0.065 -0.066452414 -0.06679778 -0.0644285 -0.06406941
0.038 -0.065 -0.065 -0.065 -0.065 -0.066445634 -0.06678128 -0.0644276 -0.06408305
0.0385 -0.065 -0.065 -0.065 -0.065 -0.06643868 -0.06676449 -0.064427026 -0.064096026
0.039 -0.065 -0.065 -0.065 -0.065 -0.06643156 -0.06674743 -0.06442677 -0.064108364
0.0395 -0.065 -0.065 -0.065 -0.065 -0.06642429 -0.06673013 -0.064426824 -0.0641201
0.04 -0.065 -0.065 -0.065 -0.065 -0.066416875 -0.0667126 -0.06442718 -0.06413123
0.0405 -0.065 -0.065 -0.065 -0.065 -0.06640933 -0.066694885 -0.06442782 -0.0641418
0.041 -0.065 -0.065 -0.065 -0.065 -0.06640165 -0.06667699 -0.064428754 -0.06415182
0.0415 -0.065 -0.065 -0.065 -0.065 -0.06639387 -0.06665893 -0.06442995 -0.06416132
0.042 -0.065 -0.065 -0.065 -0.065 -0.066385984 -0.06664075 -0.064431414 -0.06417031
0.0425 -0.065 -0.065 -0.065 -0.065 -0.066378005 -0.06662245 -0.06443313 -0.0641788
0.043 -0.065 -0.065 -0.065 -0.065 -0.066369936 -0.06660405 -0.064435095 -0.06418683
0.0435 -0.065 -0.065 -0.065 -0.065 -0.06636179 -0.06658556 -0.06443729 -0.064194396
0.044 -0.065 -0.065 -0.065 -0.065 -0.066353574 -0.066567004 -0.06443972 -0.064201534
0.0445 -0.065 -0.065 -0.065 -0.065 -0.06634529 -0.06654841 -0.06444237 -0.06420825
0.045 -0.065 -0.065 -0.065 -0.065 -0.06633696 -0.066529766 -0.06444523 -0.06421455
0.0455 -0.065 -0.065 -0.065 -0.065 -0.06632857 -0.0665111 -0.0644483 -0.064220466
0.046 -0.065 -0.065 -0.065 -0.065 -0.066320136 -0.06649242 -0.06445156 -0.06422601
0.0465 -0.065 -0.065 -0.065 -0.065 -0.06631167 -0.06647375 -0.06445502 -0.06423119
0.047 -0.065 -0.065 -0.065 -0.065 -0.06630317 -0.06645508 -0.06445865 -0.064236015
0.0475 -0.065 -0.065 -0.065 -0.065 -0.06629464 -0.06643644 -0.06446246 -0.064240515
0.048 -0.065 -0.065 -0.065 -0.065 -0.066286094 -0.06641783 -0.06446643 -0.06424469
0.0485 -0.065 -0.065 -0.065 -0.065 -0.066277534 -0.06639926 -0.064470574 -0.064248554
0.049 -0.065 -0.065 -0.065 -0.065 -0.06626896 -0.06638074 -0.06447486 -0.064252116
0.0495 -0.065 -0.065 -0.065 -0.065 -0.066260375 -0.06636228 -0.0644793 -0.0642554
0.05 -0.065 -0.065 -0.065 -0.065 -0.06625179 -0.06634389 -0.06448387 -0.064258404
0.0505 -0.065 -0.065 -0.065 -0.065 -0.06624321 -0.066325575 -0.06448858 -0.064261146
0.051 -0.065 -0.065 -0.065 -0.065 -0.06623463 -0.06630734 -0.06449342 -0.064263634
0.0515 -0.065 -0.065 -0.065 -0.065 -0.066226065 -0.0662892 -0.06449838 -0.064265884
0.052 -0.065 -0.065 -0.065 -0.065 -0.06621751 -0.066271156 -0.06450345 -0.064267896
0.0525 -0.065 -0.065 -0.065 -0.065 -0.06620897 -0.06625321 -0.06450864 -0.064269684
0.053 -0.065 -0.065 -0.065 -0.065 -0.06620046 -0.06623538 -0.06451393 -0.06427125
0.0535 -0.065 -0.065 -0.065 -0.065 -0.06619196 -0.066217646 -0.064519316 -0.06427261
0.054 -0.065 -0.065 -0.065 -0.065 -0.06618349 -0.06620004 -0.0645248 -0.06427378
0.0545 -0.065 -0.065 -0.065 -0.065 -0.06617504 -0.066182554 -0.06453037 -0.06427475
0.055 -0.065 -0.065 -0.065 -0.065 -0.06616664 -0.066165194 -0.06453602 -0.06427554
0.0555 -0.065 -0.065 -0.065 -0.065 -0.06615826 -0.06614796 -0.06454175 -0.06427616
0.056 -0.065 -0.065 -0.065 -0.065 -0.06614991 -0.06613086 -0.06454755 -0.064276606
0.0565 -0.065 -0.065 -0.065 -0.065 -0.066141605 -0.066113904 -0.064553425 -0.06427689
0.057 -0.065 -0.065 -0.065 -0.065 -0.066133335 -0.06609708 -0.06455937 -0.06427702
0.0575 -0.065 -0.065 -0.065 -0.065 -0.06612511 -0.06608041 -0.06456537 -0.064277
0.058 -0.065 -0.065 -0.065 -0.065 -0.06611693 -0.06606388 -0.064571425 -0.064276844
0.0585 -0.065 -0.065 -0.065 -0.065 -0.06610879 -0.06604749 -0.06457753 -0.064276546
0.059 -0.065 -0.065 -0.065 -0.065 -0.0661007 -0.06603126 -0.06458368 -0.06427613
0.0595 -0.065 -0.065 -0.065 -0.065 -0.06609266 -0.066015184 -0.06458988 -0.06427558
0.06 -0.065 -0.065 -0.065 -0.065 -0.06608467 -0.065999255 -0.06459612 -0.06427491
0.0605 -0.065 -0.065 -0.065 -0.065 -0.066076726 -0.065983474 -0.06460239 -0.06427413
0.061 -0.065 -0.065 -0.065 -0.065 -0.066068836 -0.06596786 -0.0646087 -0.06427324
0.0615 -0.065 -0.065 -0.065 -0.065 -0.066061 -0.065952405 -0.06461503 -0.06427225
0.062 -0.065 -0.065 -0.065 -0.065 -0.06605322 -0.0659371 -0.064621404 -0.06427115
0.0625 -0.065 -0.065 -0.065 -0.065 -0.06604549 -0.06592196 -0.06462779 -0.06426997
0.063 -0.065 -0.065 -0.065 -0.065 -0.06603782 -0.06590699 -0.0646342 -0.06426869
0.0635 -0.065 -0.065 -0.065 -0.065 -0.0660302 -0.06589216 -0.06464062 -0.06426733
0.064 -0.065 -0.065 -0.065 -0.065 -0.06602265 -0.0658775 -0.064647056 -0.064265884
0.0645 -0.065 -0.065 -0.065 -0.065 -0.06601515 -0.06586301 -0.0646535 -0.064264365
0.065 -0.065 -0.065 -0.065 -0.065 -0.06600771 -0.06584868 -0.06465996 -0.06426276
0.0655 -0.065 -0.065 -0.065 -0.065 -0.066000335 -0.06583451 -0.06466643 -0.0642611
0.066 -0.065 -0.065 -0.065 -0.065 -0.06599301 -0.0658205 -0.064672895 -0.064259365
0.0665 -0.065 -0.065 -0.065 -0.065 -0.065985754 -0.06580666 -0.06467937 -0.06425757
0.067 -0.065 -0.065 -0.065 -0.065 -0.06597856 -0.06579298 -0.06468584 -0.064255714
0.0675 -0.065 -0.065 -0.065 -0.065 -0.06597142 -0.06577945 -0.064692296 -0.0642538
0.068 -0.065 -0.065 -0.065 -0.065 -0.06596435 -0.065766096 -0.064698756 -0.06425184
0.0685 -0.065 -0.065 -0.065 -0.065 -0.06595734 -0.06575291 -0.06470521 -0.06424982
0.069 -0.065 -0.065 -0.065 -0.065 -0.06595039 -0.065739855 -0.06471165 -0.06424776
0.0695 -0.065 -0.065 -0.065 -0.065 -0.06594351 -0.06572698 -0.06471808 -0.06424564
0.07 -0.065 -0.065 -0.065 -0.065 -0.065936685 -0.06571427 -0.064724505 -0.06424349
0.0705 -0.065 -0.065 -0.065 -0.065 -0.06592993 -0.06570171 -0.064730905 -0.06424129
0.071 -0.065 -0.065 -0.065 -0.065 -0.06592323 -0.06568931 -0.06473729 -0.064239055
0.0715 -0.065 -0.065 -0.065 -0.065 -0.0659166 -0.06567706 -0.06474365 -0.06423679
0.072 -0.065 -0.065 -0.065 -0.065 -0.06591003 -0.06566498 -0.06475 -0.06423449
0.0725 -0.065 -0.065 -0.065 -0.065 -0.06590352 -0.06565304 -0.06475633 -0.064232156
0.073 -0.065 -0.065 -0.065 -0.065 -0.06589708 -0.06564127 -0.06476263 -0.064229794
0.0735 -0.065 -0.065 -0.065 -0.065 -0.0658907 -0.06562963 -0.0647689 -0.06422741
0.074 -0.065 -0.065 -0.065 -0.065 -0.06588438 -0.06561817 -0.064775154 -0.064224996
0.0745 -0.065 -0.065 -0.065 -0.065 -0.06587813 -0.06560685 -0.06478138 -0.06422256
0.075 -0.065 -0.065 -0.065 -0.065 -0.06587194 -0.06559567 -0.064787574 -0.0642201
0.0755 -0.065 -0.065 -0.065 -0.065 -0.065865815 -0.065584645 -0.064793736 -0.06421763
0.076 -0.065 -0.065 -0.065 -0.065 -0.06585975 -0.06557377 -0.064799875 -0.06421513
0.0765 -0.065 -0.065 -0.065 -0.065 -0.065853745 -0.06556304 -0.06480598 -0.06421262
0.077 -0.065 -0.065 -0.065 -0.065 -0.06584781 -0.06555244 -0.06481205 -0.064210095
0.0775 -0.065 -0.065 -0.065 -0.065 -0.06584193 -0.065542 -0.064818084 -0.064207554
0.078 -0.065 -0.065 -0.065 -0.065 -0.06583611 -0.0655317 -0.06482408 -0.064205006
0.0785 -0.065 -0.065 -0.065 -0.065 -0.06583036 -0.06552154 -0.06483005 -0.06420244
0.079 -0.065 -0.065 -0.065 -0.065 -0.065824665 -0.06551152 -0.06483598 -0.06419987
0.0795 -0.065 -0.065 -0.065 -0.065 -0.06581903 -0.06550163 -0.064841874 -0.064197294
0.08 -0.065 -0.065 -0.065 -0.065 -0.06581346 -0.065491885 -0.06484772 -0.06419471
0.0805 -0.065 -0.065 -0.065 -0.065 -0.06580795 -0.06548227 -0.06485354 -0.06419212
0.081 -0.065 -0.065 -0.065 -0.065 -0.0658025 -0.0654728 -0.064859316 -0.06418953
0.0815 -0.065 -0.065 -0.065 -0.065 -0.06579711 -0.065463446 -0.064865045 -0.06418693
0.082 -0.065 -0.065 -0.065 -0.065 -0.06579178 -0.06545423 -0.064870745 -0.06418434
0.0825 -0.065 -0.065 -0.065 -0.065 -0.0657865 -0.06544514 -0.06487639 -0.06418173
0.083 -0.065 -0.065 -0.065 -0.065 -0.065781295 -0.065436184 -0.064882 -0.06417914
0.0835 -0.065 -0.065 -0.065 -0.065 -0.06577614 -0.06542735 -0.06488757 -0.06417654
0.084 -0.065 -0.065 -0.065 -0.065 -0.06577104 -0.065418646 -0.0648931 -0.06417394
0.0845 -0.065 -0.065 -0.065 -0.065 -0.065766 -0.06541006 -0.06489858 -0.064171344
0.085 -0.065 -0.065 -0.065 -0.065 -0.065761015 -0.0654016 -0.06490402 -0.06416875
0.0855 -0.065 -0.065 -0.065 -0.065 -0.06575609 -0.06539326 -0.06490941 -0.064166166
0.086 -0.065 -0.065 -0.065 -0.065 -0.065751225 -0.06538504 -0.06491476 -0.06416358
0.0865 -0.065 -0.065 -0.065 -0.065 -0.06574641 -0.06537694 -0.06492007 -0.06416101
0.087 -0.065 -0.065 -0.065 -0.065 -0.06574165 -0.06536895 -0.06492533 -0.06415844
0.0875 -0.065 -0.065 -0.065 -0.065 -0.06573695 -0.06536107 -0.06493054 -0.06415588
0.088 -0.065 -0.065 -0.065 -0.065 -0.0657323 -0.06535332 -0.064935714 -0.06415332
0.0885 -0.065 -0.065 -0.065 -0.065 -0.06572771 -0.06534566 -0.06494084 -0.06415077
0.089 -0.065 -0.065 -0.065 -0.065 -0.065723166 -0.06533813 -0.064945914 -0.06414823
0.0895 -0.065 -0.065 -0.065 -0.065 -0.06571868 -0.0653307 -0.06495094 -0.06414571
0.09 -0.065 -0.065 -0.065 -0.065 -0.06571425 -0.06532338 -0.064955935 -0.06414319
0.0905 -0.065 -0.065 -0.065 -0.065 -0.06570987 -0.065316156 -0.064960875 -0.06414068
0.091 -0.065 -0.065 -0.065 -0.065 -0.06570554 -0.065309055 -0.06496576 -0.06413818
0.0915 -0.065 -0.065 -0.065 -0.065 -0.06570125 -0.065302044 -0.06497061 -0.06413569
0.092 -0.065 -0.065 -0.065 -0.065 -0.06569703 -0.06529514 -0.06497541 -0.06413321
0.0925 -0.065 -0.065 -0.065 -0.065 -0.06569285 -0.065288335 -0.064980164 -0.06413075
0.093 -0.065 -0.065 -0.065 -0.065 -0.06568872 -0.06528163 -0.06498487 -0.0641283
0.0935 -0.065 -0.065 -0.065 -0.065 -0.06568465 -0.06527502 -0.06498953 -0.06412586
0.094 -0.065 -0.065 -0.065 -0.065 -0.065680616 -0.06526851 -0.06499414 -0.06412344
0.0945 -0.065 -0.065 -0.065 -0.065 -0.06567664 -0.065262094 -0.06499871 -0.06412102
0.095 -0.065 -0.065 -0.065 -0.065 -0.06567271 -0.06525577 -0.06500323 -0.064118624
0.0955 -0.065 -0.065 -0.065 -0.065 -0.06566882 -0.06524955 -0.0650077 -0.06411624
0.096 -0.065 -0.065 -0.065 -0.065 -0.065664984 -0.0652434 -0.06501213 -0.06411387
0.0965 -0.065 -0.065 -0.065 -0.065 -0.0656612 -0.06523736 -0.06501651 -0.064111516
0.097 -0.065 -0.065 -0.065 -0.065 -0.06565745 -0.0652314 -0.065020844 -0.06410918
0.0975 -0.065 -0.065 -0.065 -0.065 -0.065653756 -0.06522551 -0.06502513 -0.06410685
0.098 -0.065 -0.065 -0.065 -0.065 -0.0656501 -0.06521973 -0.06502937 -0.064104535
0.0985 -0.065 -0.065 -0.065 -0.065 -0.0656465 -0.06521402 -0.06503357 -0.06410225
0.099 -0.065 -0.065 -0.065 -0.065 -0.06564294 -0.065208405 -0.06503772 -0.06409997
0.0995 -0.065 -0.065 -0.065 -0.065 -0.065639414 -0.06520287 -0.06504182 -0.0640977
0.1 -0.065 -0.065 -0.065 -0.065 -0.057876408 -0.07350614 -0.054339126 -0.052972373
0.1005 -0.05395411 -0.05424113 -0.0503403 -0.04905331 -0.051593456 -0.0571246 -0.042935617 -0.04072069
0.101 -0.03890795 -0.03747828 -0.03240716 -0.03278831 -0.045747384 -0.0356372 -0.03128347 -0.028860696
0.1015 -0.02814193 -0.01790903 -0.01727841 -0.02045658 -0.04012549 -0.012363585 -0.019506764 -0.017482739
0.102 -0.02069542 0.003178119 -0.004227219 -0.009795039 -0.034651756 0.011544041 -0.0076593533 -0.0065862723
0.1025 -0.0150448 0.0250925 0.007807406 0.0001286696 -0.029293291 0.03559212 0.0042298734 0.003846649
0.103 -0.01028089 0.0474125 0.01940331 0.009585489 -0.024034329 0.059547093 0.016142726 0.013838347
0.1035 -0.005937762 0.06993615 0.03085921 0.0186779 -0.018866569 0.08329232 0.028066248 0.023412216
0.104 -0.00178744 0.09256156 0.04231596 0.02745464 -0.013785131 0.10676785 0.03999038 0.032591384
0.1045 0.002247947 0.1152241 0.05373037 0.03590317 -0.008786809 0.12994234 0.051906563 0.04139817
0.105 0.006173272 0.1378681 0.06514498 0.04397101 -0.0038691536 0.15279953 0.063807406 0.049853865
0.1055 0.01004466 0.1604401 0.07662013 0.05175869 0.0009699762 0.17533098 0.07568615 0.057978597
0.106 0.01390944 0.1828917 0.08816177 0.05932093 0.0057324767 0.19753247 0.08753648 0.06579147
0.1065 0.01777463 0.2051775 0.09972897 0.06667168 0.010420322 0.21940218 0.099352635 0.073310435
0.107 0.02162822 0.2272565 0.1113051 0.07379875 0.015035443 0.24093963 0.11112908 0.08055252
0.1075 0.02547291 0.2490907 0.1228791 0.08072575 0.019579753 0.2621449 0.12286063 0.08753382
0.108 0.02931324 0.2706478 0.134441 0.08746946 0.024055235 0.28301856 0.1345422 0.09426953
0.1085 0.03314654 0.2919015 0.1459791 0.09403694 0.028463848 0.30356142 0.14616907 0.10077411
0.109 0.03696713 0.3124343 0.1574776 0.1004319 0.03280755 0.32377446 0.15773663 0.10706121
0.1095 0.04076905 0.3318113 0.1689008 0.1066564 0.037088297 0.3436589 0.16924047 0.11314382
0.11 0.04454797 0.3506541 0.1802432 0.112717 0.041308 0.36321595 0.18067643 0.119034156
0.1105 0.04830111 0.3692651 0.1915119 0.1186187 0.04546857 0.38244712 0.19204056 0.12474388
0.111 0.0520266 0.3877729 0.2027119 0.1243664 0.049571827 0.4013541 0.20332897 0.13028389
0.1115 0.05572328 0.4062089 0.2138441 0.1299648 0.053619504 0.41993847 0.21453804 0.13566446
0.112 0.05939041 0.424555 0.2249059 0.1354189 0.057613254 0.43820235 0.22566438 0.14089522
0.1125 0.06302755 0.4427713 0.2358928 0.1407335 0.061554685 0.45614758 0.2367047 0.14598528
0.113 0.06663443 0.4608112 0.2467994 0.1459072 0.065445274 0.47377667 0.24765587 0.15094297
0.1135 0.07021071 0.4786304 0.2576206 0.1509458 0.069286406 0.491092 0.25851515 0.15577613
0.114 0.07375616 0.4961907 0.2683517 0.1558612 0.07307935 0.50809616 0.26927972 0.16049193
0.1145 0.07727063 0.5134613 0.2789883 0.1606582 0.076825246 0.524792 0.2799473 0.16509704
0.115 0.08075414 0.5304188 0.2895263 0.1653407 0.08052516 0.5411824 0.29051536 0.16959748
0.1155 0.08419939 0.5470457 0.2999613 0.1699053 0.08418007 0.5572704 0.30098185 0.17399886
0.116 0.08759454 0.5633286 0.3102875 0.1743514 0.0877908 0.5730593 0.3113449 0.17830616
0.1165 0.090956 0.579261 0.320505 0.1786939 0.091358155 0.5885525 0.32160264 0.18252403
0.117 0.09429381 0.5948416 0.330614 0.1829395 0.09488273 0.6037534 0.33175358 0.1866565
0.1175 0.09760871 0.6100723 0.3406131 0.1870861 0.09836516 0.6186655 0.34179616 0.19070739
0.118 0.1008762 0.6249548 0.3504918 0.1910754 0.10180597 0.6332926 0.35172915 0.19467998
0.1185 0.1040922 0.6394943 0.360248 0.1949488 0.105205595 0.64763844 0.36155143 0.19857726
0.119 0.1072797 0.6536994 0.3698906 0.198749 0.10856442 0.66170657 0.37126198 0.2024019
0.1195 0.1104494 0.6675795 0.3794235 0.2024867 0.11188285 0.6755012 0.38085994 0.20615646
0.12 0.1136016 0.6811439 0.3888463 0.2061625 0.11516121 0.68902606 0.39034456 0.20984298
0.1205 0.1167332 0.6944018 0.3981572 0.2097751 0.11839971 0.70228493 0.39971513 0.21346346
0.121 0.11984 0.7073618 0.4073548 0.2133231 0.121598646 0.71528184 0.40897122 0.21701968
0.1215 0.1229189 0.7200324 0.416438 0.216806 0.12475835 0.72802085 0.41811228 0.22051328
0.122 0.125968 0.7324218 0.4254062 0.2202238 0.12787893 0.74050564 0.4271381 0.22394574
0.1225 0.1289829 0.7445375 0.4342586 0.2235679 0.1309607 0.75274026 0.43604842 0.2273184
0.123 0.1319381 0.7563843 0.442988 0.2267024 0.13400385 0.76472867 0.44484296 0.23063245
0.1235 0.134828 0.76797 0.4515957 0.2295728 0.13700865 0.77647465 0.45352176 0.23388925
0.124 0.137682 0.7793027 0.4600885 0.2324538 0.13997532 0.7879822 0.46208474 0.23708972
0.1245 0.1405222 0.79039 0.4684708 0.2353647 0.14290409 0.799255 0.47053197 0.240235
0.125 0.1433522 0.8012392 0.4767436 0.2382883 0.1457952 0.81029713 0.47886357 0.24332607
0.1255 0.1461675 0.8118568 0.4849067 0.2412044 0.1486489 0.82111204 0.4870797 0.24636388
0.126 0.1489617 0.8222489 0.4929595 0.2438531 0.15146556 0.8317038 0.49518064 0.24934945
0.1265 0.1517288 0.832421 0.5009015 0.2464207 0.1542453 0.84207577 0.5031666 0.25228348
0.127 0.1544651 0.8423772 0.5087306 0.2490344 0.15698855 0.85223216 0.51103806 0.25516707
0.1275 0.1571698 0.8521225 0.5164472 0.2516867 0.15969549 0.862176 0.51879525 0.25800082
0.128 0.1598441 0.8616628 0.5240549 0.2543572 0.16236658 0.8719113 0.5264386 0.26078573
0.1285 0.1624875 0.8710027 0.5315551 0.2567362 0.16500197 0.88144153 0.53396875 0.2635226
0.129 0.1650902 0.8801468 0.5389477 0.2590714 0.16760206 0.8907702 0.5413862 0.26621217
0.1295 0.1676391 0.8890772 0.545286 0.2614595 0.17016716 0.89990073 0.5486912 0.2688552
0.13 0.1701525 0.8977716 0.5513828 0.2638907 0.16513976 0.9116956 0.5442339 0.265665
0.1305 0.1616056 0.8955019 0.5431775 0.2504226 0.16004771 0.9132775 0.53998893 0.25844476
0.131 0.1490345 0.887058 0.532039 0.236646 0.15506153 0.9050802 0.53590935 0.24803334
0.1315 0.140696 0.875648 0.5237691 0.2267498 0.15043464 0.89111865 0.5317205 0.236619
0.132 0.1356394 0.8625636 0.5175544 0.2184752 0.14628549 0.8748447 0.52722776 0.22573745
0.1325 0.1323437 0.8484564 0.5123085 0.2109155 0.14258957 0.85785925 0.5223893 0.2158635
0.133 0.1298968 0.8336845 0.507356 0.2037836 0.1392747 0.8407116 0.51723415 0.20697781
0.1335 0.127827 0.8184406 0.5014926 0.1969812 0.13626754 0.82358396 0.5118082 0.19893637
0.134 0.1259175 0.8028566 0.4955299 0.1904649 0.13350536 0.80655396 0.5061569 0.19159082
0.1345 0.1240898 0.7870702 0.4898689 0.1842108 0.13093655 0.78966856 0.5003198 0.18481565
0.135 0.1223064 0.7711935 0.4844376 0.1782013 0.1285199 0.77296245 0.4943312 0.17851008
0.1355 0.120546 0.7553115 0.4790991 0.1724214 0.12622263 0.75646204 0.48822024 0.17259495
0.136 0.1187961 0.7394881 0.4737514 0.1668578 0.1240191 0.7401874 0.48201147 0.16700833
0.1365 0.1170484 0.7237715 0.468336 0.1614984 0.12188931 0.7241541 0.47572556 0.16170207
0.137 0.1152962 0.7081988 0.4628268 0.1563321 0.11981757 0.70837307 0.46938 0.15663846
0.1375 0.1135418 0.6927989 0.4572176 0.1513486 0.117791876 0.69285226 0.46298984 0.1517881
0.138 0.1117865 0.6775945 0.4515134 0.1465387 0.11580284 0.67759705 0.4565678 0.14712767
0.1385 0.1100307 0.6626037 0.4457249 0.1418936 0.11384329 0.66261077 0.45012507 0.14263867
0.139 0.1082748 0.6478404 0.4398645 0.1374052 0.111907855 0.64789546 0.4436712 0.13830617
0.1395 0.1065192 0.6333159 0.4339453 0.1330658 0.109992236 0.63345134 0.43721464 0.13411792
0.14 0.1047645 0.6190383 0.4279797 0.1288682 0.10809325 0.6192781 0.43076262 0.13006376
0.1405 0.1030112 0.605014 0.421979 0.1248056 0.10620861 0.60537434 0.4243218 0.12613523
0.141 0.10126 0.5912471 0.4159534 0.1208718 0.104336485 0.59173834 0.4178978 0.12232494
0.1415 0.09951167 0.5777406 0.4099121 0.1170609 0.10247573 0.57836765 0.41149577 0.118626595
0.142 0.09776683 0.5644957 0.4038632 0.1133671 0.10062532 0.5652596 0.40512028 0.11503452
0.1425 0.09602616 0.5515127 0.3978139 0.1097852 0.098784775 0.552411 0.39877552 0.111543775
0.143 0.09429032 0.538791 0.3917703 0.1063102 0.09695372 0.5398187 0.39246505 0.10814981
0.1435 0.09255994 0.526329 0.3857384 0.1029375 0.09513201 0.5274793 0.3861923 0.104848444
0.144 0.09083561 0.5141247 0.379723 0.09966262 0.09331967 0.5153889 0.3799601 0.10163587
0.1445 0.08911791 0.5021754 0.3737286 0.09648133 0.09151669 0.503544 0.37377122 0.09850857
0.145 0.08740737 0.4904778 0.3677595 0.09338971 0.089723274 0.4919406 0.367628 0.09546316
0.1455 0.08570451 0.4790286 0.3618191 0.09038401 0.087939695 0.48057494 0.36153266 0.09249662
0.146 0.08400979 0.4678239 0.3559108 0.08746069 0.0861662 0.46944317 0.3554871 0.08960596
0.1465 0.08232368 0.4568596 0.3500375 0.08461642 0.08440305 0.45854107 0.3494931 0.086788386
0.147 0.08064659 0.4461316 0.3442021 0.08184802 0.08265062 0.44786486 0.34355217 0.08404128
0.1475 0.07897894 0.4356356 0.3384069 0.07915248 0.08090916 0.4374104 0.33766568 0.08136216
0.148 0.07732108 0.425367 0.3326541 0.07652697 0.07917906 0.42717385 0.33183494 0.07874861
0.1485 0.07567339 0.4153215 0.3269459 0.07396879 0.07746063 0.41715112 0.32606104 0.076198384
0.149 0.07403618 0.4054945 0.3212839 0.07147538 0.07575421 0.40733835 0.32034492 0.073709294
0.1495 0.07240976 0.3958815 0.31567 0.0690443 0.07406008 0.39773163 0.31468746 0.07127932
0.15 0.07079443 0.3864779 0.3101056 0.06667326 0.07237853 0.388327 0.30908942 0.06890644
0.1505 0.06919046 0.3772793 0.304592 0.06436007 0.070709825 0.37912056 0.30355126 0.066588745
0.151 0.06759808 0.3682811 0.2991305 0.06210262 0.069054246 0.37010852 0.29807365 0.06432447
0.1515 0.06601754 0.3594791 0.2937222 0.05989896 0.06741203 0.3612871 0.29265705 0.062111873
0.152 0.06444906 0.3508689 0.2883681 0.05774719 0.06578341 0.35265255 0.28730178 0.05994929
0.1525 0.06289282 0.3424461 0.2830691 0.05564551 0.06416859 0.34420118 0.2820082 0.05783512
0.153 0.06134902 0.3342066 0.2778259 0.05359223 0.06256777 0.33592927 0.27677646 0.055767905
0.1535 0.05981781 0.3261462 0.2726392 0.05158569 0.060981065 0.32783324 0.2716067 0.053746093
0.154 0.05829937 0.3182609 0.2675096 0.04962436 0.059408665 0.31990954 0.26649904 0.051768336
0.1545 0.05679382 0.3105467 0.2624376 0.04770675 0.05785075 0.31215465 0.26145357 0.049833294
0.155 0.05530129 0.3029996 0.2574237 0.04583145 0.05630736 0.30456504 0.25647017 0.047939662
0.1555 0.05382191 0.2956159 0.2524682 0.04399709 0.054778643 0.2971374 0.25154886 0.046086233
0.156 0.05235576 0.2883918 0.2475713 0.0422024 0.053264692 0.28986832 0.24668941 0.044271793
0.1565 0.05090294 0.2813237 0.2427334 0.04044613 0.051765524 0.28275448 0.24189177 0.042495172
0.157 0.04946353 0.274408 0.2379545 0.0387271 0.05028125 0.27579263 0.23715568 0.040755343
0.1575 0.0480376 0.2676412 0.2332349 0.03704419 0.048811898 0.26897958 0.23248091 0.03905121
0.158 0.04662521 0.2610199 0.2285745 0.0353963 0.047357515 0.26231214 0.22786725 0.03738178
0.1585 0.04522641 0.2545408 0.2239733 0.03378241 0.045918122 0.25578722 0.22331434 0.035746057
0.159 0.04384123 0.2482005 0.2194313 0.03220151 0.044493712 0.24940182 0.21882191 0.034143116
0.1595 0.04246971 0.241996 0.2149484 0.03065266 0.0430843 0.2431529 0.21438953 0.032572057
0.16 0.04111188 0.2359241 0.2105245 0.02913493 0.041689858 0.2370375 0.21001676 0.031032
0.1605 0.03976774 0.2299818 0.2061595 0.02764746 0.040310346 0.23105274 0.20570332 0.029522095
0.161 0.0384373 0.2241661 0.2018531 0.02618939 0.038945816 0.22519587 0.20144877 0.028041575
0.1615 0.03712056 0.2184742 0.197605 0.02475992 0.037596166 0.21946402 0.19725266 0.026589636
0.162 0.03581753 0.2129032 0.1934151 0.02335827 0.036261387 0.21385446 0.19311446 0.025165532
0.1625 0.03452817 0.2074504 0.189283 0.02198368 0.03494142 0.20836456 0.18903378 0.023768555
0.163 0.03325247 0.2021131 0.1852085 0.02063544 0.033636205 0.20299165 0.18501005 0.022398006
0.1635 0.03199042 0.1968887 0.1811911 0.01931285 0.032345697 0.19773316 0.18104282 0.021053176
0.164 0.03074196 0.1917747 0.1772304 0.01801524 0.031069808 0.19258659 0.17713153 0.019733462
0.1645 0.02950708 0.1867684 0.1733262 0.01674197 0.029808477 0.18754943 0.17327571 0.018438209
0.165 0.02828572 0.1818676 0.169478 0.01549243 0.02856166 0.18261927 0.16947475 0.01716682
0.1655 0.02707784 0.1770697 0.1656854 0.014266 0.027329192 0.17779373 0.16572818 0.015918706
0.166 0.02588339 0.1723726 0.1619478 0.01306211 0.026111096 0.17307054 0.16203544 0.014693316
0.1665 0.02470231 0.167774 0.158265 0.01188021 0.024907209 0.16844736 0.15839595 0.013490107
0.167 0.02353454 0.1632715 0.1546363 0.01071976 0.023717485 0.16392194 0.15480915 0.012308527
0.1675 0.02238003 0.1588631 0.1510613 0.009580236 0.022541806 0.15949216 0.15127447 0.0111480765
0.168 0.02123869 0.1545467 0.1475395 0.008461136 0.021380104 0.15515587 0.14779139 0.010008264
0.1685 0.02011046 0.1503203 0.1440703 0.007361976 0.020232253 0.15091094 0.14435932 0.008888606
0.169 0.01899528 0.1461817 0.1406534 0.006282287 0.019098163 0.1467554 0.14097771 0.007788662
0.1695 0.01789305 0.1421291 0.137288 0.005221613 0.017977744 0.14268719 0.13764593 0.00670797
0.17 0.0168037 0.1381605 0.1339738 0.004179517 0.016870871 0.13870434 0.13436347 0.0056460835
0.1705 0.01572715 0.1342741 0.1307101 0.003155572 0.015777424 0.13480498 0.13112968 0.004602585
0.171 0.01466331 0.130468 0.1274963 0.002149367 0.014697351 0.13098724 0.12794411 0.003577102
0.1715 0.0136121 0.1267405 0.124332 0.001160502 0.013630524 0.12724932 0.12480614 0.0025692023
0.172 0.01257342 0.1230899 0.1212166 0.0001885917 0.012576804 0.12358938 0.121715195 0.0015785135
0.1725 0.01154719 0.1195144 0.1181495 -0.0007667397 0.011536092 0.12000565 0.118670605 0.0006046556
0.173 0.01053331 0.1160123 0.1151302 -0.001705855 0.010508262 0.11649649 0.11567197 -0.0003527142
0.1735 0.00953169 0.1125821 0.112158 -0.002629108 0.009493239 0.11306016 0.112718634 -0.0012939721
0.174 0.008542227 0.1092223 0.1092324 -0.003536839 0.00849086 0.10969509 0.10981003 -0.0022194348
0.1745 0.007564826 0.1059311 0.1063528 -0.004429381 0.007501051 0.10639967 0.10694567 -0.0031294338
0.175 0.006599387 0.1027072 0.1035187 -0.005307057 0.0065236613 0.10317233 0.10412491 -0.0040243044
0.1755 0.00564581 0.099549 0.1007294 -0.006170178 0.00555861 0.10001157 0.101347305 -0.004904337
0.176 0.004703993 0.09645516 0.09798443 -0.00701905 0.0046057478 0.0969159 0.0986122 -0.0057698525
0.1765 0.003773833 0.09342423 0.09528318 -0.007853968 0.0036649778 0.09388383 0.095919095 -0.0066211447
0.177 0.002855226 0.09045484 0.09262508 -0.008675219 0.0027361512 0.09091397 0.09326745 -0.007458493
0.1775 0.001948069 0.08754566 0.09000955 -0.009483082 0.0018191859 0.08800495 0.090656675 -0.008282188
0.178 0.001052255 0.08469538 0.08743602 -0.01027783 0.0009139478 0.0851554 0.08808636 -0.009092476
0.1785 0.0001676784 0.08190271 0.08490393 -0.01105972 2.0317733e-05 0.08236402 0.08555589 -0.009889644
0.179 -0.0007057664 0.07916642 0.08241269 -0.01182903 -0.0008618012 0.079629496 0.08306477 -0.010673925
0.1795 -0.001568187 0.07648527 0.07996176 -0.01258598 -0.001732558 0.07695058 0.08061243 -0.011445589
0.18 -0.00241969 0.07385807 0.07755057 -0.01333084 -0.002592057 0.07432604 0.07819841 -0.012204874
0.1805 -0.003260383 0.07128367 0.07517856 -0.01406383 -0.00344041 0.071754694 0.07582218 -0.0129520185
0.181 -0.004090374 0.06876091 0.07284517 -0.01478519 -0.0042777583 0.069235325 0.073483236 -0.013687234
0.1815 -0.004909772 0.0662887 0.07054985 -0.01549514 -0.005104214 0.06676683 0.07118104 -0.014410794
0.182 -0.005718683 0.06386594 0.06829206 -0.0161939 -0.0059198625 0.06434806 0.06891512 -0.015122868
0.1825 -0.006517217 0.06149157 0.06607126 -0.01688169 -0.0067248717 0.061977934 0.066685 -0.015823707
0.183 -0.007305481 0.05916455 0.0638869 -0.01755871 -0.0075193197 0.05965538 0.06449015 -0.016513493
0.1835 -0.008083584 0.05688387 0.06173844 -0.01822517 -0.008303337 0.05737936 0.062330134 -0.01719245
0.184 -0.008851633 0.05464854 0.05962537 -0.01888126 -0.009077065 0.05514885 0.06020438 -0.01786077
0.1845 -0.009609736 0.05245759 0.05754715 -0.01952718 -0.009840578 0.052962895 0.05811254 -0.018518645
0.185 -0.010358 0.05031007 0.05550325 -0.02016312 -0.010594018 0.05082045 0.05605401 -0.019166261
0.1855 -0.01109653 0.04820506 0.05349318 -0.02078926 -0.011337489 0.048720624 0.054028414 -0.019803818
0.186 -0.01182544 0.04614166 0.0515164 -0.02140579 -0.0120711215 0.04666246 0.052035265 -0.020431492
0.1865 -0.01254484 0.04411897 0.04957243 -0.02201286 -0.012795005 0.04464509 0.050074093 -0.021049451
0.187 -0.01325482 0.04213614 0.04766075 -0.02261067 -0.013509266 0.042667616 0.048144475 -0.021657873
0.1875 -0.01395549 0.04019232 0.04578087 -0.02319937 -0.01421402 0.04072917 0.04624591 -0.02225693
0.188 -0.01464697 0.03828669 0.04393231 -0.02377913 -0.014909379 0.0388289 0.044378005 -0.022846784
0.1885 -0.01532935 0.03641843 0.04211457 -0.02435011 -0.015595451 0.036965992 0.042540304 -0.02342759
0.189 -0.01600274 0.03458677 0.04032717 -0.02491246 -0.016272336 0.035139654 0.040732376 -0.023999527
0.1895 -0.01666724 0.03279093 0.03856965 -0.02546634 -0.016940188 0.033349093 0.038953744 -0.024562754
0.19 -0.01732296 0.03103016 0.03684154 -0.0260119 -0.017599069 0.031593535 0.037204042 -0.025117382
0.1905 -0.01797 0.02930372 0.03514236 -0.02654927 -0.01824911 0.029872235 0.03548281 -0.0256636
0.191 -0.01860846 0.02761088 0.03347167 -0.02707861 -0.01889041 0.028184462 0.033789657 -0.026201531
0.1915 -0.01923844 0.02595095 0.03182901 -0.02760006 -0.019523107 0.026529487 0.032124124 -0.026731338
0.192 -0.01986004 0.02432324 0.03021394 -0.02811374 -0.020147264 0.024906635 0.030485861 -0.027253143
0.1925 -0.02047337 0.02272708 0.02862601 -0.0286198 -0.02076301 0.023315217 0.02887442 -0.027767077
0.193 -0.02107852 0.0211618 0.0270648 -0.02911836 -0.02137043 0.021754567 0.02728945 -0.028273284
0.1935 -0.02167559 0.01962676 0.02552986 -0.02960956 -0.021969661 0.020224042 0.025730498 -0.028771903
0.194 -0.02226468 0.01812134 0.02402078 -0.03009351 -0.022560786 0.018722977 0.024197213 -0.029263053
0.1945 -0.02284589 0.01664491 0.02253715 -0.03057034 -0.023143899 0.017250791 0.02268923 -0.029746844
0.195 -0.02341931 0.01519689 0.02107854 -0.03104017 -0.023719117 0.015806854 0.02120611 -0.03022342
0.1955 -0.02398504 0.01377667 0.01964455 -0.03150311 -0.024286538 0.014390562 0.019747503 -0.030692901
0.196 -0.02454317 0.01238368 0.01823478 -0.03195929 -0.024846248 0.013001371 0.01831305 -0.03115539
0.1965 -0.0250938 0.01101736 0.01684883 -0.03240881 -0.025398377 0.011638675 0.016902365 -0.031611025
0.197 -0.02563702 0.009677164 0.01548632 -0.03285178 -0.025943 0.01030194 0.015515082 -0.0320599
0.1975 -0.02617292 0.008362549 0.01414685 -0.03328832 -0.026480217 0.008990619 0.014150865 -0.032502145
0.198 -0.0267016 0.007072988 0.01283005 -0.03371852 -0.027010113 0.0077041984 0.012809366 -0.03293784
0.1985 -0.02722314 0.005807969 0.01153555 -0.0341425 -0.027532797 0.006442152 0.011490189 -0.03336712
0.199 -0.02773764 0.004566987 0.01026298 -0.03456035 -0.028048363 0.00520397 0.010193013 -0.03379008
0.1995 -0.02824518 0.00334955 0.009011965 -0.03497217 -0.028556913 0.0039891563 0.008917488 -0.03420683
0.2 -0.02874585 0.002155175 0.007782159 -0.03537806 -0.029058509 0.0027972348 0.007663302 -0.034617454
0.2005 -0.02923975 0.0009833931 0.006573206 -0.03577811 -0.02955326 0.0016277581 0.0064301044 -0.035022058
0.201 -0.02972695 -0.0001662581 0.005384758 -0.03617243 -0.030041263 0.00048022345 0.0052175745 -0.03542074
0.2015 -0.03020754 -0.001294229 0.004216474 -0.0365611 -0.0305226 -0.0006457828 0.0040253773 -0.035813607
0.202 -0.03068161 -0.002400961 0.003068016 -0.03694421 -0.03099735 -0.0017507374 0.0028532073 -0.036200736
0.2025 -0.03114924 -0.003486885 0.001939053 -0.03732186 -0.031465612 -0.0028350502 0.0017007217 -0.03658223
0.203 -0.03161051 -0.004552423 0.0008292564 -0.03769412 -0.03192748 -0.0038991421 0.0005676076 -0.036958177
0.2035 -0.03206551 -0.005597988 -0.0002616942 -0.03806108 -0.03238303 -0.0049434304 -0.00054640323 -0.037328668
0.204 -0.03251432 -0.006623984 -0.001334116 -0.03842283 -0.032832336 -0.00596831 -0.001641646 -0.037693776
0.2045 -0.03295702 -0.007630807 -0.002388322 -0.03877945 -0.033275496 -0.006974172 -0.002718404 -0.038053602
0.205 -0.03339368 -0.008618843 -0.003424619 -0.03913101 -0.03371259 -0.0079614185 -0.0037769899 -0.038408224
0.2055 -0.0338244 -0.00958847 -0.004443309 -0.03947761 -0.03414369 -0.008930406 -0.0048176646 -0.03875772
0.206 -0.03424923 -0.01054006 -0.005444691 -0.03981931 -0.03456889 -0.0098815095 -0.0058407634 -0.039102178
0.2065 -0.03466827 -0.01147397 -0.006429057 -0.04015619 -0.034988265 -0.010815097 -0.0068465397 -0.039441675
0.207 -0.03508159 -0.01239056 -0.007396695 -0.04048833 -0.035401896 -0.011731524 -0.007835288 -0.039776295
0.2075 -0.03548926 -0.01329018 -0.008347891 -0.0408158 -0.035809852 -0.012631118 -0.008807261 -0.040106103
0.208 -0.03589135 -0.01417316 -0.009282922 -0.04113867 -0.036212213 -0.013514224 -0.009762749 -0.040431183
0.2085 -0.03628795 -0.01503983 -0.01020206 -0.04145701 -0.036609057 -0.014381167 -0.010702014 -0.0407516
0.209 -0.03667913 -0.01589053 -0.01110559 -0.0417709 -0.037000455 -0.015232256 -0.011625309 -0.04106742
0.2095 -0.03706495 -0.01672557 -0.01199376 -0.04208039 -0.037386484 -0.016067838 -0.012532927 -0.041378744
0.21 -0.03744549 -0.01754526 -0.01286684 -0.04238557 -0.037767217 -0.016888194 -0.0134250745 -0.04168562
0.2105 -0.03782082 -0.0183499 -0.01372509 -0.04268648 -0.03814272 -0.017693628 -0.014302049 -0.0419881
0.211 -0.038191 -0.0191398 -0.01456876 -0.0429832 -0.038513076 -0.018484447 -0.015164085 -0.042286288
0.2115 -0.03855611 -0.01991525 -0.0153981 -0.0432758 -0.03887835 -0.01926094 -0.016011428 -0.042580232
0.212 -0.03891622 -0.02067652 -0.01621335 -0.04356433 -0.03923861 -0.020023387 -0.016844328 -0.04287
0.2125 -0.03927139 -0.02142391 -0.01701476 -0.04384885 -0.039593924 -0.020772055 -0.017663013 -0.043155655
0.213 -0.03962168 -0.02215768 -0.01780256 -0.04412943 -0.03994436 -0.021507217 -0.018467717 -0.043437257
0.2135 -0.03996717 -0.0228781 -0.018577 -0.04440612 -0.040289983 -0.022229148 -0.019258682 -0.043714873
0.214 -0.04030792 -0.02358544 -0.01933828 -0.04467899 -0.040630862 -0.022938091 -0.020036124 -0.04398856
0.2145 -0.04064399 -0.02427995 -0.02008665 -0.04494808 -0.040967066 -0.023634303 -0.02080027 -0.04425838
0.215 -0.04097545 -0.02496188 -0.02082233 -0.04521346 -0.04129865 -0.024318043 -0.021551348 -0.044524387
0.2155 -0.04130235 -0.02563148 -0.02154552 -0.04547518 -0.04162568 -0.024989545 -0.022289574 -0.044786643
0.216 -0.04162476 -0.02628899 -0.02225645 -0.0457333 -0.04194822 -0.025649045 -0.023015164 -0.045045204
0.2165 -0.04194274 -0.02693465 -0.02295533 -0.04598787 -0.04226634 -0.026296781 -0.023728315 -0.045300134
0.217 -0.04225635 -0.02756868 -0.02364237 -0.04623894 -0.04258009 -0.026932985 -0.024429265 -0.04555147
0.2175 -0.04256566 -0.02819131 -0.02431777 -0.04648656 -0.042889535 -0.027557857 -0.025118195 -0.045799285
0.218 -0.04287071 -0.02880277 -0.02498172 -0.04673078 -0.043194722 -0.028171645 -0.025795303 -0.04604362
0.2185 -0.04317156 -0.02940327 -0.02563443 -0.04697166 -0.04349573 -0.028774533 -0.026460808 -0.046284527
0.219 -0.04346828 -0.02999302 -0.0262761 -0.04720925 -0.043792598 -0.029366754 -0.027114883 -0.04652206
0.2195 -0.04376092 -0.03057223 -0.0269069 -0.04744358 -0.044085395 -0.029948495 -0.027757745 -0.046756268
0.22 -0.04404953 -0.03114111 -0.02752703 -0.04767471 -0.04437417 -0.030519966 -0.028389558 -0.046987202
0.2205 -0.04433417 -0.03169984 -0.02813668 -0.04790269 -0.04465899 -0.031081362 -0.029010538 -0.047214914
0.221 -0.0446149 -0.03224864 -0.02873602 -0.04812756 -0.044939894 -0.031632874 -0.029620849 -0.047439452
0.2215 -0.04489177 -0.03278768 -0.02932523 -0.04834936 -0.045216948 -0.032174695 -0.030220672 -0.047660857
0.222 -0.04516482 -0.03331716 -0.02990449 -0.04856815 -0.045490198 -0.032707 -0.030810174 -0.047879174
0.2225 -0.04543412 -0.03383726 -0.03047397 -0.04878396 -0.0457597 -0.033229977 -0.03138956 -0.04809446
0.223 -0.04569972 -0.03434816 -0.03103384 -0.04899684 -0.0460255 -0.0337438 -0.03195899 -0.048306752
0.2235 -0.04596166 -0.03485004 -0.03158426 -0.04920683 -0.04628766 -0.03424863 -0.032518618 -0.048516087
0.224 -0.04621999 -0.03534306 -0.03212539 -0.04941397 -0.04654622 -0.03474465 -0.033068616 -0.04872252
0.2245 -0.04647477 -0.0358274 -0.03265741 -0.0496183 -0.04680124 -0.035232026 -0.033609163 -0.048926093
0.225 -0.04672604 -0.03630321 -0.03318046 -0.04981987 -0.047052752 -0.03571091 -0.034140408 -0.049126837
0.2255 -0.04697386 -0.03677067 -0.0336947 -0.05001871 -0.04730082 -0.036181472 -0.034662515 -0.04932481
0.226 -0.04721827 -0.03722994 -0.03420028 -0.05021486 -0.047545485 -0.036643855 -0.035175636 -0.049520038
0.2265 -0.04745931 -0.03768115 -0.03469735 -0.05040836 -0.047786802 -0.03709823 -0.035679925 -0.04971257
0.227 -0.04769704 -0.03812448 -0.03518606 -0.05059925 -0.048024803 -0.03754473 -0.036175534 -0.04990243
0.2275 -0.04793149 -0.03856006 -0.03566656 -0.05078756 -0.048259545 -0.03798351 -0.03666261 -0.050089687
0.228 -0.04816272 -0.03898805 -0.03613898 -0.05097334 -0.04849107 -0.038414713 -0.037141304 -0.05027435
0.2285 -0.04839077 -0.03940859 -0.03660347 -0.05115661 -0.048719414 -0.038838476 -0.037611756 -0.050456464
0.229 -0.04861568 -0.03982181 -0.03706016 -0.05133742 -0.048944637 -0.039254934 -0.038074106 -0.050636075
0.2295 -0.04883749 -0.04022785 -0.03750919 -0.0515158 -0.04916677 -0.03966423 -0.038528495 -0.05081321
0.23 -0.04905626 -0.04062685 -0.03795068 -0.05169178 -0.049385853 -0.040066496 -0.038975067 -0.050987907
0.2305 -0.04927201 -0.04101895 -0.03838478 -0.05186539 -0.04960195 -0.040461857 -0.03941394 -0.051160205
0.231 -0.0494848 -0.04140426 -0.0388116 -0.05203668 -0.049815074 -0.040850442 -0.03984527 -0.051330138
0.2315 -0.04969466 -0.04178292 -0.03923128 -0.05220567 -0.050025284 -0.04123238 -0.04026917 -0.051497735
0.232 -0.04990164 -0.04215504 -0.03964394 -0.0523724 -0.05023261 -0.041607782 -0.040685758 -0.051663034
0.2325 -0.05010577 -0.04252076 -0.04004969 -0.05253689 -0.050437104 -0.041976776 -0.041095186 -0.051826067
0.233 -0.05030709 -0.04288019 -0.04044866 -0.05269918 -0.050638795 -0.04233948 -0.041497562 -0.051986862
0.2335 -0.05050565 -0.04323345 -0.04084096 -0.0528593 -0.050837725 -0.042696007 -0.041893005 -0.05214546
0.234 -0.05070147 -0.04358065 -0.04122671 -0.05301728 -0.051033933 -0.04304646 -0.042281646 -0.05230188
0.2345 -0.05089461 -0.0439219 -0.04160603 -0.05317315 -0.051227447 -0.043390967 -0.042663593 -0.052456163
0.235 -0.05108509 -0.04425732 -0.04197902 -0.05332694 -0.05141832 -0.043729626 -0.043038968 -0.05260834
0.2355 -0.05127295 -0.04458701 -0.04234579 -0.05347868 -0.05160658 -0.044062544 -0.043407887 -0.052758433
0.236 -0.05145823 -0.04491107 -0.04270645 -0.0536284 -0.051792264 -0.04438983 -0.043770455 -0.05290648
0.2365 -0.05164097 -0.04522961 -0.04306111 -0.05377612 -0.05197541 -0.044711575 -0.04412678 -0.053052507
0.237 -0.0518212 -0.04554274 -0.04340986 -0.05392187 -0.052156046 -0.04502789 -0.04447697 -0.053196542
0.2375 -0.05199895 -0.04585054 -0.04375282 -0.05406568 -0.05233421 -0.04533886 -0.04482114 -0.05333861
0.238 -0.05217426 -0.04615313 -0.04409007 -0.05420758 -0.052509934 -0.0456446 -0.045159385 -0.053478744
0.2385 -0.05234717 -0.04645059 -0.04442173 -0.0543476 -0.05268326 -0.04594519 -0.045491815 -0.05361697
0.239 -0.0525177 -0.04674301 -0.04474788 -0.05448575 -0.052854225 -0.046240732 -0.04581853 -0.053753316
0.2395 -0.05268589 -0.0470305 -0.04506862 -0.05462208 -0.05302284 -0.046531305 -0.046139624 -0.05388781
0.24 -0.05285177 -0.04731313 -0.04538404 -0.05475659 -0.053189155 -0.046817012 -0.04645521 -0.054020472
0.2405 -0.05301538 -0.047591 -0.04569424 -0.05488931 -0.053353198 -0.04709793 -0.046765357 -0.054151334
0.241 -0.05317675 -0.0478642 -0.0459993 -0.05502028 -0.053514995 -0.047374144 -0.047070183 -0.05428041
0.2415 -0.0533359 -0.0481328 -0.04629931 -0.05514952 -0.053674586 -0.047645748 -0.04736977 -0.054407746
0.242 -0.05349287 -0.04839689 -0.04659436 -0.05527704 -0.053831995 -0.04791281 -0.04766421 -0.054533347
0.2425 -0.05364768 -0.04865656 -0.04688454 -0.05540287 -0.05398725 -0.048175417 -0.0479536 -0.054657243
0.243 -0.05380038 -0.04891188 -0.04716993 -0.05552704 -0.05414039 -0.04843366 -0.048238013 -0.054779466
0.2435 -0.05395098 -0.04916293 -0.0474506 -0.05564957 -0.054291435 -0.048687603 -0.048517548 -0.05490003
0.244 -0.05409952 -0.0494098 -0.04772665 -0.05577048 -0.05444042 -0.048937324 -0.048792284 -0.05501896
0.2445 -0.05424603 -0.04965254 -0.04799814 -0.05588979 -0.054587368 -0.0491829 -0.049062308 -0.055136282
0.245 -0.05439052 -0.04989124 -0.04826517 -0.05600753 -0.054732308 -0.049424406 -0.049327705 -0.055252016
0.2455 -0.05453304 -0.05012597 -0.0485278 -0.05612371 -0.054875277 -0.049661912 -0.049588546 -0.055366185
0.246 -0.05467361 -0.05035681 -0.04878611 -0.05623836 -0.055016287 -0.049895477 -0.049844913 -0.05547881
0.2465 -0.05481226 -0.05058381 -0.04904017 -0.0563515 -0.055155374 -0.05012518 -0.050096884 -0.05558991
0.247 -0.05494901 -0.05080705 -0.04929007 -0.05646315 -0.05529256 -0.050351106 -0.05034454 -0.055699512
0.2475 -0.05508389 -0.0510266 -0.04953586 -0.05657333 -0.05542788 -0.050573286 -0.050587956 -0.055807635
0.248 -0.05521692 -0.05124252 -0.04977761 -0.05668205 -0.055561353 -0.05079182 -0.050827205 -0.055914298
0.2485 -0.05534813 -0.05145488 -0.05001541 -0.05678935 -0.055693 -0.051006753 -0.051062357 -0.05601952
0.249 -0.05547755 -0.05166373 -0.05024931 -0.05689524 -0.055822857 -0.051218152 -0.051293485 -0.056123324
0.2495 -0.05560521 -0.05186915 -0.05047938 -0.05699973 -0.055950936 -0.05142608 -0.051520664 -0.05622573
0.25 -0.05573111 -0.05207119 -0.05070569 -0.05710285 -0.05607728 -0.051630598 -0.051743954 -0.056326754
0.2505 -0.0558553 -0.05226991 -0.0509283 -0.05720462 -0.056201894 -0.051831763 -0.051963426 -0.05642642
0.251 -0.05597779 -0.05246538 -0.05114728 -0.05730505 -0.05632481 -0.05202963 -0.052179154 -0.05652474
0.2515 -0.05609861 -0.05265764 -0.05136268 -0.05740416 -0.056446053 -0.05222427 -0.05239119 -0.056621738
0.252 -0.05621778 -0.05284675 -0.05157456 -0.05750197 -0.056565642 -0.052415725 -0.05259961 -0.056717433
0.2525 -0.05633533 -0.05303278 -0.051783 -0.0575985 -0.056683604 -0.052604053 -0.052804478 -0.05681184
0.253 -0.05645127 -0.05321577 -0.05198804 -0.05769376 -0.056799956 -0.052789316 -0.05300584 -0.056904975
0.2535 -0.05656563 -0.05339578 -0.05218974 -0.05778778 -0.05691472 -0.052971557 -0.053203776 -0.05699686
0.254 -0.05667843 -0.05357285 -0.05238816 -0.05788056 -0.057027925 -0.053150836 -0.053398333 -0.05708751
0.2545 -0.05678969 -0.05374705 -0.05258336 -0.05797213 -0.057139587 -0.053327203 -0.053589575 -0.057176944
0.255 -0.05689943 -0.05391842 -0.05277539 -0.0580625 -0.05724973 -0.053500704 -0.05377756 -0.057265177
0.2555 -0.05700768 -0.05408701 -0.0529643 -0.05815169 -0.05735837 -0.05367139 -0.053962346 -0.057352226
0.256 -0.05711446 -0.05425286 -0.05315015 -0.05823972 -0.05746554 -0.053839304 -0.054143988 -0.057438105
0.2565 -0.05721978 -0.05441604 -0.05333298 -0.05832659 -0.05757124 -0.054004513 -0.05432254 -0.05752283
0.257 -0.05732366 -0.05457657 -0.05351286 -0.05841232 -0.057675503 -0.054167047 -0.054498054 -0.05760642
0.2575 -0.05742614 -0.05473452 -0.05368983 -0.05849694 -0.05777835 -0.05432695 -0.054670587 -0.057688892
0.258 -0.05752722 -0.05488992 -0.05386393 -0.05858045 -0.057879794 -0.054484278 -0.054840192 -0.05777026
0.2585 -0.05762692 -0.05504281 -0.05403522 -0.05866287 -0.057979863 -0.054639068 -0.05500691 -0.057850532
0.259 -0.05772527 -0.05519325 -0.05420375 -0.05874422 -0.058078572 -0.054791365 -0.055170804 -0.057929736
0.2595 -0.05782228 -0.05534127 -0.05436956 -0.0588245 -0.058175933 -0.054941215 -0.05533192 -0.058007874
0.26 -0.05791797 -0.05548691 -0.0545327 -0.05890374 -0.058271974 -0.055088654 -0.055490308 -0.05808497
0.2605 -0.05801236 -0.05563022 -0.0546932 -0.05898195 -0.05836671 -0.05523373 -0.055646002 -0.05816103
0.261 -0.05810547 -0.05577124 -0.05485113 -0.05905913 -0.05846015 -0.05537647 -0.055799067 -0.058236077
0.2615 -0.05819731 -0.05591 -0.05500652 -0.05913532 -0.05855233 -0.05551693 -0.055949543 -0.058310118
0.262 -0.05828791 -0.05604654 -0.0551594 -0.0592105 -0.058643248 -0.05565514 -0.056097474 -0.05838317
0.2625 -0.05837727 -0.05618091 -0.05530984 -0.05928472 -0.058732934 -0.055791136 -0.056242898 -0.058455244
0.263 -0.05846543 -0.05631313 -0.05545786 -0.05935796 -0.058821402 -0.055924963 -0.056385867 -0.058526356
0.2635 -0.05855239 -0.05644325 -0.0556035 -0.05943025 -0.05890867 -0.056056652 -0.056526423 -0.058596518
0.264 -0.05863817 -0.0565713 -0.05574682 -0.0595016 -0.05899475 -0.056186248 -0.056664612 -0.058665745
0.2645 -0.05872278 -0.05669732 -0.05588784 -0.05957203 -0.059079666 -0.05631378 -0.056800466 -0.058734044
0.265 -0.05880625 -0.05682134 -0.0560266 -0.05964154 -0.05916343 -0.056439277 -0.05693403 -0.058801435
0.2655 -0.05888859 -0.05694339 -0.05616314 -0.05971014 -0.05924605 -0.05656278 -0.057065345 -0.058867924
0.266 -0.05896981 -0.05706351 -0.05629751 -0.05977786 -0.05932755 -0.05668432 -0.057194445 -0.058933526
0.2665 -0.05904993 -0.05718173 -0.05642973 -0.05984469 -0.059407942 -0.05680394 -0.057321377 -0.058998257
0.267 -0.05912897 -0.05729809 -0.05655984 -0.05991066 -0.059487246 -0.056921665 -0.057446174 -0.059062123
0.2675 -0.05920693 -0.05741261 -0.05668788 -0.05997577 -0.059565477 -0.057037517 -0.057568874 -0.059125137
0.268 -0.05928385 -0.05752532 -0.05681388 -0.06004004 -0.05964264 -0.05715154 -0.057689514 -0.059187308
0.2685 -0.05935972 -0.05763626 -0.05693787 -0.06010347 -0.059718758 -0.05726377 -0.05780813 -0.059248656
0.269 -0.05943456 -0.05774546 -0.0570599 -0.06016608 -0.05979385 -0.057374224 -0.05792476 -0.059309185
0.2695 -0.05950839 -0.05785294 -0.05717998 -0.06022788 -0.05986792 -0.05748293 -0.05803943 -0.05936891
0.27 -0.05958123 -0.05795874 -0.05729816 -0.06028888 -0.059940983 -0.05758993 -0.058152184 -0.059427842
0.2705 -0.05965308 -0.05806288 -0.05741446 -0.06034909 -0.060013056 -0.057695244 -0.058263052 -0.059485983
0.271 -0.05972396 -0.05816539 -0.05752893 -0.06040852 -0.060084157 -0.057798903 -0.058372065 -0.059543356
0.2715 -0.05979388 -0.05826629 -0.05764157 -0.06046718 -0.06015429 -0.05790093 -0.058479253 -0.059599962
0.272 -0.05986286 -0.05836562 -0.05775244 -0.06052508 -0.060223475 -0.058001366 -0.058584653 -0.05965582
0.2725 -0.05993091 -0.0584634 -0.05786155 -0.06058223 -0.060291722 -0.058100224 -0.058688298 -0.05971093
0.273 -0.05999804 -0.05855965 -0.05796894 -0.06063864 -0.060359046 -0.05819753 -0.058790214 -0.059765313
0.2735 -0.06006426 -0.05865441 -0.05807464 -0.06069432 -0.060425457 -0.05829332 -0.058890432 -0.05981897
0.274 -0.06012959 -0.05874769 -0.05817866 -0.06074929 -0.060490973 -0.05838761 -0.058988977 -0.059871916
0.2745 -0.06019404 -0.05883953 -0.05828105 -0.06080354 -0.0605556 -0.058480427 -0.059085883 -0.059924155
0.275 -0.06025762 -0.05892994 -0.05838183 -0.06085709 -0.060619347 -0.058571797 -0.059181184 -0.059975702
0.2755 -0.06032035 -0.05901894 -0.05848101 -0.06090995 -0.060682237 -0.058661744 -0.0592749 -0.060026567
0.276 -0.06038223 -0.05910657 -0.05857864 -0.06096213 -0.060744278 -0.05875029 -0.05936706 -0.060076755
0.2765 -0.06044327 -0.05919284 -0.05867474 -0.06101363 -0.060805477 -0.058837462 -0.05945769 -0.06012628
0.277 -0.0605035 -0.05927778 -0.05876933 -0.06106447 -0.060865846 -0.05892328 -0.05954682 -0.060175147
0.2775 -0.06056291 -0.05936141 -0.05886243 -0.06111465 -0.0609254 -0.059007764 -0.059634477 -0.060223363
0.278 -0.06062152 -0.05944375 -0.05895407 -0.06116418 -0.06098415 -0.059090942 -0.05972068 -0.060270943
0.2785 -0.06067935 -0.05952482 -0.05904428 -0.06121308 -0.061042108 -0.059172824 -0.05980546 -0.06031789
0.279 -0.0607364 -0.05960464 -0.05913307 -0.06126134 -0.06109928 -0.059253447 -0.05988884 -0.060364217
0.2795 -0.06079268 -0.05968323 -0.05922048 -0.06130898 -0.06115568 -0.059332825 -0.05997084 -0.060409926
0.28 -0.0608482 -0.05976062 -0.05930652 -0.06135601 -0.06121132 -0.059410974 -0.060051497 -0.06045503
0.2805 -0.06090298 -0.05983682 -0.05939122 -0.06140243 -0.06126621 -0.059487917 -0.06013082 -0.06049954
0.281 -0.06095702 -0.05991185 -0.0594746 -0.06144826 -0.061320353 -0.059563678 -0.06020884 -0.060543463
0.2815 -0.06101034 -0.05998573 -0.05955667 -0.06149349 -0.061373767 -0.059638273 -0.060285576 -0.060586803
0.282 -0.06106294 -0.06005848 -0.05963747 -0.06153814 -0.061426464 -0.05971172 -0.060361054 -0.06062957
0.2825 -0.06111483 -0.06013012 -0.05971701 -0.06158222 -0.061478447 -0.05978404 -0.060435295 -0.060671765
0.283 -0.06116603 -0.06020067 -0.05979532 -0.06162573 -0.06152973 -0.05985525 -0.06050831 -0.060713407
0.2835 -0.06121655 -0.06027014 -0.0598724 -0.06166867 -0.06158032 -0.059925366 -0.060580138 -0.060754497
0.284 -0.06126638 -0.06033855 -0.05994829 -0.06171107 -0.061630227 -0.05999441 -0.060650785 -0.060795043
0.2845 -0.06131555 -0.06040592 -0.06002301 -0.06175292 -0.06167946 -0.060062397 -0.060720284 -0.060835056
0.285 -0.06136405 -0.06047226 -0.06009656 -0.06179423 -0.06172803 -0.060129344 -0.06078864 -0.060874537
0.2855 -0.06141191 -0.0605376 -0.06016897 -0.06183502 -0.06177595 -0.06019527 -0.060855888 -0.060913496
0.286 -0.06145913 -0.06060194 -0.06024027 -0.06187527 -0.06182322 -0.060260195 -0.060922034 -0.06095194
0.2865 -0.06150571 -0.06066531 -0.06031046 -0.06191501 -0.061869852 -0.060324132 -0.060987104 -0.06098988
0.287 -0.06155167 -0.06072772 -0.06037957 -0.06195424 -0.06191586 -0.060387086 -0.061051115 -0.061027315
0.2875 -0.06159702 -0.06078918 -0.0604476 -0.06199297 -0.061961245 -0.060449094 -0.061114088 -0.06106426
0.288 -0.06164176 -0.06084972 -0.06051459 -0.06203119 -0.062006023 -0.06051016 -0.06117604 -0.061100714
0.2885 -0.0616859 -0.06090934 -0.06058055 -0.06206893 -0.062050194 -0.060570292 -0.061236985 -0.061136685
0.289 -0.06172945 -0.06096806 -0.06064549 -0.06210618 -0.062093772 -0.060629513 -0.061296944 -0.061172184
0.2895 -0.06177242 -0.06102589 -0.06070943 -0.06214295 -0.06213676 -0.06068784 -0.061355934 -0.061207216
0.29 -0.06181481 -0.06108286 -0.06077239 -0.06217926 -0.062179178 -0.06074528 -0.061413962 -0.061241783
0.2905 -0.06185664 -0.06113896 -0.06083437 -0.06221509 -0.06222102 -0.060801864 -0.06147106 -0.0612759
0.291 -0.06189791 -0.06119422 -0.06089541 -0.06225047 -0.0622623 -0.060857583 -0.061527237 -0.06130956
0.2915 -0.06193863 -0.06124865 -0.06095551 -0.06228539 -0.06230303 -0.060912468 -0.061582506 -0.061342783
0.292 -0.0619788 -0.06130227 -0.06101469 -0.06231986 -0.062343206 -0.06096653 -0.061636887 -0.061375566
0.2925 -0.06201844 -0.06135508 -0.06107296 -0.0623539 -0.062382847 -0.06101977 -0.06169039 -0.061407916
0.293 -0.06205755 -0.0614071 -0.06113034 -0.06238749 -0.062421955 -0.061072208 -0.061743036 -0.061439842
0.2935 -0.06209614 -0.06145834 -0.06118684 -0.06242066 -0.062460534 -0.061123867 -0.06179484 -0.061471347
0.294 -0.06213421 -0.06150882 -0.06124248 -0.0624534 -0.0624986 -0.06117475 -0.061845813 -0.061502434
0.2945 -0.06217177 -0.06155854 -0.06129727 -0.06248572 -0.06253615 -0.06122487 -0.061895967 -0.061533116
0.295 -0.06220884 -0.06160751 -0.06135122 -0.06251763 -0.062573195 -0.061274238 -0.061945323 -0.061563395
0.2955 -0.06224541 -0.06165576 -0.06140435 -0.06254912 -0.06260975 -0.06132287 -0.061993886 -0.061593276
0.296 -0.06228149 -0.06170329 -0.06145667 -0.06258022 -0.06264581 -0.06137078 -0.062041678 -0.061622757
0.2965 -0.0623171 -0.06175011 -0.06150819 -0.06261092 -0.06268139 -0.061417963 -0.06208871 -0.06165186
0.297 -0.06235223 -0.06179623 -0.06155893 -0.06264122 -0.06271649 -0.06146445 -0.06213499 -0.061680574
0.2975 -0.06238689 -0.06184167 -0.0616089 -0.06267114 -0.06275112 -0.061510246 -0.062180534 -0.061708912
0.298 -0.06242109 -0.06188644 -0.06165811 -0.06270067 -0.06278528 -0.061555367 -0.062225357 -0.061736878
0.2985 -0.06245483 -0.06193054 -0.06170657 -0.06272982 -0.062819 -0.06159981 -0.06226947 -0.06176448
0.299 -0.06248813 -0.06197398 -0.06175429 -0.06275861 -0.06285225 -0.061643593 -0.062312886 -0.061791714
0.2995 -0.06252099 -0.06201679 -0.0618013 -0.06278702 -0.06288506 -0.061686732 -0.062355615 -0.061818592
0.3 -0.0625534 -0.06205895 -0.06184759 -0.06281507 -0.06291744 -0.06172923 -0.062397666 -0.06184512
0.3005 -0.06258539 -0.0621005 -0.06189318 -0.06284276 -0.062949374 -0.0617711 -0.062439054 -0.061871298
0.301 -0.06261695 -0.06214143 -0.06193808 -0.0628701 -0.06298089 -0.061812345 -0.06247979 -0.06189713
0.3015 -0.06264809 -0.06218176 -0.0619823 -0.06289709 -0.06301198 -0.06185299 -0.062519886 -0.061922625
0.302 -0.06267882 -0.06222149 -0.06202585 -0.06292373 -0.063042656 -0.06189303 -0.06255935 -0.06194779
0.3025 -0.06270914 -0.06226064 -0.06206875 -0.06295004 -0.06307292 -0.06193249 -0.0625982 -0.061972618
0.303 -0.06273906 -0.06229921 -0.062111 -0.062976 -0.06310278 -0.061971363 -0.062636435 -0.061997127
0.3035 -0.06276859 -0.06233721 -0.06215262 -0.06300164 -0.06313224 -0.062009666 -0.06267407 -0.06202131
0.304 -0.06279772 -0.06237466 -0.0621936 -0.06302695 -0.06316131 -0.062047407 -0.06271112 -0.06204518
0.3045 -0.06282646 -0.06241155 -0.06223397 -0.06305193 -0.06318999 -0.062084593 -0.06274759 -0.062068734
0.305 -0.06285482 -0.0624479 -0.06227374 -0.0630766 -0.063218296 -0.062121235 -0.06278349 -0.06209198
0.3055 -0.06288281 -0.06248372 -0.0623129 -0.06310095 -0.06324621 -0.06215734 -0.06281883 -0.062114924
0.306 -0.06291043 -0.06251902 -0.06235148 -0.06312499 -0.06327376 -0.062192917 -0.06285363 -0.062137567
0.3065 -0.06293768 -0.0625538 -0.06238948 -0.06314872 -0.06330094 -0.062227976 -0.06288788 -0.06215991
0.307 -0.06296457 -0.06258807 -0.06242691 -0.06317215 -0.06332776 -0.062262528 -0.0629216 -0.062181965
0.3075 -0.0629911 -0.06262184 -0.06246378 -0.06319529 -0.06335422 -0.06229657 -0.0629548 -0.06220373
0.308 -0.06301728 -0.06265511 -0.0625001 -0.06321812 -0.06338032 -0.06233012 -0.062987484 -0.06222521
0.3085 -0.06304312 -0.0626879 -0.06253588 -0.06324067 -0.06340609 -0.062363185 -0.06301966 -0.062246412
0.309 -0.06306861 -0.06272021 -0.06257112 -0.06326293 -0.0634315 -0.062395763 -0.06305134 -0.062267337
0.3095 -0.06309377 -0.06275205 -0.06260583 -0.0632849 -0.06345658 -0.062427875 -0.06308254 -0.062287986
0.31 -0.0631186 -0.06278343 -0.06264003 -0.06330659 -0.06348132 -0.06245952 -0.06311326 -0.062308364
0.3105 -0.06314309 -0.06281435 -0.06267372 -0.06332801 -0.06350574 -0.06249071 -0.0631435 -0.06232848
0.311 -0.06316726 -0.06284482 -0.0627069 -0.06334916 -0.063529834 -0.06252144 -0.06317328 -0.06234833
0.3115 -0.06319112 -0.06287485 -0.06273959 -0.06337003 -0.0635536 -0.06255174 -0.063202605 -0.06236792
0.312 -0.06321466 -0.06290445 -0.0627718 -0.06339064 -0.063577056 -0.062581584 -0.063231476 -0.062387258
0.3125 -0.06323788 -0.06293361 -0.06280353 -0.06341099 -0.0636002 -0.06261101 -0.06325991 -0.06240634
0.313 -0.0632608 -0.06296235 -0.06283478 -0.06343107 -0.06362303 -0.06264001 -0.06328791 -0.062425174
0.3135 -0.06328342 -0.06299068 -0.06286557 -0.06345091 -0.06364557 -0.06266861 -0.06331548 -0.062443763
0.314 -0.06330574 -0.06301859 -0.06289591 -0.06347049 -0.063667804 -0.062696785 -0.06334264 -0.06246211
0.3145 -0.06332777 -0.0630461 -0.06292579 -0.06348982 -0.06368974 -0.06272455 -0.06336938 -0.06248022
0.315 -0.0633495 -0.06307322 -0.06295523 -0.0635089 -0.06371138 -0.062751934 -0.063395716 -0.06249809
0.3155 -0.06337095 -0.06309994 -0.06298424 -0.06352774 -0.06373274 -0.06277891 -0.06342165 -0.06251573
0.316 -0.06339212 -0.06312628 -0.06301282 -0.06354634 -0.06375382 -0.06280551 -0.0634472 -0.06253314
0.3165 -0.063413 -0.06315223 -0.06304097 -0.06356471 -0.063774616 -0.06283172 -0.06347236 -0.06255032
0.317 -0.06343361 -0.06317782 -0.06306871 -0.06358284 -0.063795134 -0.06285757 -0.06349714 -0.06256728
0.3175 -0.06345395 -0.06320303 -0.06309604 -0.06360074 -0.06381539 -0.06288305 -0.06352155 -0.06258402
0.318 -0.06347402 -0.06322789 -0.06312297 -0.06361841 -0.06383537 -0.06290816 -0.063545585 -0.06260054
0.3185 -0.06349383 -0.06325238 -0.0631495 -0.06363586 -0.06385508 -0.062932916 -0.06356926 -0.06261685
0.319 -0.06351338 -0.06327652 -0.06317564 -0.06365308 -0.06387454 -0.06295732 -0.06359259 -0.06263294
0.3195 -0.06353267 -0.06330032 -0.06320139 -0.06367009 -0.06389374 -0.062981375 -0.06361557 -0.062648825
0.32 -0.0635517 -0.06332378 -0.06322677 -0.06368688 -0.06391269 -0.0630051 -0.0636382 -0.0626645
0.3205 -0.06357049 -0.0633469 -0.06325177 -0.06370346 -0.06393138 -0.06302848 -0.063660495 -0.062679976
0.321 -0.06358903 -0.06336968 -0.06327641 -0.06371982 -0.06394983 -0.06305154 -0.06368246 -0.06269525
0.3215 -0.06360732 -0.06339215 -0.06330069 -0.06373598 -0.06396803 -0.06307426 -0.063704096 -0.06271032
0.322 -0.06362538 -0.06341429 -0.0633246 -0.06375194 -0.063985996 -0.063096665 -0.06372541 -0.06272521
0.3225 -0.06364319 -0.06343611 -0.06334817 -0.06376769 -0.06400372 -0.063118756 -0.063746415 -0.062739894
0.323 -0.06366078 -0.06345762 -0.0633714 -0.06378324 -0.064021215 -0.06314054 -0.063767105 -0.062754385
0.3235 -0.06367813 -0.06347883 -0.06339428 -0.06379859 -0.06403848 -0.063162014 -0.06378749 -0.0627687
0.324 -0.06369525 -0.06349973 -0.06341683 -0.06381375 -0.06405551 -0.06318319 -0.06380757 -0.06278282
0.3245 -0.06371215 -0.06352034 -0.06343905 -0.06382871 -0.06407232 -0.063204065 -0.06382736 -0.06279676
0.325 -0.06372883 -0.06354065 -0.06346094 -0.06384349 -0.06408891 -0.06322465 -0.06384686 -0.06281051
0.3255 -0.06374529 -0.06356067 -0.06348252 -0.06385808 -0.06410527 -0.063244954 -0.063866064 -0.06282409
0.326 -0.06376153 -0.06358041 -0.06350378 -0.06387248 -0.06412143 -0.063264966 -0.063884996 -0.0628375
0.3265 -0.06377756 -0.06359987 -0.06352473 -0.0638867 -0.06413738 -0.063284695 -0.06390365 -0.06285073
0.327 -0.06379338 -0.06361905 -0.06354538 -0.06390074 -0.064153105 -0.063304156 -0.063922025 -0.06286379
0.3275 -0.06380899 -0.06363796 -0.06356572 -0.0639146 -0.06416863 -0.06332334 -0.06394014 -0.06287668
0.328 -0.0638244 -0.0636566 -0.06358577 -0.06392828 -0.06418395 -0.06334227 -0.06395799 -0.062889405
0.3285 -0.0638396 -0.06367497 -0.06360553 -0.06394179 -0.06419907 -0.06336093 -0.06397558 -0.06290196
0.329 -0.06385461 -0.06369309 -0.063625 -0.06395514 -0.06421398 -0.063379325 -0.06399291 -0.06291436
0.3295 -0.06386942 -0.06371095 -0.06364419 -0.06396831 -0.06422871 -0.06339748 -0.064009994 -0.0629266
0.33 -0.06388403 -0.06372856 -0.0636631 -0.06398131 -0.06424324 -0.06341536 -0.06402683 -0.062938675
0.3305 -0.06389845 -0.06374591 -0.06368174 -0.06399415 -0.064257585 -0.063433014 -0.064043425 -0.062950596
0.331 -0.06391269 -0.06376303 -0.06370011 -0.06400683 -0.06427173 -0.063450426 -0.06405978 -0.06296237
0.3315 -0.06392674 -0.0637799 -0.06371821 -0.06401934 -0.0642857 -0.06346759 -0.064075895 -0.062973976
0.332 -0.0639406 -0.06379653 -0.06373605 -0.0640317 -0.06429949 -0.063484505 -0.06409178 -0.06298544
0.3325 -0.06395429 -0.06381293 -0.06375363 -0.0640439 -0.064313084 -0.06350121 -0.06410744 -0.06299676
0.333 -0.06396779 -0.06382909 -0.06377096 -0.06405594 -0.06432651 -0.06351767 -0.06412287 -0.063007936
0.3335 -0.06398112 -0.06384503 -0.06378803 -0.06406784 -0.06433976 -0.0635339 -0.064138085 -0.06301896
0.334 -0.06399427 -0.06386075 -0.06380487 -0.06407958 -0.06435283 -0.06354992 -0.06415308 -0.06302985
0.3345 -0.06400725 -0.06387624 -0.06382145 -0.06409117 -0.06436574 -0.06356572 -0.064167865 -0.06304059
0.335 -0.06402007 -0.06389152 -0.0638378 -0.06410262 -0.06437847 -0.0635813 -0.06418244 -0.0630512
0.3355 -0.06403271 -0.06390658 -0.06385392 -0.06411392 -0.06439104 -0.06359667 -0.0641968 -0.06306167
0.336 -0.06404519 -0.06392143 -0.0638698 -0.06412508 -0.064403445 -0.063611835 -0.064210966 -0.06307201
0.3365 -0.06405751 -0.06393607 -0.06388545 -0.0641361 -0.064415686 -0.06362678 -0.06422493 -0.06308221
0.337 -0.06406966 -0.06395051 -0.06390088 -0.06414697 -0.06442777 -0.06364153 -0.06423869 -0.063092284
0.3375 -0.06408166 -0.06396474 -0.06391609 -0.06415771 -0.06443969 -0.06365608 -0.06425226 -0.06310222
0.338 -0.0640935 -0.06397877 -0.06393108 -0.06416832 -0.06445146 -0.06367043 -0.06426564 -0.063112035
0.3385 -0.06410519 -0.06399261 -0.06394586 -0.06417879 -0.06446308 -0.06368458 -0.064278826 -0.06312173
0.339 -0.06411672 -0.06400626 -0.06396042 -0.06418912 -0.06447454 -0.063698545 -0.064291835 -0.06313129
0.3395 -0.0641281 -0.06401971 -0.06397477 -0.06419933 -0.064485855 -0.063712314 -0.06430466 -0.06314073
0.34 -0.06413934 -0.06403298 -0.06398892 -0.06420941 -0.064497024 -0.0637259 -0.0643173 -0.06315005
0.3405 -0.06415042 -0.06404606 -0.06400287 -0.06421936 -0.06450804 -0.06373931 -0.06432977 -0.06315925
0.341 -0.06416137 -0.06405895 -0.06401661 -0.06422918 -0.06451892 -0.06375253 -0.06434206 -0.06316833
0.3415 -0.06417217 -0.06407167 -0.06403016 -0.06423888 -0.06452966 -0.063765585 -0.06435419 -0.063177295
0.342 -0.06418283 -0.06408421 -0.06404352 -0.06424846 -0.06454026 -0.063778445 -0.06436614 -0.06318615
0.3425 -0.06419335 -0.06409658 -0.06405669 -0.06425791 -0.06455071 -0.06379115 -0.064377934 -0.06319488
0.343 -0.06420373 -0.06410877 -0.06406967 -0.06426725 -0.06456104 -0.06380367 -0.06438956 -0.063203506
0.3435 -0.06421398 -0.06412079 -0.06408246 -0.06427647 -0.064571224 -0.063816026 -0.06440102 -0.063212015
0.344 -0.0642241 -0.06413265 -0.06409507 -0.06428557 -0.06458128 -0.06382822 -0.064412326 -0.06322042
0.3445 -0.06423408 -0.06414434 -0.06410751 -0.06429455 -0.06459121 -0.063840255 -0.06442348 -0.06322872
0.345 -0.06424394 -0.06415587 -0.06411976 -0.06430343 -0.064601004 -0.06385212 -0.064434476 -0.06323691
0.3455 -0.06425366 -0.06416724 -0.06413184 -0.06431219 -0.064610675 -0.06386383 -0.064445324 -0.06324499
0.346 -0.06426326 -0.06417845 -0.06414375 -0.06432084 -0.06462022 -0.063875385 -0.06445602 -0.06325297
0.3465 -0.06427273 -0.06418951 -0.06415549 -0.06432938 -0.06462964 -0.06388679 -0.06446657 -0.06326085
0.347 -0.06428208 -0.06420041 -0.06416707 -0.06433781 -0.06463894 -0.06389804 -0.06447699 -0.06326863
0.3475 -0.06429131 -0.06421116 -0.06417848 -0.06434613 -0.06464812 -0.063909136 -0.06448725 -0.06327631
0.348 -0.06430042 -0.06422177 -0.06418972 -0.06435436 -0.064657174 -0.06392008 -0.06449738 -0.06328389
0.3485 -0.06430941 -0.06423222 -0.06420081 -0.06436247 -0.06466612 -0.06393089 -0.064507365 -0.06329138
0.349 -0.06431829 -0.06424253 -0.06421175 -0.06437049 -0.06467494 -0.06394155 -0.06451722 -0.06329877
0.3495 -0.06432705 -0.0642527 -0.06422252 -0.0643784 -0.06468366 -0.06395207 -0.064526945 -0.06330606
0.35 -0.06433569 -0.06426273 -0.06423315 -0.06438621 -0.06469226 -0.06396246 -0.064536534 -0.06331326
0.3505 -0.06434422 -0.06427262 -0.06424362 -0.06439393 -0.064700745 -0.06397271 -0.064546 -0.063320376
0.351 -0.06435265 -0.06428237 -0.06425395 -0.06440154 -0.06470913 -0.06398282 -0.064555325 -0.063327394
0.3515 -0.06436096 -0.06429199 -0.06426413 -0.06440906 -0.0647174 -0.0639928 -0.06456453 -0.06333432
0.352 -0.06436916 -0.06430148 -0.06427417 -0.06441649 -0.06472556 -0.06400264 -0.06457362 -0.06334116
0.3525 -0.06437726 -0.06431083 -0.06428406 -0.06442382 -0.064733624 -0.06401236 -0.06458258 -0.06334792
0.353 -0.06438526 -0.06432006 -0.06429382 -0.06443106 -0.064741574 -0.06402195 -0.06459142 -0.06335458
0.3535 -0.06439314 -0.06432916 -0.06430344 -0.06443821 -0.06474943 -0.06403141 -0.06460015 -0.06336117
0.354 -0.06440093 -0.06433813 -0.06431292 -0.06444527 -0.064757176 -0.06404075 -0.06460875 -0.063367665
0.3545 -0.06440862 -0.06434698 -0.06432228 -0.06445224 -0.06476483 -0.06404996 -0.06461725 -0.06337408
0.355 -0.0644162 -0.06435571 -0.06433149 -0.06445912 -0.06477238 -0.064059064 -0.06462562 -0.06338041
0.3555 -0.06442369 -0.06436432 -0.06434058 -0.06446591 -0.06477983 -0.064068034 -0.06463389 -0.063386664
0.356 -0.06443108 -0.06437281 -0.06434955 -0.06447262 -0.064787194 -0.0640769 -0.06464205 -0.06339284
0.3565 -0.06443838 -0.06438119 -0.06435838 -0.06447924 -0.06479446 -0.06408565 -0.0646501 -0.063398935
0.357 -0.06444558 -0.06438945 -0.0643671 -0.06448578 -0.06480163 -0.064094275 -0.06465805 -0.063404955
0.3575 -0.06445269 -0.06439759 -0.06437569 -0.06449224 -0.06480871 -0.0641028 -0.06466589 -0.0634109
0.358 -0.0644597 -0.06440563 -0.06438416 -0.06449861 -0.0648157 -0.0641112 -0.06467363 -0.063416764
0.3585 -0.06446663 -0.06441355 -0.06439251 -0.06450491 -0.0648226 -0.0641195 -0.06468126 -0.06342255
0.359 -0.06447346 -0.06442137 -0.06440074 -0.06451113 -0.06482941 -0.0641277 -0.0646888 -0.063428275
0.3595 -0.06448021 -0.06442908 -0.06440886 -0.06451726 -0.06483613 -0.06413578 -0.06469624 -0.063433915
0.36 -0.06448687 -0.06443668 -0.06441687 -0.06452332 -0.064842775 -0.06414376 -0.064703576 -0.063439496
0.3605 -0.06449344 -0.06444418 -0.06442476 -0.06452931 -0.064849325 -0.064151645 -0.06471082 -0.063445
0.361 -0.06449993 -0.06445158 -0.06443255 -0.06453522 -0.06485579 -0.06415942 -0.06471797 -0.06345043
0.3615 -0.06450633 -0.06445888 -0.06444022 -0.06454105 -0.06486218 -0.0641671 -0.06472503 -0.0634558
0.362 -0.06451265 -0.06446607 -0.06444779 -0.06454681 -0.06486848 -0.06417467 -0.06473199 -0.063461095
0.3625 -0.06451889 -0.06447317 -0.06445525 -0.0645525 -0.0648747 -0.06418215 -0.06473887 -0.063466325
0.363 -0.06452505 -0.06448017 -0.06446261 -0.06455811 -0.06488085 -0.06418954 -0.06474566 -0.06347149
0.3635 -0.06453113 -0.06448708 -0.06446987 -0.06456366 -0.06488691 -0.064196825 -0.06475235 -0.063476585
0.364 -0.06453713 -0.06449389 -0.06447702 -0.06456913 -0.064892896 -0.06420402 -0.064758964 -0.06348162
0.3645 -0.06454305 -0.06450061 -0.06448408 -0.06457454 -0.064898804 -0.064211115 -0.06476549 -0.06348659
0.365 -0.0645489 -0.06450724 -0.06449104 -0.06457988 -0.064904645 -0.06421813 -0.064771935 -0.06349149
0.3655 -0.06455467 -0.06451378 -0.0644979 -0.06458515 -0.064910404 -0.064225055 -0.0647783 -0.06349634
0.366 -0.06456036 -0.06452023 -0.06450467 -0.06459035 -0.06491609 -0.064231895 -0.06478457 -0.06350113
0.3665 -0.06456599 -0.06452659 -0.06451134 -0.06459549 -0.06492171 -0.06423864 -0.06479077 -0.06350585
0.367 -0.06457154 -0.06453286 -0.06451792 -0.06460057 -0.06492725 -0.0642453 -0.064796895 -0.063510515
0.3675 -0.06457702 -0.06453905 -0.06452441 -0.06460558 -0.06493272 -0.06425187 -0.06480294 -0.06351512
0.368 -0.06458242 -0.06454516 -0.0645308 -0.06461053 -0.06493813 -0.06425837 -0.064808905 -0.063519664
0.3685 -0.06458776 -0.06455118 -0.06453711 -0.06461541 -0.06494346 -0.06426479 -0.06481479 -0.06352416
0.369 -0.06459303 -0.06455712 -0.06454334 -0.06462023 -0.06494873 -0.06427111 -0.06482061 -0.06352859
0.3695 -0.06459823 -0.06456298 -0.06454947 -0.064625 -0.06495392 -0.064277366 -0.06482635 -0.06353297
0.37 -0.06460337 -0.06456876 -0.06455553 -0.0646297 -0.064959064 -0.06428353 -0.06483202 -0.06353729
0.3705 -0.06460843 -0.06457447 -0.06456149 -0.06463434 -0.06496413 -0.064289615 -0.06483761 -0.06354156
0.371 -0.06461344 -0.06458009 -0.06456738 -0.06463893 -0.06496914 -0.064295635 -0.06484313 -0.06354577
0.3715 -0.06461837 -0.06458564 -0.06457318 -0.06464345 -0.06497408 -0.06430158 -0.064848594 -0.063549936
0.372 -0.06462325 -0.06459111 -0.06457891 -0.06464792 -0.06497896 -0.06430744 -0.06485398 -0.06355404
0.3725 -0.06462806 -0.06459651 -0.06458455 -0.06465234 -0.06498377 -0.064313225 -0.0648593 -0.0635581
0.373 -0.06463281 -0.06460184 -0.06459012 -0.0646567 -0.06498852 -0.06431894 -0.06486456 -0.0635621
0.3735 -0.0646375 -0.0646071 -0.06459561 -0.064661 -0.06499322 -0.06432459 -0.06486975 -0.06356606
0.374 -0.06464212 -0.06461228 -0.06460103 -0.06466525 -0.06499785 -0.06433016 -0.064874865 -0.06356997
0.3745 -0.06464669 -0.0646174 -0.06460637 -0.06466945 -0.065002434 -0.06433567 -0.06487993 -0.06357382
0.375 -0.0646512 -0.06462244 -0.06461163 -0.06467359 -0.06500695 -0.0643411 -0.06488492 -0.06357763
0.3755 -0.06465565 -0.06462742 -0.06461683 -0.06467768 -0.06501141 -0.06434646 -0.064889856 -0.06358139
0.376 -0.06466005 -0.06463233 -0.06462195 -0.06468172 -0.06501582 -0.06435177 -0.06489473 -0.06358511
0.3765 -0.06466438 -0.06463717 -0.06462701 -0.06468571 -0.065020174 -0.064357 -0.06489955 -0.063588776
0.377 -0.06466867 -0.06464195 -0.06463199 -0.06468965 -0.065024465 -0.06436217 -0.0649043 -0.0635924
0.3775 -0.06467289 -0.06464667 -0.0646369 -0.06469354 -0.065028705 -0.06436727 -0.064908996 -0.06359597
0.378 -0.06467706 -0.06465132 -0.06464175 -0.06469738 -0.06503289 -0.06437231 -0.06491363 -0.0635995
0.3785 -0.06468118 -0.06465591 -0.06464653 -0.06470117 -0.06503703 -0.06437729 -0.064918205 -0.06360299
0.379 -0.06468525 -0.06466043 -0.06465125 -0.06470491 -0.06504111 -0.0643822 -0.064922735 -0.06360643
0.3795 -0.06468926 -0.0646649 -0.0646559 -0.06470861 -0.06504514 -0.06438705 -0.0649272 -0.06360983
0.38 -0.06469322 -0.0646693 -0.06466049 -0.06471226 -0.06504912 -0.06439185 -0.064931616 -0.06361319
0.3805 -0.06469713 -0.06467365 -0.06466501 -0.06471586 -0.06505305 -0.06439659 -0.06493597 -0.06361651
0.381 -0.06470099 -0.06467794 -0.06466948 -0.06471942 -0.06505693 -0.064401254 -0.064940274 -0.06361978
0.3815 -0.0647048 -0.06468217 -0.06467388 -0.06472294 -0.065060765 -0.06440588 -0.06494453 -0.06362301
0.382 -0.06470857 -0.06468634 -0.06467822 -0.06472641 -0.06506455 -0.06441044 -0.06494873 -0.0636262
0.3825 -0.06471228 -0.06469046 -0.0646825 -0.06472983 -0.06506828 -0.06441495 -0.06495288 -0.06362936
0.383 -0.06471594 -0.06469452 -0.06468673 -0.06473322 -0.06507197 -0.06441939 -0.06495698 -0.063632466
0.3835 -0.06471956 -0.06469853 -0.06469089 -0.06473656 -0.06507561 -0.064423785 -0.06496103 -0.06363554
0.384 -0.06472313 -0.06470249 -0.064695 -0.06473986 -0.06507921 -0.06442812 -0.06496503 -0.06363858
0.3845 -0.06472666 -0.06470639 -0.06469906 -0.06474312 -0.065082766 -0.06443241 -0.06496898 -0.06364158
0.385 -0.06473014 -0.06471024 -0.06470305 -0.06474633 -0.065086275 -0.064436644 -0.064972885 -0.06364454
0.3855 -0.06473358 -0.06471404 -0.064707 -0.06474951 -0.06508973 -0.064440824 -0.06497674 -0.063647464
0.386 -0.06473697 -0.06471778 -0.06471089 -0.06475265 -0.06509315 -0.06444496 -0.06498055 -0.063650355
0.3865 -0.06474032 -0.06472148 -0.06471472 -0.06475574 -0.065096535 -0.06444904 -0.064984314 -0.06365321
0.387 -0.06474362 -0.06472513 -0.06471851 -0.0647588 -0.06509987 -0.064453065 -0.06498803 -0.063656025
0.3875 -0.06474689 -0.06472873 -0.06472224 -0.06476182 -0.06510316 -0.064457044 -0.064991705 -0.0636588
0.388 -0.06475011 -0.06473228 -0.06472593 -0.0647648 -0.065106414 -0.06446098 -0.06499533 -0.063661546
0.3885 -0.06475329 -0.06473578 -0.06472956 -0.06476775 -0.065109625 -0.06446485 -0.064998925 -0.063664265
0.389 -0.06475643 -0.06473924 -0.06473314 -0.06477065 -0.0651128 -0.06446869 -0.065002464 -0.06366694
0.3895 -0.06475953 -0.06474265 -0.06473668 -0.06477352 -0.06511593 -0.064472474 -0.065005966 -0.063669585
0.39 -0.06476258 -0.06474601 -0.06474016 -0.06477636 -0.06511902 -0.06447622 -0.06500942 -0.0636722
0.3905 -0.0647656 -0.06474933 -0.0647436 -0.06477916 -0.065122075 -0.06447992 -0.06501284 -0.06367478
0.391 -0.06476859 -0.06475261 -0.064747 -0.06478192 -0.06512509 -0.06448357 -0.065016225 -0.063677326
0.3915 -0.06477153 -0.06475584 -0.06475034 -0.06478465 -0.06512807 -0.06448718 -0.065019555 -0.063679844
0.392 -0.06477443 -0.06475903 -0.06475364 -0.06478735 -0.06513101 -0.06449075 -0.065022856 -0.06368233
0.3925 -0.0647773 -0.06476218 -0.0647569 -0.06479001 -0.06513392 -0.06449427 -0.06502611 -0.063684784
0.393 -0.06478013 -0.06476528 -0.06476011 -0.06479263 -0.06513678 -0.064497754 -0.06502934 -0.063687205
0.3935 -0.06478293 -0.06476834 -0.06476328 -0.06479523 -0.06513962 -0.06450118 -0.06503252 -0.063689604
0.394 -0.06478569 -0.06477137 -0.06476641 -0.06479779 -0.065142415 -0.06450458 -0.06503566 -0.063691966
0.3945 -0.06478841 -0.06477435 -0.06476949 -0.06480032 -0.06514518 -0.06450793 -0.06503877 -0.0636943
0.395 -0.0647911 -0.06477729 -0.06477254 -0.06480282 -0.06514791 -0.06451124 -0.06504184 -0.06369661
0.3955 -0.06479375 -0.0647802 -0.06477554 -0.06480529 -0.0651506 -0.06451451 -0.06504487 -0.06369889
0.396 -0.06479637 -0.06478306 -0.0647785 -0.06480772 -0.06515326 -0.06451774 -0.06504787 -0.06370114
0.3965 -0.06479896 -0.06478589 -0.06478142 -0.06481013 -0.06515589 -0.06452094 -0.06505083 -0.06370336
0.397 -0.06480152 -0.06478868 -0.0647843 -0.0648125 -0.06515849 -0.064524084 -0.06505376 -0.06370555
0.3975 -0.06480404 -0.06479143 -0.06478714 -0.06481485 -0.06516105 -0.0645272 -0.06505665 -0.06370772
0.398 -0.06480653 -0.06479415 -0.06478995 -0.06481716 -0.06516358 -0.06453028 -0.06505951 -0.06370986
0.3985 -0.06480898 -0.06479683 -0.06479272 -0.06481945 -0.065166086 -0.06453332 -0.065062344 -0.06371197
0.399 -0.06481141 -0.06479947 -0.06479545 -0.06482171 -0.06516856 -0.06453633 -0.06506514 -0.06371406
0.3995 -0.0648138 -0.06480208 -0.06479814 -0.06482394 -0.06517099 -0.0645393 -0.065067895 -0.06371612
0.4 -0.06481617 -0.06480466 -0.06480079 -0.06482614 -0.0651734 -0.064542234 -0.06507062 -0.06371816
0.4005 -0.0648185 -0.0648072 -0.06480342 -0.06482832 -0.06517578 -0.06454514 -0.065073326 -0.063720174
0.401 -0.0648208 -0.06480971 -0.064806 -0.06483046 -0.065178126 -0.064548 -0.065075986 -0.063722156
0.4015 -0.06482308 -0.06481218 -0.06480855 -0.06483258 -0.06518045 -0.06455083 -0.06507862 -0.06372412
0.402 -0.06482532 -0.06481462 -0.06481107 -0.06483468 -0.065182745 -0.06455362 -0.065081224 -0.06372606
0.4025 -0.06482754 -0.06481703 -0.06481355 -0.06483674 -0.06518501 -0.06455638 -0.0650838 -0.063727975
0.403 -0.06482973 -0.06481941 -0.064816 -0.06483878 -0.06518724 -0.06455912 -0.06508634 -0.06372987
0.4035 -0.06483189 -0.06482175 -0.06481842 -0.0648408 -0.06518945 -0.064561814 -0.06508885 -0.06373173
0.404 -0.06483402 -0.06482407 -0.0648208 -0.06484279 -0.06519163 -0.06456448 -0.06509134 -0.06373358
0.4045 -0.06483613 -0.06482635 -0.06482315 -0.06484476 -0.06519379 -0.064567104 -0.0650938 -0.0637354
0.405 -0.06483821 -0.06482861 -0.06482547 -0.0648467 -0.06519591 -0.06456971 -0.06509623 -0.0637372
0.4055 -0.06484026 -0.06483083 -0.06482776 -0.06484861 -0.06519801 -0.064572275 -0.06509863 -0.06373898
0.406 -0.06484228 -0.06483303 -0.06483002 -0.0648505 -0.06520009 -0.06457482 -0.065101 -0.06374073
0.4065 -0.06484428 -0.06483519 -0.06483225 -0.06485237 -0.06520214 -0.064577326 -0.065103345 -0.063742466
0.407 -0.06484626 -0.06483733 -0.06483445 -0.06485422 -0.065204166 -0.064579815 -0.06510566 -0.06374418
0.4075 -0.06484821 -0.06483944 -0.06483662 -0.06485604 -0.06520616 -0.06458226 -0.06510796 -0.06374587
0.408 -0.06485013 -0.06484152 -0.06483876 -0.06485784 -0.06520814 -0.06458469 -0.06511022 -0.06374754
0.4085 -0.06485203 -0.06484357 -0.06484087 -0.06485962 -0.06521009 -0.06458707 -0.065112464 -0.063749194
0.409 -0.06485391 -0.0648456 -0.06484295 -0.06486137 -0.06521202 -0.06458944 -0.06511468 -0.063750826
0.4095 -0.06485576 -0.0648476 -0.06484501 -0.0648631 -0.06521392 -0.06459177 -0.06511687 -0.063752435
0.41 -0.06485759 -0.06484958 -0.06484704 -0.06486481 -0.065215796 -0.06459409 -0.06511903 -0.06375402
0.4105 -0.06485939 -0.06485152 -0.06484904 -0.0648665 -0.06521766 -0.06459637 -0.06512117 -0.063755594
0.411 -0.06486117 -0.06485345 -0.06485101 -0.06486817 -0.06521949 -0.06459862 -0.06512328 -0.06375715
0.4115 -0.06486293 -0.06485534 -0.06485296 -0.06486982 -0.0652213 -0.06460085 -0.065125376 -0.06375868
0.412 -0.06486467 -0.06485722 -0.06485488 -0.06487145 -0.0652231 -0.06460305 -0.06512744 -0.0637602
0.4125 -0.06486638 -0.06485906 -0.06485678 -0.06487305 -0.06522486 -0.06460523 -0.06512948 -0.063761696
0.413 -0.06486807 -0.06486089 -0.06485865 -0.06487464 -0.065226614 -0.064607374 -0.0651315 -0.06376317
0.4135 -0.06486975 -0.06486269 -0.0648605 -0.0648762 -0.065228336 -0.0646095 -0.0651335 -0.06376463
0.414 -0.06487139 -0.06486446 -0.06486232 -0.06487775 -0.06523004 -0.0646116 -0.06513547 -0.06376607
0.4145 -0.06487302 -0.06486621 -0.06486412 -0.06487928 -0.06523172 -0.06461368 -0.065137416 -0.06376749
0.415 -0.06487463 -0.06486794 -0.06486589 -0.06488079 -0.06523339 -0.06461573 -0.06513935 -0.0637689
0.4155 -0.06487622 -0.06486965 -0.06486764 -0.06488227 -0.065235026 -0.06461775 -0.06514126 -0.063770294
0.416 -0.06487779 -0.06487133 -0.06486937 -0.06488375 -0.06523665 -0.06461975 -0.065143146 -0.063771665
0.4165 -0.06487933 -0.064873 -0.06487107 -0.0648852 -0.06523825 -0.06462173 -0.06514501 -0.06377302
0.417 -0.06488086 -0.06487464 -0.06487275 -0.06488663 -0.06523983 -0.06462368 -0.06514685 -0.06377436
0.4175 -0.06488237 -0.06487625 -0.06487441 -0.06488805 -0.0652414 -0.06462562 -0.065148674 -0.06377569
0.418 -0.06488386 -0.06487785 -0.06487605 -0.06488945 -0.065242946 -0.06462753 -0.065150484 -0.06377699
0.4185 -0.06488533 -0.06487943 -0.06487766 -0.06489083 -0.065244466 -0.06462942 -0.06515226 -0.06377828
0.419 -0.06488678 -0.06488099 -0.06487926 -0.06489219 -0.06524598 -0.06463128 -0.06515402 -0.063779555
0.4195 -0.06488821 -0.06488252 -0.06488083 -0.06489354 -0.06524746 -0.06463313 -0.06515577 -0.063780814
0.42 -0.06488962 -0.06488404 -0.06488238 -0.06489487 -0.06524894 -0.06463495 -0.06515749 -0.063782066
0.4205 -0.06489102 -0.06488553 -0.06488391 -0.06489618 -0.06525039 -0.06463675 -0.065159194 -0.063783295
0.421 -0.0648924 -0.06488701 -0.06488542 -0.06489747 -0.06525183 -0.06463853 -0.06516088 -0.06378451
0.4215 -0.06489376 -0.06488847 -0.06488691 -0.06489876 -0.06525324 -0.06464028 -0.06516254 -0.0637857
0.422 -0.0648951 -0.0648899 -0.06488838 -0.06490002 -0.06525464 -0.06464203 -0.065164186 -0.063786894
0.4225 -0.06489643 -0.06489132 -0.06488984 -0.06490127 -0.06525603 -0.06464374 -0.06516581 -0.063788064
0.423 -0.06489774 -0.06489272 -0.06489127 -0.0649025 -0.06525739 -0.06464544 -0.06516742 -0.06378922
0.4235 -0.06489903 -0.0648941 -0.06489268 -0.06490372 -0.06525874 -0.06464712 -0.065169014 -0.06379036
0.424 -0.06490031 -0.06489547 -0.06489408 -0.06490492 -0.06526008 -0.06464878 -0.065170586 -0.06379149
0.4245 -0.06490157 -0.06489681 -0.06489545 -0.06490611 -0.065261394 -0.06465042 -0.06517214 -0.0637926
0.425 -0.06490281 -0.06489814 -0.06489681 -0.06490728 -0.0652627 -0.06465204 -0.065173686 -0.063793704
0.4255 -0.06490404 -0.06489945 -0.06489815 -0.06490844 -0.06526399 -0.06465364 -0.065175205 -0.06379479
0.426 -0.06490525 -0.06490075 -0.06489947 -0.06490958 -0.06526525 -0.06465522 -0.06517671 -0.06379587
0.4265 -0.06490645 -0.06490203 -0.06490078 -0.06491071 -0.06526651 -0.064656794 -0.0651782 -0.06379693
0.427 -0.06490763 -0.06490329 -0.06490207 -0.06491182 -0.06526775 -0.06465834 -0.06517967 -0.06379798
0.4275 -0.0649088 -0.06490453 -0.06490334 -0.06491292 -0.06526898 -0.06465986 -0.06518112 -0.063799016
0.428 -0.06490995 -0.06490576 -0.06490459 -0.06491401 -0.065270185 -0.06466137 -0.06518256 -0.06380004
0.4285 -0.06491109 -0.06490697 -0.06490583 -0.06491508 -0.06527138 -0.06466286 -0.06518398 -0.06380105
0.429 -0.06491222 -0.06490817 -0.06490705 -0.06491614 -0.06527256 -0.06466434 -0.06518539 -0.063802056
0.4295 -0.06491332 -0.06490935 -0.06490825 -0.06491719 -0.06527373 -0.06466581 -0.06518678 -0.06380304
0.43 -0.06491442 -0.06491051 -0.06490944 -0.06491822 -0.06527488 -0.06466724 -0.06518816 -0.063804016
0.4305 -0.0649155 -0.06491166 -0.06491062 -0.06491924 -0.06527603 -0.06466867 -0.06518952 -0.06380498
0.431 -0.06491657 -0.0649128 -0.06491177 -0.06492025 -0.065277144 -0.06467007 -0.06519087 -0.06380593
0.4315 -0.06491762 -0.06491392 -0.06491292 -0.06492125 -0.06527826 -0.06467147 -0.06519219 -0.06380687
0.432 -0.06491866 -0.06491502 -0.06491404 -0.06492223 -0.06527936 -0.06467284 -0.06519351 -0.0638078
0.4325 -0.06491969 -0.06491612 -0.06491516 -0.0649232 -0.06528044 -0.0646742 -0.06519481 -0.06380872
0.433 -0.0649207 -0.06491719 -0.06491625 -0.06492416 -0.06528151 -0.06467554 -0.0651961 -0.06380962
0.4335 -0.0649217 -0.06491826 -0.06491734 -0.0649251 -0.06528257 -0.06467688 -0.06519737 -0.06381052
0.434 -0.06492269 -0.06491931 -0.06491841 -0.06492604 -0.06528362 -0.06467819 -0.06519863 -0.06381141
0.4345 -0.06492367 -0.06492034 -0.06491946 -0.06492696 -0.065284654 -0.064679496 -0.065199874 -0.063812286
0.435 -0.06492463 -0.06492136 -0.06492051 -0.06492787 -0.065285675 -0.06468078 -0.0652011 -0.06381314
0.4355 -0.06492558 -0.06492237 -0.06492153 -0.06492877 -0.06528668 -0.06468205 -0.06520232 -0.063814
0.436 -0.06492652 -0.06492337 -0.06492255 -0.06492966 -0.06528768 -0.0646833 -0.065203525 -0.06381484
0.4365 -0.06492745 -0.06492435 -0.06492355 -0.06493054 -0.06528866 -0.06468454 -0.06520471 -0.063815676
0.437 -0.06492836 -0.06492532 -0.06492454 -0.0649314 -0.06528964 -0.06468577 -0.06520589 -0.063816495
0.4375 -0.06492927 -0.06492628 -0.06492551 -0.06493226 -0.0652906 -0.06468697 -0.06520706 -0.063817315
0.438 -0.06493016 -0.06492722 -0.06492647 -0.06493311 -0.065291554 -0.064688176 -0.065208204 -0.06381811
0.4385 -0.06493104 -0.06492816 -0.06492742 -0.06493394 -0.065292485 -0.06468936 -0.065209344 -0.06381891
0.439 -0.06493191 -0.06492908 -0.06492836 -0.06493476 -0.06529342 -0.06469053 -0.06521047 -0.06381969
0.4395 -0.06493277 -0.06492999 -0.06492929 -0.06493558 -0.06529433 -0.06469169 -0.06521159 -0.06382047
0.44 -0.06493362 -0.06493088 -0.0649302 -0.06493638 -0.065295234 -0.06469283 -0.06521269 -0.063821234
0.4405 -0.06493446 -0.06493177 -0.0649311 -0.06493717 -0.065296136 -0.06469396 -0.06521378 -0.063821994
0.441 -0.06493528 -0.06493264 -0.06493199 -0.06493796 -0.065297015 -0.06469508 -0.06521486 -0.06382274
0.4415 -0.0649361 -0.0649335 -0.06493286 -0.06493873 -0.065297894 -0.06469619 -0.06521592 -0.06382348
0.442 -0.0649369 -0.06493436 -0.06493373 -0.0649395 -0.06529875 -0.06469728 -0.06521697 -0.06382421
0.4425 -0.0649377 -0.0649352 -0.06493459 -0.06494025 -0.06529961 -0.06469835 -0.06521802 -0.06382493
0.443 -0.06493849 -0.06493603 -0.06493543 -0.064941 -0.06530045 -0.06469943 -0.06521905 -0.063825645
0.4435 -0.06493926 -0.06493684 -0.06493626 -0.06494173 -0.065301284 -0.064700484 -0.06522007 -0.063826345
0.444 -0.06494003 -0.06493765 -0.06493708 -0.06494246 -0.065302104 -0.06470153 -0.06522108 -0.063827045
0.4445 -0.06494078 -0.06493845 -0.06493789 -0.06494318 -0.065302916 -0.064702556 -0.06522208 -0.06382773
0.445 -0.06494153 -0.06493924 -0.06493869 -0.06494388 -0.06530372 -0.064703576 -0.06522306 -0.06382841
0.4455 -0.06494227 -0.06494002 -0.06493948 -0.06494458 -0.06530452 -0.06470458 -0.06522404 -0.06382908
0.446 -0.06494299 -0.06494078 -0.06494026 -0.06494527 -0.0653053 -0.06470558 -0.065225005 -0.06382974
0.4465 -0.06494371 -0.06494154 -0.06494103 -0.06494596 -0.065306075 -0.064706564 -0.06522596 -0.0638304
0.447 -0.06494442 -0.06494229 -0.06494179 -0.06494663 -0.06530684 -0.06470753 -0.0652269 -0.063831046
0.4475 -0.06494512 -0.06494302 -0.06494254 -0.0649473 -0.065307595 -0.0647085 -0.06522784 -0.06383168
0.448 -0.06494581 -0.06494375 -0.06494328 -0.06494795 -0.06530835 -0.064709455 -0.06522876 -0.06383231
0.4485 -0.0649465 -0.06494447 -0.06494401 -0.0649486 -0.065309085 -0.06471039 -0.06522968 -0.06383294
0.449 -0.06494717 -0.06494518 -0.06494473 -0.06494924 -0.065309815 -0.064711325 -0.06523058 -0.06383356
0.4495 -0.06494784 -0.06494588 -0.06494544 -0.06494988 -0.06531053 -0.06471224 -0.06523147 -0.06383417
0.45 -0.06494849 -0.06494657 -0.06494614 -0.0649505 -0.065311246 -0.06471315 -0.06523235 -0.063834764
0.4505 -0.06494914 -0.06494726 -0.06494683 -0.06495112 -0.06531195 -0.064714044 -0.06523323 -0.06383536
0.451 -0.06494978 -0.06494793 -0.06494752 -0.06495173 -0.06531265 -0.06471494 -0.065234095 -0.06383595
0.4515 -0.06495041 -0.06494859 -0.06494819 -0.06495233 -0.06531333 -0.06471582 -0.065234944 -0.06383653
0.452 -0.06495104 -0.06494925 -0.06494886 -0.06495292 -0.06531401 -0.06471668 -0.06523579 -0.0638371
0.4525 -0.06495166 -0.0649499 -0.06494951 -0.06495351 -0.06531468 -0.064717546 -0.06523663 -0.06383767
0.453 -0.06495226 -0.06495054 -0.06495016 -0.06495409 -0.06531535 -0.064718395 -0.06523746 -0.06383823
0.4535 -0.06495287 -0.06495117 -0.0649508 -0.06495466 -0.06531601 -0.06471923 -0.065238275 -0.06383879
0.454 -0.06495346 -0.06495179 -0.06495143 -0.06495523 -0.06531665 -0.064720064 -0.06523909 -0.06383933
0.4545 -0.06495404 -0.06495241 -0.06495206 -0.06495578 -0.06531729 -0.064720884 -0.065239884 -0.063839875
0.455 -0.06495462 -0.06495301 -0.06495267 -0.06495633 -0.06531792 -0.06472169 -0.06524068 -0.063840404
0.4555 -0.06495519 -0.06495361 -0.06495328 -0.06495688 -0.06531855 -0.06472249 -0.065241456 -0.06384093
0.456 -0.06495576 -0.0649542 -0.06495388 -0.06495742 -0.065319166 -0.06472328 -0.06524224 -0.063841455
0.4565 -0.06495632 -0.06495479 -0.06495447 -0.06495795 -0.06531978 -0.06472407 -0.065243006 -0.06384197
0.457 -0.06495687 -0.06495537 -0.06495506 -0.06495847 -0.06532038 -0.06472485 -0.06524376 -0.063842475
0.4575 -0.06495741 -0.06495593 -0.06495563 -0.06495899 -0.065320976 -0.06472561 -0.06524451 -0.06384298
0.458 -0.06495794 -0.0649565 -0.0649562 -0.0649595 -0.065321565 -0.06472637 -0.06524525 -0.06384348
0.4585 -0.06495847 -0.06495705 -0.06495676 -0.06496 -0.065322146 -0.06472711 -0.065245986 -0.06384397
0.459 -0.064959 -0.0649576 -0.06495732 -0.0649605 -0.06532272 -0.06472786 -0.065246716 -0.06384446
0.4595 -0.06495951 -0.06495814 -0.06495786 -0.06496099 -0.06532329 -0.06472859 -0.06524743 -0.063844934
0.46 -0.06496002 -0.06495867 -0.0649584 -0.06496148 -0.06532385 -0.0647293 -0.06524814 -0.06384541
0.4605 -0.06496052 -0.0649592 -0.06495894 -0.06496196 -0.0653244 -0.06473002 -0.06524884 -0.06384588
0.461 -0.06496102 -0.06495972 -0.06495946 -0.06496243 -0.065324955 -0.06473073 -0.06524953 -0.06384634
0.4615 -0.06496151 -0.06496023 -0.06495998 -0.0649629 -0.0653255 -0.064731434 -0.065250225 -0.0638468
0.462 -0.064962 -0.06496074 -0.06496049 -0.06496336 -0.06532603 -0.06473212 -0.0652509 -0.06384725
0.4625 -0.06496247 -0.06496124 -0.064961 -0.06496382 -0.06532656 -0.064732805 -0.065251574 -0.0638477
0.463 -0.06496295 -0.06496173 -0.0649615 -0.06496427 -0.065327086 -0.064733475 -0.06525224 -0.06384814
0.4635 -0.06496341 -0.06496222 -0.06496199 -0.06496472 -0.0653276 -0.064734146 -0.06525289 -0.06384858
0.464 -0.06496387 -0.0649627 -0.06496248 -0.06496516 -0.06532811 -0.06473481 -0.06525354 -0.06384901
0.4645 -0.06496433 -0.06496317 -0.06496296 -0.06496559 -0.06532861 -0.06473546 -0.06525419 -0.063849434
0.465 -0.06496477 -0.06496364 -0.06496343 -0.06496602 -0.06532911 -0.0647361 -0.06525482 -0.06384985
0.4655 -0.06496522 -0.0649641 -0.0649639 -0.06496644 -0.06532961 -0.06473674 -0.065255456 -0.06385027
0.466 -0.06496565 -0.06496456 -0.06496436 -0.06496686 -0.065330096 -0.06473737 -0.065256074 -0.06385068
0.4665 -0.06496609 -0.06496501 -0.06496482 -0.06496727 -0.06533058 -0.064738 -0.06525669 -0.06385109
0.467 -0.06496651 -0.06496546 -0.06496527 -0.06496768 -0.06533106 -0.06473862 -0.0652573 -0.06385149
0.4675 -0.06496693 -0.0649659 -0.06496571 -0.06496808 -0.065331526 -0.06473923 -0.06525791 -0.063851885
0.468 -0.06496735 -0.06496633 -0.06496615 -0.06496848 -0.06533199 -0.06473982 -0.0652585 -0.06385228
0.4685 -0.06496776 -0.06496676 -0.06496658 -0.06496887 -0.06533245 -0.06474042 -0.0652591 -0.06385267
0.469 -0.06496816 -0.06496718 -0.06496701 -0.06496926 -0.0653329 -0.064741015 -0.06525968 -0.06385305
0.4695 -0.06496856 -0.0649676 -0.06496743 -0.06496964 -0.06533335 -0.0647416 -0.065260254 -0.06385343
0.47 -0.06496896 -0.06496801 -0.06496785 -0.06497002 -0.06533379 -0.06474218 -0.06526083 -0.0638538
0.4705 -0.06496935 -0.06496842 -0.06496826 -0.06497039 -0.06533423 -0.064742744 -0.065261394 -0.06385417
0.471 -0.06496974 -0.06496882 -0.06496866 -0.06497076 -0.06533466 -0.06474331 -0.06526195 -0.06385454
0.4715 -0.06497012 -0.06496921 -0.06496906 -0.06497113 -0.065335095 -0.06474386 -0.065262504 -0.063854896
0.472 -0.06497049 -0.0649696 -0.06496946 -0.06497149 -0.06533551 -0.06474441 -0.065263055 -0.06385525
0.4725 -0.06497086 -0.06496999 -0.06496985 -0.06497184 -0.06533593 -0.064744964 -0.06526359 -0.0638556
0.473 -0.06497123 -0.06497037 -0.06497023 -0.06497219 -0.06533635 -0.0647455 -0.06526413 -0.06385595
0.4735 -0.06497159 -0.06497075 -0.06497061 -0.06497254 -0.06533676 -0.06474603 -0.06526465 -0.063856296
0.474 -0.06497195 -0.06497112 -0.06497099 -0.06497288 -0.06533715 -0.06474656 -0.06526518 -0.06385664
0.4745 -0.0649723 -0.06497149 -0.06497136 -0.06497322 -0.06533755 -0.06474708 -0.06526569 -0.063856974
0.475 -0.06497265 -0.06497185 -0.06497172 -0.06497355 -0.06533795 -0.06474759 -0.06526621 -0.0638573
0.4755 -0.06497299 -0.0649722 -0.06497209 -0.06497388 -0.065338336 -0.06474809 -0.06526671 -0.06385763
0.476 -0.06497333 -0.06497256 -0.06497244 -0.06497421 -0.06533872 -0.0647486 -0.06526721 -0.06385796
0.4765 -0.06497366 -0.06497291 -0.06497279 -0.06497453 -0.0653391 -0.06474911 -0.065267704 -0.06385828
0.477 -0.06497399 -0.06497325 -0.06497314 -0.06497484 -0.065339476 -0.06474958 -0.065268196 -0.06385859
0.4775 -0.06497432 -0.06497359 -0.06497348 -0.06497516 -0.06533985 -0.064750075 -0.06526868 -0.063858904
0.478 -0.06497464 -0.06497392 -0.06497382 -0.06497547 -0.06534022 -0.06475056 -0.06526916 -0.06385922
0.4785 -0.06497496 -0.06497425 -0.06497415 -0.06497577 -0.06534058 -0.06475104 -0.065269634 -0.06385952
0.479 -0.06497528 -0.06497458 -0.06497448 -0.06497607 -0.065340936 -0.064751506 -0.0652701 -0.06385983
0.4795 -0.06497559 -0.0649749 -0.06497481 -0.06497637 -0.065341294 -0.06475197 -0.065270565 -0.063860126
0.48 -0.06497589 -0.06497522 -0.06497513 -0.06497667 -0.065341644 -0.06475243 -0.06527103 -0.06386042
0.4805 -0.0649762 -0.06497554 -0.06497545 -0.06497696 -0.065341994 -0.06475288 -0.06527148 -0.063860714
0.481 -0.06497649 -0.06497585 -0.06497576 -0.06497724 -0.06534234 -0.06475334 -0.06527193 -0.063861
0.4815 -0.06497679 -0.06497615 -0.06497607 -0.06497753 -0.06534267 -0.06475378 -0.065272376 -0.06386128
0.482 -0.06497708 -0.06497645 -0.06497637 -0.06497781 -0.06534301 -0.06475422 -0.065272816 -0.063861564
0.4825 -0.06497737 -0.06497675 -0.06497667 -0.06497808 -0.065343335 -0.06475465 -0.06527325 -0.06386185
0.483 -0.06497765 -0.06497705 -0.06497697 -0.06497835 -0.06534366 -0.06475508 -0.06527368 -0.06386212
0.4835 -0.06497793 -0.06497734 -0.06497726 -0.06497862 -0.06534399 -0.06475551 -0.065274104 -0.06386239
0.484 -0.06497821 -0.06497763 -0.06497755 -0.06497889 -0.06534431 -0.064755924 -0.06527452 -0.06386266
0.4845 -0.06497848 -0.06497791 -0.06497784 -0.06497915 -0.065344624 -0.06475634 -0.06527494 -0.06386293
0.485 -0.06497875 -0.06497819 -0.06497812 -0.06497941 -0.06534494 -0.06475675 -0.065275356 -0.06386319
0.4855 -0.06497902 -0.06497847 -0.0649784 -0.06497967 -0.06534524 -0.06475715 -0.06527576 -0.06386345
0.486 -0.06497928 -0.06497874 -0.06497867 -0.06497992 -0.06534555 -0.064757556 -0.06527616 -0.0638637
0.4865 -0.06497954 -0.06497901 -0.06497895 -0.06498017 -0.065345846 -0.06475796 -0.06527656 -0.063863955
0.487 -0.0649798 -0.06497927 -0.06497921 -0.06498042 -0.065346144 -0.06475835 -0.06527696 -0.06386421
0.4875 -0.06498005 -0.06497954 -0.06497948 -0.06498066 -0.065346435 -0.06475873 -0.065277345 -0.063864455
0.488 -0.0649803 -0.06497979 -0.06497974 -0.0649809 -0.06534673 -0.06475912 -0.065277725 -0.0638647
0.4885 -0.06498055 -0.06498005 -0.06498 -0.06498114 -0.065347016 -0.0647595 -0.06527811 -0.06386494
0.489 -0.06498079 -0.0649803 -0.06498025 -0.06498137 -0.0653473 -0.06475988 -0.065278485 -0.063865185
0.4895 -0.06498104 -0.06498055 -0.0649805 -0.06498161 -0.06534758 -0.064760245 -0.06527886 -0.063865416
0.49 -0.06498127 -0.0649808 -0.06498075 -0.06498184 -0.065347865 -0.06476061 -0.06527923 -0.063865654
0.4905 -0.06498151 -0.06498104 -0.06498099 -0.06498206 -0.06534813 -0.064760976 -0.065279596 -0.063865885
0.491 -0.06498174 -0.06498128 -0.06498123 -0.06498228 -0.06534841 -0.06476134 -0.06527995 -0.06386611
0.4915 -0.06498197 -0.06498152 -0.06498147 -0.06498251 -0.06534868 -0.06476169 -0.06528031 -0.06386633
0.492 -0.0649822 -0.06498175 -0.06498171 -0.06498272 -0.06534894 -0.06476204 -0.06528067 -0.063866556
0.4925 -0.06498242 -0.06498198 -0.06498194 -0.06498294 -0.0653492 -0.06476238 -0.06528102 -0.06386678
0.493 -0.06498264 -0.06498221 -0.06498217 -0.06498315 -0.06534946 -0.06476273 -0.06528136 -0.063866995
0.4935 -0.06498286 -0.06498244 -0.0649824 -0.06498336 -0.06534971 -0.06476307 -0.065281704 -0.06386721
0.494 -0.06498307 -0.06498266 -0.06498262 -0.06498357 -0.06534997 -0.0647634 -0.06528204 -0.06386742
0.4945 -0.06498328 -0.06498288 -0.06498284 -0.06498377 -0.06535022 -0.06476374 -0.065282375 -0.06386763
0.495 -0.06498349 -0.06498309 -0.06498306 -0.06498397 -0.065350465 -0.06476406 -0.06528271 -0.06386784
0.4955 -0.0649837 -0.06498331 -0.06498327 -0.06498417 -0.065350704 -0.06476438 -0.06528304 -0.063868046
0.496 -0.0649839 -0.06498352 -0.06498349 -0.06498437 -0.06535095 -0.06476471 -0.06528336 -0.06386825
0.4965 -0.06498411 -0.06498373 -0.0649837 -0.06498456 -0.06535119 -0.06476502 -0.06528368 -0.06386845
0.497 -0.06498431 -0.06498393 -0.0649839 -0.06498476 -0.06535143 -0.064765334 -0.065284 -0.06386865
0.4975 -0.0649845 -0.06498414 -0.06498411 -0.06498495 -0.06535166 -0.06476565 -0.06528431 -0.06386884
0.498 -0.0649847 -0.06498434 -0.06498431 -0.06498513 -0.06535189 -0.06476596 -0.065284625 -0.06386904
0.4985 -0.06498489 -0.06498453 -0.06498451 -0.06498532 -0.06535211 -0.06476626 -0.06528493 -0.06386923
0.499 -0.06498508 -0.06498473 -0.0649847 -0.0649855 -0.06535234 -0.064766556 -0.065285236 -0.06386942
0.4995 -0.06498526 -0.06498492 -0.0649849 -0.06498568 -0.06535256 -0.064766854 -0.06528553 -0.0638696
0.5 -0.06498545 -0.06498511 -0.06498509 -0.06498586 -0.06535278 -0.06476715 -0.06528583 -0.06386979
