1.996966749429702759e-01 1.630969017744064442e-01
1.649154558777809199e-01 1.328573048114776722e-01
1.318404123187065236e-01 1.105828985571861295e-01
1.105603493750095395e-01 9.378228783607482633e-02
9.471097588539123535e-02 8.130335807800292969e-02
8.128884360194206515e-02 7.228327393531799872e-02
7.316133305430412570e-02 6.481076776981353760e-02
6.507516950368881503e-02 5.896629318594932834e-02
5.832331925630569736e-02 5.443867370486259183e-02
5.339226871728897095e-02 5.079960450530052185e-02
4.906499907374382158e-02 4.779750108718872070e-02
4.593027904629707475e-02 4.527600705623626570e-02
4.261955544352531711e-02 4.324999377131462375e-02
4.008591622114181241e-02 4.159749448299408098e-02
3.806264176964759688e-02 4.011075571179389954e-02
3.611812107264995853e-02 3.883093073964118819e-02
3.446577042341232577e-02 3.775190040469169478e-02
3.303540498018264771e-02 3.675526753067970276e-02
3.171779252588748793e-02 3.578341156244278093e-02
3.056546635925769945e-02 3.496535941958427152e-02
2.972157262265682359e-02 3.403837531805038730e-02
2.874538898468017439e-02 3.326839655637740811e-02
2.793610803782940050e-02 3.255309388041496138e-02
2.724124528467655043e-02 3.181441128253936768e-02
2.642644345760345598e-02 3.119102492928504944e-02
2.586216554045677254e-02 3.058363571763038705e-02
2.524117864668369224e-02 3.008221760392188956e-02
2.474415414035320213e-02 2.962760999798774719e-02
2.436567731201648782e-02 2.930650711059570174e-02
2.387974560260772844e-02 2.884644344449043343e-02
2.341904602944850852e-02 2.837446779012680123e-02
2.305506560951471259e-02 2.794017866253852705e-02
2.272587344050407479e-02 2.757219821214675765e-02
2.229984365403652261e-02 2.723178863525390486e-02
2.199924644082784653e-02 2.694496214389801095e-02
2.165585830807685921e-02 2.659769281744956901e-02
2.129616700112819602e-02 2.634555250406265398e-02
2.110354937613010545e-02 2.608700767159461906e-02
2.080873362720012804e-02 2.575565278530120988e-02
2.058457639068365236e-02 2.554272785782813956e-02
2.037392314523458342e-02 2.527842894196510176e-02
2.029549051076173782e-02 2.509834803640842438e-02
1.994947753846645216e-02 2.479260452091693739e-02
1.975097954273223946e-02 2.456820905208587785e-02
1.956332977861165862e-02 2.455267794430255821e-02
1.937117520719766617e-02 2.431061901152133803e-02
1.919231470674276352e-02 2.414452247321605821e-02
1.916918344795703888e-02 2.399492226541042467e-02
1.897715777158737183e-02 2.367608845233917098e-02
1.896629575639963150e-02 2.365255840122699668e-02
1.871718131005763869e-02 2.343309409916400840e-02
1.852769795805215766e-02 2.330423258244991233e-02
1.853230297565460274e-02 2.314412221312522888e-02
1.839756071567535262e-02 2.306066490709781508e-02
1.837698593735694746e-02 2.306213192641735216e-02
1.813156269490718772e-02 2.291830740869045188e-02
1.806735191494226317e-02 2.285974062979221483e-02
1.806066352874040673e-02 2.268733531236648629e-02
1.782231610268354347e-02 2.256849110126495431e-02
1.792039219290018220e-02 2.269644252955913682e-02
1.781116500496864388e-02 2.229118309915065904e-02
1.768460664898157189e-02 2.225620523095130782e-02
1.759915184229612212e-02 2.218676470220088889e-02
1.744065023958683153e-02 2.201729603111744066e-02
1.743829417973756860e-02 2.195368967950344155e-02
1.725045461207628389e-02 2.187142893671989441e-02
1.719752736389636855e-02 2.185765989124775072e-02
1.713732481002807478e-02 2.166817598044872353e-02
1.711238548159599304e-02 2.162531241774558882e-02
1.700493264943361144e-02 2.160627730190754076e-02
1.693809051066636970e-02 2.166076377034187317e-02
1.691838335245847771e-02 2.149349115788936476e-02
1.687416490167379518e-02 2.157298624515533586e-02
1.685082018375396590e-02 2.154002785682678292e-02
1.684617958962917467e-02 2.140075229108333657e-02
1.682466156780719826e-02 2.144244648516178270e-02
1.674005314707755973e-02 2.140761464834213187e-02
1.665198598057031701e-02 2.134684622287750383e-02
1.645657904446124961e-02 2.136339545249938895e-02
1.648872382938861708e-02 2.125425487756728987e-02
1.644177678972482542e-02 2.133439816534519334e-02
1.645741835236549239e-02 2.123547829687595298e-02
1.649234015494584898e-02 2.124618850648403098e-02
1.640695463865995268e-02 2.116854377090931008e-02
1.645321063697337965e-02 2.120168618857860496e-02
1.641981806606054167e-02 2.113199420273303986e-02
1.610447484999895026e-02 2.108708135783672263e-02
1.610313076525926590e-02 2.096663005650043626e-02
1.596545763313770433e-02 2.094890177249908447e-02
1.604849621653556963e-02 2.100001536309719155e-02
1.598799414932727814e-02 2.115668803453445504e-02
1.646652016788720946e-02 2.159254252910614014e-02
1.646194960922002862e-02 2.113191522657871177e-02
1.616734266281127930e-02 2.086094543337822099e-02
1.625957489013672014e-02 2.155612632632255415e-02
1.650667097419500351e-02 2.143390886485576491e-02
1.606564912945031981e-02 2.103684693574905257e-02
1.594546958804130693e-02 2.108494602143764357e-02
1.573112588375806878e-02 2.088955640792846541e-02
1.567957811057567666e-02 2.107182666659355302e-02
1.580630317330360482e-02 2.096261903643608163e-02
1.574157420545816560e-02 2.066062577068805695e-02
1.567578893154859473e-02 2.095453217625618120e-02
1.557607781141996314e-02 2.117304727435111861e-02
1.546827368438243901e-02 2.082874551415443351e-02
1.541695296764373710e-02 2.063161060214042594e-02
1.525765154510736431e-02 2.059109322726726532e-02
1.539824474602937733e-02 2.044856548309326172e-02
1.536960434168577194e-02 2.100412547588348389e-02
1.590758599340915541e-02 2.078937813639640877e-02
1.531328316777944530e-02 2.052991315722465376e-02
1.507432051002979313e-02 2.078903391957282951e-02
1.556922495365142822e-02 2.090504430234432082e-02
1.515893563628196647e-02 2.038047388195991447e-02
1.506999582052230904e-02 2.047949843108654022e-02
1.518726833164691856e-02 2.072404362261295180e-02
1.520784031599759986e-02 2.027670182287693093e-02
1.496825739741325378e-02 2.041865736246108870e-02
1.497694402933120658e-02 2.009409181773662637e-02
1.467714738100767136e-02 2.009084932506084373e-02
1.456878781318664620e-02 2.029740437865257263e-02
1.469562333077192341e-02 2.000125236809253623e-02
1.447664387524127960e-02 1.991382278501987318e-02
1.447739917784929276e-02 1.996208317577839036e-02
1.440243422985076904e-02 1.990472413599491189e-02
1.446722149848938058e-02 1.991829350590705941e-02
1.436512190848588874e-02 2.003791853785514762e-02
1.469119377434253623e-02 1.997155435383319785e-02
1.412558630108833382e-02 2.003261819481849670e-02
1.430323999375104904e-02 1.981285288929939339e-02
1.411693431437015603e-02 2.017695903778076241e-02
1.430663857609033515e-02 2.021947577595710824e-02
1.452615186572074960e-02 1.984021142125129769e-02
1.400117166340351070e-02 1.982546709477901389e-02
1.404104754328727722e-02 1.985201425850391388e-02
1.413231696933507989e-02 1.979486308991908888e-02
1.387942470610141824e-02 1.963022984564304421e-02
1.376586053520440986e-02 1.961957812309265275e-02
1.371418647468090023e-02 1.965254768729209761e-02
1.371959764510393212e-02 1.947969719767570634e-02
1.369972508400678704e-02 1.942852810025215080e-02
1.364186294376850198e-02 1.952267698943615029e-02
1.372624132782220875e-02 2.235210984945297172e-02
1.489890646189451218e-02 2.196873202919959883e-02
1.647045016288757255e-02 2.187390215694904466e-02
1.673818286508321762e-02 2.137430720031261583e-02
1.668037101626396179e-02 2.136169187724590302e-02
1.655752211809158325e-02 2.149043865501880715e-02
1.641497071832418581e-02 2.193422131240367959e-02
1.626469027251005103e-02 2.204633429646491935e-02
1.621868591755628447e-02 2.195425517857074738e-02
1.616493314504623482e-02 2.179287075996398995e-02
1.582150198519229750e-02 2.174848988652229240e-02
1.565773114562034676e-02 2.160699032247066428e-02
1.550052184611558879e-02 2.147041670978069167e-02
1.524187959730625118e-02 2.134912088513374329e-02
1.515228543430566753e-02 2.108188308775425096e-02
1.513368282467126777e-02 2.145584709942340712e-02
1.480610240250825917e-02 2.067100666463374953e-02
1.504888329654932057e-02 2.133358307182788710e-02
1.479439195245504414e-02 2.057741433382034163e-02
1.431113947182893753e-02 2.001899816095829149e-02
1.393930707126855850e-02 1.976771578192710807e-02
1.358687002211809124e-02 1.964115500450134416e-02
1.338832266628742218e-02 1.970308385789394309e-02
1.303904335945844581e-02 1.907751634716987540e-02
1.276946775615215267e-02 1.854348257184028695e-02
1.288741882890462841e-02 1.851709671318530967e-02
1.287393365055322647e-02 1.841360889375209808e-02
1.267883591353893315e-02 1.858232505619526048e-02
1.270227767527103493e-02 1.880936846137046953e-02
1.254254281520843575e-02 1.846407018601894240e-02
1.239036899060010945e-02 1.819099038839340141e-02
1.235046163201332023e-02 1.854494847357273171e-02
1.227306909859180416e-02 1.849847137928008894e-02
1.218855958431959083e-02 1.832553260028362344e-02
1.220021676272153854e-02 1.847203187644481590e-02
1.228457484394311974e-02 1.817349456250667503e-02
1.191016044467687642e-02 1.839675791561603407e-02
1.207512952387332882e-02 1.865868382155895164e-02
1.195807997137308086e-02 1.806395277380943437e-02
1.217893641442060505e-02 1.869778782129287789e-02
1.202291566878557240e-02 1.878008320927620003e-02
1.200651824474334786e-02 1.842484213411808153e-02
1.179431267082691262e-02 1.796483099460601668e-02
1.166105959564447438e-02 1.789613664150237898e-02
1.160552296787500416e-02 1.794265136122703483e-02
1.159963961690664222e-02 1.808644570410251548e-02
1.155882412567734753e-02 1.824488416314124992e-02
1.151934340596199105e-02 1.795575506985187461e-02
1.154945604503154755e-02 1.817939542233943870e-02
1.167477276176214288e-02 1.818087473511696001e-02
1.167090702801942825e-02 1.826840192079543998e-02
1.184380305930972030e-02 1.805915646255016466e-02
1.159791965037584340e-02 1.859192848205566337e-02
1.153079923242330586e-02 1.790640987455844810e-02
1.144032608717679943e-02 1.763294935226440360e-02
1.139205321669578552e-02 1.796186864376068254e-02
1.131105944514274562e-02 1.763022802770137717e-02
1.122502833604812657e-02 1.765811890363693307e-02
1.124830394983291661e-02 1.802162528038024972e-02
1.119282282888889313e-02 1.789001673460006644e-02
1.132633592933416332e-02 1.766425855457782676e-02
1.107313316315412452e-02 1.786786280572414537e-02
1.124767772853374481e-02 1.742338165640831132e-02
1.130051929503679206e-02 1.827371306717395782e-02
1.123666279017925332e-02 1.743923872709274292e-02
1.114182118326425587e-02 1.738726869225502153e-02
1.111441235989332234e-02 1.801034882664680550e-02
1.110654324293136597e-02 1.796717345714569231e-02
1.081709638237953255e-02 1.728503070771694045e-02
1.070673121139407123e-02 1.731571927666664124e-02
1.089168135076761315e-02 1.761446818709373405e-02
1.104589924216270447e-02 1.808751784265041213e-02
1.099670864641666412e-02 1.887037493288517068e-02
1.107722837477922474e-02 1.880603767931461265e-02
1.100414525717496872e-02 1.856302879750728468e-02
1.102866344153881004e-02 1.928738914430141310e-02
1.123543772846460377e-02 1.825491003692149977e-02
1.166216116398572852e-02 1.834878101944923540e-02
1.093726754188537563e-02 1.951087154448032449e-02
1.109294407069683075e-02 1.860155016183853011e-02
1.092279087752103840e-02 1.839277185499667983e-02
1.085849516093730961e-02 1.857302673161029954e-02
1.060004364699125221e-02 1.870472356677055359e-02
1.044157221913337777e-02 1.825481578707694938e-02
1.038105078041553532e-02 1.820506788790226052e-02
1.063414802774786949e-02 1.900228746235370705e-02
1.046516252681612899e-02 1.866215877234935622e-02
1.027915328741073678e-02 1.848739907145500322e-02
1.047787033021450008e-02 1.876106373965740273e-02
1.035413891077041626e-02 1.919991821050643852e-02
1.038605514913797448e-02 1.934904642403125624e-02
1.037966683506965672e-02 2.020608298480510573e-02
1.112613491714000737e-02 1.937196180224418779e-02
1.049776282161474228e-02 1.936765462160110543e-02
1.045226566493511269e-02 1.946778334677219321e-02
1.041116993874311412e-02 1.919545531272888114e-02
1.045898292213678395e-02 1.911003850400447984e-02
1.082500349730253220e-02 1.934530511498451164e-02
1.088459054008126224e-02 1.876274310052394867e-02
1.079269200563430856e-02 1.997561044991016249e-02
1.079104710370302166e-02 1.974875852465629578e-02
1.038852948695421184e-02 1.913894005119800429e-02
1.038790922611951793e-02 1.956820003688335488e-02
1.053512301295995643e-02 1.953962333500385354e-02
1.030685119330882957e-02 1.916307359933853288e-02
1.026653498411178589e-02 1.867322660982608656e-02
1.022810991853475605e-02 1.940657012164592743e-02
1.039792131632566452e-02 1.985856257379054954e-02
1.011126954108476639e-02 1.891228407621383528e-02
9.935541264712809822e-03 1.972213983535766463e-02
9.978803806006908417e-03 2.005562931299209595e-02
9.877507202327251087e-03 2.002784349024295737e-02
9.901820402592419884e-03 2.064279690384864668e-02
1.022715531289577519e-02 1.934280321002006600e-02
9.818552620708942066e-03 1.998338289558887482e-02
9.860224556177854538e-03 2.035324946045875480e-02
1.001316662877798150e-02 1.919569075107574463e-02
9.902993496507406929e-03 1.970189437270164490e-02
9.799024090170860291e-03 2.036509551107883523e-02
9.982209280133247029e-03 2.033232934772968153e-02
1.024605631828308036e-02 1.983607746660709381e-02
1.031186571344733238e-02 2.031531669199466636e-02
9.773806482553482750e-03 2.053718157112598489e-02
9.822576493024825356e-03 2.043992169201374123e-02
1.000854987651109661e-02 2.011032663285732339e-02
9.893369302153587688e-03 1.974821984767913957e-02
9.751961193978786122e-03 2.003745324909687181e-02
9.591774921864271511e-03 2.062979005277156691e-02
9.755586460232733986e-03 1.952745988965034346e-02
9.950877167284488678e-03 1.996713168919086318e-02
9.719651658087968826e-03 2.012463994324207445e-02
9.836272429674863468e-03 1.971369497478008340e-02
9.571813605725764881e-03 1.971145458519458701e-02
1.004947144538164208e-02 1.872717365622520586e-02
9.950822032988072136e-03 1.992145851254463126e-02
9.762357920408248901e-03 2.029867842793464661e-02
9.971655625849961541e-03 1.977019757032394409e-02
1.046858802437782357e-02 1.942655555903911521e-02
9.900628589093685150e-03 2.012268342077732156e-02
9.633227996528149345e-03 1.976628042757511139e-02
9.497149847447872162e-03 2.036405950784683089e-02
9.652062039822339318e-03 1.937448233366012573e-02
1.010965071618557046e-02 1.950964741408824782e-02
9.447089396417140961e-03 2.077537253499030928e-02
9.481940604746341011e-03 1.982620209455489974e-02
9.652129281312227596e-03 1.990668922662735055e-02
9.495216980576514851e-03 1.916807666420936723e-02
9.287196584045887340e-03 2.014393843710422446e-02
9.626537375152111747e-03 1.942903138697147508e-02
1.009867079555988242e-02 1.960399933159351349e-02
9.936217870563267968e-03 2.126935683190822601e-02
9.926779381930827401e-03 1.960890330374241014e-02
9.760499093681573521e-03 1.968380808830261230e-02
9.372971346601843487e-03 1.949506625533103943e-02
9.602667950093745491e-03 1.920211687684059143e-02
9.582692198455334057e-03 2.041486240923404832e-02
9.434630256146192204e-03 1.911778599023818831e-02
9.618633426725864410e-03 1.929850764572620461e-02
9.416250418871641506e-03 1.901692301034927507e-02
9.632736817002296795e-03 1.902090646326541970e-02
9.345193766057491649e-03 1.974425315856933455e-02
9.111057780683041313e-03 1.997066065669059892e-02
1.069671139121055638e-02 1.873316504061222146e-02
1.082616858184337616e-02 1.857294850051403184e-02
1.108938502147793770e-02 1.778360418975353380e-02
1.005912534892559017e-02 1.657180190086364815e-02
9.814634639769791863e-03 1.657647006213664939e-02
9.663041587918997158e-03 1.657960526645183702e-02
9.487859718501568534e-03 1.712464988231659005e-02
9.414380881935358047e-03 1.688879095017909934e-02
9.754478931427001953e-03 1.706441305577754974e-02
9.397939406335353504e-03 1.759904548525810172e-02
9.262210968881846168e-03 1.871857829391956191e-02
9.086290001869201313e-03 1.803702898323535780e-02
9.174656867980957725e-03 1.838278844952583382e-02
8.877330087125301014e-03 1.850389800965785911e-02
8.812408521771430622e-03 1.883268579840659956e-02
9.082733653485774994e-03 1.798806041479110787e-02
9.512872807681560863e-03 1.850486956536769728e-02
9.455111529678105614e-03 1.871067620813846727e-02
8.794440887868404388e-03 1.849370934069156577e-02
8.713313378393650055e-03 1.904989853501319955e-02
8.962277881801128041e-03 1.737856194376945565e-02
9.011490456759928963e-03 1.885775364935398171e-02
9.018349647521971962e-03 1.853322349488735130e-02
9.167127497494220040e-03 1.896201558411121299e-02
9.369496069848538139e-03 1.848782226443290710e-02
9.383610915392637253e-03 1.884699091315269331e-02
8.810800965875387192e-03 1.958718784153461526e-02
9.096034429967403065e-03 1.808162517845630576e-02
8.752855192869900963e-03 1.880234889686107497e-02
8.853605203330516121e-03 1.771784797310829024e-02
8.542487490922212254e-03 1.792385522276163101e-02
9.487079922109842300e-03 1.721801199018955369e-02
9.173775929957628597e-03 1.722987145185470720e-02
8.307744376361369740e-03 1.871270127594470978e-02
8.533123228698969581e-03 1.878426596522331238e-02
9.071616083383559834e-03 1.805524155497550964e-02
8.369294367730617870e-03 1.886657960712909837e-02
8.770201820880174637e-03 1.798137910664081643e-02
8.807123638689517975e-03 1.789330765604972909e-02
9.287533629685641029e-03 1.717935986816883018e-02
8.665938302874565471e-03 1.726482100784778456e-02
9.184487722814082752e-03 1.795304901897907396e-02
8.931086119264363549e-03 2.111340966075658798e-02
9.874698892235755227e-03 1.746839024126529624e-02
9.244467318058013222e-03 1.819956451654434343e-02
8.757083117961883892e-03 1.809178870171308448e-02
8.492763340473174355e-03 1.685158424079418252e-02
8.611868880689144828e-03 1.739329863339662482e-02
8.459969516843557011e-03 1.694379504770040373e-02
8.564617857336998333e-03 1.744911298155784468e-02
8.460769709199667671e-03 1.778379045426845689e-02
8.529969118535518299e-03 1.669146977365016868e-02
8.921932242810726860e-03 1.735143009573221137e-02
8.632049709558487632e-03 1.604271456599235673e-02
8.351862151175736687e-03 1.680262647569179604e-02
9.056330379098653099e-03 1.702858731150626997e-02
8.933021873235701821e-03 1.747801639139652183e-02
8.443695399910211910e-03 1.746170055121183326e-02
8.325719553977251747e-03 1.749573945999145438e-02
8.591827843338251461e-03 1.799855343997478624e-02
8.629138953983784069e-03 1.680598556995391984e-02
8.747291285544633865e-03 1.655742935836315016e-02
8.988451771438121449e-03 1.631490942090749879e-02
8.377845492213964115e-03 1.682371068745851586e-02
8.179217018187046398e-03 1.711357459425926278e-02
8.196260500699280999e-03 1.633018292486667494e-02
8.213281445205212333e-03 1.693429127335548470e-02
7.986411824822426189e-03 1.686684675514698098e-02
8.044887054711579583e-03 1.796165313571691444e-02
9.898161981254816055e-03 1.568398959934711595e-02
9.382372908294200203e-03 1.576724909245967934e-02
8.694460056722164501e-03 1.608451269567012787e-02
8.122762851417063973e-03 1.660289447754621436e-02
8.398955035954714515e-03 1.689442247152328491e-02
8.594798389822244644e-03 1.734037995338439872e-02
8.311399631202221264e-03 1.670762076973915031e-02
8.327940013259649277e-03 1.682565864175557951e-02
8.103807084262370716e-03 1.612943448126315932e-02
7.983010634779930462e-03 1.652204878628254006e-02
8.001695852726697922e-03 1.630256064236164024e-02
7.692961208522319967e-03 1.652283892035484245e-02
7.666703686118126262e-03 1.596706900745630334e-02
7.708439324051141912e-03 1.656850129365921090e-02
8.488768525421620109e-03 1.565152797847986152e-02
9.641979448497295033e-03 1.869331784546375205e-02
1.532455123960971798e-02 1.736938916146755357e-02
1.311280503869056632e-02 1.692310273647308280e-02
1.186141967773437535e-02 1.637140735983848641e-02
1.004649251699447562e-02 1.663330160081386705e-02
9.258104395121336330e-03 1.516220457851886680e-02
9.139273408800363194e-03 1.650290079414844582e-02
9.262406080961228111e-03 1.672875843942165514e-02
9.736617654561996113e-03 1.562502384185791154e-02
8.851078432053327213e-03 1.611822694540023665e-02
9.199378453195095409e-03 1.597268618643283775e-02
8.366330806165934303e-03 1.585267968475818565e-02
7.967977505177258751e-03 1.576087996363639832e-02
8.068757969886064876e-03 1.618725322186946938e-02
7.843005284667015770e-03 1.606184840202331404e-02
7.650148496031761516e-03 1.577936206012964249e-02
7.690188847482204784e-03 1.574777718633413315e-02
7.378385402262210846e-03 1.547143310308456490e-02
7.337677106261253183e-03 1.567939054220914702e-02
7.510398328304290598e-03 1.548305191099643742e-02
7.681538164615630930e-03 1.548436675220727851e-02
7.472330052405595606e-03 1.588616278022527556e-02
7.554630097001790827e-03 1.595418639481067588e-02
7.775738462805747639e-03 1.633696723729372025e-02
8.449230343103408813e-03 1.583611667156219552e-02
8.402523584663867950e-03 1.571910977363586565e-02
7.898536883294582714e-03 1.606569923460483482e-02
7.869701460003852497e-03 1.609000600874423842e-02
7.692094333469868053e-03 1.639313995838165283e-02
7.885049097239971161e-03 1.565307117998599937e-02
7.808275800198316401e-03 1.581418327987194061e-02
7.529009226709603916e-03 1.661148890852928023e-02
7.940636854618788112e-03 1.536952760070562328e-02
7.703462708741426121e-03 1.585258319973945756e-02
7.847581245005130074e-03 1.847409252077341149e-02
8.728945348411797783e-03 1.581205762922763963e-02
8.554434590041636727e-03 1.575319133698940138e-02
7.665137667208910335e-03 1.591051109135150840e-02
7.559502683579921896e-03 1.630419865250587463e-02
7.722681853920221329e-03 1.553163006901741097e-02
7.859419286251067421e-03 1.532833762466907432e-02
8.167483657598496177e-03 1.716077961027622292e-02
9.359562490135430596e-03 1.634171642363071303e-02
1.001016385853290523e-02 1.585188433527946403e-02
8.642106503248214028e-03 1.648147739470005174e-02
8.093990944325923573e-03 1.540464200079441105e-02
8.033413533121347080e-03 1.592563800513744493e-02
7.705472270026802670e-03 1.639625765383243700e-02
7.492254581302404057e-03 1.509893294423818658e-02
7.385568320751189839e-03 1.527641694992780755e-02
7.130828779190778385e-03 1.551145277917385067e-02
7.180303987115621740e-03 1.561775840818882023e-02
7.135679572820663105e-03 1.494162939488887822e-02
7.062281575053929936e-03 1.463514436036348308e-02
6.869063992053270166e-03 1.498746424913406303e-02
6.960789440199732780e-03 1.530672311782836983e-02
6.852829502895474781e-03 1.604929193854331970e-02
7.848676666617393841e-03 1.482250168919563293e-02
7.714576832950115030e-03 1.452843695878982579e-02
7.976756338030100216e-03 1.462785229086875985e-02
7.470717653632164001e-03 1.496336068958043983e-02
7.522563450038433075e-03 1.501583196222782204e-02
8.256059233099221836e-03 1.484294086694717442e-02
7.395298872143030340e-03 1.501119583845138619e-02
7.308780401945114309e-03 1.510840542614460061e-02
6.881672516465186726e-03 1.522912662476301124e-02
6.828759703785181392e-03 1.481044460088014672e-02
6.896101497113704334e-03 1.483553983271121944e-02
6.861045910045504743e-03 1.475751828402280773e-02
7.023066561669111078e-03 1.425728593021631171e-02
7.202719245105982174e-03 1.429089494049549068e-02
7.104443479329347264e-03 1.458806265145540237e-02
7.074666209518909454e-03 1.465607583522796596e-02
7.165548857301473618e-03 1.477589495480060612e-02
7.509482465684414257e-03 1.459748614579439198e-02
6.969897495582699949e-03 1.485637910664081539e-02
6.803291477262973438e-03 1.482793223112821579e-02
7.020875904709100376e-03 1.479359529912471771e-02
7.093882886692881584e-03 1.430454291403293610e-02
7.593591231852769852e-03 1.396174915134906769e-02
7.603807700797915112e-03 1.496490687131881749e-02
7.838075887411833156e-03 1.414625123143196071e-02
7.656230032444000591e-03 1.462922058999538422e-02
7.437437213957310070e-03 1.504880934953689575e-02
8.592819701880216945e-03 1.489335950464010239e-02
7.354681938886642109e-03 1.447938587516546180e-02
7.517180126160383398e-03 1.423667408525943791e-02
7.146252086386084557e-03 1.445521879941225052e-02
7.370325084775686091e-03 1.449597217142581905e-02
7.507515233010053288e-03 1.476195212453603779e-02
8.783811237663030624e-03 1.525065451860427822e-02
8.928502071648835789e-03 1.511160079389810632e-02
1.159305581822991406e-02 1.734973601996898582e-02
1.165799126029014657e-02 1.531618386507034232e-02
1.193834431469440426e-02 1.744144298136234353e-02
1.003819806501269306e-02 1.395618766546249424e-02
9.314462915062904705e-03 1.582382619380950928e-02
9.956009127199650158e-03 1.537329629063606193e-02
9.045519586652516625e-03 1.680200006812810828e-02
8.447499666363000176e-03 1.428092364221811295e-02
8.317652530968189586e-03 1.387314144521951606e-02
7.917410880327224038e-03 1.494604330509901116e-02
7.570092286914587194e-03 1.560335755348205532e-02
7.567313965409994125e-03 1.523069199174642563e-02
7.070532441139221538e-03 1.485223192721605266e-02
6.919957417994737799e-03 1.515494734048843453e-02
6.763772852718829935e-03 1.514569800347089802e-02
6.884885206818580801e-03 1.585201472043991019e-02
7.124046795070171356e-03 1.505859289318323135e-02
6.915802694857120167e-03 1.764956135302781989e-02
7.170701399445533752e-03 1.458585504442453350e-02
6.957421731203794653e-03 1.594846230000257492e-02
7.959134038537740360e-03 1.650297101587057044e-02
9.956100303679705360e-03 1.576408725231885979e-02
8.162427693605422974e-03 1.620820946991443495e-02
8.202868700027465126e-03 1.482996717095375061e-02
8.258230052888393402e-03 1.572658140212297370e-02
8.770614117383956215e-03 1.549019888043403660e-02
8.482021186500788082e-03 1.572499517351388931e-02
8.071789797395468452e-03 1.538757383823394741e-02
7.959571108222008098e-03 1.495172474533319404e-02
7.848962210118770599e-03 1.522621996700763633e-02
7.524643931537866939e-03 1.460277214646339347e-02
1.330826580524444545e-02 2.018023058772087236e-02
2.262569442391395430e-02 2.088567540049552848e-02
2.120053302496671677e-02 1.933925822377204756e-02
1.925992537289857726e-02 1.856721676886081626e-02
1.739620938897133012e-02 1.882637701928615431e-02
1.599241942167282243e-02 1.844271682202815871e-02
1.491993498057126930e-02 1.779689639806747437e-02
1.433544680476188729e-02 1.755323931574821403e-02
1.399312168359756470e-02 1.743958704173564911e-02
1.353102382272481849e-02 1.743807680904865126e-02
1.305533368140459130e-02 1.736076027154922347e-02
1.291824635118246113e-02 1.752316802740096907e-02
1.257851812988519669e-02 1.705894581973552843e-02
1.225824877619743382e-02 1.685741543769836426e-02
1.199636943638324703e-02 1.681557819247245927e-02
1.141839567571878433e-02 1.643388830125331809e-02
1.080435588955879281e-02 1.591303348541259904e-02
1.007268270477652480e-02 1.533632762730121647e-02
9.186825435608624718e-03 1.499965004622936214e-02
8.895086124539375305e-03 1.463730558753013541e-02
8.629450760781764290e-03 1.442541554570198059e-02
8.345241565257311214e-03 1.400977112352847984e-02
8.056900557130574833e-03 1.445591431111097405e-02
7.879958674311637185e-03 1.428435929119586945e-02
7.571635674685240139e-03 1.418051049113273551e-02
7.383006159216165543e-03 1.398725602775812218e-02
7.191992551088333303e-03 1.398257371038198402e-02
7.129679713398217981e-03 1.394419800490140880e-02
7.074670866131782532e-03 1.386781390756368706e-02
6.944397743791341608e-03 1.381466239690780709e-02
6.802865583449601954e-03 1.359723247587680747e-02
6.699581630527973175e-03 1.362966354936361382e-02
6.906132027506828135e-03 1.421751845628023078e-02
6.669859122484922583e-03 1.380243580788373912e-02
7.125400565564632069e-03 1.396153755486011575e-02
7.871168479323387840e-03 1.434001252055168082e-02
8.304906543344259262e-03 1.382450386881828308e-02
8.246421068906783364e-03 1.359186097979545559e-02
7.792566809803247799e-03 1.406777463853359222e-02
7.710926234722137451e-03 1.443413645029067993e-02
7.734348811209201639e-03 1.617157589644193511e-02
7.536412775516509663e-03 1.403542309999466012e-02
7.906219176948069832e-03 1.388352569192647865e-02
7.131201401352882559e-03 1.668075527995824953e-02
7.737025246024131428e-03 1.453017666935920750e-02
8.319960441440343857e-03 1.480388380587100913e-02
7.249392196536063801e-03 1.461780723184347153e-02
7.434031087905168186e-03 1.424287538975477219e-02
7.264072354882955378e-03 1.545215062797069584e-02
7.196878921240568508e-03 1.413199957460165024e-02
6.973991356790065939e-03 1.437091957777738606e-02
7.201393228024243962e-03 1.513943038880825008e-02
7.369468919932842255e-03 1.435954645276069606e-02
7.021253835409880031e-03 1.431925036013126373e-02
6.971778627485036677e-03 1.444859448820352485e-02
6.701064482331276113e-03 1.490113697946071625e-02
6.607111170887946736e-03 1.466837357729673316e-02
6.480350857600569725e-03 1.536107752472162281e-02
7.095687836408614939e-03 1.432589925825595786e-02
7.610052917152642857e-03 1.522907260805368354e-02
7.112277299165725361e-03 1.412635128945112159e-02
7.164931856095790863e-03 1.681520901620387962e-02
7.921160012483597496e-03 1.422694139182567596e-02
7.795241288840770374e-03 1.432042494416236808e-02
7.189621683210134506e-03 1.483081672340631416e-02
7.222902681678533728e-03 1.431816183030605247e-02
7.134096790105104099e-03 1.530800200998783112e-02
7.138877827674150640e-03 1.430154964327812195e-02
7.212633313611149614e-03 1.453213039785623481e-02
6.981306755915283983e-03 1.435357946902513469e-02
6.730797514319419687e-03 1.447678115218877827e-02
6.601073499768972570e-03 1.632965765893459181e-02
6.511940434575080698e-03 1.423583980649709667e-02
6.711958814412355770e-03 1.438022255897522007e-02
6.420524697750807155e-03 1.557133309543132747e-02
6.314207147806882685e-03 1.481884047389030526e-02
6.315387692302465786e-03 1.570067312568425993e-02
6.614406034350395550e-03 1.433466877788305317e-02
7.080575637519359762e-03 1.637194696813821723e-02
6.526344269514083689e-03 1.383285578340292046e-02
6.807792559266090046e-03 1.488178055733442237e-02
7.150000939145684069e-03 1.410927753895521199e-02
8.210080862045287392e-03 1.474874205887317588e-02
7.608839776366949081e-03 1.570692956447601249e-02
6.913407240062952042e-03 1.390043254941701958e-02
6.936223804950713764e-03 1.450595948845148121e-02
6.874324660748243679e-03 1.463147345930337906e-02
6.525319628417491566e-03 1.563228834420442651e-02
6.688596494495868509e-03 1.572444066405296464e-02
6.697078887373209173e-03 1.461982876062393154e-02
7.087430171668529684e-03 1.485218573361635208e-02
6.764943804591893803e-03 1.389367375522851909e-02
6.493384670466184790e-03 1.785270813852548460e-02
7.092462107539177114e-03 1.424439866095781292e-02
6.974915647879243244e-03 1.405361164361238445e-02
7.164084259420633663e-03 1.347355153411626885e-02
6.987548526376485478e-03 1.333487145602703025e-02
6.931539066135883678e-03 1.259252578020095791e-02
6.713319756090641195e-03 1.442262381315231358e-02
7.209946028888225208e-03 1.360455881804227898e-02
7.331352494657039469e-03 1.477765347808599437e-02
7.076680380851030523e-03 1.387585699558258057e-02
6.804306618869304310e-03 1.421195119619369542e-02
6.766308005899191250e-03 1.384880933910608361e-02
6.516922404989600529e-03 1.689283587038516860e-02
6.588758621364832098e-03 1.375105716288089683e-02
6.693584471940993916e-03 1.497661508619785309e-02
6.410927604883908879e-03 1.447472553700208595e-02
6.389692588709294623e-03 1.599488779902458191e-02
6.896890141069889416e-03 1.355318464338779380e-02
6.802039593458176006e-03 1.413967274129390717e-02
6.273531075567007238e-03 1.508454047143459320e-02
6.240231078118085514e-03 1.442869491875171592e-02
6.186757190153002912e-03 1.518387403339147533e-02
6.224096100777387446e-03 1.428873445838689873e-02
6.301352335140108889e-03 1.461192052811384132e-02
6.875036843121051441e-03 1.452674958854913677e-02
7.178774941712618221e-03 1.386542785912752221e-02
7.122740894556045359e-03 1.738694291561842034e-02
8.875330816954374660e-03 1.537902597337961232e-02
1.048434581607580150e-02 1.454480625689029763e-02
8.873239997774362911e-03 1.486405562609434058e-02
8.065145090222358357e-03 1.470083817839622567e-02
9.603436663746833454e-03 1.371401865035295521e-02
8.013724815100431442e-03 1.436849981546401908e-02
7.765649352222681046e-03 1.515698339790105820e-02
7.738113496452569615e-03 1.426467765122652054e-02
7.349796127527952194e-03 1.380131691694259574e-02
6.987663079053163181e-03 1.396906897425651516e-02
6.673071254044771368e-03 1.456964332610368763e-02
6.507891789078712116e-03 1.541019678115844796e-02
6.884664762765169144e-03 1.664149556308984826e-02
7.695300783962011164e-03 1.481985431164503132e-02
8.154112659394741752e-03 1.407390292733907630e-02
6.834696140140294682e-03 1.666936371475458145e-02
7.470388151705265219e-03 1.403891239315271412e-02
7.316217012703418905e-03 1.457412987947464059e-02
7.729808613657951182e-03 1.368373297154903447e-02
6.919942796230316162e-03 1.389338001608848502e-02
6.732594920322299004e-03 1.463459059596061707e-02
6.517799478024244655e-03 1.453308574855327606e-02
6.332884496077895338e-03 1.535656377673149178e-02
6.253329850733280008e-03 1.636569295078516006e-02
6.299517210572957646e-03 1.497208327054977417e-02
6.409942172467708588e-03 1.803803611546754906e-02
7.406240794807672501e-03 1.401544772088527714e-02
7.284349296241998672e-03 1.496637128293514321e-02
7.238450087606906544e-03 1.392818000167608296e-02
7.069281302392482758e-03 1.387993004173040425e-02
6.877577397972345352e-03 1.385741177946329082e-02
6.493318174034356897e-03 1.364405695348978008e-02
6.690592737868428230e-03 1.382412500679492881e-02
6.946279574185610164e-03 1.400954071432352135e-02
6.437136791646480560e-03 1.476564519107341836e-02
6.326427031308412378e-03 1.492801662534475396e-02
6.274129170924425472e-03 1.408523861318826745e-02
6.383449677377939571e-03 1.483374610543251003e-02
6.326915230602025986e-03 1.429552920162677730e-02
6.723685096949339260e-03 1.649574581533670356e-02
6.679006665945052927e-03 1.339521687477827037e-02
6.399547867476940329e-03 1.399061568081378867e-02
6.366532202810049404e-03 1.349367592483758857e-02
6.366617139428853642e-03 1.582353506237268309e-02
6.597759854048490698e-03 1.365705821663141216e-02
8.678279258310795177e-03 1.421715188771486248e-02
8.446784177795051834e-03 1.446057390421628952e-02
8.245749305933714260e-03 1.365525163710117409e-02
8.068011049181223263e-03 1.299745757132768700e-02
7.297435216605663647e-03 1.416479907929897239e-02
7.536412402987480337e-03 1.447031367570161819e-02
7.319580204784870495e-03 1.480679381638765404e-02
6.870430568233132709e-03 1.260782331228256156e-02
7.185233663767576565e-03 1.303050182759761880e-02
6.835508532822132458e-03 1.589392516762018134e-02
6.876675691455602472e-03 1.396972518414258888e-02
7.688916474580764944e-03 1.376021225005388295e-02
6.596224196255206888e-03 1.539448611438274349e-02
6.400664709508419384e-03 1.410974692553281819e-02
6.261424813419580633e-03 1.506484337151050602e-02
6.246903585270047535e-03 1.539814118295907905e-02
6.065989052876830448e-03 1.646578498184680939e-02
6.198265030980110515e-03 1.406744327396154334e-02
7.068304158747196024e-03 1.500819027423858608e-02
6.704010581597685640e-03 1.325897313654422760e-02
6.729108653962612499e-03 1.359493266791105340e-02
6.916112825274467121e-03 1.335497014224529266e-02
7.819424569606780312e-03 1.406827289611101151e-02
7.435150537639855992e-03 1.401826366782188416e-02
8.135185204446315418e-03 1.367362514138221671e-02
7.894625887274742126e-03 1.399874817579984700e-02
7.281248830258846630e-03 1.531990841031074559e-02
1.290427781641483376e-02 1.963802650570869307e-02
1.926010828465223382e-02 1.998280249536037514e-02
1.972669884562492509e-02 1.918487325310707162e-02
1.655005421489477019e-02 1.699334792792796950e-02
1.334971860051155021e-02 1.698595285415649414e-02
1.221279911696910789e-02 1.733852922916412354e-02
1.107043679803609848e-02 1.489514485001564026e-02
1.030143797397613595e-02 1.452051475644111633e-02
9.888730198144912026e-03 1.443674266338348423e-02
9.490632824599743236e-03 1.483685784041881631e-02
9.216328151524066925e-03 1.480506621301174233e-02
8.845936320722103813e-03 1.430191081017255852e-02
8.574870973825454365e-03 1.408071685582399334e-02
8.344040624797344555e-03 1.395939048379659687e-02
8.110868744552135468e-03 1.323952917009591987e-02
7.907359767705202450e-03 1.312695890665054391e-02
7.634201832115650004e-03 1.294811647385358741e-02
7.353509869426488529e-03 1.388685703277587821e-02
7.122533209621906107e-03 1.285034138709306717e-02
7.101907301694155086e-03 1.370159797370433877e-02
6.739940028637647629e-03 1.390458643436431885e-02
6.712686084210872477e-03 1.328662857413292001e-02
6.618118053302169193e-03 1.450399793684482505e-02
6.525090895593166351e-03 1.329700537025928567e-02
6.524628400802612652e-03 1.432967223227024113e-02
6.289620650932192802e-03 1.479235850274562836e-02
6.232594884932040995e-03 1.415460482239723136e-02
6.411397410556673830e-03 1.535511072725057567e-02
6.236453074961900711e-03 1.388984750956296851e-02
6.523782946169376026e-03 1.532498132437467610e-02
6.528083048760890787e-03 1.360015608370304142e-02
6.299702543765306126e-03 1.457396391779184307e-02
6.200404185801744288e-03 1.469806618988513981e-02
6.237612571567296982e-03 1.526258420199155807e-02
6.318880338221788059e-03 1.420455984771251678e-02
6.393436249345541347e-03 1.591908037662505965e-02
6.445377133786678314e-03 1.368357129395008157e-02
6.805266533046960657e-03 1.608237922191619804e-02
6.670263782143593008e-03 1.356955207884311641e-02
6.633636495098471815e-03 1.653462368994951248e-02
6.407634168863296335e-03 1.500491909682750633e-02
6.605607643723488027e-03 1.503141596913337708e-02
6.373503059148788279e-03 1.537762042135000159e-02
6.435796990990639080e-03 1.316204648464918206e-02
6.280351243913173502e-03 1.359947677701711655e-02
6.405507214367389679e-03 1.375000197440385749e-02
6.210132734850049019e-03 1.516649108380079339e-02
6.143858190625905991e-03 1.496793329715728760e-02
6.172097660601139416e-03 1.563143208622932295e-02
5.995864234864711935e-03 1.570475772023200919e-02
6.022256473079324116e-03 1.615771874785423140e-02
6.595350336283445358e-03 1.411796212196350132e-02
6.923602893948554993e-03 1.602991446852684160e-02
6.941126659512519836e-03 1.364826392382383416e-02
6.719812145456671368e-03 1.364650055766105687e-02
6.952338665723800486e-03 1.274588238447904587e-02
6.335324794054031546e-03 1.441959608346223866e-02
6.305817840620875012e-03 1.437992453575134312e-02
6.085176020860671997e-03 1.502072475850582157e-02
6.113874865695834507e-03 1.522101666778325965e-02
6.110444851219654257e-03 1.550344303250312736e-02
5.901320185512304133e-03 1.503215879201889003e-02
5.875324271619320263e-03 1.564959380775689940e-02
5.888015404343605388e-03 1.620136760175228119e-02
6.561311613768339331e-03 1.411733031272888184e-02
7.068730192258954048e-03 1.760947946459055086e-02
8.500059228390454899e-03 1.437742151319980691e-02
9.032227285206317208e-03 1.337744444608688320e-02
8.069807011634112098e-03 1.389799863100051915e-02
6.788309291005134236e-03 1.367071848362684180e-02
7.043559942394495357e-03 1.326020117849111522e-02
6.888043880462646311e-03 1.337927449494600261e-02
6.464120745658874338e-03 1.306476257741451263e-02
6.472414638847112482e-03 1.481403261423110997e-02
6.104108085855841984e-03 1.559590008109807899e-02
6.163342855870723724e-03 1.561961248517036369e-02
6.092856498435139309e-03 1.534962560981512070e-02
6.069085886701941143e-03 1.557180862873792579e-02
5.890801642090081822e-03 1.528401747345924447e-02
6.117719039320945566e-03 1.536218635737895966e-02
6.009765528142451893e-03 1.581037398427724908e-02
5.913410196080803524e-03 1.620649397373199324e-02
6.123348139226436615e-03 1.329082716256380081e-02
6.475827004760503595e-03 1.413722336292266846e-02
6.189919821918010538e-03 1.434838958084583282e-02
6.360004935413598841e-03 1.492766663432121277e-02
6.012290110811590801e-03 1.357739232480525970e-02
6.716008670628071178e-03 1.375808753073215485e-02
6.258991640061139713e-03 1.572483368217945238e-02
6.796503346413374294e-03 1.386650018393993308e-02
6.843049777671694756e-03 1.270515881478786503e-02
6.335586868226527821e-03 1.427196841686964070e-02
6.260234396904706955e-03 1.411795634776353767e-02
5.904743680730462074e-03 1.518431697040796211e-02
5.893894191831350500e-03 1.484729088842868736e-02
6.198049243539571936e-03 1.584951672703027725e-02
5.931114312261343002e-03 1.558662448078393901e-02
5.905659496784209858e-03 1.394282747060060501e-02
6.828720215708017349e-03 1.484671626240014961e-02
6.177069758996367801e-03 1.492659449577331612e-02
6.373110041022300547e-03 1.483940687030553887e-02
6.543619185686111103e-03 1.311352495104074409e-02
7.338742632418871273e-03 1.277754511684179271e-02
6.489508133381604975e-03 1.226638928055763175e-02
6.601565703749656851e-03 1.229350995272398064e-02
6.192222423851490194e-03 1.547625623643398250e-02
7.142490241676568985e-03 1.303028985857963493e-02
7.544495351612568075e-03 1.439231913536787033e-02
7.006163336336612354e-03 1.263328697532415355e-02
7.126051466912031174e-03 1.293638143688440392e-02
6.432525161653756922e-03 1.625268682837486406e-02
7.142063602805137981e-03 1.346722710877656937e-02
8.874646108597516320e-03 1.281401719897985389e-02
6.849100720137358059e-03 1.597680300474167009e-02
6.897953478619456638e-03 1.296697296202182700e-02
6.984430644661187952e-03 1.302532739937305520e-02
6.511320499703288425e-03 1.629583593457937379e-02
6.415656628087162625e-03 1.633081678301095963e-02
6.238353904336690903e-03 1.553213298320770333e-02
6.081674061715602701e-03 1.668721530586481094e-02
5.996160767972468983e-03 1.638153232634067397e-02
6.189706851728260517e-03 1.591199841350316932e-02
6.251812353730202068e-03 1.555242445319890941e-02
6.659617368131876165e-03 1.548267249017953873e-02
6.113483104854822159e-03 1.411031130701303517e-02
5.952004436403512608e-03 1.630992256104946136e-02
6.180718913674354900e-03 1.460890974849462544e-02
6.984881125390529633e-03 1.790787018835544517e-02
9.124602470546961525e-03 1.352423056960105896e-02
8.541095815598965385e-03 1.250964999198913609e-02
7.242293236777186741e-03 1.262649912387132575e-02
6.287274695932864969e-03 1.338288914412260125e-02
6.076903920620680202e-03 1.482748165726661613e-02
6.010054051876068462e-03 1.513074319809675286e-02
5.850219307467341770e-03 1.606269180774688721e-02
6.033633206970989878e-03 1.461786162108182942e-02
6.937514431774616588e-03 1.520310901105403900e-02
5.961239850148558443e-03 1.455914359539747273e-02
6.203502276912331234e-03 1.414955314248800278e-02
6.066588032990693873e-03 1.527364011853933265e-02
5.936653260141611446e-03 1.672572437673807214e-02
6.684098439291119402e-03 1.382420584559440613e-02
7.820417080074549068e-03 1.487040892243385315e-02
6.615767022594809532e-03 1.491620466113090585e-02
6.538027524948119770e-03 1.372424978762865067e-02
6.248601619154215206e-03 1.425332110375165939e-02
6.076076254248619253e-03 1.519054714590311120e-02
6.000419706106185566e-03 1.424020435661077499e-02
5.895709153264760971e-03 1.415589209645986592e-02
5.772614292800426830e-03 1.568610202521085809e-02
6.546690221875905644e-03 1.272588707506656577e-02
8.867594879120588303e-03 1.342422049492597580e-02
7.066216040402651007e-03 1.405704263597726787e-02
8.152998518198728561e-03 1.288634948432445561e-02
7.960312906652689327e-03 1.434957794845104218e-02
7.721024472266435970e-03 1.321725491434335743e-02
6.498617539182305509e-03 1.299865413457155193e-02
6.211729068309068506e-03 1.455345153808593715e-02
6.129734544083475720e-03 1.483339536935091019e-02
6.579659599810838873e-03 1.561716645956039498e-02
6.516087148338556116e-03 1.518025789409875939e-02
7.242471259087323969e-03 1.284821722656488349e-02
6.613400625064968716e-03 1.573085095733404298e-02
6.577263213694095265e-03 1.241343747824430466e-02
6.885043252259493221e-03 1.293486002832651069e-02
6.077562551945447575e-03 1.549733355641364982e-02
6.057756580412387501e-03 1.425495669245719840e-02
7.330842036753893072e-03 1.630633156746625831e-02
6.679252069443464106e-03 1.587536372244358063e-02
6.799031328409910029e-03 1.580644045025110175e-02
6.881671957671642303e-03 1.334585715085268021e-02
7.035118434578180660e-03 1.314586177468299831e-02
6.909948959946632559e-03 1.435021534562110936e-02
6.403781939297914505e-03 1.450813040137290989e-02
6.444499734789133419e-03 1.586669608950614860e-02
6.109692715108394276e-03 1.509543713182210853e-02
5.906044784933328455e-03 1.568472702056169371e-02
5.863867420703172857e-03 1.461808402091264655e-02
6.113135069608688181e-03 1.436168346554040839e-02
6.372069520875811403e-03 1.208503916859626770e-02
6.004805676639080048e-03 1.488949973136186565e-02
5.938957910984754562e-03 1.383136603981256416e-02
5.712818820029497147e-03 1.408507656306028435e-02
5.852990224957466472e-03 1.468019690364599263e-02
5.923795979470014572e-03 1.469742152839898994e-02
6.788392737507820303e-03 1.544100530445575645e-02
7.396539906039834023e-03 1.245037931948900223e-02
6.470761215314269239e-03 1.305345129221677745e-02
6.241424428299069578e-03 1.549160238355398213e-02
6.100829318165778767e-03 1.565498374402523110e-02
6.023968243971467365e-03 1.495378557592630386e-02
6.380449328571557825e-03 1.627234350889921258e-02
6.538457982242107218e-03 1.329339612275362049e-02
6.774343457072973598e-03 1.544893607497215340e-02
6.014098785817623485e-03 1.372682545334100689e-02
5.998209491372108806e-03 1.536760926246643136e-02
6.098247226327657353e-03 1.313193086534738575e-02
6.372783984988928015e-03 1.383229140192270348e-02
6.319569237530231302e-03 1.573962755501270155e-02
6.235849950462580074e-03 1.486293878406286240e-02
5.947315413504838770e-03 1.445631124079227448e-02
5.896971188485622059e-03 1.467021461576223373e-02
5.592198856174945658e-03 1.519136298447847436e-02
6.113804690539836710e-03 1.473577227443456650e-02
6.213395716622471462e-03 1.425942443311214482e-02
5.990082584321499044e-03 1.324364021420478855e-02
6.027547735720872532e-03 1.438976675271987950e-02
5.932997958734631365e-03 1.438398510217666661e-02
6.773623544722795833e-03 1.540857926011085510e-02
7.160407770425081080e-03 1.500291377305984497e-02
7.068327721208333622e-03 1.228732876479625771e-02
6.936847465112805367e-03 1.331735700368881156e-02
6.217934191226959229e-03 1.419925745576620067e-02
6.153977755457162684e-03 1.438674069941043784e-02
5.874693393707275391e-03 1.428703535348176991e-02
5.904017295688390558e-03 1.506612934172153404e-02
6.408091727644204746e-03 1.261874139308929478e-02
6.946705980226397514e-03 1.573878247290849686e-02
6.490328907966613423e-03 1.390424668788909843e-02
6.779734604060649525e-03 1.458882577717304264e-02
6.354841310530901302e-03 1.592030506581067900e-02
6.463854620233177965e-03 1.214052531868219445e-02
6.410721596330404629e-03 1.361869312822818791e-02
6.366650713607669224e-03 1.384893879294395516e-02
7.799143157899379904e-03 1.228614244610071182e-02
6.351828388869762247e-03 1.620384603738784721e-02
6.283665914088487972e-03 1.555490028113126755e-02
5.961697036400437529e-03 1.499118506908416783e-02
6.024221540428698063e-03 1.381420958787202800e-02
6.147685647010803396e-03 1.507002320140600135e-02
5.910799745470285763e-03 1.530492082238197292e-02
6.194353196769952427e-03 1.509790793061256339e-02
5.888155335560441364e-03 1.563222352415323188e-02
6.839696504175663168e-03 1.220678985118866036e-02
6.698493659496307200e-03 1.447682529687881539e-02
7.286377344280480992e-03 1.444565001875162090e-02
1.036260100081562961e-02 1.294945515692234005e-02
8.405909314751625408e-03 1.368821039795875549e-02
8.326081559062004089e-03 1.248072609305381740e-02
7.814269699156283638e-03 1.302470397204160725e-02
7.620785199105739420e-03 1.216139085590839386e-02
6.911726761609315525e-03 1.480147410184145043e-02
6.968555971980094910e-03 1.389959789812564815e-02
6.703982595354318619e-03 1.249230522662401165e-02
6.348900217562914068e-03 1.457845810800790717e-02
6.050340272486210216e-03 1.564286611974239488e-02
5.956281954422592943e-03 1.454842928797006607e-02
5.840204842388630087e-03 1.434607543051242759e-02
5.636853910982608622e-03 1.511547081172466209e-02
5.587499635294079607e-03 1.511553116142749786e-02
5.579239968210458582e-03 1.524208169430494274e-02
5.656078178435564215e-03 1.442164238542318309e-02
6.646001618355512966e-03 1.442066952586174011e-02
6.697120191529393023e-03 1.612428314983844688e-02
6.914555747061968023e-03 1.399001646786928246e-02
6.944292131811380733e-03 1.191651318222284282e-02
6.966243730857968330e-03 1.185792312026023865e-02
6.137088313698768963e-03 1.505637951195240055e-02
6.096513522788882082e-03 1.476586069911718299e-02
5.773260863497853626e-03 1.470408365130424465e-02
5.748363025486469095e-03 1.452811490744352306e-02
5.678492924198507916e-03 1.457517966628074646e-02
5.713570863008499146e-03 1.318258289247751201e-02
5.984593741595744740e-03 1.421832162886857952e-02
5.723423324525356293e-03 1.405582632869482006e-02
5.922211054712534124e-03 1.522965319454669918e-02
5.915328534319997181e-03 1.362659353762865101e-02
5.561693757772445852e-03 1.422608532011509011e-02
5.555986426770687103e-03 1.379422619938850368e-02
5.568969529122114182e-03 1.407929919660091435e-02
5.414388654753565615e-03 1.438897941261529922e-02
5.545719619840383183e-03 1.373993568122386898e-02
5.695309769362211054e-03 1.422157064080238273e-02
5.711298296228050839e-03 1.402914356440305640e-02
5.778095824643969883e-03 1.414725165814161370e-02
6.036536488682031805e-03 1.408056337386369775e-02
7.084644865244626999e-03 1.443832628428936074e-02
7.012590952217579061e-03 1.171906106173992157e-02
7.100601401180029089e-03 1.460162475705146720e-02
6.739183422178029667e-03 1.402136962860822678e-02
6.215254310518503189e-03 1.490310523658990895e-02
6.227599503472447222e-03 1.432832106947898830e-02
6.294597685337066477e-03 1.616240013390779495e-02
6.620697397738695318e-03 1.282520871609449387e-02
6.536902207881212061e-03 1.536012217402458156e-02
6.507114507257938385e-03 1.474534813314676285e-02
6.062296591699123730e-03 1.490474771708250046e-02
5.910697113722562963e-03 1.532405726611614158e-02
5.724999681115150105e-03 1.472128182649612427e-02
5.684490548446774483e-03 1.527286935597658123e-02
5.533427512273192232e-03 1.486011352390050923e-02
5.501166637986898596e-03 1.488098558038473095e-02
5.426436290144920002e-03 1.496871467679738998e-02
5.327653232961892735e-03 1.480393074452877010e-02
5.514096142724156727e-03 1.488602031022310222e-02
5.778271565213799130e-03 1.454080529510974953e-02
6.134876422584057201e-03 1.577281467616558144e-02
6.296657118946313511e-03 1.457388959825038979e-02
