2.106503691524267141e-01 1.684039704501628931e-01
1.430524192750453893e-01 1.185679975897073746e-01
9.940368272364139002e-02 8.825772516429424008e-02
7.745704650878906805e-02 7.101324684917927066e-02
6.180354878306389133e-02 6.240011677145958224e-02
5.330391954630613049e-02 5.653309337794780454e-02
4.702054727822542468e-02 5.200102832168340683e-02
4.273173790425062457e-02 4.808645229786634445e-02
3.895971160382032117e-02 4.537504073232412338e-02
3.626439031213522096e-02 4.244965519756078998e-02
3.360264599323272566e-02 4.068115167319774628e-02
3.192647267132997513e-02 3.870814647525548657e-02
3.023280026391148706e-02 3.690752089023589810e-02
2.888644691556692054e-02 3.573714140802621703e-02
2.778558451682329108e-02 3.483159560710191727e-02
2.697771349921822617e-02 3.384477160871028623e-02
2.621399238705635071e-02 3.303289096802473207e-02
2.559932433068752219e-02 3.238792605698108396e-02
2.514541940763592720e-02 3.185139689594507217e-02
2.469441890716552596e-02 3.126176204532384734e-02
2.430848050862550666e-02 3.100043497979641099e-02
2.393345311284065385e-02 3.050457928329706331e-02
2.361623067408800264e-02 3.017166275531053474e-02
2.338112918660044739e-02 2.978904396295547347e-02
2.306818235665559699e-02 2.954273112118244171e-02
2.290484299883246283e-02 2.944820355623960564e-02
2.269365154206752846e-02 2.913506682962179253e-02
2.246480127796530654e-02 2.887733802199363847e-02
2.229310339316725731e-02 2.882448676973581314e-02
2.211275259032845567e-02 2.865149322897195955e-02
2.192211253568530221e-02 2.858826313167810509e-02
2.178185805678367615e-02 2.832910865545272897e-02
2.161248214542865753e-02 2.811845541000366350e-02
2.147809891030192514e-02 2.797906696796417098e-02
2.131157554686069489e-02 2.776701971888542037e-02
2.118688886985182693e-02 2.771121710538864205e-02
2.106383396312594414e-02 2.765885517001152177e-02
2.099331924691796164e-02 2.780703157186508248e-02
2.087230626493692329e-02 2.743644565343856742e-02
2.074624085798859596e-02 2.753231246024370055e-02
2.058346746489405493e-02 2.724667098373174598e-02
2.046192167326808115e-02 2.727969884872436662e-02
2.034756792709231307e-02 2.712540663778782030e-02
2.020730637013912201e-02 2.706332523375749519e-02
2.010660162195563455e-02 2.691563721746206145e-02
2.000701110810041566e-02 2.705679405480623106e-02
1.978160506114363601e-02 2.701996397227048735e-02
1.961338343098759790e-02 2.690592780709266663e-02
1.948601221665740083e-02 2.675577886402607034e-02
1.921423859894275804e-02 2.687326669692993025e-02
1.874602716416120390e-02 2.651575449854135652e-02
1.802607020363211632e-02 2.600894048810005119e-02
1.849593343213200639e-02 3.076409660279750755e-02
2.057648310437798500e-02 2.619818001985550066e-02
1.944423234090209007e-02 2.662873733788728714e-02
1.882434869185090065e-02 2.585887573659419875e-02
1.813683034852147172e-02 2.568380031734705110e-02
1.747206896543502738e-02 2.570871934294700553e-02
1.703826682642102172e-02 2.540274374186992506e-02
1.650059521198272636e-02 2.729459404945373466e-02
1.883637877181172302e-02 2.617092784494161675e-02
1.957511240616440634e-02 2.574083209037780762e-02
1.933713546022772928e-02 2.591882422566414018e-02
1.910405233502388000e-02 2.599327601492405077e-02
1.889932192862033705e-02 2.597691826522350450e-02
1.879714792594313483e-02 2.601023092865943978e-02
1.862262589856982301e-02 2.595392726361751487e-02
1.848066253587603638e-02 2.596481814980506828e-02
1.829448603093624184e-02 2.582874372601508955e-02
1.815929738804698129e-02 2.584832347929477692e-02
1.788440961390733858e-02 2.588129043579101562e-02
1.749759381636977265e-02 2.549267318099737029e-02
1.681842319667339186e-02 2.509319335222244193e-02
1.604912243783473969e-02 2.474524863064288954e-02
1.550826877355575631e-02 2.434197012335061888e-02
1.532056434080004623e-02 2.428128905594349046e-02
1.512882318347692420e-02 2.361233150586485724e-02
1.517534907907247543e-02 2.351135853677988052e-02
1.522673238068819081e-02 2.336649149656295707e-02
1.481292406097054447e-02 2.338323080912232260e-02
1.491236779838800430e-02 2.335173618048429559e-02
1.481445664539933135e-02 2.296500699594616890e-02
1.475487854331731727e-02 2.320412695407867570e-02
1.455608387477696011e-02 2.310632364824414392e-02
1.470299656502902473e-02 2.304408866912126611e-02
1.481498358771204948e-02 2.287287628278136115e-02
1.448941249400377204e-02 2.290571490302682062e-02
1.485297866165638005e-02 2.264614552259445329e-02
1.569400923326611658e-02 2.359724640846252303e-02
1.585349766537547112e-02 2.355730589479208131e-02
1.513400916010141338e-02 2.355840047821402411e-02
1.445768568664789269e-02 2.253388576209545274e-02
1.442041834816336701e-02 2.274303464218974113e-02
1.434231502935290337e-02 2.236696174368262360e-02
1.426558904349803890e-02 2.232353426516055922e-02
1.389196440577506950e-02 2.313803499564528326e-02
1.431521740742027794e-02 2.222993299365043710e-02
1.426285970956087112e-02 2.214732309803366800e-02
1.396457999944686855e-02 2.220989987254142622e-02
1.409920454025268520e-02 2.184918662533164024e-02
1.384336110204458306e-02 2.180194668471813202e-02
1.379568963311612537e-02 2.273809667676687102e-02
1.496979435905814240e-02 2.351073408499360085e-02
1.454076776280999184e-02 2.232249565422534873e-02
1.431967345997691224e-02 2.156894626095890929e-02
1.399107659235596622e-02 2.242995677515864303e-02
1.369557194411754643e-02 2.197286691516637733e-02
1.403914308175444568e-02 2.150455433875322203e-02
1.624238602817058494e-02 2.334652524441480775e-02
1.814328311011195044e-02 2.355562187731265883e-02
1.807315517216920991e-02 2.383080460131168504e-02
1.781292501837015291e-02 2.390569988638162682e-02
1.769837606698274751e-02 2.386577129364013741e-02
1.762956045567989211e-02 2.416042480617761751e-02
1.753653166815638542e-02 2.402048520743847032e-02
1.743885828182101250e-02 2.416398134082555632e-02
1.742315711453557014e-02 2.391644585877656867e-02
1.728836819529533386e-02 2.414922621101140907e-02
1.719109024852514406e-02 2.396850511431693892e-02
1.712305545806884835e-02 2.386963777244090895e-02
1.704029263928532462e-02 2.415776420384645531e-02
1.689401902258396218e-02 2.395924124866723876e-02
1.679691458120942046e-02 2.395992148667573998e-02
1.672059101983904700e-02 2.388643641024828027e-02
1.656451877206564088e-02 2.401586640626192024e-02
1.638532755896449089e-02 2.393116112798452516e-02
1.624203361570835183e-02 2.362115327268838813e-02
1.596248154528439114e-02 2.345968279987573762e-02
1.572575522586703439e-02 2.329503893852234025e-02
1.536259418353438412e-02 2.328105699270963808e-02
1.508107897825539112e-02 2.279370399191975663e-02
1.421231585554778507e-02 2.180560426786542008e-02
1.320198508910834859e-02 2.113145235925912788e-02
1.362248454242944752e-02 2.122401772066950798e-02
1.343376128934323753e-02 2.044576825574040413e-02
1.465438557788729598e-02 2.433005524799227576e-02
1.496795481070876087e-02 2.119659772142767906e-02
1.456052782014012267e-02 2.037878362461924622e-02
1.346253165975213120e-02 2.045541414991021087e-02
1.319407299160957336e-02 2.061203084886074205e-02
1.320899487473070621e-02 2.023309459909796576e-02
1.300354059785604512e-02 2.041724603623151779e-02
1.274580848403275048e-02 2.101204479113221238e-02
1.342823738232254947e-02 2.096039997413754602e-02
1.395704178139567375e-02 2.072458025068044801e-02
1.323226802051067318e-02 2.004110133275389602e-02
1.308619286864995922e-02 2.019968815147876740e-02
1.271582045592367649e-02 1.934135565534234047e-02
1.263180528767406975e-02 1.966322073712944984e-02
1.211029770784080063e-02 1.925194626674055914e-02
1.207580203190445831e-02 1.924317134544253211e-02
1.203159708529710770e-02 1.898424420505762100e-02
1.191423898562788894e-02 1.893853694200515678e-02
1.209646384231746231e-02 1.895240182057023048e-02
1.176455621607601712e-02 1.950377970933914185e-02
1.276886868290603126e-02 1.953649828210473130e-02
1.255088159814476967e-02 1.875727539882064004e-02
1.178024671971797908e-02 1.870347801595926424e-02
1.168498364277184044e-02 1.874970048666000505e-02
1.161663262173533509e-02 1.895553786307573388e-02
1.190208019688725541e-02 1.941161463037133217e-02
1.300068353302776848e-02 1.940368507057428291e-02
1.170295467600226437e-02 1.902685873210430145e-02
1.135638384148478577e-02 1.908807521685957839e-02
1.146889491938054596e-02 2.020292663946747849e-02
1.293753227218985558e-02 1.814456665888428827e-02
1.171014010906219413e-02 1.942927315831184318e-02
1.154042561538517510e-02 1.894621821120381217e-02
1.207702606916427612e-02 1.876011732965707918e-02
1.159031265415251186e-02 1.895594857633113930e-02
1.273477696813643013e-02 2.419455749914050172e-02
1.617200933396816323e-02 2.359527368098497321e-02
1.496227756142616203e-02 2.364147584885358672e-02
1.460714433342218468e-02 2.402066281065344880e-02
1.396686066873371532e-02 2.393657639622688224e-02
1.374914930202066933e-02 2.331480346620082994e-02
1.334248767234385083e-02 2.332779355347156663e-02
1.344948187470436027e-02 2.256978107616305212e-02
1.321856998838484218e-02 2.231841785833239486e-02
1.387925115413963725e-02 2.226688191294669966e-02
1.431332956999540294e-02 2.273307917639613013e-02
1.336986655369401013e-02 2.356051690876483778e-02
1.284180567599832977e-02 2.179490756243467400e-02
1.328987833112478187e-02 2.176961367949843337e-02
1.268175388686358998e-02 2.207794999703764985e-02
1.249369601719081332e-02 2.146797468885779450e-02
1.271195318549871514e-02 2.137193446978926520e-02
1.238520303741097450e-02 2.071933420374989440e-02
1.227105609141290223e-02 2.079816991463303427e-02
1.125622279942035606e-02 1.881284974515438219e-02
1.164454580284655059e-02 1.850968776270747046e-02
1.203301474452018668e-02 2.035758020356297562e-02
1.244126628153026035e-02 1.852533016353845666e-02
1.155303879640996387e-02 2.137817745096981525e-02
1.201532054692506721e-02 1.974430615082383225e-02
1.190089541487395798e-02 2.131344107910990854e-02
1.155212712474167416e-02 2.021791264414787154e-02
1.237727925181388890e-02 1.909391172230243822e-02
1.138260555453598534e-02 1.833961633965373178e-02
1.067227949388325180e-02 2.202290580607950757e-02
1.213757554069161415e-02 2.123753083869815012e-02
1.257089832797646592e-02 1.966570271179080009e-02
1.217358140274882317e-02 1.847405973821878572e-02
1.098042293451726402e-02 1.872440502047538827e-02
1.194614171981811523e-02 1.795870177447795799e-02
1.105037326924502780e-02 1.825989512726664682e-02
1.204159078188240563e-02 1.915389942005276541e-02
1.219693617895245552e-02 1.983632892370223999e-02
1.494074072688817909e-02 2.304185833781957626e-02
1.586045986041426797e-02 2.288572471588850091e-02
1.533939354121685063e-02 2.260323651134967665e-02
1.490957019850611652e-02 2.226777020841836860e-02
1.445898516103625263e-02 2.205340899527073045e-02
1.397833991795778205e-02 2.150848684832453589e-02
1.321620871312916348e-02 2.102377014234662125e-02
1.254625665023922920e-02 2.052439497783780167e-02
1.222146269865334069e-02 2.029178338125348091e-02
1.193905039690434933e-02 2.046129330992698531e-02
1.252027121372520889e-02 1.971275322139263292e-02
1.178620904684066738e-02 1.967619145289063384e-02
1.164541738107800414e-02 2.008030656725168228e-02
1.183907650411128963e-02 1.951915444806218147e-02
1.148493508808314835e-02 1.932209460064768930e-02
1.214306219480931759e-02 1.953226700425148010e-02
1.234311689622700180e-02 1.936444928869605203e-02
1.138557884842157295e-02 1.963983224704861710e-02
1.147759808227419819e-02 1.945671178400516441e-02
1.171824890188872745e-02 1.894899718463420937e-02
1.151707307435572217e-02 1.880978541448712418e-02
1.164302304387092660e-02 1.859772363677620818e-02
1.176635450683534076e-02 1.884089289233088424e-02
1.185534633696079185e-02 1.855564024299383163e-02
1.183057515881955589e-02 1.809049388393759589e-02
1.183871286921203171e-02 1.868815664201974730e-02
1.118886787444353138e-02 1.859194030985236029e-02
1.129053430631756817e-02 1.949747428297996660e-02
1.587553063873201747e-02 2.675108863040804794e-02
1.850987887009978433e-02 2.220876282081007957e-02
1.722933249548077445e-02 2.055602222681045602e-02
1.450344603508710827e-02 1.841908218339085440e-02
1.252299449406564166e-02 1.816239641048014025e-02
1.225735833868384431e-02 1.870513465255498747e-02
1.194533887319266727e-02 1.817064480856061051e-02
1.142302087973803316e-02 1.856780983507633209e-02
1.228522751480340923e-02 1.865010289475321770e-02
1.176809035241603921e-02 1.781040662899613380e-02
1.117309406399726902e-02 1.809564605355262756e-02
1.204604059457778896e-02 1.815724326297640800e-02
1.137760225683450734e-02 1.810724772512912681e-02
1.125629628077149356e-02 1.772748660296201775e-02
1.112160701304674114e-02 1.728022042661905150e-02
1.113676405511796440e-02 1.740889460779726505e-02
1.095969867892563308e-02 1.740072946995496750e-02
1.085650864988565480e-02 1.732269567437470098e-02
1.067546461708843673e-02 1.731155919842421870e-02
1.066585560329258442e-02 1.717642983421683450e-02
1.063554328866303002e-02 1.779894158244132996e-02
1.057291249744594062e-02 1.737169274128973553e-02
1.038534399121999671e-02 1.734483647160232206e-02
1.052244356833398342e-02 1.717270268127322336e-02
1.083011589944362675e-02 1.679986189119517942e-02
1.022353242151439155e-02 1.706743640825152467e-02
1.017621587961912120e-02 2.112914146855473380e-02
1.151336054317653179e-02 1.636613546870648722e-02
1.067282822914421628e-02 1.675663543865084718e-02
1.053920844569802319e-02 1.863128528930246830e-02
1.075942330062389443e-02 1.726544317789375713e-02
1.089219423010945320e-02 1.653328989632427831e-02
1.030670562759041821e-02 1.927749379537999769e-02
1.034291093237698148e-02 1.903535556048154692e-02
1.014642291702330147e-02 1.696401177905499866e-02
1.030989545397460391e-02 1.888685128651559214e-02
1.005559975747019087e-02 1.808990519493818352e-02
1.121027539484202931e-02 1.704365503974258900e-02
1.029303711839020183e-02 1.948717553168535094e-02
1.013612793758511543e-02 1.965804994106292586e-02
1.039286307059228420e-02 1.664831642992794375e-02
1.001781960949301754e-02 1.964329415932297707e-02
1.019794452004134724e-02 1.708936793729663034e-02
9.990579914301633835e-03 1.862488696351647516e-02
1.439091463107615779e-02 2.636658446863293648e-02
1.464524799957871506e-02 1.921312734484672408e-02
1.148180654272437130e-02 1.911307219415903091e-02
1.062836986966431141e-02 1.795950396917760442e-02
1.242868537083268235e-02 2.057015057653188705e-02
1.236793030984699795e-02 1.859612055122852187e-02
1.268417937681078946e-02 1.874677333980798860e-02
1.278168833814561332e-02 1.847656844183802674e-02
1.207966618239879678e-02 1.817780770361423354e-02
1.134894813876599108e-02 1.735734650865197043e-02
1.075830399058759143e-02 1.897009667009115150e-02
9.987357724457978508e-03 1.869366546161472728e-02
1.022088686004280975e-02 1.979563999921083589e-02
1.387407719157636096e-02 2.030913494527340074e-02
1.312774056568741764e-02 1.920453961938619475e-02
1.161880185827612877e-02 1.909327455796301296e-02
1.068579507991671528e-02 1.781953866593539645e-02
1.014781545381993055e-02 1.794005809351801803e-02
1.077797482721507515e-02 1.861201580613851617e-02
1.036841738969087635e-02 1.692608762532472541e-02
1.051934342831373215e-02 1.840270953252911429e-02
1.177766956388950383e-02 1.772609120234847069e-02
1.140408972278237308e-02 1.744855009019374847e-02
1.041033428627997567e-02 1.778618791140616079e-02
1.006633972283452715e-02 1.747003830969333718e-02
1.056365836411714623e-02 1.741315927356481413e-02
1.075234492309391429e-02 1.733566969633102556e-02
1.003961921669542859e-02 1.841220860369503429e-02
9.777244739234447132e-03 1.789492289535701136e-02
9.652635967358946106e-03 1.769591867923736572e-02
9.499197313562034867e-03 1.678797528147697379e-02
9.880215628072619438e-03 1.617844095453619888e-02
9.435266815125941883e-03 2.129939980804920058e-02
1.206091768108308315e-02 2.093561794608831544e-02
1.311861560679972172e-02 1.795619875192642351e-02
1.080437977798283031e-02 1.708596656098961691e-02
9.893773263320327152e-03 1.684980103746056695e-02
9.932515630498527787e-03 2.103632586076855521e-02
1.069945646449923550e-02 1.620809864252805571e-02
9.929762734100223281e-03 1.593126766383647780e-02
9.590626345016062260e-03 1.633706218563020160e-02
1.044013034552335704e-02 2.485784105956554552e-02
1.691801073029637267e-02 2.272157222032546858e-02
1.406265040859580075e-02 2.242402099072933128e-02
1.355465124361216953e-02 2.315032081678509643e-02
1.301568192429840634e-02 2.324714632704854081e-02
1.261574705131351948e-02 2.243180684745311668e-02
1.261238120496272971e-02 2.183550586923956732e-02
1.259480342268943717e-02 2.192197013646364143e-02
1.267021889798343112e-02 2.133438512682914873e-02
1.267814449965953827e-02 2.161275595426559448e-02
1.247917208820581436e-02 2.090542139485478471e-02
1.237277518957853248e-02 2.099232301115989616e-02
1.156158582307398319e-02 1.977206068113446236e-02
1.127275926992297138e-02 1.995792761445045610e-02
1.145252468995749950e-02 1.904776394367218087e-02
1.102525531314313412e-02 1.891301181167364190e-02
1.162592121399939026e-02 1.911506298929453035e-02
1.133538684807717731e-02 1.862342851236462732e-02
1.086879340000450681e-02 1.796156573109328886e-02
1.080973497591912816e-02 1.797794019803404877e-02
1.075897538103163208e-02 1.822657012380659441e-02
1.055474134627729620e-02 1.844064593315124581e-02
1.077528861351311276e-02 1.740891654044389794e-02
1.135192033834755455e-02 1.746660470962524414e-02
1.058676247484982048e-02 1.774324816651642184e-02
1.031248788349330495e-02 1.742773274891078542e-02
9.865822456777095101e-03 1.817115508019924094e-02
1.052370290271937778e-02 1.671639000996947427e-02
9.913940075784921299e-03 1.667982484214007924e-02
9.614040283486247410e-03 1.714605409651994566e-02
1.009996808134019410e-02 1.701088109984993935e-02
1.059405957348644699e-02 1.740735396742820740e-02
1.136610191315412521e-02 1.787369158118963172e-02
1.042646025307476451e-02 1.722896452993154595e-02
1.001006779260933330e-02 1.727809989824891090e-02
1.066228938288986752e-02 1.686382298357784817e-02
1.048352262005209853e-02 1.674456186592578749e-02
1.073814183473587036e-02 1.723508462309837272e-02
1.007804023101925919e-02 1.998183028772473196e-02
1.165074240416288411e-02 1.706414371728897164e-02
1.049110749736428295e-02 1.681732218712568214e-02
1.016346691176295280e-02 1.724241427145898481e-02
9.583948832005261681e-03 1.918469825759529929e-02
9.563489397987724044e-03 1.796152787283062865e-02
9.868277097120880734e-03 2.028418146073818207e-02
9.880727715790271412e-03 1.569645460695028374e-02
9.374867100268602718e-03 2.094837408512830595e-02
9.549622214399278511e-03 1.895063417032361031e-02
9.446276770904659531e-03 1.733454889617860178e-02
9.287297911942004464e-03 1.837567971087992330e-02
1.065353779122233356e-02 1.772778984159231047e-02
9.955615829676389347e-03 1.663646092638373236e-02
1.025665015913546085e-02 1.812515077181160381e-02
1.028136839158833027e-02 1.922752503305673669e-02
1.136765424162149499e-02 1.606835857965051989e-02
1.010318920016288827e-02 1.726904660463333269e-02
1.005109846591949532e-02 1.782843759283423563e-02
1.025078063830733334e-02 1.570894769392907481e-02
9.568489016965031277e-03 1.548269707709550892e-02
9.873066889122128140e-03 2.009519413113593916e-02
1.184209859929978917e-02 1.888441029004752497e-02
1.065869387239217793e-02 1.822869321331381867e-02
9.684451343491672776e-03 1.878765840083360811e-02
1.039745262823998928e-02 1.775411940179765294e-02
1.193072041496634483e-02 1.832507397048175474e-02
1.405268944799900090e-02 2.200761279091239045e-02
1.500081089325249264e-02 1.947516677901148935e-02
1.269435063004493644e-02 1.823667818680405756e-02
1.258502393029630254e-02 1.860281927511096139e-02
1.218941244296729495e-02 1.843912480399012566e-02
1.129319677129387786e-02 1.712366994470358034e-02
9.916780889034271587e-03 1.676701563410460880e-02
9.453319897875189087e-03 1.869613598100840907e-02
9.970979066565632820e-03 1.722697643563151498e-02
1.030030183028429747e-02 1.595474854111671517e-02
9.812907129526139000e-03 1.706213783472776413e-02
9.333895565941930511e-03 1.771644474938511779e-02
8.974894718267022869e-03 1.730838082730769972e-02
1.024465942755341599e-02 2.000328199937939644e-02
1.034535481594502961e-02 1.754254605621099333e-02
9.541417984291911819e-03 1.767213344573974679e-02
9.420826076529919754e-03 1.931857522577047279e-02
9.398666210472583771e-03 1.601162408478557994e-02
9.069993719458579670e-03 1.765407538041472574e-02
9.154873853549360535e-03 1.829416360706091066e-02
1.009890432469546726e-02 1.588149876333773067e-02
9.883111249655485500e-03 1.538491728715598618e-02
9.648642083629966476e-03 1.557685555890202592e-02
9.194668428972364166e-03 1.580838672816753387e-02
9.406699566170573235e-03 1.697840518318116665e-02
9.328337572515010140e-03 1.570615218952298164e-02
9.870372759178281524e-03 1.669779103249311586e-02
9.562575025483965874e-03 1.658309502527117660e-02
9.949044929817319263e-03 1.734873438253998687e-02
1.013083984144031932e-02 1.560948183760046959e-02
9.016627259552479484e-03 1.931174118071794440e-02
9.213371807709336628e-03 1.625111335888505121e-02
9.110890026204288700e-03 1.483907871879637172e-02
9.417951223440468311e-03 1.606959407217800617e-02
9.162015607580542217e-03 1.618338399566709995e-02
9.254808491095899842e-03 1.469091768376529217e-02
8.863444440066814423e-03 1.795228905975818773e-02
8.935019001364707600e-03 1.630001729354262421e-02
8.953630714677274574e-03 1.725832466036081314e-02
9.096731478348375061e-03 1.502847550436854293e-02
8.824298018589615475e-03 1.554972403682768414e-02
9.194273594766854893e-03 1.574908006004989078e-02
8.797864895313978195e-03 1.554138129577040638e-02
8.770566806197166790e-03 1.570599256083369394e-02
8.916255459189415325e-03 1.559147103689611027e-02
8.653281908482312462e-03 1.877115778625011375e-02
9.924634825438261032e-03 1.426867782138288056e-02
9.138493379577995041e-03 1.530885822139680351e-02
9.181776596233249405e-03 1.412227759137749637e-02
9.096288913860916744e-03 1.536040697246789967e-02
9.048881940543651581e-03 1.593264406546950410e-02
1.001987471245229314e-02 1.515515958890318801e-02
9.698305372148751866e-03 1.768918037414550851e-02
9.992148494347929955e-03 1.611295584589243074e-02
8.739918586798012257e-03 1.464430056512355804e-02
9.017017157748340866e-03 1.575480755418539117e-02
8.833095105364919056e-03 1.582247694022953510e-02
1.008115168660879066e-02 1.540006040595471790e-02
1.003500176593661274e-02 1.614867816679179530e-02
8.922165539115668037e-03 1.565854619257152011e-02
8.730784803628922203e-03 1.508665410801768303e-02
8.821587217971682895e-03 1.421511434018611977e-02
8.506900118663906357e-03 1.707144090905785699e-02
9.005584940314292214e-03 1.370161967352032627e-02
8.236095786560326121e-03 1.746305637061595917e-02
9.021284640766680241e-03 1.363587714731693233e-02
8.452251413837074887e-03 1.709973867982626100e-02
9.214769117534160614e-03 1.381076625548303093e-02
8.449687017127871166e-03 1.634439406916499138e-02
8.683416782878339638e-03 1.517220539972186089e-02
8.769874554127454411e-03 1.622075201012194295e-02
8.877189084887503884e-03 1.469813743606209790e-02
8.771646232344210842e-03 1.658818409778177808e-02
9.206256177276373603e-03 1.382559798657894204e-02
8.671016665175557137e-03 1.420645606704056332e-02
8.405008143745363106e-03 1.396629209630191257e-02
8.989345049485564232e-03 1.861034561879932811e-02
1.008757990784943034e-02 1.619448983110487530e-02
8.783752867020665905e-03 1.539416089653968846e-02
8.738768799230457046e-03 1.441438272595405544e-02
8.488948224112391472e-03 1.519539477303624188e-02
8.674875926226377140e-03 1.437956932932138443e-02
8.494939212687313904e-03 1.419796147383749554e-02
1.064570918679237296e-02 1.601830450817942619e-02
9.722232259809971203e-03 1.672506621107459207e-02
8.543454762548207543e-03 1.455763811245560681e-02
8.292681677266955723e-03 1.568620707839727541e-02
8.483933471143245003e-03 1.355403098277747562e-02
7.957645086571573864e-03 1.514309868216514622e-02
8.692352613434196212e-03 1.361753558740019798e-02
9.041501744650303624e-03 1.621838309802114964e-02
9.469017176888883461e-03 1.400030695367604494e-02
8.695152401924133995e-03 1.563411424867808958e-02
1.256906331982463564e-02 2.809125054627657075e-02
1.978439697995781898e-02 2.576862070709467004e-02
1.723261661827564170e-02 2.339781923219561716e-02
1.313512371852993896e-02 2.319782841950655122e-02
1.292686858214437892e-02 2.113580480217933794e-02
1.225597122684121167e-02 2.104462748393416335e-02
1.151719619520008564e-02 1.956053236499428680e-02
1.071460200473666260e-02 1.879557250067591737e-02
1.038005426526069676e-02 1.773558133281767299e-02
1.031953534111380508e-02 1.757732215337455203e-02
9.637998649850487709e-03 1.633168580010533472e-02
9.201959474012255669e-03 1.703170295804739068e-02
9.609479084610938679e-03 1.659260899759829044e-02
1.021108049899339607e-02 1.748605049215257168e-02
1.099009788595139980e-02 1.710555953904986312e-02
1.020599827170371940e-02 1.683366168290376802e-02
9.225366357713937066e-03 1.547131417319178547e-02
9.133432665839791645e-03 1.415040525607764652e-02
8.502266299910844066e-03 1.444000657647848129e-02
8.338736183941364982e-03 1.624158155173063139e-02
8.709767600521445274e-03 1.434476105496287381e-02
8.074876177124679436e-03 1.648487313650548458e-02
8.789577055722475052e-03 1.922854837030172487e-02
9.729213011451066234e-03 1.562587367370724817e-02
8.714765543118119240e-03 1.617949260398745398e-02
8.919334085658193328e-03 1.387504944577813183e-02
8.379182871431111942e-03 1.410771762020885875e-02
8.458575000986456871e-03 1.380218411795794929e-02
8.501223102211952903e-03 1.396505627781152725e-02
8.611082471907139171e-03 1.515731504186987842e-02
8.781534945592283856e-03 1.359924231655895710e-02
8.114873804152012218e-03 1.353654880076646770e-02
8.059364114888011715e-03 1.625828081741929193e-02
9.009288321249187687e-03 1.462563918903470039e-02
8.904196834191680648e-03 1.384500605054199765e-02
8.286809083074331284e-03 1.510181594640016590e-02
7.965678256005049099e-03 1.396209988743066753e-02
7.885460974648594856e-03 1.544097624719142914e-02
1.022180858999490773e-02 1.706514889374375482e-02
9.834598330780864456e-03 1.607390115968882968e-02
9.988242713734506867e-03 1.670279311947524617e-02
9.180287132039666176e-03 1.563590553123504062e-02
8.638019906356930733e-03 1.461509680375456741e-02
8.405516552738846042e-03 1.484778774902224471e-02
8.229751884937287071e-03 1.529208058491349220e-02
8.130925847217440952e-03 1.411138325929641758e-02
8.031586324796080936e-03 1.598235256969928603e-02
9.109519049525260578e-03 1.313111225608736346e-02
8.912059431895612976e-03 1.538067259825766017e-02
8.457990828901529312e-03 1.589957964606582980e-02
8.166040654759853384e-03 1.467528659850358963e-02
8.249161671847105373e-03 1.448028446175158093e-02
1.166237411089241470e-02 2.170003652572631905e-02
1.380350952968001366e-02 1.934618074446916441e-02
1.120791705325245927e-02 1.816831426694989066e-02
1.040698019787669217e-02 1.889337785542011261e-02
1.004092460498213699e-02 1.744506279937923024e-02
9.674079483374953270e-03 1.677665715105831554e-02
9.803458582609891891e-03 1.732030045241117477e-02
9.458433487452566624e-03 1.635746713727712770e-02
9.151910338550806392e-03 1.632137261331081252e-02
8.998373034410178314e-03 1.588589786551892688e-02
8.944879565387964943e-03 1.556008388288319076e-02
8.716883230954408299e-03 1.530470917932689155e-02
8.572788164019583962e-03 1.508569279685616563e-02
8.481881790794431816e-03 1.501237782649695804e-02
8.356587402522564281e-03 1.480659041553735768e-02
8.218349935486913421e-03 1.515364525839686324e-02
8.183895726688206196e-03 1.490723257884383167e-02
7.833598461002112129e-03 1.428855517879128526e-02
7.801547017879784281e-03 1.506396597251296113e-02
7.692614733241498297e-03 1.655517127364873955e-02
7.454292988404631962e-03 1.683999490924179693e-02
8.251191489398479809e-03 1.693053781054914067e-02
7.992118503898382534e-03 1.456730104982852970e-02
7.466103672049939979e-03 1.638488247990608354e-02
8.004707563668490150e-03 1.521569835022091796e-02
9.298850339837372650e-03 1.385684004053473403e-02
8.347194734960794102e-03 1.424703625962138107e-02
8.283289300743490111e-03 1.646705539897084375e-02
7.829905371181666851e-03 1.316246655769646133e-02
8.946643024682999351e-03 2.842462705448269705e-02
2.684785462915897231e-02 3.110715914517641137e-02
2.348033888265490393e-02 2.712087212130427291e-02
2.004306055605411391e-02 2.601673090830445428e-02
1.856194846332073073e-02 2.450590776279568811e-02
1.570339458994567464e-02 2.232433445751667161e-02
1.527305259369313682e-02 2.164431102573871613e-02
1.473444313742220367e-02 2.099900674074888299e-02
1.476961914449930260e-02 2.091981107369065424e-02
1.451738476753234794e-02 2.076234137639403413e-02
1.409557210281491349e-02 2.062398828566074441e-02
1.445265016518533160e-02 2.031091852113604476e-02
1.450290321372449398e-02 2.059071362018585066e-02
1.415839111432433059e-02 2.038672687485814164e-02
1.400845604948699509e-02 1.973410379141569276e-02
1.440281104296445812e-02 2.121023824438452582e-02
1.578059736639261107e-02 2.066159993410110474e-02
1.438339753076434135e-02 2.050660587847232680e-02
1.398794171400368283e-02 2.049254849553108077e-02
1.355281625874340569e-02 2.028771862387657166e-02
1.351810693740844796e-02 2.000913312658667703e-02
1.317756501957774093e-02 1.957215825095772604e-02
1.336593157611787319e-02 1.950554111972451279e-02
1.306246565654873779e-02 1.919570164754986694e-02
1.321791787631809711e-02 1.938944319263100763e-02
1.287153060548007488e-02 1.908342866227030754e-02
1.321313818916678394e-02 1.921307602897286484e-02
1.292639935854822397e-02 1.888204319402575493e-02
1.287732594646513393e-02 1.877746423706412246e-02
1.300548017024993896e-02 1.890804432332515717e-02
1.272592204622924328e-02 1.902283979579806258e-02
1.261441619135439396e-02 1.884441138245165209e-02
1.249624816700816224e-02 1.866858913563191821e-02
1.234150817617774010e-02 1.811947124078869958e-02
1.201367257162928512e-02 1.852474315091967583e-02
1.195250265300273895e-02 1.805670671164989402e-02
1.195183696690946783e-02 1.780123906210064749e-02
1.158641260117292474e-02 1.745124952867627144e-02
1.195729719474911655e-02 1.748094940558075905e-02
1.172818250488489797e-02 1.733035957440733771e-02
1.144885122776031529e-02 1.671312274411320548e-02
1.164815300144255231e-02 1.676867888309061666e-02
1.132231836672872340e-02 1.641081185080111096e-02
1.108074197545647586e-02 1.586915454827248981e-02
1.094674258492886985e-02 1.573150223121046881e-02
1.094714589416980778e-02 3.812899515032767972e-02
2.619650959968566895e-02 3.177597336471080919e-02
2.272310964763164451e-02 2.517342921346426080e-02
1.969795515760779450e-02 2.302212622016668389e-02
1.819745032116770744e-02 2.167285736650228362e-02
1.722376579418778350e-02 1.771104745566844801e-02
1.560609219595789944e-02 2.367094345390796661e-02
1.717585362493991713e-02 1.821623770520091126e-02
1.485757492482662166e-02 1.689125243574380805e-02
1.292040273547172616e-02 1.700250562280416350e-02
1.138908658176660503e-02 1.842326922342181136e-02
1.154710175469517673e-02 1.753915231674909453e-02
1.068290486000478268e-02 1.843274785205721925e-02
1.033112579025328125e-02 1.802094187587499619e-02
1.031331098638474907e-02 1.810871758498251369e-02
9.844388999044894478e-03 1.765882438048720429e-02
9.841105737723409436e-03 1.802629772573709557e-02
9.513848042115569809e-03 1.871922053396701813e-02
9.699588501825928341e-03 1.778903985396027704e-02
9.220677730627357266e-03 1.749355974607169628e-02
8.899288019165396690e-03 1.757572027854621341e-02
8.816710207611322403e-03 1.827877257019281526e-02
8.820939529687165520e-03 1.789210578426718781e-02
8.823877060785889279e-03 1.821655295789241860e-02
8.591457153670489788e-03 1.778340563178062300e-02
8.500927849672735084e-03 1.760646337643265863e-02
8.431089716032147754e-03 1.825742591172456811e-02
8.985963184386491776e-03 1.804406289011240005e-02
9.660942852497101177e-03 1.645238702185452054e-02
9.532279637642204068e-03 1.597261843271553447e-02
9.499435289762913834e-03 1.601705583743751049e-02
9.977471386082469723e-03 1.607963889837265084e-02
1.029825513251125813e-02 1.562786381691694260e-02
9.777380712330340992e-03 1.625958280637860437e-02
9.157919185236096035e-03 1.709321904927492072e-02
8.675682172179222801e-03 1.720843971706926753e-02
8.973415195941924355e-03 1.864748713560402532e-02
9.073731862008571972e-03 1.744755543768405914e-02
9.000207437202334751e-03 1.745179579593241284e-02
1.014613816514611279e-02 1.802387828938662936e-02
9.855028428137301705e-03 1.688072998076677392e-02
8.259974583052099445e-03 1.712300530634820392e-02
8.064309461042284619e-03 1.678635603748261998e-02
1.056819367222487996e-02 1.994976326823234489e-02
1.374768652021884918e-02 2.123133819550275872e-02
1.329182409681379726e-02 2.112661022692918777e-02
1.271083606407046387e-02 2.153546549379825592e-02
1.242570462636649609e-02 2.133849458768963953e-02
1.232714359648525750e-02 2.121289921924471994e-02
1.222643791697919369e-02 2.103582555428147247e-02
1.228451333008706570e-02 2.095833355560898850e-02
1.211735578253865173e-02 2.118983669206499915e-02
1.197981294244527747e-02 2.103467462584376196e-02
1.191092415247112582e-02 2.084453534334897856e-02
1.190688223578035762e-02 2.068159598857164522e-02
1.179574599955230882e-02 2.077164407819509506e-02
1.172473439946770599e-02 2.064407216385006835e-02
1.113136040512472356e-02 1.916674030944704940e-02
1.076104305684566498e-02 1.821654271334409783e-02
1.073361993767321144e-02 1.859168875962495873e-02
1.054594507440924714e-02 1.824647164903581142e-02
1.020187097601592610e-02 1.795515841804444859e-02
1.007943423464894260e-02 1.772780660539865355e-02
9.951965743675827633e-03 1.750704664736986091e-02
9.810892865061759949e-03 1.752337701618671487e-02
9.825079282745719650e-03 1.723343217745423178e-02
9.742344962432980537e-03 1.711716237477958064e-02
9.401670936495066383e-03 1.671429947018623213e-02
9.304551803506911495e-03 1.600152812898159027e-02
9.198973281309008251e-03 1.579914735630154679e-02
9.157177666202187885e-03 1.590706617571413517e-02
9.002101933583616863e-03 1.538433851674199035e-02
8.946363488212228168e-03 1.525341547094285523e-02
8.807474654167890896e-03 1.519585154019296135e-02
8.738469844684005478e-03 1.498234788887202809e-02
8.720470452681183468e-03 1.502875820733606815e-02
8.567360602319240917e-03 1.474861642345786164e-02
8.526834147050976059e-03 1.472145682200789486e-02
8.482925267890096058e-03 1.454493920318782399e-02
8.482119836844503186e-03 1.503895986825227668e-02
8.575756265781820514e-03 1.518775708973407745e-02
8.362641418352722775e-03 1.499122367240488495e-02
8.243910269811749458e-03 1.486846278421580757e-02
8.201151341199874184e-03 1.519374945200979710e-02
8.053111331537365220e-03 1.499225283041596447e-02
7.940703304484486580e-03 1.705421344377100468e-02
8.426980604417622436e-03 1.702036750502884319e-02
8.344610943458974708e-03 1.638893610797822337e-02
8.117658155970274708e-03 1.636489820666611056e-02
7.997164456173776886e-03 1.596191693097353051e-02
7.457581860944628542e-03 1.648366576991975446e-02
7.993077882565558304e-03 1.695481417700648447e-02
7.741500670090317553e-03 1.651621176861226697e-02
7.629799866117536675e-03 1.609203261323273113e-02
7.589963753707707275e-03 1.644527930766344001e-02
7.631961232982575546e-03 1.649427046068012784e-02
7.493351865559816187e-03 1.657868204638362000e-02
7.491728756576776505e-03 1.604889640584588120e-02
7.538092974573373968e-03 1.616804017685353687e-02
7.444610656239092523e-03 1.616669278591871192e-02
7.376495236530900175e-03 1.595866708084940980e-02
7.365949312224983822e-03 1.594411456026136736e-02
7.284353475552052086e-03 1.584527362138032913e-02
7.217112649232149298e-03 1.603176603093743255e-02
8.455621544271707535e-03 1.658179922960698743e-02
8.313389495015144348e-03 1.638879748061299393e-02
8.514807838946581581e-03 1.521795727312564780e-02
8.980446262285113335e-03 1.360547640360891888e-02
7.640897063538432121e-03 1.535787335596978595e-02
7.722287764772772442e-03 1.583465356379747460e-02
7.851069560274481773e-03 1.597217842936515808e-02
7.488961273338645697e-03 1.657786783762276242e-02
8.005068614147603165e-03 1.558733959682285716e-02
9.394429344683884880e-03 1.555052776820957730e-02
7.720726635307073246e-03 1.493696379475295544e-02
7.284072460606694221e-03 1.490076365880668198e-02
7.051730970852076660e-03 1.539299502037465642e-02
7.070680847391486168e-03 1.500663473270833458e-02
7.242010929621756424e-03 1.476873862557113136e-02
1.052013889420777559e-02 1.877713017165660858e-02
1.217925879172980855e-02 1.937537658959627082e-02
1.104154577478766441e-02 1.784804137423634529e-02
9.996937634423375824e-03 1.919797058217227390e-02
9.933931543491781105e-03 1.855312935076653888e-02
9.606460900977253567e-03 1.787822074256837507e-02
9.770331950858236053e-03 1.620968817733228068e-02
9.609357127919793476e-03 1.756957042962312837e-02
9.254339011386036526e-03 1.761882770806550910e-02
9.064528672024608352e-03 1.794227566570043633e-02
1.432631905190646579e-02 5.162813216447829923e-02
3.469154890626668930e-02 3.909549675881862640e-02
3.130017044022679468e-02 3.798789475113153319e-02
2.889483049511909485e-02 3.672457654029130658e-02
2.605656720697879791e-02 3.207787312567234039e-02
2.043511690571904113e-02 2.607037331908941200e-02
1.849129311740398476e-02 2.431682609021663596e-02
1.692582573741674423e-02 2.364551676437258790e-02
1.592059028334915499e-02 2.223553033545613150e-02
1.426973957568406989e-02 2.044209707528352876e-02
1.306967339478433063e-02 1.950056441128254076e-02
1.283234553411602939e-02 1.832958632148802211e-02
1.223269831389188836e-02 1.819477411918342044e-02
1.206361502408981323e-02 1.797420382499694685e-02
1.184283676557242905e-02 1.762817488051950793e-02
1.155578466132283280e-02 1.722455001436173916e-02
1.149177469778805971e-02 1.702579408884048393e-02
1.130005433224141528e-02 1.703402353450655937e-02
1.121705314144492115e-02 1.688718930818140437e-02
1.111199506558477844e-02 1.661006552167236874e-02
1.102949837222695281e-02 1.651203832589089732e-02
1.092370753176510369e-02 1.660487721674144129e-02
1.083783581852912868e-02 1.656174082309007714e-02
1.076690996997058461e-02 1.652119625359773497e-02
1.078524487093091011e-02 1.645431299693882535e-02
1.059321593493223190e-02 1.636528074741363387e-02
1.048974294681102003e-02 1.626854138448834489e-02
1.062753782607614959e-02 1.613308913074433873e-02
1.051469650119543110e-02 1.608794471248984476e-02
1.029484467580914567e-02 1.645452789962291787e-02
1.463687461800873210e-02 2.198249567300081253e-02
1.665836749598383765e-02 2.412446383386850426e-02
1.743603227660060068e-02 2.338862000033259392e-02
1.710016587749123643e-02 2.244005911052227020e-02
1.614841222763061662e-02 2.154911849647760461e-02
1.631650375202298164e-02 2.126021417789161067e-02
1.603135000914335251e-02 2.148319315165281296e-02
1.527072554454207351e-02 2.096707182936370303e-02
1.496689082123339211e-02 2.041287221945822100e-02
1.471772817894816468e-02 2.025816254317760329e-02
1.458693724125623668e-02 2.005859622731804778e-02
1.443388801999390125e-02 1.953933313488960197e-02
1.391862221062183450e-02 1.952300071716308455e-02
1.370832314714789425e-02 1.930945147760212283e-02
1.367006534710526501e-02 1.906639575026929448e-02
1.368826141115278040e-02 1.909835687838494847e-02
1.351750227622687886e-02 1.891614031046628952e-02
1.339699602685868671e-02 1.875971369445323875e-02
1.346202865242957999e-02 1.864863829687237601e-02
1.332003539428114856e-02 1.878879731521010399e-02
1.337072046007961069e-02 1.834756392054259777e-02
1.313909837044775417e-02 1.831565652973949840e-02
1.310094436630606686e-02 1.833320334553718498e-02
1.312473944853991339e-02 1.832511853426694801e-02
1.307889972813427483e-02 1.843304955400526524e-02
1.298529077321291039e-02 1.814263304695486884e-02
1.295081269927322865e-02 1.812336118891835074e-02
1.284485403448343277e-02 1.808662544935941627e-02
1.284604077227413654e-02 1.795513415709137917e-02
1.282872338779270614e-02 1.791766951791941981e-02
1.275152838788926567e-02 1.802862547338008811e-02
1.292015127837657998e-02 1.817497056908905576e-02
1.270475806668400730e-02 1.780013972893357277e-02
1.260536666959524189e-02 1.786237517371773789e-02
1.251380788162350689e-02 1.778190438635647228e-02
1.250711018219590256e-02 1.778701171278953413e-02
1.232464108616113628e-02 1.767140221782028536e-02
1.231933240778744151e-02 1.781874448060989310e-02
1.226464286446571350e-02 1.800436247140169144e-02
1.229988520499318908e-02 1.811044774949550559e-02
1.219138191081583535e-02 1.814126018434763024e-02
1.210492565296590259e-02 1.808857219293713570e-02
1.197230934631079470e-02 1.850976822897791932e-02
1.198678244836628472e-02 1.905521154403686662e-02
1.195451859384775127e-02 1.924073845148086687e-02
1.190186110325157712e-02 1.894560046494007249e-02
1.248167438898235490e-02 1.862802114337682585e-02
1.218433375470340252e-02 1.795006077736616135e-02
1.213258295319974422e-02 1.775774275884032388e-02
1.181814437732100521e-02 1.782662505283951621e-02
1.193657401017844677e-02 1.893581375479698112e-02
1.152739815879613196e-02 1.899365521967411041e-02
1.156408167444169556e-02 1.897398568689823151e-02
1.148529225029051339e-02 1.837323252111673286e-02
1.151051954366266727e-02 1.855081673711538384e-02
1.155704259872436523e-02 1.833048919215798239e-02
1.136052371002733638e-02 1.838381569832563470e-02
1.169188679195940460e-02 1.896188724786043028e-02
1.162195533979684149e-02 1.843310613185167313e-02
1.141841011121869087e-02 1.799282850697636604e-02
1.131124314852058853e-02 1.803275030106306007e-02
1.133155846036970615e-02 1.852129362523555894e-02
1.119192638434469630e-02 1.853066328912973335e-02
1.134727974422275985e-02 1.812164969742298057e-02
1.121434322558343376e-02 1.805226411670446396e-02
1.114664757624268462e-02 1.812928542494773865e-02
1.118425508029758861e-02 1.824227608740329812e-02
1.114812283776700497e-02 1.825229143723845412e-02
1.101261964067816804e-02 1.816106075420975685e-02
1.110584945417940686e-02 1.793791661038994859e-02
1.094906362704932759e-02 1.816864684224128723e-02
1.095432876609265735e-02 1.805035248398780684e-02
1.092570521868765389e-02 1.860703332349657874e-02
1.091615189798176254e-02 1.883263131603598456e-02
1.100189592689275811e-02 1.865838486701250007e-02
1.086233840323984692e-02 1.856423784047365327e-02
1.080656913109123707e-02 1.859070425853133132e-02
1.096547511406242847e-02 1.852655829861760139e-02
1.073780776932835648e-02 1.853018673136830330e-02
1.082633053883910214e-02 1.849784329533576965e-02
1.069176909513771569e-02 1.844631135463714600e-02
1.071324795484542881e-02 1.843732586130499701e-02
1.066597506869584357e-02 1.844689957797527452e-02
1.067658900283277069e-02 1.849608421325683524e-02
1.067573302425444196e-02 1.824598591774702003e-02
1.064333976246416638e-02 1.840158216655254225e-02
1.067386139184236561e-02 1.821350390091538290e-02
1.092828349210321973e-02 1.818245314061641554e-02
1.109798057004809414e-02 1.719415206462144782e-02
1.072469137143343756e-02 1.716406145133077960e-02
1.073377360589802300e-02 1.713866246864199569e-02
1.092579513788223197e-02 1.743117813020944595e-02
1.067246794700622489e-02 1.699066953733563423e-02
1.039073360152542591e-02 1.704329769127070973e-02
1.036478227470070089e-02 1.704302919097244740e-02
1.030516624450683594e-02 1.707498640753328870e-02
1.029806029982864926e-02 1.704916744492947916e-02
1.022657230496406590e-02 1.712121479213237624e-02
1.030490291304886341e-02 1.713436180725693564e-02
1.016225656494498288e-02 1.729772640392184327e-02
1.017509604571387172e-02 1.718543129973113676e-02
1.019458621740341152e-02 1.792810615152120451e-02
9.980316483415662895e-03 1.727383201941847662e-02
1.082747816108167206e-02 1.698881476186215808e-02
1.053423746488988365e-02 1.688159364275634150e-02
1.045419694855809212e-02 1.766286236234009335e-02
1.097200252115726471e-02 1.826350586488843103e-02
1.034434349276125431e-02 1.809269692748784880e-02
9.939891868270933628e-03 1.807041270658373694e-02
9.535173512995242726e-03 1.781678171828389098e-02
9.402840049006044865e-03 1.759206149727106025e-02
9.263604623265564095e-03 1.750315572135150571e-02
9.213179256767034878e-03 1.667020497843623231e-02
9.279441135004163482e-03 1.668191100470721791e-02
9.118400933220981858e-03 1.718713212758302827e-02
8.803168591111899116e-03 1.700455239042639871e-02
8.721031527966261604e-03 1.701988251879811218e-02
8.563412073999642632e-03 1.771195926703512599e-02
8.480069204233586441e-03 1.746382722631096771e-02
8.375079766847193935e-03 1.744154295884072642e-02
8.427304658107459198e-03 1.795752318575978210e-02
9.260947140865028251e-03 1.579679460264742444e-02
9.181624464690684578e-03 1.574905663728714059e-02
9.028339036740362297e-03 1.711091385222971578e-02
9.641826106235384247e-03 1.671472601592540602e-02
1.005788105539977620e-02 1.582408985123038431e-02
9.077681368216872562e-03 1.650326033122837682e-02
8.857030025683342717e-03 1.674106447026133676e-02
8.644240302965044628e-03 1.749824676662683348e-02
8.520507882349193790e-03 1.674096710048616002e-02
8.593040006235241196e-03 1.644225176423787932e-02
8.372250408865512111e-03 1.645749495364725451e-02
8.424184471368788979e-03 1.692234938964247773e-02
8.590824715793133476e-03 1.641889004968106677e-02
8.225292013958097198e-03 1.571699129417538504e-02
8.202364970929919979e-03 1.653285045176744461e-02
7.996978063602000475e-03 1.636411016806960106e-02
8.058479428291321148e-03 1.667457814328372409e-02
8.574016415514052261e-03 1.514414860866963863e-02
8.404844021424651840e-03 1.569052836857736180e-02
8.224672451615334251e-03 1.617727447301149299e-02
8.080026996321976879e-03 1.557570393197238445e-02
8.509301114827394485e-03 1.471784894820302690e-02
8.378738560713827957e-03 1.465216446667909692e-02
8.091893605887889515e-03 1.476738909259438584e-02
8.126631111372262586e-03 1.541318853851407836e-02
7.826377451419831016e-03 1.586235472932457855e-02
7.940948777832090161e-03 1.559312017634511063e-02
7.870252802968024861e-03 1.518464614637196099e-02
7.729401066899299795e-03 1.500816289335489204e-02
7.759373961016535412e-03 1.495142965577542747e-02
7.705547334626317198e-03 1.446459610015153954e-02
7.555580581538379192e-03 1.464910195209085872e-02
7.366983674000948494e-03 1.536056189797818661e-02
7.767099491320550615e-03 1.451964401639998029e-02
7.820456451736391285e-03 1.461487910710275104e-02
8.190022688359022487e-03 1.521593364886939491e-02
7.882712548598647465e-03 1.480723978020250832e-02
7.529931375756859779e-03 1.539285932667553390e-02
7.642291113734244953e-03 1.476195191498845885e-02
7.633102219551801335e-03 1.446720873937010730e-02
8.129361318424344063e-03 1.498507843352854182e-02
7.764506107196211988e-03 1.500610327348112991e-02
7.515163556672632521e-03 1.494814925827086041e-02
7.652293704450130289e-03 1.455303193069994519e-02
7.258511614054441452e-03 1.512075911741703714e-02
8.563547267112881639e-03 1.571017955429852148e-02
8.240392385050653717e-03 1.421553753316402366e-02
8.179858280345796845e-03 1.422862997278571094e-02
7.573723536916076790e-03 1.471673026680946419e-02
8.029558206908404480e-03 1.475956188514828717e-02
8.612371305935085167e-03 1.353932139463722741e-02
8.137906133197248676e-03 1.448936979286372627e-02
8.308596722781658866e-03 1.561398277990519966e-02
8.533109351992607464e-03 1.462911716662347247e-02
7.800486148335039269e-03 1.452175904996693204e-02
7.995159551501273415e-03 1.465471284464001621e-02
7.809531223028898066e-03 1.426080022938549553e-02
7.496770657598972494e-03 1.444949083961546456e-02
7.901056203991174698e-03 1.431571007706224953e-02
9.048023680225013993e-03 1.467034709639847279e-02
8.566439268179237843e-03 1.477913502603769337e-02
8.115611248649656426e-03 1.413385146297514369e-02
7.861083280295133938e-03 1.398328691720962524e-02
7.874065078794956207e-03 1.416878695599734818e-02
7.830756111070513378e-03 1.414525974541902542e-02
7.849457440897822380e-03 1.375892474316060474e-02
7.641668058931827198e-03 1.381443692371249130e-02
7.568250608164817442e-03 1.382147991098463605e-02
7.527853106148540627e-03 1.382965648081153562e-02
7.405497715808451176e-03 1.380244400352239643e-02
7.704429840669035738e-03 1.325707971118390491e-02
7.440917682833969940e-03 1.369459736160933902e-02
7.446391624398529530e-03 1.377593670040369069e-02
7.506391638889909138e-03 1.345631196163594653e-02
7.365198922343552113e-03 1.320652137510478462e-02
7.242968119680881327e-03 1.371780065819621156e-02
7.272636052221059799e-03 1.322825173847377335e-02
7.377313845790922468e-03 1.373867511283606221e-02
7.535411720164119850e-03 1.387474802322685719e-02
7.920977519825100552e-03 1.514935791492462089e-02
7.585236662998795162e-03 1.281616599299013545e-02
7.839512987993657242e-03 1.561527806334197556e-02
9.155759029090404857e-03 1.411022450774907996e-02
8.692936995066702713e-03 1.474394449032843078e-02
8.310848195105791786e-03 1.407387906219810178e-02
7.762826979160308838e-03 1.415411150082945824e-02
7.586506521329283367e-03 1.417581734713166917e-02
7.498124800622463400e-03 1.382068695966154337e-02
7.379668368957936937e-03 1.376653546467423474e-02
7.279584032949060549e-03 1.352537730708718369e-02
7.263070065528154026e-03 1.352528645657002926e-02
7.181245402898639094e-03 1.364617678336799145e-02
7.272515201475471085e-03 1.325124711729586124e-02
7.286563108209520578e-03 1.344088078476488556e-02
8.571111503988504757e-03 1.283108154311776196e-02
8.484164974652231087e-03 1.351085449568927357e-02
8.241928229108453491e-03 1.418665573000907863e-02
7.713580015115439545e-03 1.355097179766744445e-02
7.313200063072145332e-03 1.349043310619890690e-02
7.401259569451213056e-03 1.298286172095686197e-02
7.199052930809557091e-03 1.311637579929083620e-02
7.189003704115748579e-03 1.284128786064684356e-02
7.303569442592560898e-03 1.289330539293587208e-02
7.172260573133826603e-03 1.272462289780378411e-02
7.009805168490856712e-03 1.432200996205210651e-02
7.784182135947048491e-03 1.288649798370897735e-02
7.380853919312357729e-03 1.339858220890164341e-02
7.457248074933886875e-03 1.321671898476779392e-02
7.515385979786515236e-03 1.355245623271912267e-02
7.062068441882729530e-03 1.309127327986061608e-02
7.061612070538103234e-03 1.333660013042390312e-02
7.014324562624097217e-03 1.332641562912613084e-02
7.045617187395691525e-03 1.292224789503961836e-02
6.870529148727655411e-03 1.283286062534898589e-02
6.915671797469258135e-03 1.276733796112239361e-02
