8.119855076074600220e-02 1.323766410350799561e-01
1.255981028079986572e-01 4.553993046283721924e-02
4.595556855201721191e-02 3.890208154916763306e-02
3.868651017546653748e-02 4.772594198584556580e-02
4.643003270030021667e-02 3.934661671519279480e-02
3.719508275389671326e-02 2.626920118927955627e-02
2.336703240871429443e-02 2.398306876420974731e-02
2.085435576736927032e-02 2.839472517371177673e-02
2.581498026847839355e-02 2.589789405465126038e-02
2.369177900254726410e-02 2.122580260038375854e-02
1.847791485488414764e-02 2.012394741177558899e-02
1.626338995993137360e-02 2.259261347353458405e-02
1.767195016145706177e-02 2.398988977074623108e-02
1.849420182406902313e-02 2.150945737957954407e-02
1.609463803470134735e-02 1.797885075211524963e-02
1.322070043534040451e-02 1.569537632167339325e-02
1.194344647228717804e-02 1.504514925181865692e-02
1.227245945483446121e-02 1.488147862255573273e-02
1.270223408937454224e-02 1.414159871637821198e-02
1.207148935645818710e-02 1.283138059079647064e-02
1.054599042981863022e-02 1.143161952495574951e-02
8.865635842084884644e-03 1.094212196767330170e-02
8.157746866345405579e-03 1.111409999430179596e-02
8.192038163542747498e-03 1.085157506167888641e-02
7.880673743784427643e-03 9.996366687119007111e-03
7.069271989166736603e-03 9.238667786121368408e-03
6.422115024179220200e-03 8.958187885582447052e-03
6.266561336815357208e-03 8.379572071135044098e-03
5.812910385429859161e-03 7.576520554721355438e-03
5.035496782511472702e-03 7.331822067499160767e-03
4.668879322707653046e-03 7.435723207890987396e-03
4.707805812358856201e-03 7.327056489884853363e-03
4.739835858345031738e-03 6.879667751491069794e-03
4.579931963235139847e-03 6.377057638019323349e-03
4.374759737402200699e-03 5.977863911539316177e-03
4.195917863398790359e-03 5.676808301359415054e-03
4.036719445139169693e-03 5.369468592107295990e-03
3.831636160612106323e-03 5.018915981054306030e-03
3.561961231753230095e-03 4.780064802616834641e-03
3.385099815204739571e-03 4.620261490345001221e-03
3.289754036813974380e-03 4.459101241081953049e-03
3.215935081243515015e-03 4.234527237713336945e-03
3.105471609160304070e-03 3.972903359681367874e-03
2.986496547237038612e-03 3.745375666767358780e-03
2.915724879130721092e-03 3.574219066649675369e-03
2.860831562429666519e-03 3.516373457387089729e-03
2.821793779730796814e-03 3.532822011038661003e-03
2.767011057585477829e-03 3.558855969458818436e-03
2.713891211897134781e-03 3.489278722554445267e-03
2.657342236489057541e-03 3.308229614049196243e-03
2.602908760309219360e-03 3.118523396551609039e-03
2.562832087278366089e-03 2.992861205711960793e-03
2.501736860722303391e-03 2.973848721012473106e-03
2.432659966871142387e-03 3.042714670300483704e-03
2.391018671914935112e-03 3.122812137007713318e-03
2.385439118370413780e-03 3.095071762800216675e-03
2.348952693864703178e-03 2.984871156513690948e-03
2.292596502229571342e-03 2.904278691858053207e-03
2.269684569910168648e-03 2.894401084631681442e-03
2.266467781737446785e-03 2.914940007030963898e-03
2.230718499049544334e-03 2.953008515760302544e-03
2.184547716751694679e-03 3.002847312018275261e-03
2.173645421862602234e-03 3.004117170348763466e-03
2.161671174690127373e-03 2.952042268589138985e-03
2.126907231286168098e-03 2.904074732214212418e-03
2.103350823745131493e-03 2.878533210605382919e-03
2.099967328831553459e-03 2.856012200936675072e-03
2.085519488900899887e-03 2.859571250155568123e-03
2.068246249109506607e-03 2.885832218453288078e-03
2.057021949440240860e-03 2.892817137762904167e-03
2.046660985797643661e-03 2.863414352759718895e-03
2.032239455729722977e-03 2.832405501976609230e-03
2.018220722675323486e-03 2.832064405083656311e-03
2.005280693992972374e-03 2.859977306798100471e-03
1.997648971155285835e-03 2.878713188692927361e-03
1.988056348636746407e-03 2.873568329960107803e-03
1.975544495508074760e-03 2.858506981283426285e-03
1.967870397493243217e-03 2.844016533344984055e-03
1.962556270882487297e-03 2.838231856003403664e-03
1.951292855665087700e-03 2.854526042938232422e-03
1.942776492796838284e-03 2.871203236281871796e-03
1.937044551596045494e-03 2.859869739040732384e-03
1.927224919199943542e-03 2.840530360117554665e-03
1.918064430356025696e-03 2.840641653165221214e-03
1.910265884362161160e-03 2.850226825103163719e-03
1.901104347780346870e-03 2.845822600647807121e-03
1.892918371595442295e-03 2.827409422025084496e-03
1.885829260572791100e-03 2.813926199451088905e-03
1.878143986687064171e-03 2.813255880028009415e-03
1.871653250418603420e-03 2.815449610352516174e-03
1.864686957560479641e-03 2.815474523231387138e-03
1.857355586253106594e-03 2.809572266414761543e-03
1.850612694397568703e-03 2.793169347569346428e-03
1.843194244429469109e-03 2.777822082862257957e-03
1.836181618273258209e-03 2.775090979412198067e-03
1.829292858019471169e-03 2.779620932415127754e-03
1.822009333409368992e-03 2.784086856991052628e-03
1.815196825191378593e-03 2.786499913781881332e-03
1.808084547519683838e-03 2.781453542411327362e-03
1.800964353606104851e-03 2.766802441328763962e-03
1.794155337847769260e-03 2.756356494501233101e-03
1.786764012649655342e-03 2.758814254775643349e-03
1.779598533175885677e-03 2.758372109383344650e-03
1.772755407728254795e-03 2.746261423453688622e-03
1.765452674590051174e-03 2.737057162448763847e-03
1.758288824930787086e-03 2.737026195973157883e-03
1.751040690578520298e-03 2.738827839493751526e-03
1.743558212183415890e-03 2.739720977842807770e-03
1.735870726406574249e-03 2.740176860243082047e-03
1.728186616674065590e-03 2.740050666034221649e-03
1.720456639304757118e-03 2.742325887084007263e-03
1.712390920147299767e-03 2.745638834312558174e-03
1.704448484815657139e-03 2.745088655501604080e-03
1.696353196166455746e-03 2.745743142440915108e-03
1.688000978901982307e-03 2.749169943854212761e-03
1.679731765761971474e-03 2.746288897469639778e-03
1.671203644946217537e-03 2.739770105108618736e-03
1.662551425397396088e-03 2.736552152782678604e-03
1.653796294704079628e-03 2.732428954914212227e-03
1.644937554374337196e-03 2.728108316659927368e-03
1.635940396226942539e-03 2.727397950366139412e-03
1.626917743124067783e-03 2.723484998568892479e-03
1.617882749997079372e-03 2.714761998504400253e-03
1.608713530004024506e-03 2.707320032641291618e-03
1.599585288204252720e-03 2.702065510675311089e-03
1.590385450981557369e-03 2.699668984860181808e-03
1.581211807206273079e-03 2.696782117709517479e-03
1.572090433910489082e-03 2.690262859687209129e-03
1.563017955049872398e-03 2.685790881514549255e-03
1.554015441797673702e-03 2.681690501049160957e-03
1.545084291137754917e-03 2.675840398296713829e-03
1.536263967864215374e-03 2.672872506082057953e-03
1.527565415017306805e-03 2.667926019057631493e-03
1.519009820185601711e-03 2.661285921931266785e-03
1.510597765445709229e-03 2.656980184838175774e-03
1.502356724813580513e-03 2.652139402925968170e-03
1.494247931987047195e-03 2.648035995662212372e-03
1.486323657445609570e-03 2.641902770847082138e-03
1.478521036915481091e-03 2.636425197124481201e-03
1.470865798182785511e-03 2.632185351103544235e-03
1.463322085328400135e-03 2.626903122290968895e-03
1.455882331356406212e-03 2.623402280732989311e-03
1.448530354537069798e-03 2.615925157442688942e-03
1.441243453882634640e-03 2.610178897157311440e-03
1.433996600098907948e-03 2.603950910270214081e-03
1.426783739589154720e-03 2.600427251309156418e-03
1.419578329659998417e-03 2.594353398308157921e-03
1.412380603142082691e-03 2.591384341940283775e-03
1.405159942805767059e-03 2.584923524409532547e-03
1.397919608280062675e-03 2.584040863439440727e-03
1.390642253682017326e-03 2.577714854851365089e-03
1.383333466947078705e-03 2.582099521532654762e-03
1.376000931486487389e-03 2.568649826571345329e-03
1.368715544231235981e-03 2.585758455097675323e-03
1.361713744699954987e-03 2.553209429606795311e-03
1.355794956907629967e-03 2.617180813103914261e-03
1.353807281702756882e-03 2.529028337448835373e-03
1.366196083836257458e-03 2.808717079460620880e-03
1.429337658919394016e-03 2.697744406759738922e-03
1.668657525442540646e-03 4.017231985926628113e-03
2.294312231242656708e-03 4.093628842383623123e-03
3.287759143859148026e-03 4.639001097530126572e-03
2.754498273134231567e-03 2.643674146384000778e-03
1.400822889991104603e-03 2.895565005019307137e-03
1.835688366554677486e-03 3.942255862057209015e-03
2.087965141981840134e-03 2.671278547495603561e-03
1.306265126913785934e-03 2.895329613238573074e-03
1.832013600505888462e-03 3.182483837008476257e-03
1.494222902692854404e-03 3.111207392066717148e-03
1.482481136918067932e-03 2.760911826044321060e-03
1.603528158739209175e-03 2.728532068431377411e-03
1.330390106886625290e-03 3.258324693888425827e-03
1.584566780366003513e-03 2.676491159945726395e-03
1.277021830901503563e-03 2.731984248384833336e-03
1.514750998467206955e-03 2.703859470784664154e-03
1.268837717361748219e-03 3.002237528562545776e-03
1.431028940714895725e-03 2.619395498186349869e-03
1.274183043278753757e-03 2.579248743131756783e-03
1.359156682156026363e-03 2.723725512623786926e-03
1.269457279704511166e-03 2.789433114230632782e-03
1.298489281907677650e-03 2.519091591238975525e-03
1.266560051590204239e-03 2.544836839661002159e-03
1.247887848876416683e-03 2.728582127019762993e-03
1.252791960723698139e-03 2.616698155179619789e-03
1.210001995787024498e-03 2.549256896600127220e-03
1.236841315403580666e-03 2.532727550715208054e-03
1.175859477370977402e-03 2.679803408682346344e-03
1.216400880366563797e-03 2.582545159384608269e-03
1.152463373728096485e-03 2.516031265258789062e-03
1.192469382658600807e-03 2.559622051194310188e-03
1.133120618760585785e-03 2.652193652465939522e-03
1.164598506875336170e-03 2.519671572372317314e-03
1.120257074944674969e-03 2.535844221711158752e-03
1.137741724960505962e-03 2.551408251747488976e-03
1.109630218707025051e-03 2.591029275208711624e-03
1.109365839511156082e-03 2.503430470824241638e-03
1.098377048037946224e-03 2.510916907340288162e-03
1.083181006833910942e-03 2.568079624325037003e-03
1.085732365027070045e-03 2.518650377169251442e-03
1.062307390384376049e-03 2.509457292035222054e-03
1.070735277608036995e-03 2.494780113920569420e-03
1.047042198479175568e-03 2.550847595557570457e-03
1.053772168233990669e-03 2.461658557876944542e-03
1.039100694470107555e-03 2.525759628042578697e-03
1.043348573148250580e-03 2.473248867318034172e-03
1.054632011801004410e-03 2.655507298186421394e-03
1.100059715099632740e-03 2.544342773035168648e-03
1.273102010600268841e-03 3.452904988080263138e-03
1.795680960640311241e-03 4.002038389444351196e-03
3.093527862802147865e-03 6.650858558714389801e-03
4.965405911207199097e-03 4.381417762488126755e-03
3.645307850092649460e-03 2.384893363341689110e-03
1.100316410884261131e-03 3.972391132265329361e-03
2.464007120579481125e-03 2.699894830584526062e-03
1.872795866802334785e-03 2.321438863873481750e-03
1.427408540621399879e-03 3.585363505408167839e-03
2.022788394242525101e-03 2.393239643424749374e-03
1.222183578647673130e-03 2.653062110766768456e-03
1.791821559891104698e-03 2.431552391499280930e-03
1.230447203852236271e-03 3.042498137801885605e-03
1.557557727210223675e-03 2.422583056613802910e-03
1.277134404517710209e-03 2.422252669930458069e-03
1.358268316835165024e-03 2.653141273185610771e-03
1.302132033742964268e-03 2.676852047443389893e-03
1.211042283102869987e-03 2.550400560721755028e-03
1.317111542448401451e-03 2.336099278181791306e-03
1.102370093576610088e-03 2.720420248806476593e-03
1.295409398153424263e-03 2.474995097145438194e-03
1.045466167852282524e-03 2.540164627134799957e-03
1.242065452970564365e-03 2.378743607550859451e-03
1.030958141200244427e-03 2.608758164569735527e-03
1.169295865111052990e-03 2.399635501205921173e-03
1.037743524648249149e-03 2.401013625785708427e-03
1.098125823773443699e-03 2.472768304869532585e-03
1.043296651914715767e-03 2.520590787753462791e-03
1.042774063535034657e-03 2.386873122304677963e-03
1.036718836985528469e-03 2.345609012991189957e-03
1.009569270536303520e-03 2.496652770787477493e-03
1.017099246382713318e-03 2.482070587575435638e-03
9.890785440802574158e-04 2.356447279453277588e-03
9.935110574588179588e-04 2.352666342630982399e-03
9.740159148350358009e-04 2.460085088387131691e-03
9.717460488900542259e-04 2.434714697301387787e-03
9.580667247064411640e-04 2.349009271711111069e-03
9.549098322167992592e-04 2.376710064709186554e-03
9.418058907613158226e-04 2.432629466056823730e-03
9.411100181750953197e-04 2.380942925810813904e-03
9.265836561098694801e-04 2.353096147999167442e-03
9.281827951781451702e-04 2.385235391557216644e-03
9.146605734713375568e-04 2.383944112807512283e-03
9.151709382422268391e-04 2.336845034733414650e-03
9.052258683368563652e-04 2.365594031289219856e-03
9.022917365655303001e-04 2.399899996817111969e-03
8.963585714809596539e-04 2.362330909818410873e-03
8.917573723010718822e-04 2.345469780266284943e-03
8.866537245921790600e-04 2.396365627646446228e-03
8.835277403704822063e-04 2.397467382252216339e-03
8.758454350754618645e-04 2.362799365073442459e-03
8.764684316702187061e-04 2.371064620092511177e-03
8.664919296279549599e-04 2.414537128061056137e-03
8.684351341798901558e-04 2.391548361629247665e-03
8.601784938946366310e-04 2.382586477324366570e-03
8.587565971538424492e-04 2.407632535323500633e-03
8.559056441299617290e-04 2.403536112979054451e-03
8.495906367897987366e-04 2.388377673923969269e-03
8.507440797984600067e-04 2.397157484665513039e-03
8.434966439381241798e-04 2.406456507742404938e-03
8.435175986960530281e-04 2.387336920946836472e-03
8.397585479542613029e-04 2.392193768173456192e-03
8.362374501302838326e-04 2.408937318250536919e-03
8.351835422217845917e-04 2.399736782535910606e-03
8.313368307426571846e-04 2.396534429863095284e-03
8.291189442388713360e-04 2.406985266134142876e-03
8.275244617834687233e-04 2.402866026386618614e-03
8.238993468694388866e-04 2.404224593192338943e-03
8.225206984207034111e-04 2.410664223134517670e-03
8.203546749427914619e-04 2.401518169790506363e-03
8.174221729859709740e-04 2.403087681159377098e-03
8.163863676600158215e-04 2.416705945506691933e-03
8.139205165207386017e-04 2.408131957054138184e-03
8.117997786030173302e-04 2.398345619440078735e-03
8.105749147944152355e-04 2.411982510238885880e-03
8.083828724920749664e-04 2.414826070889830589e-03
8.065282600000500679e-04 2.404439728707075119e-03
8.053742349147796631e-04 2.409343840554356575e-03
8.032539626583456993e-04 2.416038420051336288e-03
8.017312502488493919e-04 2.413718961179256439e-03
8.004258270375430584e-04 2.415924100205302238e-03
7.986696437001228333e-04 2.416061237454414368e-03
7.971489685587584972e-04 2.415657276287674904e-03
7.959234644658863544e-04 2.422012854367494583e-03
7.944062235765159130e-04 2.420999342575669289e-03
7.928475970402359962e-04 2.418059157207608223e-03
7.918073679320514202e-04 2.423467580229043961e-03
7.903106743469834328e-04 2.424682257696986198e-03
7.889707339927554131e-04 2.423508791252970695e-03
7.877728785388171673e-04 2.424893900752067566e-03
7.865807274356484413e-04 2.423068042844533920e-03
7.851899717934429646e-04 2.426176331937313080e-03
7.840665057301521301e-04 2.428381470963358879e-03
7.829082896932959557e-04 2.422673860564827919e-03
7.817091536708176136e-04 2.425626851618289948e-03
7.804695051163434982e-04 2.430906519293785095e-03
7.794707780703902245e-04 2.426242455840110779e-03
7.782868342474102974e-04 2.426591701805591583e-03
7.771682576276361942e-04 2.430091612040996552e-03
7.760679000057280064e-04 2.429306972771883011e-03
7.750570075586438179e-04 2.429629908874630928e-03
7.739395950920879841e-04 2.428952138870954514e-03
7.728841155767440796e-04 2.429433632642030716e-03
7.718430133536458015e-04 2.431418979540467262e-03
7.708610501140356064e-04 2.429364714771509171e-03
7.697902619838714600e-04 2.429381012916564941e-03
7.687884499318897724e-04 2.430650871247053146e-03
7.678008987568318844e-04 2.430152148008346558e-03
7.668305188417434692e-04 2.430522348731756210e-03
7.658292306587100029e-04 2.429047832265496254e-03
7.648586761206388474e-04 2.429690910503268242e-03
7.639050018042325974e-04 2.431235043331980705e-03
7.629704196006059647e-04 2.428515348583459854e-03
7.620155811309814453e-04 2.429218031466007233e-03
7.610713364556431770e-04 2.430661115795373917e-03
7.601528195664286613e-04 2.429207554087042809e-03
7.592417532578110695e-04 2.429711865261197090e-03
7.583296392112970352e-04 2.429810818284749985e-03
7.574188057333230972e-04 2.430147258564829826e-03
7.565200212411582470e-04 2.430333057418465614e-03
7.556347409263253212e-04 2.429600805044174194e-03
7.547580753453075886e-04 2.430333988741040230e-03
7.538775680586695671e-04 2.430087421089410782e-03
7.530022994615137577e-04 2.430036431178450584e-03
7.521386141888797283e-04 2.429878804832696915e-03
7.512827869504690170e-04 2.429662272334098816e-03
7.504332461394369602e-04 2.430460182949900627e-03
7.495854515582323074e-04 2.429445507004857063e-03
7.487407419830560684e-04 2.429804299026727676e-03
7.479019695892930031e-04 2.430213848128914833e-03
7.470715208910405636e-04 2.429514192044734955e-03
7.462468347512185574e-04 2.430022927001118660e-03
7.454241276718676090e-04 2.429765881970524788e-03
7.446064846590161324e-04 2.429945394396781921e-03
7.437904132530093193e-04 2.429821528494358063e-03
7.429798133671283722e-04 2.429836429655551910e-03
7.421730551868677139e-04 2.429852029308676720e-03
7.413726416416466236e-04 2.429591957479715347e-03
7.405744399875402451e-04 2.429760526865720749e-03
7.397799054160714149e-04 2.429255517199635506e-03
7.389881066046655178e-04 2.429562387987971306e-03
7.381989853456616402e-04 2.429043874144554138e-03
7.374127162620425224e-04 2.429140266031026840e-03
7.366290665231645107e-04 2.429081359878182411e-03
7.358497241511940956e-04 2.428716281428933144e-03
7.350721280090510845e-04 2.428810112178325653e-03
7.342986064031720161e-04 2.428623382002115250e-03
7.335268310271203518e-04 2.428549341857433319e-03
7.327576167881488800e-04 2.428205450996756554e-03
7.319905562326312065e-04 2.428421517834067345e-03
7.312253583222627640e-04 2.427872736006975174e-03
7.304622558876872063e-04 2.428044099360704422e-03
7.297014235518872738e-04 2.427343511953949928e-03
7.289423374459147453e-04 2.427727682515978813e-03
7.281861035153269768e-04 2.426802646368741989e-03
7.274324307218194008e-04 2.427179599180817604e-03
7.266832399182021618e-04 2.426081802695989609e-03
7.259405101649463177e-04 2.426988445222377777e-03
7.252100622281432152e-04 2.424823353067040443e-03
7.245032466016709805e-04 2.426974242553114891e-03
7.238464313559234142e-04 2.423322992399334908e-03
7.233008509501814842e-04 2.428082749247550964e-03
7.230095798149704933e-04 2.421154640614986420e-03
7.233206997625529766e-04 2.433467889204621315e-03
7.251335773617029190e-04 2.421113662421703339e-03
7.306347833946347237e-04 2.458286006003618240e-03
7.459793705493211746e-04 2.447804436087608337e-03
7.850280962884426117e-04 2.592297503724694252e-03
8.878624066710472107e-04 2.681310521438717842e-03
1.112607074901461601e-03 3.271180437877774239e-03
1.589178456924855709e-03 3.653313964605331421e-03
2.219639718532562256e-03 4.442980512976646423e-03
2.563633257523179054e-03 3.181361826136708260e-03
1.754005090333521366e-03 2.418911317363381386e-03
7.737654377706348896e-04 3.073700703680515289e-03
1.256845192983746529e-03 2.820620546117424965e-03
1.406480441801249981e-03 2.469042316079139709e-03
7.910876302048563957e-04 3.024674719199538231e-03
1.135266618803143501e-03 2.596418140456080437e-03
1.054343068972229958e-03 2.484727418050169945e-03
8.203767356462776661e-04 2.925866050645709038e-03
1.057612476870417595e-03 2.562251640483736992e-03
8.558153058402240276e-04 2.507428172975778580e-03
8.845568518154323101e-04 2.679693279787898064e-03
9.367034654133021832e-04 2.548869233578443527e-03
7.911039283499121666e-04 2.475841902196407318e-03
9.208206902258098125e-04 2.407074440270662308e-03
7.911475258879363537e-04 2.541123423725366592e-03
8.543805452063679695e-04 2.375805284827947617e-03
8.120341226458549500e-04 2.326285466551780701e-03
8.005560375750064850e-04 2.434644615277647972e-03
8.161004516296088696e-04 2.380788093432784081e-03
7.704732706770300865e-04 2.332592150196433067e-03
8.056414080783724785e-04 2.362859202548861504e-03
7.596186478622257710e-04 2.455400070175528526e-03
7.844878127798438072e-04 2.367880428209900856e-03
7.611316395923495293e-04 2.379495650529861450e-03
7.598287775181233883e-04 2.476061927154660225e-03
7.641106494702398777e-04 2.423961879685521126e-03
7.429331308230757713e-04 2.399345859885215759e-03
7.579975645057857037e-04 2.450200263410806656e-03
7.393367122858762741e-04 2.468691905960440636e-03
7.420526235364377499e-04 2.403578720986843109e-03
7.431561825796961784e-04 2.415164839476346970e-03
7.272998336702585220e-04 2.490458777174353600e-03
7.415572181344032288e-04 2.413706388324499130e-03
7.226368761621415615e-04 2.399250399321317673e-03
7.297991542145609856e-04 2.462496981024742126e-03
7.261930732056498528e-04 2.440334996208548546e-03
7.164573762565851212e-04 2.395882271230220795e-03
7.272969232872128487e-04 2.418658696115016937e-03
7.113635656423866749e-04 2.456112531945109367e-03
7.203171262517571449e-04 2.394672017544507980e-03
7.136190542951226234e-04 2.395020797848701477e-03
7.108566351234912872e-04 2.441142685711383820e-03
7.139554363675415516e-04 2.404086524620652199e-03
7.069672574289143085e-04 2.387166488915681839e-03
7.085394463501870632e-04 2.421673387289047241e-03
7.076435140334069729e-04 2.410441404208540916e-03
7.028285763226449490e-04 2.390082692727446556e-03
7.060806965455412865e-04 2.409421373158693314e-03
7.016107556410133839e-04 2.415578346699476242e-03
7.011558627709746361e-04 2.394748385995626450e-03
7.019290351308882236e-04 2.405648818239569664e-03
6.976060685701668262e-04 2.418764401227235794e-03
6.993015413172543049e-04 2.394280629232525826e-03
6.971848779357969761e-04 2.397604985162615776e-03
6.952567491680383682e-04 2.413075650110840797e-03
6.963601335883140564e-04 2.388905966654419899e-03
6.934198318049311638e-04 2.383770421147346497e-03
6.933980039320886135e-04 2.399305813014507294e-03
6.929063238203525543e-04 2.383767860010266304e-03
6.908653303980827332e-04 2.374987350776791573e-03
6.910224328748881817e-04 2.390210749581456184e-03
6.898413412272930145e-04 2.384441439062356949e-03
6.886151386424899101e-04 2.374927978962659836e-03
6.883672904223203659e-04 2.386231673881411552e-03
6.873319507576525211e-04 2.383644925430417061e-03
6.861687288619577885e-04 2.373876748606562614e-03
6.860648281872272491e-04 2.381144324317574501e-03
6.847429904155433178e-04 2.380422316491603851e-03
6.840368150733411312e-04 2.370613627135753632e-03
6.836664397269487381e-04 2.375818323343992233e-03
6.824152078479528427e-04 2.375723328441381454e-03
6.819392438046634197e-04 2.364543033763766289e-03
6.813168292865157127e-04 2.367572858929634094e-03
6.802644929848611355e-04 2.368272747844457626e-03
6.798078538849949837e-04 2.357032382860779762e-03
6.790751358494162560e-04 2.358648926019668579e-03
6.781936972402036190e-04 2.360678510740399361e-03
6.776825175620615482e-04 2.350801602005958557e-03
6.769425817765295506e-04 2.350743161514401436e-03
6.761617842130362988e-04 2.352439565584063530e-03
6.755870999768376350e-04 2.344467910006642342e-03
6.749111926183104515e-04 2.344523323699831963e-03
6.741249235346913338e-04 2.346187364310026169e-03
6.735781789757311344e-04 2.339886035770177841e-03
6.728955195285379887e-04 2.340722130611538887e-03
6.721523241139948368e-04 2.342035295441746712e-03
6.715990602970123291e-04 2.336197532713413239e-03
6.709228619001805782e-04 2.337116748094558716e-03
6.702275713905692101e-04 2.337673446163535118e-03
6.696486379951238632e-04 2.331507625058293343e-03
6.690036971122026443e-04 2.331465249881148338e-03
6.683319224976003170e-04 2.331107854843139648e-03
6.677415221929550171e-04 2.325379522517323494e-03
6.671182345598936081e-04 2.325065899640321732e-03
6.664746906608343124e-04 2.324255881831049919e-03
6.658677011728286743e-04 2.319679362699389458e-03
6.652727606706321239e-04 2.319411840289831161e-03
6.646450492553412914e-04 2.317954553291201591e-03
6.640331703238189220e-04 2.314654178917407990e-03
6.634573219344019890e-04 2.314704470336437225e-03
6.628443370573222637e-04 2.312491647899150848e-03
6.622391520068049431e-04 2.310024108737707138e-03
6.616663304157555103e-04 2.310178941115736961e-03
6.610758136957883835e-04 2.307253424078226089e-03
6.604787195101380348e-04 2.305219182744622231e-03
6.599066546186804771e-04 2.305071568116545677e-03
6.593329599127173424e-04 2.301851287484169006e-03
6.587489042431116104e-04 2.300353022292256355e-03
6.581775960512459278e-04 2.299715997651219368e-03
6.576143205165863037e-04 2.296607242897152901e-03
6.570476107299327850e-04 2.295656362548470497e-03
6.564782233908772469e-04 2.294322010129690170e-03
6.559214671142399311e-04 2.291467273607850075e-03
6.553683197125792503e-04 2.290843753144145012e-03
6.548084202222526073e-04 2.288832329213619232e-03
6.542555638588964939e-04 2.286407398059964180e-03
6.537099834531545639e-04 2.285935217514634132e-03
6.531628896482288837e-04 2.283649984747171402e-03
6.526155048049986362e-04 2.281893277540802956e-03
6.520749884657561779e-04 2.281214809045195580e-03
6.515377317555248737e-04 2.278863918036222458e-03
6.510001840069890022e-04 2.277519088238477707e-03
6.504645571112632751e-04 2.276247134432196617e-03
6.499325972981750965e-04 2.274190308526158333e-03
6.494050612673163414e-04 2.273064106702804565e-03
6.488768849521875381e-04 2.271262928843498230e-03
6.483505130745470524e-04 2.269667340442538261e-03
6.478287978097796440e-04 2.268471522256731987e-03
6.473091780208051205e-04 2.266488736495375633e-03
6.467903149314224720e-04 2.265358809381723404e-03
6.462735473178327084e-04 2.263936214148998260e-03
6.457602721638977528e-04 2.262200927361845970e-03
6.452492089010775089e-04 2.261315705254673958e-03
6.447393097914755344e-04 2.259622327983379364e-03
6.442315061576664448e-04 2.258357591927051544e-03
6.437258562073111534e-04 2.257233252748847008e-03
6.432232330553233624e-04 2.255515195429325104e-03
6.427222979255020618e-04 2.254511229693889618e-03
6.422225851565599442e-04 2.253073034808039665e-03
6.417253753170371056e-04 2.251551719382405281e-03
6.412311922758817673e-04 2.250628778710961342e-03
6.407389882951974869e-04 2.248942852020263672e-03
6.402495782822370529e-04 2.247912343591451645e-03
6.397643592208623886e-04 2.246491611003875732e-03
6.392858340404927731e-04 2.245394047349691391e-03
6.388223264366388321e-04 2.243870403617620468e-03
6.383926956914365292e-04 2.243290189653635025e-03
6.380481063388288021e-04 2.241219393908977509e-03
6.379297119565308094e-04 2.242311369627714157e-03
6.384429871104657650e-04 2.239227760583162308e-03
6.407374748960137367e-04 2.247310476377606392e-03
6.483258912339806557e-04 2.247458323836326599e-03
6.709163426421582699e-04 2.296056132763624191e-03
7.371836691163480282e-04 2.348506823182106018e-03
8.946842281147837639e-04 2.609638962894678116e-03
1.208618283271789551e-03 2.781413961201906204e-03
1.543562626466155052e-03 3.206171095371246338e-03
1.669046818278729916e-03 2.716006943956017494e-03
1.414373749867081642e-03 2.685538958758115768e-03
1.000269083306193352e-03 2.248911419883370399e-03
8.637983119115233421e-04 2.284585498273372650e-03
8.801333606243133545e-04 2.617413643747568130e-03
9.185007656924426556e-04 2.321435837075114250e-03
8.968884358182549477e-04 2.313550561666488647e-03
7.464552181772887707e-04 2.464574063196778297e-03
7.803738699294626713e-04 2.366669708862900734e-03
8.696661097928881645e-04 2.329421928152441978e-03
7.024640799500048161e-04 2.410311019048094749e-03
7.325280457735061646e-04 2.346305875107645988e-03
8.161099394783377647e-04 2.282632514834403992e-03
6.703995750285685062e-04 2.362355589866638184e-03
7.263252628035843372e-04 2.260598354041576385e-03
7.539381622336804867e-04 2.245285548269748688e-03
6.609794800169765949e-04 2.331014256924390793e-03
7.164327544160187244e-04 2.216645749285817146e-03
7.031064596958458424e-04 2.249056007713079453e-03
6.653494201600551605e-04 2.318820217624306679e-03
6.924472982063889503e-04 2.215014072135090828e-03
6.749709718860685825e-04 2.253799466416239738e-03
6.675108452327549458e-04 2.306027337908744812e-03
6.690719746984541416e-04 2.233148552477359772e-03
6.627032998949289322e-04 2.261898713186383247e-03
6.644855602644383907e-04 2.292726421728730202e-03
6.528901285491883755e-04 2.245104871690273285e-03
6.564871291629970074e-04 2.255293773487210274e-03
6.586144445464015007e-04 2.265816554427146912e-03
6.415836978703737259e-04 2.252743812277913094e-03
6.512527470476925373e-04 2.258840249851346016e-03
6.510723032988607883e-04 2.259178319945931435e-03
6.350604235194623470e-04 2.268946031108498573e-03
6.463009631261229515e-04 2.267353935167193413e-03
6.442354642786085606e-04 2.248274162411689758e-03
6.328528397716581821e-04 2.267835428938269615e-03
6.408120389096438885e-04 2.263646107167005539e-03
6.383401341736316681e-04 2.236522966995835304e-03
6.328094168566167355e-04 2.259753644466400146e-03
6.353078060783445835e-04 2.257691696286201477e-03
6.329551106318831444e-04 2.233844716101884842e-03
6.325872964225709438e-04 2.261695452034473419e-03
6.309283198788762093e-04 2.258240012452006340e-03
6.286558927968144417e-04 2.238182350993156433e-03
6.311987526714801788e-04 2.264415845274925232e-03
6.282310350798070431e-04 2.253057435154914856e-03
6.255435291677713394e-04 2.236724365502595901e-03
6.284491391852498055e-04 2.262144582346081734e-03
6.265727570280432701e-04 2.245969837531447411e-03
6.238514324650168419e-04 2.234865445643663406e-03
6.252095336094498634e-04 2.254935679957270622e-03
6.245074910111725330e-04 2.237118780612945557e-03
6.228176644071936607e-04 2.232534345239400864e-03
6.227505509741604328e-04 2.247926080599427223e-03
6.220370996743440628e-04 2.236835425719618797e-03
6.215946050360798836e-04 2.236333908513188362e-03
6.213490269146859646e-04 2.241044072434306145e-03
6.199394701980054379e-04 2.234606770798563957e-03
6.196218309924006462e-04 2.234142506495118141e-03
6.199529161676764488e-04 2.234813058748841286e-03
6.187175167724490166e-04 2.235865918919444084e-03
6.178141338750720024e-04 2.232810249552130699e-03
6.180272321216762066e-04 2.232943894341588020e-03
6.175293237902224064e-04 2.236498054116964340e-03
6.167055689729750156e-04 2.228628378361463547e-03
6.163328653201460838e-04 2.231455873697996140e-03
6.158985197544097900e-04 2.233546925708651543e-03
6.154996808618307114e-04 2.225371310487389565e-03
6.151640554890036583e-04 2.232837956398725510e-03
6.145504885353147984e-04 2.231271238997578621e-03
6.140142795629799366e-04 2.226829761639237404e-03
6.137865711934864521e-04 2.233574632555246353e-03
6.134720169939100742e-04 2.227312186732888222e-03
6.129186949692666531e-04 2.226980635896325111e-03
6.124079809524118900e-04 2.229989273473620415e-03
6.120874895714223385e-04 2.226153621450066566e-03
6.118034361861646175e-04 2.228581579402089119e-03
6.113743293099105358e-04 2.227375749498605728e-03
6.108933594077825546e-04 2.226812997832894325e-03
6.105297361500561237e-04 2.226419281214475632e-03
6.101932376623153687e-04 2.225027885288000107e-03
6.097897421568632126e-04 2.226564567536115646e-03
6.094216951169073582e-04 2.223704475909471512e-03
6.090914248488843441e-04 2.224300755187869072e-03
6.087000947445631027e-04 2.223666524514555931e-03
6.082867039367556572e-04 2.221308648586273193e-03
6.079208105802536011e-04 2.222650917246937752e-03
6.076010758988559246e-04 2.221310045570135117e-03
6.072846590541303158e-04 2.221137285232543945e-03
6.069296505302190781e-04 2.221317030489444733e-03
6.065388442948460579e-04 2.221276983618736267e-03
6.061532185412943363e-04 2.220547990873456001e-03
6.058071739971637726e-04 2.220813184976577759e-03
6.054857512935996056e-04 2.220145659521222115e-03
6.051675300113856792e-04 2.218904672190546989e-03
6.048516952432692051e-04 2.219497924670577049e-03
6.045243353582918644e-04 2.217540750280022621e-03
6.041864980943500996e-04 2.217866247519850731e-03
6.038451683707535267e-04 2.216811291873455048e-03
6.035094265826046467e-04 2.216598251834511757e-03
6.031743250787258148e-04 2.215878339484333992e-03
6.028484785929322243e-04 2.216215711086988449e-03
6.025373586453497410e-04 2.214904408901929855e-03
6.022525485605001450e-04 2.215134212747216225e-03
6.020098808221518993e-04 2.214259235188364983e-03
6.018909043632447720e-04 2.214029431343078613e-03
6.020030705258250237e-04 2.213354920968413353e-03
6.028676289133727551e-04 2.214124193415045738e-03
6.049328367225825787e-04 2.212053164839744568e-03
6.114926654845476151e-04 2.214746316894888878e-03
6.179277552291750908e-04 2.210001461207866669e-03
6.302637630142271519e-04 2.209301339462399483e-03
6.186301470734179020e-04 2.197339199483394623e-03
6.096194847486913204e-04 2.211991697549819946e-03
6.108130328357219696e-04 2.195016480982303619e-03
6.183361983858048916e-04 2.238756977021694183e-03
6.221373914740979671e-04 2.191463252529501915e-03
6.175863672979176044e-04 2.235834486782550812e-03
6.135478033684194088e-04 2.206151140853762627e-03
6.164803053252398968e-04 2.231142250820994377e-03
6.243487587198615074e-04 2.216394525021314621e-03
6.329868920147418976e-04 2.236378611996769905e-03
6.341001717373728752e-04 2.205462427809834480e-03
6.382526480592787266e-04 2.274418016895651817e-03
6.523967604152858257e-04 2.219688612967729568e-03
6.727206055074930191e-04 2.320348750799894333e-03
6.952593685127794743e-04 2.242490183562040329e-03
7.137568318285048008e-04 2.351484494283795357e-03
7.332054665312170982e-04 2.266405848786234856e-03
7.457147003151476383e-04 2.357040531933307648e-03
7.479841005988419056e-04 2.241301350295543671e-03
7.272514631040394306e-04 2.284459536895155907e-03
6.801230483688414097e-04 2.174118766561150551e-03
6.304075941443443298e-04 2.187652746215462685e-03
6.033593672327697277e-04 2.175909467041492462e-03
6.042012246325612068e-04 2.165047451853752136e-03
6.211287691257894039e-04 2.227385295554995537e-03
6.362918065860867500e-04 2.175430534407496452e-03
6.399183184839785099e-04 2.235966967418789864e-03
6.305433344095945358e-04 2.170910593122243881e-03
6.125066429376602173e-04 2.190029714256525040e-03
5.981771391816437244e-04 2.190926810726523399e-03
5.967526813037693501e-04 2.180808223783969879e-03
6.067693466320633888e-04 2.237813081592321396e-03
6.170520209707319736e-04 2.189530292525887489e-03
6.170780397951602936e-04 2.224573632702231407e-03
6.080312305130064487e-04 2.184423618018627167e-03
5.979901761747896671e-04 2.192775486037135124e-03
5.939318798482418060e-04 2.205971861258149147e-03
5.959679256193339825e-04 2.188925864174962044e-03
5.996934487484395504e-04 2.221470465883612633e-03
6.022059242241084576e-04 2.190565690398216248e-03
6.022129091434180737e-04 2.215837594121694565e-03
6.003269227221608162e-04 2.193886786699295044e-03
5.975188687443733215e-04 2.203656826168298721e-03
5.944307195022702217e-04 2.194511005654931068e-03
5.924690631218254566e-04 2.191388513892889023e-03
5.913426284678280354e-04 2.202452160418033600e-03
5.916553782299160957e-04 2.189246471971273422e-03
5.929257022216916084e-04 2.210118342190980911e-03
5.944023141637444496e-04 2.189494669437408447e-03
5.954722873866558075e-04 2.209708793088793755e-03
5.958341644145548344e-04 2.191405510529875755e-03
5.957318935543298721e-04 2.209289697930216789e-03
5.949373589828610420e-04 2.193263266235589981e-03
5.944329896010458469e-04 2.203827025368809700e-03
5.932095227763056755e-04 2.193888649344444275e-03
5.927286692894995213e-04 2.199277514591813087e-03
5.912530468776822090e-04 2.195146866142749786e-03
5.907095037400722504e-04 2.194673987105488777e-03
5.895200883969664574e-04 2.197738969698548317e-03
5.893171182833611965e-04 2.191779669374227524e-03
5.888250307179987431e-04 2.204703399911522865e-03
5.893744528293609619e-04 2.192429499700665474e-03
5.903993733227252960e-04 2.215207554399967194e-03
5.934133077971637249e-04 2.193957334384322166e-03
5.983086302876472473e-04 2.238024957478046417e-03
6.083518965169787407e-04 2.206925302743911743e-03
6.240629008971154690e-04 2.299255225807428360e-03
6.537778535857796669e-04 2.257498912513256073e-03
6.990833790041506290e-04 2.447990700602531433e-03
7.779842708259820938e-04 2.402253681793808937e-03
8.915305370464920998e-04 2.734335605055093765e-03
1.064616721123456955e-03 2.618215046823024750e-03
1.223417231813073158e-03 2.886873437091708183e-03
1.281250151805579662e-03 2.414586255326867104e-03
1.055443426594138145e-03 2.279598731547594070e-03
6.932950345799326897e-04 2.179097384214401245e-03
6.356344092637300491e-04 2.212059451267123222e-03
8.357380283996462822e-04 2.416321542114019394e-03
8.226427016779780388e-04 2.159154042601585388e-03
6.779232644475996494e-04 2.169132232666015625e-03
6.949087837710976601e-04 2.249144250527024269e-03
7.096164627000689507e-04 2.174623310565948486e-03
6.680287187919020653e-04 2.229188103228807449e-03
6.824162555858492851e-04 2.196000888943672180e-03
6.692558526992797852e-04 2.188310492783784866e-03
6.433559465222060680e-04 2.218111418187618256e-03
6.500064046122133732e-04 2.188001992180943489e-03
6.391585920937359333e-04 2.221351722255349159e-03
6.497294525615870953e-04 2.198670292273163795e-03
6.323845591396093369e-04 2.172055654227733612e-03
6.098034791648387909e-04 2.209996571764349937e-03
6.429312634281814098e-04 2.186154481023550034e-03
6.263128016144037247e-04 2.186678582802414894e-03
5.966807948425412178e-04 2.199413022026419640e-03
6.266474374569952488e-04 2.199831651523709297e-03
6.139941979199647903e-04 2.218595240265130997e-03
5.966140888631343842e-04 2.199571114033460617e-03
6.176152965053915977e-04 2.216123742982745171e-03
6.061771418899297714e-04 2.210034523159265518e-03
5.903129349462687969e-04 2.192052314057946205e-03
6.113894050940871239e-04 2.221594098955392838e-03
6.054142722859978676e-04 2.187687437981367111e-03
5.905583966523408890e-04 2.192856045439839363e-03
6.007082411088049412e-04 2.208228921517729759e-03
5.993981030769646168e-04 2.177846152335405350e-03
5.923301214352250099e-04 2.207538811489939690e-03
5.966243916191160679e-04 2.196039305999875069e-03
5.928030004724860191e-04 2.195481210947036743e-03
5.875739152543246746e-04 2.220115624368190765e-03
5.924071301706135273e-04 2.196513116359710693e-03
5.895194481126964092e-04 2.209649188444018364e-03
5.875884671695530415e-04 2.207999583333730698e-03
5.874644848518073559e-04 2.200833987444639206e-03
5.854737828485667706e-04 2.207976533100008965e-03
5.845101550221443176e-04 2.201114082708954811e-03
5.869031883776187897e-04 2.206136705353856087e-03
5.847693537361919880e-04 2.201208844780921936e-03
5.811304436065256596e-04 2.208723686635494232e-03
5.849438603036105633e-04 2.206421224400401115e-03
5.836656200699508190e-04 2.204880816861987114e-03
5.801239167340099812e-04 2.219918649643659592e-03
5.823125247843563557e-04 2.203428186476230621e-03
5.831229500472545624e-04 2.214323496446013451e-03
5.786366527900099754e-04 2.214912790805101395e-03
5.781315849162638187e-04 2.203751588240265846e-03
5.811537266708910465e-04 2.219100948423147202e-03
5.792504525743424892e-04 2.207457786425948143e-03
5.768927512690424919e-04 2.209897153079509735e-03
5.775531753897666931e-04 2.210307400673627853e-03
5.781892105005681515e-04 2.208169549703598022e-03
5.765740643255412579e-04 2.211959334090352058e-03
5.750779528170824051e-04 2.210123464465141296e-03
5.761283682659268379e-04 2.213710919022560120e-03
5.765144014731049538e-04 2.217148663476109505e-03
5.752894212491810322e-04 2.219615736976265907e-03
5.745526286773383617e-04 2.216266468167304993e-03
5.748196272179484367e-04 2.231858205050230026e-03
5.749383126385509968e-04 2.219064161181449890e-03
5.739386542700231075e-04 2.229432342574000359e-03
5.732919089496135712e-04 2.225215313956141472e-03
5.732005229219794273e-04 2.230521058663725853e-03
5.731250857934355736e-04 2.227123826742172241e-03
5.728439427912235260e-04 2.232418628409504890e-03
5.728676333092153072e-04 2.230700803920626640e-03
5.733455182053148746e-04 2.238883636891841888e-03
5.746277165599167347e-04 2.227837918326258659e-03
5.763046210631728172e-04 2.254778519272804260e-03
5.814792821183800697e-04 2.228392055258154869e-03
5.886250291951000690e-04 2.283930080011487007e-03
6.048525683581829071e-04 2.242143033072352409e-03
6.156769231893122196e-04 2.332365605980157852e-03
6.302747060544788837e-04 2.255130093544721603e-03
6.382283754646778107e-04 2.366082742810249329e-03
6.440369761548936367e-04 2.256062347441911697e-03
6.381237180903553963e-04 2.337766811251640320e-03
6.229967693798243999e-04 2.249448560178279877e-03
6.035278202034533024e-04 2.289886586368083954e-03
5.906216101720929146e-04 2.254649531096220016e-03
5.780502106063067913e-04 2.252723090350627899e-03
5.723165231756865978e-04 2.274381928145885468e-03
5.761844222433865070e-04 2.242903225123882294e-03
5.870891618542373180e-04 2.294186735525727272e-03
5.951315397396683693e-04 2.236986532807350159e-03
5.892019253224134445e-04 2.278614789247512817e-03
5.797724588774144650e-04 2.242224290966987610e-03
5.733153666369616985e-04 2.254026941955089569e-03
5.708751850761473179e-04 2.253397600725293159e-03
5.713380523957312107e-04 2.241577953100204468e-03
5.724994698539376259e-04 2.275921171531081200e-03
5.751212593168020248e-04 2.241884358227252960e-03
5.767262773588299751e-04 2.276732353493571281e-03
5.755898309871554375e-04 2.242908580228686333e-03
5.728168180212378502e-04 2.265814226120710373e-03
5.700592300854623318e-04 2.253581304103136063e-03
5.682288901880383492e-04 2.259724540635943413e-03
5.669073434546589851e-04 2.262009540572762489e-03
5.657607689499855042e-04 2.255814848467707634e-03
5.655764252878725529e-04 2.268736716359853745e-03
5.666156648658216000e-04 2.254819264635443687e-03
5.685519427061080933e-04 2.276750514283776283e-03
5.697641754522919655e-04 2.258230932056903839e-03
5.698513705283403397e-04 2.283480018377304077e-03
5.695261643268167973e-04 2.259250730276107788e-03
5.695879226550459862e-04 2.290940145030617714e-03
5.703608621843159199e-04 2.260551787912845612e-03
5.715264705941081047e-04 2.299030311405658722e-03
5.731731071136891842e-04 2.262627007439732552e-03
5.756618338637053967e-04 2.314342418685555458e-03
5.809798021800816059e-04 2.271577483043074608e-03
5.908842431381344795e-04 2.351124305278062820e-03
6.118247401900589466e-04 2.294464269652962685e-03
6.301972316578030586e-04 2.414506627246737480e-03
6.546706426888704300e-04 2.322730375453829765e-03
6.678436184301972389e-04 2.475179499015212059e-03
6.985681247897446156e-04 2.354835392907261848e-03
7.479063351638615131e-04 2.548003336414694786e-03
8.162548765540122986e-04 2.412495668977499008e-03
9.017795091494917870e-04 2.581051550805568695e-03
8.576497202739119530e-04 2.332058036699891090e-03
7.676064269617199898e-04 2.362377708777785301e-03
6.817298708483576775e-04 2.231812803074717522e-03
6.072542746551334858e-04 2.227413002401590347e-03
6.106820073910057545e-04 2.332998672500252724e-03
6.807199679315090179e-04 2.250510966405272484e-03
6.754818605259060860e-04 2.314741956070065498e-03
6.116494769230484962e-04 2.263189759105443954e-03
5.882257828488945961e-04 2.287031151354312897e-03
6.260399823077023029e-04 2.351909177377820015e-03
6.281505338847637177e-04 2.252166392281651497e-03
5.955256638117134571e-04 2.265509450808167458e-03
5.902411066927015781e-04 2.283203881233930588e-03
5.940730916336178780e-04 2.240420086309313774e-03
5.971983773633837700e-04 2.262959489598870277e-03
5.967167671769857407e-04 2.266149735078215599e-03
5.826092092320322990e-04 2.254939405247569084e-03
5.696204025298357010e-04 2.273224759846925735e-03
5.821299855597317219e-04 2.280215965583920479e-03
5.903240526095032692e-04 2.272040583193302155e-03
5.752134602516889572e-04 2.266709692776203156e-03
5.661057657562196255e-04 2.258430002257227898e-03
5.712212878279387951e-04 2.269031712785363197e-03
5.762504879385232925e-04 2.245096489787101746e-03
5.702236667275428772e-04 2.264963695779442787e-03
5.632779793813824654e-04 2.273699035868048668e-03
5.663355113938450813e-04 2.250004559755325317e-03
5.701576592400670052e-04 2.278134459629654884e-03
5.658181617036461830e-04 2.262700116261839867e-03
5.629699444398283958e-04 2.269319491460919380e-03
5.626562051475048065e-04 2.276395913213491440e-03
5.610948428511619568e-04 2.274230821058154106e-03
5.625045741908252239e-04 2.287095412611961365e-03
5.622403696179389954e-04 2.275600098073482513e-03
5.596798728220164776e-04 2.286085160449147224e-03
5.580505239777266979e-04 2.280605724081397057e-03
5.588540807366371155e-04 2.285121707245707512e-03
5.601400625891983509e-04 2.289369702339172363e-03
5.586787592619657516e-04 2.286444883793592453e-03
5.561124416999518871e-04 2.286025090143084526e-03
5.552042275667190552e-04 2.297370461747050285e-03
5.566582549363374710e-04 2.295427490025758743e-03
5.570533103309571743e-04 2.304906025528907776e-03
5.555998068302869797e-04 2.301282715052366257e-03
5.540860001929104328e-04 2.298273378983139992e-03
5.538592813536524773e-04 2.300530439242720604e-03
5.543706356547772884e-04 2.296578139066696167e-03
5.545400781556963921e-04 2.303766319528222084e-03
5.538814002647995949e-04 2.301375847309827805e-03
5.528854671865701675e-04 2.311535878106951714e-03
5.524630541913211346e-04 2.308528637513518333e-03
5.528760375455021858e-04 2.320527099072933197e-03
5.532154464162886143e-04 2.308772644028067589e-03
5.532206851057708263e-04 2.322157844901084900e-03
5.532042705453932285e-04 2.311889547854661942e-03
5.537859979085624218e-04 2.334131160750985146e-03
5.558797856792807579e-04 2.309217117726802826e-03
5.604189354926347733e-04 2.360236831009387970e-03
5.700439796783030033e-04 2.322721760720014572e-03
5.848130676895380020e-04 2.423562807962298393e-03
6.143236532807350159e-04 2.372322138398885727e-03
6.581456400454044342e-04 2.598147373646497726e-03
7.360288873314857483e-04 2.527591073885560036e-03
8.451585890725255013e-04 2.929860958829522133e-03
9.914531838148832321e-04 2.726651029661297798e-03
1.078307977877557278e-03 3.043747274205088615e-03
1.105710049159824848e-03 2.556530991569161415e-03
1.006862614303827286e-03 2.588253235444426537e-03
7.856657030060887337e-04 2.393986564129590988e-03
6.447708001360297203e-04 2.359224949032068253e-03
7.312634261325001717e-04 2.598608843982219696e-03
7.892510038800537586e-04 2.314327750355005264e-03
6.792020285502076149e-04 2.305812900885939598e-03
6.178090116009116173e-04 2.397970529273152351e-03
6.795836961828172207e-04 2.309620380401611328e-03
6.936282734386622906e-04 2.373692579567432404e-03
6.207005353644490242e-04 2.290636068210005760e-03
6.067931535653769970e-04 2.302693901583552361e-03
6.267751450650393963e-04 2.396374940872192383e-03
6.364573491737246513e-04 2.303474349901080132e-03
6.158961914479732513e-04 2.335139783099293709e-03
5.862576072104275227e-04 2.342610154300928116e-03
5.883335834369063377e-04 2.323612803593277931e-03
6.132757407613098621e-04 2.398178214207291603e-03
5.985440802760422230e-04 2.335729310289025307e-03
5.640368908643722534e-04 2.321752952411770821e-03
5.808122223243117332e-04 2.424766542389988899e-03
5.988586926832795143e-04 2.339947735890746117e-03
5.668487283401191235e-04 2.327669411897659302e-03
5.654244450852274895e-04 2.386922482401132584e-03
5.789730348624289036e-04 2.311047865077853203e-03
5.684749921783804893e-04 2.338219666853547096e-03
5.623439792543649673e-04 2.353763673454523087e-03
5.641402094624936581e-04 2.305690431967377663e-03
5.617344868369400501e-04 2.354245865717530251e-03
5.648459191434085369e-04 2.333272248506546021e-03
5.601228331215679646e-04 2.331874333322048187e-03
5.510032060556113720e-04 2.362891566008329391e-03
5.575224640779197216e-04 2.343463478609919548e-03
5.612518289126455784e-04 2.371079754084348679e-03
5.535938544198870659e-04 2.346702851355075836e-03
5.503819556906819344e-04 2.355690347030758858e-03
5.519492551684379578e-04 2.374443691223859787e-03
5.524952430278062820e-04 2.344863256439566612e-03
5.524592706933617592e-04 2.379577374085783958e-03
5.493944627232849598e-04 2.367784967646002769e-03
5.483681452460587025e-04 2.356920158490538597e-03
5.502817220985889435e-04 2.375955693423748016e-03
5.480672116391360760e-04 2.363834995776414871e-03
5.454060737974941730e-04 2.368086948990821838e-03
5.469974712468683720e-04 2.373693278059363365e-03
5.476497462950646877e-04 2.371425507590174675e-03
5.458440282382071018e-04 2.366561908274888992e-03
5.451212055049836636e-04 2.375695621594786644e-03
5.447508883662521839e-04 2.368085552006959915e-03
5.440312088467180729e-04 2.375373383983969688e-03
5.437075742520391941e-04 2.379705663770437241e-03
5.434156046248972416e-04 2.374917268753051758e-03
5.433713085949420929e-04 2.385880798101425171e-03
5.434998311102390289e-04 2.376735676079988480e-03
5.429784068837761879e-04 2.383208367973566055e-03
5.417999345809221268e-04 2.377801109105348587e-03
5.416145431809127331e-04 2.385931555181741714e-03
5.419393419288098812e-04 2.383040264248847961e-03
5.415851483121514320e-04 2.384899649769067764e-03
5.410554003901779652e-04 2.388291293755173683e-03
5.405333358794450760e-04 2.389409346505999565e-03
5.400143563747406006e-04 2.388802589848637581e-03
5.397101049311459064e-04 2.393926493823528290e-03
5.396828637458384037e-04 2.393871545791625977e-03
5.395323969423770905e-04 2.393305767327547073e-03
5.393888568505644798e-04 2.399521647021174431e-03
5.395082989707589149e-04 2.392564900219440460e-03
5.395223270170390606e-04 2.401905599981546402e-03
5.394458421505987644e-04 2.394860377535223961e-03
5.394660984165966511e-04 2.406285144388675690e-03
5.400048103183507919e-04 2.395243616774678230e-03
5.407249554991722107e-04 2.414312446489930153e-03
5.425338167697191238e-04 2.393891336396336555e-03
5.455175996758043766e-04 2.432300476357340813e-03
5.516469827853143215e-04 2.397622680291533470e-03
5.622010794468224049e-04 2.482718555256724358e-03
5.828876746818423271e-04 2.428953070193529129e-03
6.191103020682930946e-04 2.612662967294454575e-03
6.856964319013059139e-04 2.549511846154928207e-03
7.947805570438504219e-04 2.923715859651565552e-03
9.754087659530341625e-04 2.809636294841766357e-03
1.190504757687449455e-03 3.262069774791598320e-03
1.373086008243262768e-03 2.727124141529202461e-03
1.246003550477325916e-03 2.625528955832123756e-03
7.880096090957522392e-04 2.361566293984651566e-03
5.986217292957007885e-04 2.314913086593151093e-03
8.050370961427688599e-04 2.616801299154758453e-03
