1.162862554192543030e-01 5.261808037757873535e-01
4.959053099155426025e-01 9.862151741981506348e-02
8.886276930570602417e-02 6.579253077507019043e-02
5.240787193179130554e-02 4.037494584918022156e-02
2.923728711903095245e-02 4.181249067187309265e-02
3.230244293808937073e-02 3.470420092344284058e-02
2.777849137783050537e-02 4.347904026508331299e-02
3.689804300665855408e-02 3.150120377540588379e-02
2.406698651611804962e-02 2.976460941135883331e-02
2.259057387709617615e-02 2.784972451627254486e-02
2.118482440710067749e-02 2.674559317529201508e-02
2.078988961875438690e-02 2.526868507266044617e-02
2.011939883232116699e-02 2.410721406340599060e-02
1.961786486208438873e-02 2.400881424546241760e-02
1.985876262187957764e-02 2.401949465274810791e-02
1.994893513619899750e-02 2.334542199969291687e-02
1.924987137317657471e-02 2.239365503191947937e-02
1.825397275388240814e-02 2.182612940669059753e-02
1.759453676640987396e-02 2.154793404042720795e-02
1.709587313234806061e-02 2.118948660790920258e-02
1.634278893470764160e-02 2.052336744964122772e-02
1.507699117064476013e-02 6.607817113399505615e-02
5.796433612704277039e-02 2.703952044248580933e-02
2.304895035922527313e-02 2.838068269193172455e-02
2.571258507668972015e-02 2.624846808612346649e-02
2.444505132734775543e-02 2.354187518358230591e-02
2.209819294512271881e-02 2.212942205369472504e-02
2.048043534159660339e-02 2.258907631039619446e-02
2.027232758700847626e-02 2.408020012080669403e-02
2.089159190654754639e-02 2.509399689733982086e-02
2.110058255493640900e-02 2.474147640168666840e-02
2.016781643033027649e-02 2.336125634610652924e-02
1.843832992017269135e-02 2.185250259935855865e-02
1.673240028321743011e-02 2.083428576588630676e-02
1.558493915945291519e-02 2.045860141515731812e-02
1.509353611618280411e-02 2.030089125037193298e-02
1.482984609901905060e-02 1.959823071956634521e-02
1.417433749884366989e-02 1.871863007545471191e-02
1.347562856972217560e-02 1.790481433272361755e-02
1.281334087252616882e-02 1.722792536020278931e-02
1.212635170668363571e-02 1.648894697427749634e-02
1.117081474512815475e-02 1.566644571721553802e-02
9.970958344638347626e-03 1.523913536220788956e-02
9.050214663147926331e-03 1.556310988962650299e-02
8.811445906758308411e-03 1.564759388566017151e-02
8.624660782516002655e-03 1.406568940728902817e-02
8.087353780865669250e-03 1.301771588623523712e-02
7.763229310512542725e-03 1.198333594948053360e-02
7.405560463666915894e-03 1.102415192872285843e-02
6.907404866069555283e-03 1.043394487351179123e-02
6.376729812473058701e-03 1.015627756714820862e-02
5.976597778499126434e-03 1.013621035963296890e-02
5.819172132760286331e-03 1.011746656149625778e-02
5.735497921705245972e-03 9.896474890410900116e-03
5.590435583144426346e-03 9.347148239612579346e-03
5.380289629101753235e-03 8.938200771808624268e-03
5.186649505048990250e-03 8.304780349135398865e-03
4.964470863342285156e-03 7.642239332199096680e-03
4.742950666695833206e-03 7.228468544781208038e-03
4.586138762533664703e-03 6.831023376435041428e-03
4.492733627557754517e-03 8.663954213261604309e-03
4.777898546308279037e-03 7.755869999527931213e-03
5.675200372934341431e-03 9.202548302710056305e-03
5.867051426321268082e-03 6.669381633400917053e-03
4.155622329562902451e-03 7.002978585660457611e-03
5.249326117336750031e-03 5.842017475515604019e-03
3.598201787099242210e-03 6.907400675117969513e-03
4.350441042333841324e-03 6.416606251150369644e-03
3.855430521070957184e-03 5.797796417027711868e-03
3.422074485570192337e-03 6.144714541733264923e-03
3.800334874540567398e-03 5.858268588781356812e-03
3.064689924940466881e-03 6.290832534432411194e-03
3.382886992767453194e-03 5.816382821649312973e-03
2.998336683958768845e-03 5.432573612779378891e-03
2.840325469151139259e-03 5.503849592059850693e-03
2.960834186524152756e-03 5.239495541900396347e-03
2.557932166382670403e-03 5.442567169666290283e-03
2.781612332910299301e-03 5.027007777243852615e-03
2.383220242336392403e-03 5.154219921678304672e-03
2.578721148893237114e-03 4.671332892030477524e-03
2.242510672658681870e-03 4.627321846783161163e-03
2.344435546547174454e-03 4.398278892040252686e-03
2.189342398196458817e-03 4.355670884251594543e-03
2.146786544471979141e-03 4.343854729086160660e-03
2.062842948362231255e-03 4.317717161029577255e-03
1.993310637772083282e-03 4.343803972005844116e-03
1.955409534275531769e-03 4.312761127948760986e-03
1.845845370553433895e-03 4.283796530216932297e-03
1.819760538637638092e-03 4.216981586068868637e-03
1.767786219716072083e-03 4.185056313872337341e-03
1.711902674287557602e-03 4.196934867650270462e-03
1.696061110123991966e-03 4.062432795763015747e-03
1.584523473866283894e-03 4.066575318574905396e-03
1.626393292099237442e-03 3.884657984599471092e-03
1.497334800660610199e-03 3.882449353113770485e-03
1.546886633150279522e-03 3.788373200222849846e-03
1.467281137593090534e-03 3.742188913747668266e-03
1.431451644748449326e-03 3.738746279850602150e-03
1.445181085728108883e-03 3.632301231846213341e-03
1.351232989691197872e-03 3.601898904889822006e-03
1.349494908936321735e-03 3.540387377142906189e-03
1.348615274764597416e-03 3.467634553089737892e-03
1.295779598876833916e-03 3.417270258069038391e-03
1.254759263247251511e-03 3.429403295740485191e-03
1.291358727030456066e-03 3.476461395621299744e-03
1.308978069573640823e-03 3.329983912408351898e-03
1.226655673235654831e-03 3.305244026705622673e-03
1.178140053525567055e-03 3.344863886013627052e-03
1.186894369311630726e-03 3.324663965031504631e-03
1.224640407599508762e-03 3.436800790950655937e-03
1.240336918272078037e-03 3.279750002548098564e-03
1.184759079478681087e-03 3.270222572609782219e-03
1.139551168307662010e-03 3.150336211547255516e-03
1.088601653464138508e-03 3.150139702484011650e-03
1.068645506165921688e-03 3.156660124659538269e-03
1.060028094798326492e-03 3.126880619674921036e-03
1.088046119548380375e-03 3.244955558329820633e-03
1.125494251027703285e-03 3.174715442582964897e-03
1.168424612842500210e-03 3.428133670240640640e-03
1.311208587139844894e-03 3.247554879635572433e-03
1.322199008427560329e-03 3.584162564948201180e-03
1.475960016250610352e-03 3.130106022581458092e-03
1.248276093974709511e-03 3.093980019912123680e-03
1.133756246417760849e-03 2.941617509350180626e-03
1.033414038829505444e-03 2.968979533761739731e-03
1.032241852954030037e-03 3.219168866053223610e-03
1.151958713307976723e-03 3.030245658010244370e-03
1.072461134754121304e-03 3.090775804594159126e-03
1.030427520163357258e-03 2.953005721792578697e-03
9.327852167189121246e-04 2.975311363115906715e-03
9.642136283218860626e-04 3.052190411835908890e-03
9.930020896717905998e-04 2.951642964035272598e-03
1.035927445627748966e-03 3.097367938607931137e-03
1.049023820087313652e-03 2.896943362429738045e-03
9.813912911340594292e-04 2.935669617727398872e-03
9.326501167379319668e-04 2.812916645780205727e-03
8.761718054302036762e-04 2.819018438458442688e-03
8.704012143425643444e-04 2.871153410524129868e-03
8.750678971409797668e-04 2.842814428731799126e-03
9.136507287621498108e-04 3.000327618792653084e-03
9.850404458120465279e-04 2.903374144807457924e-03
1.071818522177636623e-03 3.363282885402441025e-03
1.332704792730510235e-03 3.117245854809880257e-03
1.387511380016803741e-03 3.730367170646786690e-03
1.739020110107958317e-03 2.831137506291270256e-03
1.172872143797576427e-03 2.675832947716116905e-03
8.556311368010938168e-04 2.858908381313085556e-03
9.637963958084583282e-04 2.862568013370037079e-03
1.084593241102993488e-03 3.057108959183096886e-03
1.069141784682869911e-03 2.759727882221341133e-03
8.378291386179625988e-04 2.811636775732040405e-03
8.829851285554468632e-04 3.120478475466370583e-03
1.064485753886401653e-03 2.846503863111138344e-03
9.526437497697770596e-04 2.796699060127139091e-03
8.127371547743678093e-04 2.782636554911732674e-03
8.062160341069102287e-04 2.769233426079154015e-03
8.986873435787856579e-04 2.924848115071654320e-03
9.087551152333617210e-04 2.705234335735440254e-03
8.029458113014698029e-04 2.693066373467445374e-03
7.635501096956431866e-04 2.813061699271202087e-03
8.228303631767630577e-04 2.711527049541473389e-03
8.480153046548366547e-04 2.768571954220533371e-03
8.109869086183607578e-04 2.621444640681147575e-03
7.476953323930501938e-04 2.610203577205538750e-03
7.340729935094714165e-04 2.692333888262510300e-03
7.689296035096049309e-04 2.614617114886641502e-03
7.903368095867335796e-04 2.716619288548827171e-03
7.905035163275897503e-04 2.591205993667244911e-03
7.453540456481277943e-04 2.619540086016058922e-03
7.142354152165353298e-04 2.574641723185777664e-03
6.940732127986848354e-04 2.558557549491524696e-03
6.970011163502931595e-04 2.608309499919414520e-03
7.115299813449382782e-04 2.566032810136675835e-03
7.346837664954364300e-04 2.704584039747714996e-03
7.877947064116597176e-04 2.616939134895801544e-03
8.422922110185027122e-04 2.939838450402021408e-03
1.008106744848191738e-03 2.761913463473320007e-03
1.063302159309387207e-03 3.251425921916961670e-03
1.312664593569934368e-03 2.709692344069480896e-03
1.039724564179778099e-03 2.706177998334169388e-03
8.452417096123099327e-04 2.463760552927851677e-03
6.717290380038321018e-04 2.535826293751597404e-03
7.620722171850502491e-04 2.885930007323622704e-03
9.437461849302053452e-04 2.626555738970637321e-03
8.217758149839937687e-04 2.601945772767066956e-03
6.825764430686831474e-04 2.568775555118918419e-03
6.550975376740098000e-04 2.578740939497947693e-03
7.435428560711443424e-04 2.781813964247703552e-03
8.186763734556734562e-04 2.535191597416996956e-03
7.171569159254431725e-04 2.519324189051985741e-03
6.351086776703596115e-04 2.534748055040836334e-03
6.432145019061863422e-04 2.502112416550517082e-03
6.981390761211514473e-04 2.639650134369730949e-03
7.263348670676350594e-04 2.465407829731702805e-03
6.627095863223075867e-04 2.468073507770895958e-03
6.109825917519629002e-04 2.462554490193724632e-03
6.074556149542331696e-04 2.430215012282133102e-03
6.386532913893461227e-04 2.547061303630471230e-03
6.710410816594958305e-04 2.420973964035511017e-03
6.547296652570366859e-04 2.481291303411126137e-03
6.285287672653794289e-04 2.380257239565253258e-03
5.925922305323183537e-04 2.384011168032884598e-03
5.745651433244347572e-04 2.394184004515409470e-03
5.750416894443333149e-04 2.370422473177313805e-03
5.879782256670296192e-04 2.457357943058013916e-03
6.106513319537043571e-04 2.384828869253396988e-03
6.296661449596285820e-04 2.528124954551458359e-03
6.712289177812635899e-04 2.408084226772189140e-03
6.924802437424659729e-04 2.632088027894496918e-03
7.679269183427095413e-04 2.445367863401770592e-03
7.691264618188142776e-04 2.700497861951589584e-03
8.381868246942758560e-04 2.414812799543142319e-03
7.472484721802175045e-04 2.521232236176729202e-03
6.882636807858943939e-04 2.307517686858773232e-03
5.770883290097117424e-04 2.315599471330642700e-03
5.292495479807257652e-04 2.370381029322743416e-03
5.480675026774406433e-04 2.342425519600510597e-03
5.961550632491707802e-04 2.520692534744739532e-03
6.498820148408412933e-04 2.353692892938852310e-03
6.318761152215301991e-04 2.449673600494861603e-03
6.096739089116454124e-04 2.270104596391320229e-03
5.483871791511774063e-04 2.288035117089748383e-03
5.085479933768510818e-04 2.260480774566531181e-03
4.960463265888392925e-04 2.239104593172669411e-03
5.093906656838953495e-04 2.340209437534213066e-03
5.363838863559067249e-04 2.255113096907734871e-03
5.524659063667058945e-04 2.386091277003288269e-03
5.732963327318429947e-04 2.240000525489449501e-03
5.631706444546580315e-04 2.359800506383180618e-03
5.652566906064748764e-04 2.201267052441835403e-03
5.390557344071567059e-04 2.294161356985569000e-03
5.245333304628729820e-04 2.171472879126667976e-03
4.978528595529496670e-04 2.235799329355359077e-03
4.805960634257644415e-04 2.157490234822034836e-03
4.639288817998021841e-04 2.197425113990902901e-03
4.529118887148797512e-04 2.151370979845523834e-03
4.441828641574829817e-04 2.167695201933383942e-03
4.377538571134209633e-04 2.129998523741960526e-03
4.324745095800608397e-04 2.142114099115133286e-03
4.282892332412302494e-04 2.101325895637273788e-03
4.250454076100140810e-04 2.126717474311590195e-03
4.243203147780150175e-04 2.074598800390958786e-03
4.286548646632581949e-04 2.163767348974943161e-03
4.496267356444150209e-04 2.097831573337316513e-03
5.031009786762297153e-04 2.458917675539851189e-03
6.896873237565159798e-04 2.480105264112353325e-03
1.008897670544683933e-03 4.065925721079111099e-03
2.179784467443823814e-03 3.175028599798679352e-03
1.853726222179830074e-03 3.497634083032608032e-03
1.699379528872668743e-03 2.082584192976355553e-03
5.182292661629617214e-04 2.930533606559038162e-03
1.444332068786025047e-03 3.744187066331505775e-03
1.771077746525406837e-03 2.334438264369964600e-03
5.750012933276593685e-04 3.444355679675936699e-03
1.942944363690912724e-03 3.464668989181518555e-03
1.391954603604972363e-03 2.882799832150340080e-03
9.367488091811537743e-04 3.195861121639609337e-03
1.723823603242635727e-03 2.597416983917355537e-03
6.751030450686812401e-04 3.277142299339175224e-03
1.212808419950306416e-03 2.392521360889077187e-03
6.876312545500695705e-04 2.648316556587815285e-03
9.933435358107089996e-04 2.755379769951105118e-03
7.211528718471527100e-04 2.774529624730348587e-03
8.100579143501818180e-04 2.359027508646249771e-03
6.767813465557992458e-04 2.501791343092918396e-03
6.948260124772787094e-04 2.639686688780784607e-03
6.410831701941788197e-04 2.468721009790897369e-03
6.255853804759681225e-04 2.279821783304214478e-03
5.855709314346313477e-04 2.405477920547127724e-03
5.619857111014425755e-04 2.477289177477359772e-03
5.531659116968512535e-04 2.315745223313570023e-03
5.198426661081612110e-04 2.259022789075970650e-03
5.212426767684519291e-04 2.324006287381052971e-03
4.637603706214576960e-04 2.373598050326108932e-03
4.968290450051426888e-04 2.214678563177585602e-03
4.259066190570592880e-04 2.263420028612017632e-03
4.819096066057682037e-04 2.217956120148301125e-03
3.853276430163532495e-04 2.264358103275299072e-03
4.615632933564484119e-04 2.130370587110519409e-03
3.559654287528246641e-04 2.229592762887477875e-03
4.440097836777567863e-04 2.108469838276505470e-03
3.383834264241158962e-04 2.158166840672492981e-03
4.108462308067828417e-04 2.090321155264973640e-03
3.348857280798256397e-04 2.103953389450907707e-03
3.726221621036529541e-04 2.046765061095356941e-03
3.407210169825702906e-04 2.058646408841013908e-03
3.352586354594677687e-04 2.046119421720504761e-03
3.384102019481360912e-04 1.971197780221700668e-03
3.106503863818943501e-04 2.010825555771589279e-03
3.256822819821536541e-04 1.995011232793331146e-03
2.976295072585344315e-04 1.944989780895411968e-03
3.112518461421132088e-04 1.927550882101058960e-03
2.846768766175955534e-04 1.993455225601792336e-03
2.965216990560293198e-04 1.923479489050805569e-03
2.766068791970610619e-04 1.894032699055969715e-03
2.751445281319320202e-04 1.958678942173719406e-03
2.778747584670782089e-04 1.903945114463567734e-03
2.546999894548207521e-04 1.874094945378601551e-03
2.691469271667301655e-04 1.911917352117598057e-03
2.530543424654752016e-04 1.883942633867263794e-03
2.479379763826727867e-04 1.843340345658361912e-03
2.511401253286749125e-04 1.868516788817942142e-03
2.374727046117186546e-04 1.858418458141386509e-03
2.408153086435049772e-04 1.824270817451179028e-03
2.323085791431367397e-04 1.833323272876441479e-03
2.265879593323916197e-04 1.833404297940433025e-03
2.309158735442906618e-04 1.816452364437282085e-03
2.201594179496169090e-04 1.793983625248074532e-03
2.168567880289629102e-04 1.804504543542861938e-03
2.177286660298705101e-04 1.795959891751408577e-03
2.107995096594095230e-04 1.763872569426894188e-03
2.102334256051108241e-04 1.792881404981017113e-03
2.076178352581337094e-04 1.759252976626157761e-03
2.002989349421113729e-04 1.745223184116184711e-03
2.001860120799392462e-04 1.769851660355925560e-03
1.991638127947226167e-04 1.731962547637522221e-03
1.940758229466155171e-04 1.739149913191795349e-03
1.933310122694820166e-04 1.732434262521564960e-03
1.918070483952760696e-04 1.726700807921588421e-03
1.866982929641380906e-04 1.706036156974732876e-03
1.846311934059485793e-04 1.721236971206963062e-03
1.835401781136170030e-04 1.696909312158823013e-03
1.796904252842068672e-04 1.694191596470773220e-03
1.772323594195768237e-04 1.699855783954262733e-03
1.766033674357458949e-04 1.677808817476034164e-03
1.742292370181530714e-04 1.683861133642494678e-03
1.715234393486753106e-04 1.675376552157104015e-03
1.707134069874882698e-04 1.675952575169503689e-03
1.701083238003775477e-04 1.659927889704704285e-03
1.692764344625174999e-04 1.688018441200256348e-03
1.714294776320457458e-04 1.642933231778442860e-03
1.804885832825675607e-04 1.751044299453496933e-03
2.070844202535226941e-04 1.694110454991459846e-03
2.741220814641565084e-04 2.090417547151446342e-03
4.645162553060799837e-04 2.104850020259618759e-03
7.701808353886008263e-04 2.903528744354844093e-03
1.124090747907757759e-03 1.874236273579299450e-03
5.636826390400528908e-04 1.814564689993858337e-03
2.809586294461041689e-04 2.158780116587877274e-03
4.900899366475641727e-04 1.752901240251958370e-03
2.912977361120283604e-04 1.977478154003620148e-03
4.237412067595869303e-04 1.798526966013014317e-03
2.798296336550265551e-04 1.763882813975214958e-03
2.773284213617444038e-04 1.900733332149684429e-03
3.758810926228761673e-04 1.690155826508998871e-03
2.399521326879039407e-04 1.849625376053154469e-03
2.918684622272849083e-04 1.822534715756773949e-03
2.376221382291987538e-04 1.759562524966895580e-03
3.195578465238213539e-04 1.725652837194502354e-03
1.990426826523616910e-04 1.799170509912073612e-03
2.529123448766767979e-04 1.665319781750440598e-03
2.056892408290877938e-04 1.750440569594502449e-03
2.489939215593039989e-04 1.656026463024318218e-03
1.843683276092633605e-04 1.671041827648878098e-03
2.038774982793256640e-04 1.680368091911077499e-03
2.044976718025282025e-04 1.619093702174723148e-03
1.953630708158016205e-04 1.688808668404817581e-03
1.884181692730635405e-04 1.660315319895744324e-03
1.599344541318714619e-04 1.659222645685076714e-03
1.961969683179631829e-04 1.685734721831977367e-03
1.709126227069646120e-04 1.637647394090890884e-03
1.818791497498750687e-04 1.596192712895572186e-03
1.536856434540823102e-04 1.589183462783694267e-03
1.574652851559221745e-04 1.590131432749330997e-03
1.678009284660220146e-04 1.608711434528231621e-03
1.562869874760508537e-04 1.573742367327213287e-03
1.662470021983608603e-04 1.598978997208178043e-03
1.460062194382771850e-04 1.585955847986042500e-03
1.452560245525091887e-04 1.567185041494667530e-03
1.486577821196988225e-04 1.589301042258739471e-03
1.411006378475576639e-04 1.577208517119288445e-03
1.515096664661541581e-04 1.575779169797897339e-03
1.430968113709241152e-04 1.533925882540643215e-03
1.380479225190356374e-04 1.558883814141154289e-03
1.394644496031105518e-04 1.536743016913533211e-03
1.296466361964121461e-04 1.533193048089742661e-03
1.338264410151168704e-04 1.563635421916842461e-03
1.349208614556118846e-04 1.530525274574756622e-03
1.311508822254836559e-04 1.550826127640902996e-03
1.351573009742423892e-04 1.527204993180930614e-03
1.298836286878213286e-04 1.541038509458303452e-03
1.266896579181775451e-04 1.518180128186941147e-03
1.269791682716459036e-04 1.524953404441475868e-03
1.220654230564832687e-04 1.520103891380131245e-03
1.221097918460145593e-04 1.505694468505680561e-03
1.226470049005001783e-04 1.518795615993440151e-03
1.199705147882923484e-04 1.511577167548239231e-03
1.214588628499768674e-04 1.521670608781278133e-03
1.216509845107793808e-04 1.500715268775820732e-03
1.200132610392756760e-04 1.525068772025406361e-03
1.215467709698714316e-04 1.491124392487108707e-03
1.214161384268663824e-04 1.518705510534346104e-03
1.213845753227360547e-04 1.490761293098330498e-03
1.239412231370806694e-04 1.525587402284145355e-03
1.272584486287087202e-04 1.484484062530100346e-03
1.322988100582733750e-04 1.554968417622148991e-03
1.460325584048405290e-04 1.496372278779745102e-03
1.651983911870047450e-04 1.638248213566839695e-03
2.092617214657366276e-04 1.574130030348896980e-03
2.701776393223553896e-04 1.880249939858913422e-03
4.186662263236939907e-04 1.789384055882692337e-03
5.405579577200114727e-04 2.333794953301548958e-03
8.356532780453562737e-04 1.919603906571865082e-03
7.059867493808269501e-04 2.018703380599617958e-03
5.595147958956658840e-04 1.501501887105405331e-03
1.906490942928940058e-04 1.516822609119117260e-03
1.741838204907253385e-04 1.928233774378895760e-03
4.112540336791425943e-04 1.685046823695302010e-03
3.805400629062205553e-04 1.694430131465196609e-03
2.062365965684875846e-04 1.578986644744873047e-03
1.320606388617306948e-04 1.600511139258742332e-03
2.550728386268019676e-04 1.845097751356661320e-03
3.102852788288146257e-04 1.541839796118438244e-03
1.611431944184005260e-04 1.526195788756012917e-03
1.391241821693256497e-04 1.736457808874547482e-03
2.389339933870360255e-04 1.526451436802744865e-03
2.051310002570971847e-04 1.538195181638002396e-03
1.235622621607035398e-04 1.571611268445849419e-03
1.374507410218939185e-04 1.524117193184792995e-03
1.902258809423074126e-04 1.630375278182327747e-03
1.761284802341833711e-04 1.491723582148551941e-03
1.180305698653683066e-04 1.495657372288405895e-03
1.258431730093434453e-04 1.625153119675815105e-03
1.670752244535833597e-04 1.509542460553348064e-03
1.550754386698827147e-04 1.545205130241811275e-03
1.185179935419000685e-04 1.523479237221181393e-03
1.092909587896429002e-04 1.489476184360682964e-03
1.332700630882754922e-04 1.578749273903667927e-03
1.474081800552085042e-04 1.473030890338122845e-03
1.245520543307065964e-04 1.492784591391682625e-03
1.044606324285268784e-04 1.508946064859628677e-03
1.101775415008887649e-04 1.471129828132688999e-03
1.255181705346331000e-04 1.536537427455186844e-03
1.275044633075594902e-04 1.464765984565019608e-03
1.118791115004569292e-04 1.476524514146149158e-03
1.007407699944451451e-04 1.487213186919689178e-03
1.040992501657456160e-04 1.458625425584614277e-03
1.132297984440810978e-04 1.510514528490602970e-03
1.160651954705826938e-04 1.450806157663464546e-03
1.078553905244916677e-04 1.468034461140632629e-03
9.921361925080418587e-05 1.464207773096859455e-03
9.735467756399884820e-05 1.451065065339207649e-03
1.019688934320583940e-04 1.489170361310243607e-03
1.066618351615034044e-04 1.444439170882105827e-03
1.058584239217452705e-04 1.475565833970904350e-03
1.013280270854011178e-04 1.444885507225990295e-03
9.605081140762194991e-05 1.449122210033237934e-03
9.381769632454961538e-05 1.458824961446225643e-03
9.507975482847541571e-05 1.438670093193650246e-03
9.766466246219351888e-05 1.466637593694031239e-03
9.946017962647601962e-05 1.430078526027500629e-03
9.889354987535625696e-05 1.457694685086607933e-03
9.680346556706354022e-05 1.431542448699474335e-03
9.394050721311941743e-05 1.443977584131062031e-03
9.162037167698144913e-05 1.433384255506098270e-03
9.027742635225877166e-05 1.430330099537968636e-03
9.001199941849336028e-05 1.438374281860888004e-03
9.050519292941316962e-05 1.422087894752621651e-03
9.129750833380967379e-05 1.442062901332974434e-03
9.224531822837889194e-05 1.417299383319914341e-03
9.304358536610379815e-05 1.443156157620251179e-03
9.403198055224493146e-05 1.411066157743334770e-03
9.491827950114384294e-05 1.445978065021336079e-03
9.647970000514760613e-05 1.410134835168719292e-03
9.830975614022463560e-05 1.454962068237364292e-03
1.021377102006226778e-04 1.408816664479672909e-03
1.072468512575142086e-04 1.476781442761421204e-03
1.179343307740055025e-04 1.418747706338763237e-03
1.322882162639871240e-04 1.538008684292435646e-03
1.632935018278658390e-04 1.465323963202536106e-03
2.015024365391582251e-04 1.696122344583272934e-03
2.887673326767981052e-04 1.593712833710014820e-03
3.641032380983233452e-04 1.989505020901560783e-03
5.372299929149448872e-04 1.736597856506705284e-03
5.361692165024578571e-04 2.029345836490392685e-03
5.662740441039204597e-04 1.551651046611368656e-03
3.108299279119819403e-04 1.505734282545745373e-03
1.302353193750604987e-04 1.494402531534433365e-03
1.146741633419878781e-04 1.515510608442127705e-03
2.301171334693208337e-04 1.781904837116599083e-03
3.193856100551784039e-04 1.503888051956892014e-03
2.172194508602842689e-04 1.502803410403430462e-03
1.158981685875914991e-04 1.521015889011323452e-03
1.187805901281535625e-04 1.490510534495115280e-03
1.852878340287134051e-04 1.640678732655942440e-03
2.050913317361846566e-04 1.448726165108382702e-03
1.325416524196043611e-04 1.433704048395156860e-03
9.436142863705754280e-05 1.508477493189275265e-03
1.266026520170271397e-04 1.450482173822820187e-03
1.608226739335805178e-04 1.539846649393439293e-03
1.499391073593869805e-04 1.424254500307142735e-03
1.016763708321377635e-04 1.422988832928240299e-03
8.918136154534295201e-05 1.494014402851462364e-03
1.170407995232380927e-04 1.441155676729977131e-03
1.342946925433352590e-04 1.508993911556899548e-03
1.235874224221333861e-04 1.421310240402817726e-03
9.609334665583446622e-05 1.428357907570898533e-03
8.629462536191567779e-05 1.447261660359799862e-03
9.635042079025879502e-05 1.411417033523321152e-03
1.072039813152514398e-04 1.469343085773289204e-03
1.084284522221423686e-04 1.407854841090738773e-03
9.950647654477506876e-05 1.439487794414162636e-03
9.285706619266420603e-05 1.417925232090055943e-03
8.975478704087436199e-05 1.411474542692303658e-03
8.869436715031042695e-05 1.430006464943289757e-03
8.841407543513923883e-05 1.399029744789004326e-03
8.953639189712703228e-05 1.435577054508030415e-03
9.280563244828954339e-05 1.400925568304955959e-03
9.412915824213996530e-05 1.425544964149594307e-03
9.209598647430539131e-05 1.397118205204606056e-03
8.597049600211903453e-05 1.404823618941009045e-03
8.040042303036898375e-05 1.398438471369445324e-03
7.849102985346689820e-05 1.395851024426519871e-03
8.026567957131192088e-05 1.408167532645165920e-03
8.309727854793891311e-05 1.392045640386641026e-03
8.438407530775293708e-05 1.412880490534007549e-03
8.420802623732015491e-05 1.386315096169710159e-03
8.336840983247384429e-05 1.412761048413813114e-03
8.342797809746116400e-05 1.382894231937825680e-03
8.370130672119557858e-05 1.409790129400789738e-03
8.396757039008662105e-05 1.380214001983404160e-03
8.304251241497695446e-05 1.404545386321842670e-03
8.176674600690603256e-05 1.378335524350404739e-03
8.033361518755555153e-05 1.400385634042322636e-03
7.979399379109963775e-05 1.377299544401466846e-03
7.997221837285906076e-05 1.400997978635132313e-03
8.101719868136569858e-05 1.376650761812925339e-03
8.230280218413099647e-05 1.406702212989330292e-03
8.470402826787903905e-05 1.374929561279714108e-03
8.819049253361299634e-05 1.423464156687259674e-03
9.591884736437350512e-05 1.380709116347134113e-03
1.083690731320530176e-04 1.478096470236778259e-03
1.359778834739699960e-04 1.427050912752747536e-03
1.771224924596026540e-04 1.646196004003286362e-03
2.726568200159817934e-04 1.594321103766560555e-03
3.822390281129628420e-04 2.070354064926505089e-03
6.413501687347888947e-04 1.880704890936613083e-03
7.131418096832931042e-04 2.328079659491777420e-03
8.658271981403231621e-04 1.649162149988114834e-03
4.555131308734416962e-04 1.512489281594753265e-03
1.548230357002466917e-04 1.520250691100955009e-03
1.471576833864673972e-04 1.585315912961959839e-03
3.278207441326230764e-04 1.863083452917635441e-03
4.028472467325627804e-04 1.499074976891279221e-03
2.116714895237237215e-04 1.492123585194349289e-03
1.494673051638528705e-04 1.648806151933968067e-03
2.115699753630906343e-04 1.507003093138337135e-03
2.102770376950502396e-04 1.593051594682037830e-03
1.898678019642829895e-04 1.524432329460978508e-03
1.547700376249849796e-04 1.422948553226888180e-03
1.297065464314073324e-04 1.532399328425526619e-03
1.572867331560701132e-04 1.487380126491189003e-03
1.722641172818839550e-04 1.456013182178139687e-03
1.247852633241564035e-04 1.440118299797177315e-03
9.249260619981214404e-05 1.445215777494013309e-03
1.342096511507406831e-04 1.508120563812553883e-03
1.524857507320120931e-04 1.428731367923319340e-03
1.006434322334825993e-04 1.414551166817545891e-03
8.233200787799432874e-05 1.468727365136146545e-03
1.180114268208853900e-04 1.443468616344034672e-03
1.244461454916745424e-04 1.432168297469615936e-03
9.385048178955912590e-05 1.391934347338974476e-03
8.360301580978557467e-05 1.422756118699908257e-03
1.001415512291714549e-04 1.434016972780227661e-03
1.008254039334133267e-04 1.392713398672640324e-03
8.721961785340681672e-05 1.422487432137131691e-03
8.758116018725559115e-05 1.399930217303335667e-03
9.230164141627028584e-05 1.398039516061544418e-03
8.539594273315742612e-05 1.398029853589832783e-03
7.849477697163820267e-05 1.381184556521475315e-03
8.458602678729221225e-05 1.415829872712492943e-03
8.990286733023822308e-05 1.377836219035089016e-03
8.106055611278861761e-05 1.379280234687030315e-03
7.278965495061129332e-05 1.391676953062415123e-03
7.644632569281384349e-05 1.378580695018172264e-03
8.244130731327459216e-05 1.399426837451756001e-03
8.035051723709329963e-05 1.370740123093128204e-03
7.434593135258182883e-05 1.381240435875952244e-03
7.364510383922606707e-05 1.381300855427980423e-03
7.532561721745878458e-05 1.373298582620918751e-03
7.402535993605852127e-05 1.383118447847664356e-03
7.203837594715878367e-05 1.367253600619733334e-03
7.290023495443165302e-05 1.377418288029730320e-03
7.468110561603680253e-05 1.366141717880964279e-03
7.323546742554754019e-05 1.368413213640451431e-03
6.993232091190293431e-05 1.363688614219427109e-03
6.868303898954764009e-05 1.364740892313420773e-03
6.994554860284551978e-05 1.367765828035771847e-03
7.088018901413306594e-05 1.358956564217805862e-03
7.006249506957828999e-05 1.365427859127521515e-03
6.902780296513810754e-05 1.353409141302108765e-03
6.907210627105087042e-05 1.363663701340556145e-03
6.948332884348928928e-05 1.348921563476324081e-03
6.886420305818319321e-05 1.354654319584369659e-03
6.749736348865553737e-05 1.347651588730514050e-03
6.649798160651698709e-05 1.349403639324009418e-03
6.643158121732994914e-05 1.349402358755469322e-03
6.669903086731210351e-05 1.345338765531778336e-03
6.656557525275275111e-05 1.347636221908032894e-03
6.603987276321277022e-05 1.341278548352420330e-03
6.558388122357428074e-05 1.346575911156833172e-03
6.558234599651768804e-05 1.341233146376907825e-03
6.595381273655220866e-05 1.347737852483987808e-03
6.641911022597923875e-05 1.338708563707768917e-03
6.682527600787580013e-05 1.350693637505173683e-03
6.748515443177893758e-05 1.336621586233377457e-03
6.883698370074853301e-05 1.359495217911899090e-03
7.192552584456279874e-05 1.337655121460556984e-03
7.747470954200252891e-05 1.385084120556712151e-03
8.888437150744721293e-05 1.355204032734036446e-03
1.080217843991704285e-04 1.463825232349336147e-03
1.501976075815036893e-04 1.439549494534730911e-03
2.150967629859223962e-04 1.713388832286000252e-03
3.671656304504722357e-04 1.709119183942675591e-03
5.245467764325439930e-04 2.262143418192863464e-03
8.721369667910039425e-04 1.959268469363451004e-03
8.079608669504523277e-04 2.077047713100910187e-03
7.035062299109995365e-04 1.429606112651526928e-03
2.120060380548238754e-04 1.392641570419073105e-03
1.270101492991670966e-04 1.806200598366558552e-03
4.022648790851235390e-04 1.629544072784483433e-03
4.053559387102723122e-04 1.597300870344042778e-03
2.046109148068353534e-04 1.456395257264375687e-03
1.034383676596917212e-04 1.513739232905209064e-03
2.513326762709766626e-04 1.743404776789247990e-03
2.991071669384837151e-04 1.425154623575508595e-03
1.181905245175585151e-04 1.415222417563199997e-03
1.279870048165321350e-04 1.650508260354399681e-03
2.495261142030358315e-04 1.403920236043632030e-03
1.689053751761093736e-04 1.381960581056773663e-03
8.362309017684310675e-05 1.482339808717370033e-03
1.388123491778969765e-04 1.414638478308916092e-03
1.675048551987856627e-04 1.447981689125299454e-03
1.120501183322630823e-04 1.408171607181429863e-03
8.719341713003814220e-05 1.408446813002228737e-03
1.281771110370755196e-04 1.497207675129175186e-03
1.343989133602008224e-04 1.392221776768565178e-03
8.903691195882856846e-05 1.399523462168872356e-03
8.821541996439918876e-05 1.458957674913108349e-03
1.176132936961948872e-04 1.377287437207996845e-03
1.044883974827826023e-04 1.391306170262396336e-03
7.647541497135534883e-05 1.392969861626625061e-03
8.289688412332907319e-05 1.379628549329936504e-03
1.022378201014362276e-04 1.409340533427894115e-03
9.403814328834414482e-05 1.358043286018073559e-03
7.100633956724777818e-05 1.359422225505113602e-03
7.343893958022817969e-05 1.395503641106188297e-03
8.979706763057038188e-05 1.368311815895140171e-03
8.555818931199610233e-05 1.369174686260521412e-03
6.995822332100942731e-05 1.366609008982777596e-03
6.784219294786453247e-05 1.357796136289834976e-03
7.775163976475596428e-05 1.386012416332960129e-03
7.994302723091095686e-05 1.356630935333669186e-03
7.036353781586512923e-05 1.350541831925511360e-03
6.544069037772715092e-05 1.370725571177899837e-03
7.031575660221278667e-05 1.351005746982991695e-03
7.361220195889472961e-05 1.366141485050320625e-03
6.923513137735426426e-05 1.351945917122066021e-03
6.394142837962135673e-05 1.347469864413142204e-03
6.517110887216404080e-05 1.366192009299993515e-03
6.912954268045723438e-05 1.341641764156520367e-03
6.864016904728487134e-05 1.353853498585522175e-03
6.450463843066245317e-05 1.344733987934887409e-03
6.210391438798978925e-05 1.340520801022648811e-03
6.363306601997464895e-05 1.354873878881335258e-03
6.568228855030611157e-05 1.338342903181910515e-03
6.491372914751991630e-05 1.346937031485140324e-03
6.250959995668381453e-05 1.337543595582246780e-03
6.128443783381953835e-05 1.337509835138916969e-03
6.205677345860749483e-05 1.341099501587450504e-03
6.300405948422849178e-05 1.330845523625612259e-03
6.244957330636680126e-05 1.335381530225276947e-03
6.093158299336209893e-05 1.330355531536042690e-03
5.991637590341269970e-05 1.330394879914820194e-03
6.009126445860601962e-05 1.332487910985946655e-03
6.084450433263555169e-05 1.329412800259888172e-03
6.117670272942632437e-05 1.330622821114957333e-03
6.073310942156240344e-05 1.328768208622932434e-03
5.987988697597756982e-05 1.326512661762535572e-03
5.930953193455934525e-05 1.331533538177609444e-03
5.934548971708863974e-05 1.322974450886249542e-03
5.977884575258940458e-05 1.333446241915225983e-03
6.024035246809944510e-05 1.321928109973669052e-03
6.045615009497851133e-05 1.334403641521930695e-03
6.067570939194411039e-05 1.321567688137292862e-03
6.119009776739403605e-05 1.337400637567043304e-03
6.270260928431525826e-05 1.324019045569002628e-03
6.565035437233746052e-05 1.349126803688704967e-03
7.148936128942295909e-05 1.335188630037009716e-03
8.117806282825767994e-05 1.387211959809064865e-03
9.987740486394613981e-05 1.371598104014992714e-03
1.281803124584257603e-04 1.490298891440033913e-03
1.819398166844621301e-04 1.466558664105832577e-03
2.380825026193633676e-04 1.666967058554291725e-03
3.236555203329771757e-04 1.528462627902626991e-03
3.138646134175360203e-04 1.628976431675255299e-03
2.779255737550556660e-04 1.409024232998490334e-03
1.736429403536021709e-04 1.461413572542369366e-03
1.487787230871617794e-04 1.438447041437029839e-03
1.506694534327834845e-04 1.393512822687625885e-03
1.195257937069982290e-04 1.377207692712545395e-03
8.215199341066181660e-05 1.371558173559606075e-03
1.118628279073163867e-04 1.452440163120627403e-03
1.599815877852961421e-04 1.393365208059549332e-03
1.269364001927897334e-04 1.375475781969726086e-03
8.157355478033423424e-05 1.345767406746745110e-03
8.316350431414321065e-05 1.372538972645998001e-03
9.141634654952213168e-05 1.365122152492403984e-03
8.064314170042052865e-05 1.345970318652689457e-03
8.854692714521661401e-05 1.415372244082391262e-03
1.112468089559115469e-04 1.353782601654529572e-03
9.951208630809560418e-05 1.362147624604403973e-03
7.460335473297163844e-05 1.336526242084801197e-03
6.743329140590503812e-05 1.343292417004704475e-03
7.262885628733783960e-05 1.354534295387566090e-03
6.934378325240686536e-05 1.327731763012707233e-03
6.601204950129613280e-05 1.354995067231357098e-03
7.651817577425390482e-05 1.344769843854010105e-03
8.626627095509320498e-05 1.360874273814260960e-03
8.400326623814180493e-05 1.329453894868493080e-03
7.529939466621726751e-05 1.353684696368873119e-03
7.425384683301672339e-05 1.320797135122120380e-03
7.390911923721432686e-05 1.340648159384727478e-03
6.805394514231011271e-05 1.314423629082739353e-03
5.995022729621268809e-05 1.321814488619565964e-03
5.845163468620739877e-05 1.323065254837274551e-03
6.048052819096483290e-05 1.316080684773623943e-03
5.955429151072166860e-05 1.318967668339610100e-03
5.666636207024566829e-05 1.312899170443415642e-03
5.679074092768132687e-05 1.321697141975164413e-03
5.998161941533908248e-05 1.316129928454756737e-03
6.171970744617283344e-05 1.322771306149661541e-03
6.143545761005952954e-05 1.308964099735021591e-03
6.202007352840155363e-05 1.332971733063459396e-03
6.559892790392041206e-05 1.312700565904378891e-03
6.963410851312801242e-05 1.344044925644993782e-03
7.412434206344187260e-05 1.317081740126013756e-03
7.888280379120260477e-05 1.360094174742698669e-03
8.969999908003956079e-05 1.336590154096484184e-03
1.039973649312742054e-04 1.405965420417487621e-03
1.301130396313965321e-04 1.378124929033219814e-03
1.568952138768509030e-04 1.493247342295944691e-03
2.085502637783065438e-04 1.451530610211193562e-03
2.455757930874824524e-04 1.614591456018388271e-03
3.164331137668341398e-04 1.509457477368414402e-03
3.117997257504612207e-04 1.615692279301583767e-03
3.137930470984429121e-04 1.419088221155107021e-03
2.114341477863490582e-04 1.403896021656692028e-03
1.205421795020811260e-04 1.315665896981954575e-03
6.185158417792990804e-05 1.324784127064049244e-03
7.255586388055235147e-05 1.432679127901792526e-03
1.260083372471854091e-04 1.387581345625221729e-03
1.593339984538033605e-04 1.472220639698207378e-03
1.589826424606144428e-04 1.343014300800859928e-03
1.071305523510091007e-04 1.336767571046948433e-03
6.493609544122591615e-05 1.322859665378928185e-03
6.013928577885963023e-05 1.314064604230225086e-03
8.729770343052223325e-05 1.395816681906580925e-03
1.161498075816780329e-04 1.330923871137201786e-03
1.130892051151022315e-04 1.368924509733915329e-03
9.246602712664753199e-05 1.310718827880918980e-03
6.601685163332149386e-05 1.317592570558190346e-03
5.604702164418995380e-05 1.337952679023146629e-03
6.410585774574428797e-05 1.322958269156515598e-03
7.930762512842193246e-05 1.375824213027954102e-03
9.172626596409827471e-05 1.324120676144957542e-03
9.031350782606750727e-05 1.357251545414328575e-03
8.249781240010634065e-05 1.305572572164237499e-03
6.862643931526690722e-05 1.315319212153553963e-03
5.791647345176897943e-05 1.304491655901074409e-03
5.377735578804276884e-05 1.300791394896805286e-03
5.704091017832979560e-05 1.329427119344472885e-03
6.444466998800635338e-05 1.308588427491486073e-03
7.090691360644996166e-05 1.347929821349680424e-03
7.510103750973939896e-05 1.311501138843595982e-03
7.336158159887418151e-05 1.339841517619788647e-03
6.895619299029931426e-05 1.304973266087472439e-03
6.198047049110755324e-05 1.318225171416997910e-03
5.654950291500426829e-05 1.303724246099591255e-03
5.339566632756032050e-05 1.304847770370543003e-03
5.254103962215594947e-05 1.310997875407338142e-03
5.344987584976479411e-05 1.301649142988026142e-03
5.547967521124519408e-05 1.321230665780603886e-03
5.796305413241498172e-05 1.303929253481328487e-03
5.997350308462046087e-05 1.327580539509654045e-03
6.184147787280380726e-05 1.304002711549401283e-03
6.271777237998321652e-05 1.326591009274125099e-03
6.357249367283657193e-05 1.301071722991764545e-03
6.352095806505531073e-05 1.324595767073333263e-03
6.393246439984068274e-05 1.300251227803528309e-03
6.377234967658296227e-05 1.326043624430894852e-03
6.446142651839181781e-05 1.301317592151463032e-03
6.500690506072714925e-05 1.330757513642311096e-03
6.708464934490621090e-05 1.304094097577035427e-03
6.934426346560940146e-05 1.340861781500279903e-03
7.432364509440958500e-05 1.310654566623270512e-03
8.015767525648698211e-05 1.362088136374950409e-03
9.172410500468686223e-05 1.327817211858928204e-03
1.049142374540679157e-04 1.408776966854929924e-03
1.309795043198391795e-04 1.370465615764260292e-03
1.576385548105463386e-04 1.501345541328191757e-03
2.110283094225451350e-04 1.448587398044764996e-03
2.478836104273796082e-04 1.623857300728559494e-03
3.193040029145777225e-04 1.504190382547676563e-03
3.108294622506946325e-04 1.614107750356197357e-03
3.060469753108918667e-04 1.407455769367516041e-03
1.988842850551009178e-04 1.392995123751461506e-03
1.073510429705493152e-04 1.314196386374533176e-03
5.639345545205287635e-05 1.323800999671220779e-03
7.513180025853216648e-05 1.439403858967125416e-03
1.307973288930952549e-04 1.382341957651078701e-03
1.569054147694259882e-04 1.457909122109413147e-03
1.468257833039388061e-04 1.332346349954605103e-03
9.422182483831420541e-05 1.326242694631218910e-03
5.932472413405776024e-05 1.329197897575795650e-03
6.240134098334237933e-05 1.313309301622211933e-03
8.935658115660771728e-05 1.392522477544844151e-03
1.129212105297483504e-04 1.325758057646453381e-03
1.057984336512163281e-04 1.357772853225469589e-03
8.491619519190862775e-05 1.309925224632024765e-03
6.144028884591534734e-05 1.310280291363596916e-03
5.422108006314374506e-05 1.337110297754406929e-03
6.380420381901785731e-05 1.317432499490678310e-03
7.840016769478097558e-05 1.368806115351617336e-03
8.882341353455558419e-05 1.318209222517907619e-03
8.537410030839964747e-05 1.344662276096642017e-03
7.612646004417911172e-05 1.300920615904033184e-03
6.259582733036950231e-05 1.304544974118471146e-03
5.370339204091578722e-05 1.304521923884749413e-03
5.246574801276437938e-05 1.296272734180092812e-03
5.755576057708822191e-05 1.329335733316838741e-03
6.487782957265153527e-05 1.304664649069309235e-03
6.952793773962184787e-05 1.340802293270826340e-03
7.137670763768255711e-05 1.306512975133955479e-03
6.752125045750290155e-05 1.326483674347400665e-03
6.174127338454127312e-05 1.300198957324028015e-03
5.534621595870703459e-05 1.305390032939612865e-03
5.137405241839587688e-05 1.301787910051643848e-03
5.008751759305596352e-05 1.296530012041330338e-03
5.112808867124840617e-05 1.312320469878613949e-03
5.369642894947901368e-05 1.297852024435997009e-03
5.636544301523827016e-05 1.321970135904848576e-03
5.857545693288557231e-05 1.299900817684829235e-03
5.937035530223511159e-05 1.322284457273781300e-03
5.974716987111605704e-05 1.297217793762683868e-03
5.895292633795179427e-05 1.315553090535104275e-03
5.823221363243646920e-05 1.293508568778634071e-03
5.696968946722336113e-05 1.310451771132647991e-03
5.599123323918320239e-05 1.292868400923907757e-03
5.474659337778575718e-05 1.308041275478899479e-03
5.393618994276039302e-05 1.293181092478334904e-03
5.322216748027130961e-05 1.307208323851227760e-03
5.298711039358749986e-05 1.293199718929827213e-03
5.299196709529496729e-05 1.307988772168755531e-03
5.370613507693633437e-05 1.292535802349448204e-03
5.489591421792283654e-05 1.311918837018311024e-03
5.738871186622418463e-05 1.294209156185388565e-03
6.118945748312398791e-05 1.326488447375595570e-03
6.863596354378387332e-05 1.306278281845152378e-03
7.983364776009693742e-05 1.368557685054838657e-03
1.023956865537911654e-04 1.350652077235281467e-03
1.343543262919411063e-04 1.485147513449192047e-03
2.012591430684551597e-04 1.477703917771577835e-03
2.768032136373221874e-04 1.750629860907793045e-03
4.352576215751469135e-04 1.684040413238108158e-03
5.037540686316788197e-04 1.964231720194220543e-03
6.199607742018997669e-04 1.589598134160041809e-03
4.075861070305109024e-04 1.501588732935488224e-03
1.917187473736703396e-04 1.337085268460214138e-03
6.902260793140158057e-05 1.400774926878511906e-03
1.552655594423413277e-04 1.626755110919475555e-03
2.744415833149105310e-04 1.431547221727669239e-03
2.064162690658122301e-04 1.438558450900018215e-03
1.253760856343433261e-04 1.430709380656480789e-03
1.340387098025530577e-04 1.403801143169403076e-03
1.558226213091984391e-04 1.414364436641335487e-03
1.111680248868651688e-04 1.321127871051430702e-03
8.146555046550929546e-05 1.389211043715476990e-03
1.338394940830767155e-04 1.435848651453852654e-03
1.579851814312860370e-04 1.354060252197086811e-03
9.632939327275380492e-05 1.317886519245803356e-03
5.734863225370645523e-05 1.376044587232172489e-03
9.344977297587320209e-05 1.380217261612415314e-03
1.128694784711115062e-04 1.363646937534213066e-03
8.853140025166794658e-05 1.369572011753916740e-03
7.960821676533669233e-05 1.337139634415507317e-03
9.621746721677482128e-05 1.377790234982967377e-03
9.438255074201151729e-05 1.307122176513075829e-03
6.105403008405119181e-05 1.308501930907368660e-03
5.498025348060764372e-05 1.355751184746623039e-03
7.792339602019637823e-05 1.313665183261036873e-03
8.197803254006430507e-05 1.338435220532119274e-03
6.957934238016605377e-05 1.316955895163118839e-03
6.632497388636693358e-05 1.332835992798209190e-03
7.318710413528606296e-05 1.335195847786962986e-03
6.531202234327793121e-05 1.308553037233650684e-03
5.097218672744929790e-05 1.307284343056380749e-03
5.346430407371371984e-05 1.324741053394973278e-03
6.317836232483386993e-05 1.323211821727454662e-03
6.277572538238018751e-05 1.310383784584701061e-03
5.685255382559262216e-05 1.323259552009403706e-03
5.805756882182322443e-05 1.300487085245549679e-03
6.083022526581771672e-05 1.319864997640252113e-03
5.593929381575435400e-05 1.302218181081116199e-03
4.934814569423906505e-05 1.301567303016781807e-03
4.942160376231186092e-05 1.308103208430111408e-03
5.278392927721142769e-05 1.290339743718504906e-03
5.266324296826496720e-05 1.300064497627317905e-03
5.041893746238201857e-05 1.294049783609807491e-03
5.121332287671975791e-05 1.298934570513665676e-03
5.400443114922381938e-05 1.296163187362253666e-03
5.457311272039078176e-05 1.297704409807920456e-03
5.270675319479778409e-05 1.290049753151834011e-03
5.143083399161696434e-05 1.303878263570368290e-03
5.255858923192135990e-05 1.288800151087343693e-03
5.347790647647343576e-05 1.301928306929767132e-03
5.308478648657910526e-05 1.286768703721463680e-03
5.188446812098845840e-05 1.297900802455842495e-03
5.246801811154000461e-05 1.291410764679312706e-03
5.444570706458762288e-05 1.299266470596194267e-03
5.699361645383760333e-05 1.292821834795176983e-03
5.942846473772078753e-05 1.309581450186669827e-03
6.399994163075461984e-05 1.301046344451606274e-03
7.103446841938421130e-05 1.337086665444076061e-03
8.445325511274859309e-05 1.324394252151250839e-03
1.009896004688926041e-04 1.390051795169711113e-03
1.313047105213627219e-04 1.382892369292676449e-03
1.630628539714962244e-04 1.485245069488883018e-03
2.219331800006330013e-04 1.467438647523522377e-03
2.530320198275148869e-04 1.559666357934474945e-03
2.975967072416096926e-04 1.453270902857184410e-03
2.452483167871832848e-04 1.440193969756364822e-03
1.807439111871644855e-04 1.311352243646979332e-03
9.140637121163308620e-05 1.304964069277048111e-03
5.506242086994461715e-05 1.337384921498596668e-03
7.547780114691704512e-05 1.347367651760578156e-03
1.179978862637653947e-04 1.441463944502174854e-03
1.511356385890394449e-04 1.352125080302357674e-03
1.319925504503771663e-04 1.364453346468508244e-03
9.374795627081766725e-05 1.287973369471728802e-03
5.667814184562303126e-05 1.283653196878731251e-03
5.308875915943644941e-05 1.324794255197048187e-03
7.654794899281114340e-05 1.304961857385933399e-03
9.716955537442117929e-05 1.360564609058201313e-03
1.014005683828145266e-04 1.300550997257232666e-03
7.970629667397588491e-05 1.313254004344344139e-03
5.691480691893957555e-05 1.297689741477370262e-03
4.691827780334278941e-05 1.295599271543323994e-03
5.461553155328147113e-05 1.334927859716117382e-03
7.053336594253778458e-05 1.307565253227949142e-03
7.951420411700382829e-05 1.340397982858121395e-03
7.963999814819544554e-05 1.293134177103638649e-03
6.748597661498934031e-05 1.301733544096350670e-03
5.430732198874466121e-05 1.281068543903529644e-03
4.620606341632083058e-05 1.283117453567683697e-03
4.683999577537178993e-05 1.305692829191684723e-03
5.322981451172381639e-05 1.293786452151834965e-03
5.990847421344369650e-05 1.324555603787302971e-03
6.430373468901962042e-05 1.297375420108437538e-03
6.274242332438006997e-05 1.314304536208510399e-03
5.799550490337423980e-05 1.288792584091424942e-03
5.144932219991460443e-05 1.293261419050395489e-03
4.681084465119056404e-05 1.285848440602421761e-03
4.479347262531518936e-05 1.283358084037899971e-03
4.542050373856909573e-05 1.296466914936900139e-03
4.793922562384977937e-05 1.287787454202771187e-03
5.073727515991777182e-05 1.306380145251750946e-03
5.285340375849045813e-05 1.290258835069835186e-03
5.332747605280019343e-05 1.304746256209909916e-03
5.294256698107346892e-05 1.286323298700153828e-03
5.126878750161267817e-05 1.296281698159873486e-03
4.945440741721540689e-05 1.281233970075845718e-03
4.750771768158301711e-05 1.288610277697443962e-03
4.591019023791886866e-05 1.280496479012072086e-03
4.462219658307731152e-05 1.285695238038897514e-03
4.382591941975988448e-05 1.282924204133450985e-03
4.338067446951754391e-05 1.284753554500639439e-03
4.315623664297163486e-05 1.284674159251153469e-03
4.313469253247603774e-05 1.282777520827949047e-03
4.328197974245995283e-05 1.285096397623419762e-03
4.355518831289373338e-05 1.279351650737226009e-03
4.400292164064012468e-05 1.285518868826329708e-03
4.477085167309269309e-05 1.278189709410071373e-03
4.591231481754221022e-05 1.290332642383873463e-03
4.780865492648445070e-05 1.281501376070082188e-03
5.070851329946890473e-05 1.303136697970330715e-03
5.590848741121590137e-05 1.292219967581331730e-03
6.383620348060503602e-05 1.333860447630286217e-03
7.910859130788594484e-05 1.324594370089471340e-03
1.018731127260252833e-04 1.413795864209532738e-03
1.485363027313724160e-04 1.418605330400168896e-03
2.079918922390788794e-04 1.612413791008293629e-03
3.306841535959392786e-04 1.610412960872054100e-03
4.173631314188241959e-04 1.875849906355142593e-03
5.749692209064960480e-04 1.657849876210093498e-03
4.764905315823853016e-04 1.638636342249810696e-03
3.446077462285757065e-04 1.334500615485012531e-03
1.144820926128886640e-04 1.313619548454880714e-03
6.399694393621757627e-05 1.495518954470753670e-03
1.836377632571384311e-04 1.468209899030625820e-03
