6.956584155559539240e-02 6.291404664516449252e-02
6.016682907938956937e-02 5.514576584100723544e-02
5.224222987890243808e-02 4.857646375894546231e-02
4.588533565402030945e-02 4.304947257041931430e-02
4.027984440326690813e-02 3.842107802629470686e-02
3.569046407938003540e-02 3.459761440753936906e-02
3.179452344775200029e-02 3.153413981199264249e-02
2.853236645460128715e-02 2.911121100187301705e-02
2.594176791608333518e-02 2.720415890216827323e-02
2.381800077855587144e-02 2.573280557990074296e-02
2.223447114229202409e-02 2.463801726698875566e-02
2.097472902387380669e-02 2.384256199002265930e-02
1.995508633553981850e-02 2.334857732057571411e-02
1.921056583523750305e-02 2.301606684923172136e-02
1.855030395090579917e-02 2.281272262334823470e-02
1.808470208197832108e-02 2.263725847005844047e-02
1.753207780420780112e-02 2.252816557884216447e-02
1.716388538479805131e-02 2.240078002214431624e-02
1.678999923169612746e-02 2.225058600306510995e-02
1.643868759274482588e-02 2.213509902358055254e-02
1.610230132937431197e-02 2.200026437640190125e-02
1.583932209759950777e-02 2.187163010239601135e-02
1.559073776006698539e-02 2.174903228878975053e-02
1.536399424076080253e-02 2.165455594658851485e-02
1.514218375086784363e-02 2.146906480193138192e-02
1.491343025118112633e-02 2.125115916132926802e-02
1.471752636134624447e-02 2.102483138442039559e-02
1.448469609022140503e-02 2.086088433861732483e-02
1.429351381957530941e-02 2.066813856363296578e-02
1.406554467976093258e-02 2.048001587390899797e-02
1.384950336068868637e-02 2.025948986411094804e-02
1.361274328082799981e-02 2.004337757825851510e-02
1.336813960224389995e-02 1.988616883754730155e-02
1.311761885881423950e-02 1.973456665873527666e-02
1.286070123314857552e-02 1.957393512129783700e-02
1.254826392978429864e-02 1.937594413757324358e-02
1.223808582872152294e-02 1.916148737072944502e-02
1.191536653786897694e-02 1.898446977138519218e-02
1.168859731405973504e-02 1.896790191531181474e-02
1.146001461893320084e-02 1.889140233397483895e-02
1.124380826950073173e-02 1.881920173764228821e-02
1.113151423633098637e-02 1.880585625767707686e-02
1.103418003767728771e-02 1.868099719285964966e-02
1.094134096056222950e-02 1.848591566085815499e-02
1.083259843289852142e-02 1.827816814184188982e-02
1.073144506663084065e-02 1.813945546746253967e-02
1.067740339785814251e-02 1.785058602690696786e-02
1.056819502264261246e-02 1.755926460027694772e-02
1.046056859195232391e-02 1.741887554526328971e-02
1.037080045789480140e-02 1.750123053789138725e-02
1.032603681087493862e-02 1.729283779859542777e-02
1.017678733915090492e-02 1.710168272256851196e-02
1.012166235595941474e-02 1.697658151388168474e-02
1.005809549242258141e-02 1.685132384300231864e-02
9.913699701428413391e-03 1.696106716990470817e-02
9.847510792315005562e-03 1.650864407420158525e-02
9.719407372176646492e-03 1.627508327364921709e-02
9.677072428166866649e-03 1.597326695919036935e-02
9.525062143802642475e-03 1.588552296161651473e-02
9.487027768045663834e-03 1.578729785978794098e-02
9.424978122115134499e-03 1.535884961485862663e-02
9.266420453786849282e-03 1.520966291427612235e-02
9.135304577648639332e-03 1.521731801331043313e-02
8.995017036795616150e-03 1.540722772479057381e-02
9.002514369785784981e-03 1.495618782937526738e-02
8.801543340086936257e-03 1.455179750919342006e-02
8.775994740426540028e-03 1.429648958146572182e-02
8.651291299611330726e-03 1.411803551018237998e-02
8.504145778715610504e-03 1.406277306377887691e-02
8.417525142431259849e-03 1.370634213089943002e-02
8.336899895220994602e-03 1.352752782404422795e-02
8.249616622924805034e-03 1.341902576386928489e-02
8.153652306646108627e-03 1.353768222033977474e-02
8.030959218740463951e-03 1.319500803947448730e-02
7.869212329387665142e-03 1.285300739109516109e-02
7.760376948863267725e-03 1.255690976977348258e-02
7.640238851308822632e-03 1.225767470896244049e-02
7.477681525051594127e-03 1.221278049051761558e-02
7.408315595239400690e-03 1.187175810337066581e-02
7.224487420171499079e-03 1.154880002140998806e-02
7.215087302029132843e-03 1.143153943121433258e-02
6.970346160233020956e-03 1.188399717211723397e-02
6.940609589219093149e-03 1.112791523337364197e-02
6.934149097651243557e-03 1.088749319314956734e-02
6.696039810776710510e-03 1.077080145478248596e-02
6.640622578561306173e-03 1.065401136875152553e-02
6.593579612672329122e-03 1.041863597929477622e-02
6.305569503456354315e-03 1.030574627220630715e-02
6.369340419769287283e-03 1.011501587927341426e-02
6.123455148190260280e-03 1.026146337389946019e-02
6.015989370644092907e-03 1.006990484893321991e-02
5.911576002836227764e-03 9.606593102216721275e-03
5.787211935967206955e-03 9.427648037672042847e-03
5.787679040804505175e-03 9.238931536674498818e-03
5.494335899129509926e-03 9.370274841785430908e-03
5.673904437571763992e-03 9.364141151309013367e-03
5.886539816856384277e-03 9.646473452448844910e-03
6.447427906095981598e-03 8.785412088036537517e-03
5.780303198844194239e-03 9.492747671902179024e-03
5.810398049652576793e-03 9.114234894514083168e-03
5.534766986966132944e-03 9.103357791900634766e-03
5.209310725331306284e-03 8.989883586764335632e-03
5.220062099397182465e-03 8.741882070899010052e-03
5.036581121385097330e-03 8.767258748412132610e-03
5.042790248990058725e-03 8.416392654180527427e-03
4.972242517396807671e-03 8.294380456209182045e-03
4.777707904577255076e-03 8.537395298480987896e-03
4.921106249094009052e-03 8.323324657976628044e-03
4.741975944489240993e-03 8.241306617856025349e-03
4.690293874591589147e-03 8.030401542782783508e-03
4.610932711511850184e-03 8.087388798594474446e-03
4.679335560649633234e-03 8.106250502169131539e-03
4.546667821705341686e-03 8.012774027884006153e-03
4.453027434647083109e-03 7.936378940939903259e-03
4.520551580935716456e-03 7.728289067745208914e-03
4.508871585130691528e-03 7.671589218080043966e-03
4.383998364210129131e-03 7.961251027882098458e-03
4.417995177209377462e-03 7.807881385087966745e-03
4.345646128058433533e-03 7.769299112260341991e-03
4.246072005480527531e-03 7.524306699633598154e-03
4.215325647965073759e-03 7.379099167883396496e-03
4.176423512399196278e-03 7.371988520026207317e-03
4.121953994035721172e-03 7.176734507083892822e-03
4.085353249683976520e-03 7.112679071724414825e-03
4.015732835978269404e-03 6.995227187871932983e-03
3.977747960016131054e-03 7.056377828121185303e-03
3.930801805108785456e-03 6.969941593706607645e-03
3.966217208653688257e-03 6.882289610803127462e-03
4.081283602863550533e-03 6.838114559650420796e-03
3.831478022038936788e-03 7.072669267654418772e-03
3.989749634638428515e-03 7.077468559145927429e-03
3.876699530519544905e-03 6.894937157630920757e-03
3.902588924393057997e-03 6.754373759031295429e-03
3.768969047814607794e-03 6.648123450577259237e-03
3.670914471149444493e-03 6.618714518845080982e-03
3.669177740812301722e-03 6.493511982262134899e-03
3.615521080791950399e-03 6.462947838008404125e-03
3.601248282939195546e-03 6.362543441355228424e-03
3.556542727164923971e-03 6.206799112260341471e-03
3.545036446303129109e-03 6.174771115183830261e-03
3.527065645903348836e-03 6.199227645993232727e-03
3.476065769791603262e-03 6.211039982736111034e-03
3.522855322808027354e-03 6.200036220252514059e-03
3.496172791346907789e-03 6.173016875982284893e-03
3.532640868797898293e-03 6.166402995586395090e-03
3.441102616488933390e-03 6.135162897408008575e-03
3.458414319902658549e-03 6.108637154102325613e-03
3.458232805132866079e-03 5.986855365335941315e-03
3.360756812617182645e-03 5.815988779067993511e-03
3.308475948870182037e-03 5.763301439583301371e-03
3.312215954065322703e-03 5.856508202850818461e-03
3.272258909419178963e-03 5.775507166981696736e-03
3.250896465033292770e-03 5.754581280052661549e-03
3.203819133341312495e-03 5.736330337822437113e-03
3.214057767763733864e-03 5.677028372883796518e-03
3.152528591454028910e-03 5.516165494918822895e-03
3.173845773562789137e-03 5.580296181142330517e-03
3.187444806098937815e-03 5.608521029353141438e-03
3.260208945721388037e-03 5.498211830854415894e-03
3.089665016159415072e-03 5.405698157846927816e-03
3.058503381907939911e-03 5.354598723351955067e-03
3.057590499520301645e-03 5.307148955762386149e-03
3.066269960254430597e-03 5.370959267020225178e-03
3.097977302968501871e-03 5.383857712149620230e-03
2.988854236900806254e-03 5.422060377895832062e-03
2.996732760220765894e-03 5.369988270103931427e-03
2.972520515322685328e-03 5.335491895675659006e-03
2.997724199667573062e-03 5.333204008638858969e-03
2.948873490095138376e-03 5.274228006601333792e-03
2.922584256157279188e-03 5.135582014918327505e-03
2.884231973439455032e-03 5.048677790910005569e-03
2.921353094279766083e-03 4.993801750242709940e-03
2.902632206678390590e-03 4.956218693405389612e-03
2.907385025173425588e-03 4.963631369173526417e-03
2.824931312352418813e-03 5.118007492274046118e-03
2.902061538770794955e-03 5.164172686636448080e-03
2.856505662202835170e-03 5.042864847928285946e-03
2.850181795656680974e-03 4.972073342651128422e-03
2.794527029618620699e-03 5.028157774358987635e-03
2.875278983265161341e-03 4.956502467393875122e-03
2.763617038726806814e-03 4.679586831480264317e-03
2.803231030702590856e-03 4.666901379823684866e-03
2.771184686571359548e-03 4.793790262192487370e-03
2.783732581883668986e-03 4.680126160383224661e-03
2.769921114668249997e-03 4.648431856185198004e-03
2.790300128981471235e-03 4.748726170510053982e-03
2.839433168992400083e-03 4.848448280245065863e-03
2.753491932526230986e-03 4.669840540736913334e-03
2.755885338410735217e-03 4.536851495504379446e-03
2.716351556591689500e-03 4.714715667068958629e-03
2.721755998209118843e-03 4.529397469013929367e-03
2.762739965692162687e-03 4.560425039380788456e-03
2.833162806928157720e-03 4.570851847529411142e-03
2.924443082883954135e-03 4.733516648411750620e-03
2.928427513688802806e-03 4.863394144922495062e-03
2.904710080474615271e-03 5.162705108523369182e-03
2.685895469039678400e-03 4.861562233418226416e-03
2.703190641477704135e-03 4.947258345782756979e-03
2.894153725355863484e-03 4.546488448977470224e-03
2.597981528379022902e-03 4.545152280479669224e-03
2.653216617181897077e-03 4.520683176815509449e-03
2.655098680406808853e-03 4.481988493353128433e-03
2.573197335004806605e-03 4.435171652585267847e-03
2.560486318543553352e-03 4.424704425036907370e-03
2.623475249856710521e-03 4.400169290602207010e-03
2.545203641057014552e-03 4.345622751861811031e-03
2.486267779022455389e-03 4.444230720400810589e-03
2.548709511756896973e-03 4.306228179484605616e-03
2.501138160005211743e-03 4.253866616636514664e-03
2.552386932075023738e-03 4.229146987199783325e-03
2.477599354460835283e-03 4.323895834386348551e-03
2.516529290005564690e-03 4.391606803983450283e-03
2.511933399364352400e-03 4.366264119744301189e-03
2.515609352849423972e-03 4.361959267407655369e-03
2.456231461837887937e-03 4.523349087685346256e-03
2.397948317229747685e-03 4.416675493121147329e-03
2.477221796289086255e-03 4.312742874026298870e-03
2.393379062414169485e-03 4.125613812357186924e-03
2.391830668784677982e-03 4.192069638520479202e-03
2.367802266962826425e-03 4.081489704549312765e-03
2.331881690770387563e-03 4.055471532046795238e-03
2.289220830425619992e-03 4.016110207885503769e-03
2.338575338944792661e-03 3.997692558914423162e-03
2.301307255402207461e-03 4.081498738378286709e-03
2.314429124817252246e-03 4.038359504193067551e-03
2.291985740885138685e-03 4.048177599906921040e-03
2.259745495393872261e-03 3.943272959440946232e-03
2.290572226047516043e-03 4.014595970511436115e-03
2.257705945521592920e-03 3.924070019274949681e-03
2.221701247617602175e-03 3.929813113063574011e-03
2.261655777692794713e-03 3.888109698891639709e-03
2.246992848813533956e-03 3.934539761394262661e-03
2.282160567119717598e-03 3.949085203930735762e-03
2.247346984222531492e-03 3.953340183943510229e-03
2.223078859969973564e-03 3.868000581860542297e-03
2.162889111787080765e-03 3.865163493901491339e-03
2.145215449854731386e-03 3.847138304263353174e-03
2.136061713099479502e-03 3.809272870421409694e-03
2.132878359407186682e-03 3.791231010109185999e-03
2.130774827674031084e-03 3.771869558840990153e-03
2.128944220021367247e-03 3.835157118737697688e-03
2.151635522022843187e-03 3.802111465483903972e-03
2.089291717857122335e-03 3.840198647230863484e-03
2.082398976199328899e-03 3.778600040823221120e-03
2.066630311310291204e-03 3.764460515230894262e-03
2.064115880057215517e-03 3.732396848499775020e-03
2.060659555718302813e-03 3.689571376889944163e-03
2.045571804046630859e-03 3.690547449514269742e-03
2.051284816116094416e-03 3.649583784863352776e-03
2.038835745770484122e-03 3.657259698957204992e-03
2.049410250037908554e-03 3.642077371478080576e-03
2.110706246457994158e-03 3.817428695037961093e-03
2.270689094439148990e-03 3.900001663714647206e-03
2.217506803572177713e-03 3.941751178354024540e-03
2.313116146251559084e-03 4.129595030099153866e-03
2.750774659216403788e-03 3.998154774308204651e-03
2.662665303796529857e-03 3.915603365749120365e-03
2.372609032317995852e-03 3.958776593208312988e-03
2.148151514120399952e-03 4.263398889452219183e-03
2.370746200904250232e-03 4.220664594322442661e-03
2.073000557720661077e-03 4.188346955925226038e-03
2.154920017346739769e-03 4.013509023934602737e-03
2.017575292848050681e-03 3.897625766694545572e-03
2.068692073225975210e-03 3.935141861438751568e-03
2.071137586608528917e-03 3.788965009152889425e-03
2.060534129850566214e-03 3.737478889524936589e-03
1.976666040718555450e-03 3.739655297249555414e-03
2.003697212785482407e-03 3.744574263691902161e-03
2.122481167316436594e-03 3.768758103251457388e-03
1.928990660235285716e-03 3.892614971846342087e-03
1.908146915957331571e-03 3.742841817438602274e-03
1.875309017486870376e-03 3.664150042459368619e-03
1.858713547699153510e-03 3.761536721140146082e-03
1.874242164194583849e-03 3.751301905140280724e-03
1.895855041220784274e-03 3.708072006702423096e-03
1.930530741810798732e-03 3.700670599937438791e-03
1.832714723423123316e-03 3.642051294445991343e-03
1.763898786157369527e-03 3.613167721778154200e-03
1.755063561722636136e-03 3.577678371220827016e-03
1.756939571350812912e-03 3.534486982971429825e-03
1.751364767551422206e-03 3.547853603959083384e-03
1.773071801289916125e-03 3.546410286799073046e-03
1.764385006390512076e-03 3.515936248004436319e-03
1.808766648173332128e-03 3.555098315700888634e-03
1.751322532072663307e-03 3.517989814281463450e-03
1.712066750042140527e-03 3.485831478610634630e-03
1.731246500276029023e-03 3.430933319032192317e-03
1.670176815241575198e-03 3.417109278962016019e-03
1.646775472909212069e-03 3.426709910854697227e-03
1.638713758438825607e-03 3.411788493394851685e-03
1.629912550561129960e-03 3.425979567691683596e-03
1.623636612202972260e-03 3.398255538195371715e-03
1.605327613651752385e-03 3.431315300986170769e-03
1.618166128173470410e-03 3.418480837717652408e-03
1.606245059520006180e-03 3.369392827153205872e-03
1.577783073298633142e-03 3.348286636173725041e-03
1.564394147135317369e-03 3.357702633365988731e-03
1.557387458160519643e-03 3.391016693785786802e-03
1.551545504480600400e-03 3.376666456460952759e-03
1.529698178637772885e-03 3.401632606983184988e-03
1.550053921528160659e-03 3.368309140205383214e-03
1.547006308101117611e-03 3.402611799538135615e-03
1.533494004979729566e-03 3.439559973776340398e-03
1.548549695871770339e-03 3.394788037985563191e-03
1.615092041902244091e-03 3.548561874777078455e-03
1.685746153816580686e-03 3.633939009159803217e-03
1.661524805240333124e-03 3.651171503588557070e-03
1.674112421460449609e-03 3.488220740109682083e-03
1.582892588339746085e-03 3.441881807520985777e-03
1.638327632099389943e-03 3.530223295092582616e-03
1.627201773226261226e-03 3.911001095548272306e-03
2.167891804128885356e-03 3.883667103946208780e-03
1.968516199849545782e-03 3.806253848597407514e-03
2.043579658493399794e-03 3.725035674870014277e-03
1.899849064648151311e-03 3.592544142156839284e-03
1.585223968140780839e-03 3.693243768066167658e-03
1.477508340030908585e-03 3.589089214801788504e-03
1.475574658252298919e-03 3.567287512123584574e-03
1.527308463118970481e-03 3.758677002042532141e-03
1.560797216370701790e-03 3.531599976122379390e-03
1.474472321569919673e-03 3.420980367809534246e-03
1.442682463675737381e-03 3.455442376434803009e-03
1.530897140037268487e-03 3.325675148516893387e-03
1.415508729405701204e-03 3.285197913646697911e-03
1.346701639704406261e-03 3.364947997033595952e-03
1.352499541826546149e-03 3.319635242223739797e-03
1.333189383149146990e-03 3.291789069771766749e-03
1.346795330755412665e-03 3.261997643858194178e-03
1.336534647271037015e-03 3.197892848402261561e-03
1.306106732226908250e-03 3.225102229043841275e-03
1.331742154434323311e-03 3.252329071983695030e-03
1.325128017924726009e-03 3.236724250018596823e-03
1.268392521888017741e-03 3.219553316012024706e-03
1.265317457728087815e-03 3.208346571773290547e-03
1.269425870850682172e-03 3.197648422792553988e-03
1.281137857586145444e-03 3.284803591668605804e-03
1.339700049720704642e-03 3.230535425245761871e-03
1.333041209727525798e-03 3.450641129165888006e-03
1.342777442187070890e-03 3.389535937458276749e-03
1.356088544707745357e-03 3.273008530959486875e-03
1.405780832283198877e-03 3.301833104342222040e-03
1.336193201132118615e-03 3.309299377724528226e-03
1.262018759734928565e-03 3.169269114732742136e-03
1.191837294027209325e-03 3.176540555432439024e-03
1.264754403382539706e-03 3.042075410485267726e-03
1.204545970540493683e-03 3.138523316010832787e-03
1.206738944165408568e-03 3.136339038610458287e-03
1.210459601134061900e-03 3.127901302650571043e-03
1.210745540447533131e-03 3.163652773946523493e-03
1.183080661576241255e-03 3.271147329360246832e-03
1.209382852539420085e-03 3.150943480432033365e-03
1.260216976515948816e-03 3.221905417740345088e-03
1.240631821565329942e-03 3.114209277555346489e-03
1.251580379903316454e-03 3.101732814684510231e-03
1.194443227723240766e-03 3.097072755917906588e-03
1.230652700178325090e-03 3.089593956246972084e-03
1.149112917482853023e-03 3.285119449719786557e-03
1.159088406711816744e-03 3.020362230017781258e-03
1.172934472560882612e-03 3.014829056337475603e-03
1.143123651854693933e-03 3.217343520373105829e-03
1.129519834648817778e-03 2.994462475180626002e-03
1.108384015969931993e-03 2.967411885038018227e-03
1.092812209390103860e-03 3.022107714787125761e-03
1.099139288999140219e-03 2.945133112370967952e-03
1.095734979026019660e-03 2.937649236992001620e-03
1.077357260510325475e-03 2.984685497358441266e-03
1.060061692260205702e-03 2.800326934084296140e-03
1.097968220710754308e-03 2.867605164647102443e-03
1.071318890899419698e-03 3.111963765695691022e-03
1.083980640396475879e-03 2.881576586514711207e-03
1.094513596035540017e-03 2.834418136626481836e-03
1.040054671466350512e-03 2.906693750992417249e-03
1.029698050115257545e-03 2.825745847076177597e-03
1.049023028463125142e-03 2.815314196050167170e-03
1.030530757270753470e-03 2.934500621631741350e-03
1.034495572093874303e-03 2.807844476774334734e-03
1.041720411740243348e-03 2.799010183662175959e-03
1.002890570089221044e-03 2.808311907574534590e-03
1.021198206581175414e-03 2.748937997967004949e-03
1.041843206621706486e-03 2.830547653138637456e-03
9.826214984059334235e-04 2.743040444329380989e-03
1.044947421178221703e-03 2.664195979014038953e-03
9.861519210971891880e-04 2.843841118738055142e-03
9.999321307986974283e-04 2.787462342530488881e-03
1.008397061377763835e-03 2.739921025931835001e-03
9.744350332766771533e-04 3.076495463028550235e-03
1.062714762520045129e-03 2.777654537931084720e-03
9.704397642053663297e-04 2.613051282241940672e-03
9.841393970418722305e-04 2.649906557053327560e-03
9.442229755222796960e-04 2.905789157375693408e-03
9.924896527081727114e-04 2.705262694507837469e-03
9.458575397729874091e-04 2.638418460264801979e-03
9.750635479576885267e-04 2.783732675015926535e-03
9.640318923629820781e-04 2.843078039586543863e-03
9.387641912326216698e-04 2.636283589527011091e-03
9.640687610954045816e-04 2.661459892988204783e-03
9.225150104612111612e-04 2.823819173499941826e-03
9.557359851896762414e-04 2.641677297651767644e-03
9.154926054179667993e-04 2.646954823285341350e-03
9.211999364197254398e-04 2.602154109627008612e-03
9.453656384721398354e-04 2.582907350733876142e-03
9.591740381438285112e-04 2.745170611888170242e-03
9.711508406326174953e-04 2.710750745609402830e-03
1.083504490088671359e-03 3.481283737346530134e-03
1.332208246458321723e-03 3.518015984445810231e-03
1.472341688349843112e-03 3.522125910967588338e-03
1.394847617484629241e-03 3.320367168635130015e-03
1.250298158265650316e-03 3.037584573030471888e-03
1.115663675591349602e-03 3.090566955506801605e-03
1.083860080689191732e-03 2.736033359542489225e-03
1.049540424719452815e-03 2.832890395075082692e-03
1.076377462595701218e-03 3.045689081773161888e-03
1.078735431656241504e-03 2.813907340168952942e-03
1.131545845419168559e-03 2.959116734564304265e-03
1.071301905903965321e-03 3.251133626326918515e-03
1.093860552646219687e-03 2.611731737852096644e-03
1.159121934324502902e-03 2.725334744900464925e-03
1.013841480016708374e-03 3.006137441843748093e-03
1.007906277664005756e-03 2.866839710623026068e-03
1.026948727667331739e-03 2.770874369889497930e-03
1.039340696297585921e-03 2.759963832795620051e-03
9.084212710149585984e-04 2.800761722028255463e-03
9.296867763623594804e-04 2.771124150604009542e-03
9.353346424177289443e-04 2.863576076924800786e-03
1.016882993280887647e-03 2.867294149473309430e-03
9.568769019097089767e-04 2.830311702564358538e-03
9.298722608946264224e-04 2.840026700869202787e-03
9.603633894585073211e-04 2.710982272401451891e-03
9.303059312514960332e-04 2.703452063724398440e-03
8.468146901577710889e-04 2.644042531028389757e-03
9.602749370969832377e-04 2.633681613951921550e-03
9.225975256413221793e-04 2.486868249252438719e-03
8.524223230779170990e-04 2.559148147702217015e-03
8.795230300165712617e-04 2.571274247020483190e-03
8.319603744894266345e-04 2.465808345004916018e-03
8.746323874220252037e-04 2.596107590943574732e-03
8.254475425928831534e-04 2.623441582545638258e-03
8.237544330768287399e-04 2.508899569511413487e-03
8.021345944143831947e-04 2.507124748080969030e-03
8.207706036046147130e-04 2.556193340569734747e-03
8.147482643835246346e-04 2.607897249981761065e-03
8.254900923930108981e-04 2.476277900859713468e-03
8.101288811303674741e-04 2.455943729728460312e-03
7.752377307042479949e-04 2.483447175472974864e-03
7.986468146555126147e-04 2.431785222142934799e-03
7.942382479086517854e-04 2.390664676204323682e-03
7.723230984993279414e-04 2.442382741719484329e-03
7.640278199687600136e-04 2.421854995191097260e-03
7.704121991991997199e-04 2.434028079733252525e-03
7.649451959878206470e-04 2.459788136184215459e-03
7.663798402063548782e-04 2.396510820835828694e-03
7.764138048514723561e-04 2.398245688527822668e-03
7.610246771946549632e-04 2.348830085247755137e-03
7.682377472519874573e-04 2.428561681881546974e-03
8.124746207613497539e-04 2.372437948361039248e-03
7.845850894227623506e-04 2.375504840165376576e-03
7.532751536928117058e-04 2.416462451219558542e-03
7.500316831283270879e-04 2.305646426975727081e-03
7.645530742593110041e-04 2.518973592668771570e-03
8.745647966861725287e-04 2.445187838748097593e-03
9.325211402028798623e-04 2.679920569062232798e-03
8.327325456775724454e-04 2.506369305774569338e-03
9.066742146387696483e-04 2.344212168827652844e-03
8.246092707850039222e-04 2.376842778176069260e-03
8.963924366980791526e-04 2.399312658235430804e-03
8.163174847140908024e-04 2.524718455970287150e-03
8.289124118164182143e-04 2.638920582830905828e-03
9.287794702686369853e-04 2.655370254069566813e-03
9.530257433652877591e-04 2.509321598336100405e-03
8.931167656555771394e-04 2.493716217577457341e-03
9.781539789400993910e-04 2.716289600357413292e-03
8.968299138359725258e-04 2.448267256841063673e-03
7.735128165222704411e-04 2.496534492820501328e-03
8.609484881162643649e-04 2.491092495620250875e-03
7.962830597534776168e-04 2.509038755670189944e-03
7.789886323735118346e-04 2.332159504294395620e-03
8.052176213823259094e-04 2.409401256591081533e-03
8.079663733951747201e-04 2.552842721343040466e-03
8.556714514270424626e-04 2.503583393990993673e-03
7.918407791294157505e-04 2.710321545600891200e-03
8.089370676316320896e-04 2.434043865650892431e-03
7.816446479409933524e-04 2.382377581670880491e-03
7.849193876609206416e-04 2.522516343742608851e-03
7.949855760671197934e-04 2.272742893546819774e-03
7.520265411585569165e-04 2.295613428577780637e-03
7.526791072450577996e-04 2.316650375723838719e-03
7.302901765797286792e-04 2.330308314412832260e-03
7.785541820339858532e-04 2.431501913815736597e-03
7.816366851329803467e-04 2.335762977600097570e-03
7.453026599250733419e-04 2.294163173064589674e-03
7.487272727303206704e-04 2.356487931683659467e-03
7.216261583380401134e-04 2.332446072250604543e-03
7.085682824254036167e-04 2.251619333401322452e-03
7.185436552390456200e-04 2.287164283916354353e-03
7.044949568808078332e-04 2.294315258041024208e-03
6.908932700753211975e-04 2.166962251067161560e-03
6.983824423514306545e-04 2.231358969584107572e-03
6.764869787730277018e-04 2.308461023494601163e-03
6.811662693507969596e-04 2.216812735423445528e-03
6.846577161923050880e-04 2.232919726520776575e-03
6.876250845380127430e-04 2.271152427420020190e-03
7.165892748162150383e-04 2.338762581348419363e-03
7.097985944710671902e-04 2.256944449618458661e-03
7.935420144349336624e-04 2.469325205311179161e-03
1.156892336439341307e-03 3.183882730081677263e-03
1.060706935822963628e-03 2.861050143837928945e-03
1.325746881775557995e-03 2.505545830354094592e-03
1.004227134399116083e-03 2.357491664588451299e-03
8.927273214794695161e-04 2.353886980563402089e-03
9.778695413842797713e-04 2.397964661940932447e-03
1.011694665066897869e-03 2.633013483136892492e-03
1.274219644255936189e-03 2.697510272264480678e-03
1.180603448301553770e-03 3.187647648155689326e-03
1.255930354818701701e-03 3.003408527001738635e-03
1.241374947130680041e-03 2.836649119853973215e-03
1.283858995884656993e-03 3.197886329144239252e-03
1.325872587040066806e-03 3.032679855823517019e-03
1.580049726180732337e-03 2.732036774978041562e-03
1.182172994595020923e-03 2.695293352007866079e-03
9.816771605983376069e-04 2.706615626811981114e-03
8.812714950181543827e-04 2.548111788928508932e-03
8.409110014326870441e-04 2.796622924506664276e-03
9.031841764226555824e-04 2.924095094203949148e-03
8.955595782026648738e-04 2.762533165514469060e-03
8.646604605019092343e-04 2.602009382098913019e-03
8.058812585659324906e-04 2.626259159296750849e-03
8.036115090362727425e-04 2.436833502724766558e-03
8.018625900149345615e-04 2.502952702343463898e-03
8.024496491998434067e-04 2.625713776797056372e-03
7.940282113850117163e-04 2.475581690669059840e-03
8.771987049840390682e-04 2.444664435461163694e-03
7.865015650168061256e-04 2.554121846333146269e-03
7.435715990141034560e-04 2.359375683590769854e-03
7.789553608745336099e-04 2.246365975588560191e-03
7.228160044178366878e-04 2.323648007586598223e-03
7.361570489592850642e-04 2.255555381998419675e-03
7.273004623129964308e-04 2.286387700587511149e-03
7.103312877006828568e-04 2.340938244014978235e-03
7.246911176480352662e-04 2.278810180723666971e-03
7.837867946363985322e-04 2.316449116915464228e-03
6.740394688677042940e-04 2.431719237938523206e-03
6.768092047423124097e-04 2.318775141611695376e-03
6.554795079864561124e-04 2.163370745256543073e-03
6.523622607346624570e-04 2.239761594682932073e-03
6.516828667372465351e-04 2.256601210683584300e-03
6.482526659965515137e-04 2.161775948479771614e-03
6.356263300403952165e-04 2.164101181551814253e-03
6.325833615846932151e-04 2.164053311571478670e-03
6.261317292228340669e-04 2.209020592272281473e-03
6.279421504586935043e-04 2.184926299378275871e-03
6.375957280397414727e-04 2.272453159093856812e-03
6.642871885560452938e-04 2.278849110007286159e-03
7.270504138432443142e-04 2.450270997360348875e-03
7.341895601712167046e-04 2.263810625299811276e-03
6.616831873543560288e-04 2.274170424789190206e-03
7.262536790221929116e-04 2.197368489578366453e-03
6.832169485278428035e-04 2.277611522004008293e-03
7.132055005058645768e-04 2.353267557919025248e-03
7.698359433561563926e-04 2.252170583233237267e-03
6.688553956337272687e-04 2.197006717324256897e-03
6.592418882064521530e-04 2.210078481584787542e-03
6.561748217791318677e-04 2.185649005696177483e-03
6.659175618551671288e-04 2.154213842004537582e-03
6.286517484113574462e-04 2.279969770461320790e-03
6.550762918777763844e-04 2.282085176557302302e-03
6.545133190229534669e-04 2.168558677658438596e-03
6.719557568430900574e-04 2.229800634086132223e-03
6.718983058817684650e-04 2.281713066622614861e-03
6.674431147985160568e-04 2.169424761086702434e-03
6.679909303784370856e-04 2.071817684918641871e-03
7.323076715692877769e-04 2.166275307536125096e-03
6.683037732727825858e-04 2.208266220986842936e-03
6.782354204915464358e-04 2.232877630740404216e-03
6.944726686924695752e-04 2.168623777106404131e-03
6.449373788200319247e-04 2.214023610576987267e-03
6.718722521327436187e-04 2.275801915675401861e-03
6.707058404572307847e-04 2.227205643430352298e-03
6.977100740186870532e-04 2.226076158694923098e-03
7.099465816281736114e-04 2.265322208404541189e-03
7.082325173541903496e-04 2.176344068720936688e-03
6.200393312610685609e-04 2.104015741497278387e-03
6.753107765689492659e-04 2.168917469680309209e-03
6.532816914841532707e-04 2.157168788835406390e-03
6.478707422502338669e-04 2.162757981568575079e-03
7.314131013117730834e-04 2.214339328929781914e-03
6.843563402071595409e-04 2.234371099621057684e-03
7.248999318107962608e-04 2.259255526587366971e-03
7.345180143602192619e-04 2.244827896356582728e-03
6.300670793280005455e-04 2.187664248049259273e-03
6.569912889972329357e-04 2.205960452556610107e-03
6.366767454892396493e-04 2.312776679173111742e-03
6.923501845449208996e-04 2.248481335118413145e-03
7.034992799162864468e-04 2.348495647311210632e-03
7.349857361987233596e-04 2.302147774025797931e-03
7.438626722432673194e-04 2.156213531270623120e-03
7.296899100765585466e-04 2.240725746378302748e-03
6.947258720174431584e-04 2.287984546273946936e-03
7.012942107394338088e-04 2.300529414787888440e-03
7.096270914189517281e-04 2.274549985304475004e-03
7.437189109623431943e-04 2.299687359482049942e-03
7.196915452368557236e-04 2.342645404860377398e-03
7.881535566411912441e-04 2.236411301419138995e-03
7.093466585502028899e-04 2.224538149312138471e-03
6.929263239726424000e-04 2.194482227787375537e-03
7.074763183481991074e-04 2.264168625697493380e-03
6.641002022661268494e-04 2.158090239390730858e-03
7.053067325614392974e-04 2.095809765160083857e-03
6.483425735495984337e-04 2.311024023219942960e-03
8.199168252758682208e-04 2.315702009946107951e-03
8.005053037777543285e-04 2.307861717417836103e-03
7.281370460987090631e-04 2.280513755977153778e-03
6.766335107386111779e-04 2.422869065776467410e-03
7.699518930166960196e-04 2.295531332492828369e-03
7.003032951615750790e-04 2.278954163193702611e-03
6.951969931833446243e-04 2.252560388296842402e-03
6.465881131589412256e-04 2.225796412676572973e-03
6.945134431589394591e-04 2.296009147539734667e-03
6.739410571753978296e-04 2.240373613312840548e-03
7.308731786906718991e-04 2.214709110558032816e-03
6.743119331076741652e-04 2.247513644397258672e-03
6.135653937235474153e-04 2.224884135648608121e-03
6.457000970840453668e-04 2.246537851169705304e-03
6.614000303670763969e-04 2.232853649184107867e-03
6.509419064968824820e-04 2.274757903069257910e-03
6.391040747985244014e-04 2.247123001143336470e-03
6.497500813566148498e-04 2.272374182939529592e-03
6.547252880409360366e-04 2.300929930061102087e-03
6.364162429235876040e-04 2.141027618199586782e-03
6.154265138320624828e-04 2.103021275252103719e-03
6.143061094917356751e-04 2.088658092543482607e-03
6.438733660615980191e-04 2.196113020181655797e-03
6.978732999414205551e-04 2.225477620959281835e-03
6.882980349473654790e-04 2.326126350089907559e-03
6.878642947413027070e-04 2.331360336393117991e-03
7.107580488082021909e-04 2.420522877946495923e-03
6.946809706278144880e-04 2.596438722684979526e-03
8.414520882070064978e-04 2.477033762261271477e-03
7.520613609813154177e-04 2.424998348578810605e-03
8.421143400482832952e-04 2.489786082878709013e-03
7.626008358784019730e-04 2.587543101981282234e-03
8.335981518030166192e-04 2.617593202739953821e-03
8.066319976933300061e-04 2.542840689420699987e-03
9.408852667547762828e-04 2.496480429545045072e-03
8.257148903794587092e-04 2.999290823936462402e-03
1.054255920462310358e-03 2.919360715895891363e-03
9.993599611334501830e-04 2.505363663658499718e-03
9.661805699579418139e-04 2.360933460295200348e-03
7.278049713931977315e-04 2.466949215158819979e-03
7.657421752810478427e-04 2.443032525479793722e-03
7.328346429858357148e-04 2.298232819885015661e-03
6.518871756270528057e-04 2.224296797066926956e-03
6.172923371195792935e-04 2.234478108584880916e-03
5.780128703918308020e-04 2.217694045975804416e-03
5.682705901563167789e-04 2.112653618678450411e-03
5.459224979858845255e-04 2.104812813922762697e-03
5.440400389488786025e-04 2.138731442391872319e-03
5.344501580111682849e-04 2.109288610517978581e-03
5.355924135074019215e-04 2.070196857675910170e-03
5.298363044857979038e-04 2.041447907686233521e-03
5.346271675080061393e-04 2.055767131969332608e-03
5.355415865778923252e-04 2.065472537651658058e-03
5.276229581795633056e-04 2.039646077901124781e-03
5.305688478983938911e-04 2.047293493524193677e-03
5.381988245062530258e-04 2.091552875936031168e-03
5.351863190298899575e-04 2.013321127742529002e-03
5.561991420108824968e-04 2.019877079874277115e-03
5.412149359472096400e-04 2.074661897495388985e-03
5.577592412009835677e-04 2.049923175945878029e-03
5.302559933625161431e-04 2.022501593455672091e-03
5.465246096719056802e-04 2.033672900870442304e-03
5.478728562593460083e-04 2.051937393844127655e-03
5.301503580994904475e-04 2.076455764472484502e-03
6.076647667214273973e-04 2.069692919030785647e-03
5.834347568452358680e-04 2.034202823415398511e-03
5.404174095019698360e-04 2.056290116161108190e-03
5.399447516538202329e-04 2.070595324039459055e-03
5.287674954161048152e-04 1.959046442061662761e-03
5.144517752341925664e-04 1.955783413723111326e-03
5.146269628312438943e-04 2.040094370022416028e-03
5.355093977414071777e-04 2.092066872864961798e-03
5.394069768954068856e-04 2.071665041148662480e-03
5.486205744091420932e-04 1.981166796758770856e-03
5.160324450116604783e-04 1.999004138633608905e-03
5.088608013466000557e-04 1.970001170411705884e-03
5.111213889904320023e-04 1.957166614010929975e-03
5.058490613009780212e-04 1.974380342289805412e-03
5.133519181981683211e-04 2.013094490393996239e-03
5.363095842767506838e-04 1.979690184816718015e-03
5.089462734758854129e-04 1.986296521499752912e-03
5.012598703615367413e-04 1.965775527060031804e-03
4.980280587915331342e-04 1.965398667380213737e-03
5.012867681216448329e-04 1.984650082886218851e-03
5.101141869090497494e-04 1.993197388947009954e-03
5.087206838652492003e-04 1.990889851003885443e-03
4.957293742336333232e-04 1.978776976466178981e-03
5.117491527926176786e-04 1.932225748896598903e-03
4.997076233848929188e-04 1.925538713112473444e-03
4.970126901753246784e-04 1.916744373738765803e-03
5.034269997850060463e-04 1.948612369596958247e-03
5.259462981484830163e-04 1.976581267081201163e-03
5.101212707813828750e-04 1.966677838936448097e-03
5.098688998259603977e-04 1.979013951495289629e-03
4.996736184693873145e-04 1.950608752667903857e-03
5.005660059396177530e-04 1.919699460268020717e-03
5.092166655231266780e-04 1.953292055986821651e-03
5.039934534579515240e-04 1.937731262296438304e-03
4.893814329989254475e-04 1.911940658465027722e-03
4.933749441988766193e-04 1.935165748000144872e-03
4.998324147891253233e-04 2.015066216699779034e-03
5.035953014157712676e-04 1.988589297980070114e-03
5.199032370001077435e-04 1.963498070836067200e-03
5.035570298787206628e-04 1.953751128166913813e-03
5.145368864759803035e-04 1.961595471948385325e-03
5.617523798719048717e-04 2.040292043238878163e-03
5.417661042883992629e-04 2.107508620247244748e-03
5.595368333160877011e-04 2.141276560723781759e-03
5.629579187370836952e-04 2.220681495964527217e-03
7.079213741235434792e-04 2.219084487296641046e-03
6.686876877211034298e-04 2.330086193978786469e-03
6.272991886362433434e-04 2.441396517679095095e-03
7.408925797790288708e-04 2.128133736550808126e-03
6.914751022122800784e-04 2.050712611526250752e-03
6.562311085872351906e-04 2.076258836314082319e-03
6.508175283670425415e-04 2.063228469341993505e-03
8.193966816179454760e-04 2.203551377169787797e-03
7.503922621253878095e-04 2.425655070692300623e-03
8.848400437273084684e-04 2.628617314621806231e-03
8.013570914044976234e-04 2.355092111974954518e-03
6.405144522432237864e-04 2.360297273844480428e-03
6.969768437556922436e-04 2.451415127143263990e-03
7.099473848938941522e-04 2.288674516603350466e-03
6.132318871095776341e-04 2.300126757472753351e-03
6.384675623849033876e-04 2.099084481596946543e-03
5.676242290064692497e-04 2.338102646172046748e-03
7.360007846727966829e-04 2.473285421729087830e-03
6.687154993414879279e-04 2.654118277132510965e-03
7.817329315003007650e-04 2.735940506681799889e-03
9.821557323448359966e-04 2.486488875001669017e-03
7.534545904491097169e-04 2.407466992735862732e-03
7.092050975188613372e-04 2.426301175728440111e-03
6.868944445159285827e-04 2.338898694142699328e-03
6.443476420827209516e-04 2.323296340182423765e-03
7.632094901055097146e-04 2.226496161893009966e-03
5.662029318045825200e-04 2.453493792563676747e-03
6.506993668153882027e-04 2.183492807671427553e-03
6.407444132491945787e-04 2.092889323830604380e-03
5.316927214153111198e-04 2.119664894416928378e-03
5.411713151261210658e-04 2.225123345851898193e-03
5.987426033243536732e-04 2.134612714871764357e-03
5.500722094438969872e-04 2.094696974381804466e-03
5.499401711858808561e-04 2.007236611098050984e-03
5.190440220758319118e-04 2.155463676899671555e-03
5.667118239216506481e-04 2.045298460870981216e-03
5.111361213494091792e-04 2.021268429234624082e-03
5.480100749991834381e-04 1.983440201729536230e-03
5.460635700728743835e-04 1.986105646938085730e-03
5.285198159981519418e-04 2.038128022104501551e-03
5.048707593232393048e-04 1.976495608687400818e-03
4.945351392962038517e-04 2.012546360492706472e-03
4.974200739525258975e-04 1.944612897932529406e-03
4.739653028082102754e-04 1.924640266224741936e-03
4.698947712313383926e-04 1.933658728376030922e-03
4.777380032464862087e-04 1.930507319048047022e-03
4.546183743514120687e-04 1.951974560506641952e-03
4.841843794565647732e-04 2.047868864610791380e-03
5.336672649718821482e-04 2.010743599385023117e-03
4.796566907316446413e-04 2.004625787958502596e-03
5.341465352103113911e-04 1.963461143895983783e-03
5.148296826519071839e-04 1.922385394573211757e-03
4.728564410470425974e-04 1.878526178188621998e-03
4.844320530537515770e-04 1.961845206096768379e-03
4.775134962983429649e-04 1.952258218079805418e-03
4.659104626625776182e-04 1.851053256541490598e-03
4.614343401044606946e-04 1.926386542618274732e-03
4.621835483703762510e-04 1.934959343634545716e-03
4.684718500357121012e-04 1.939479820430278865e-03
4.950086586177349091e-04 1.993633853271603411e-03
5.146490177139640288e-04 2.086525177583098498e-03
5.244201282039284272e-04 2.062960877083241940e-03
5.484948749653994603e-04 1.961856056004762563e-03
5.048023711424320503e-04 1.972306217066943472e-03
5.089548300020396926e-04 2.012069011107087049e-03
5.250184913165867329e-04 1.844792114570736842e-03
4.854679340496659062e-04 1.830679317936301188e-03
5.243267514742910862e-04 2.000418817624449817e-03
5.537015502341091199e-04 2.082309126853942784e-03
6.641348823904991367e-04 2.202280284836888487e-03
6.496637361124157906e-04 2.066313778050243768e-03
5.249465699307620742e-04 2.085706172510981733e-03
5.295775132253766277e-04 1.991612464189529506e-03
4.904550325591117577e-04 1.948371529579162598e-03
4.786258505191653967e-04 1.922784140333533287e-03
4.672682349337265112e-04 2.068571187555789861e-03
5.152408033609390042e-04 1.936952164396643682e-03
4.614326171576976776e-04 1.928749401122331533e-03
4.455568967387080301e-04 1.939649833366274747e-03
4.616092250216752074e-04 1.913491683080792470e-03
4.428582382388412736e-04 1.884431461803615093e-03
4.612695309333503355e-04 1.904150517657399221e-03
4.703351820353418805e-04 1.856334879994392308e-03
4.602233995683491122e-04 1.836413634009659290e-03
4.315425292588770498e-04 1.907294848933815956e-03
4.356259305495768785e-04 1.905792625620961189e-03
4.548861877992749323e-04 1.956981141120195389e-03
4.624124208930880048e-04 1.971456850878894156e-03
4.566617542877793420e-04 1.973340054973959923e-03
5.105270072817801996e-04 1.788295386359095617e-03
4.913197597488760515e-04 1.790007948875427159e-03
5.037981900386512280e-04 1.996222836896777326e-03
5.462158704176544709e-04 1.908197160810232249e-03
4.751855158247053623e-04 1.930995518341660413e-03
5.022930388804524703e-04 1.967519614845514384e-03
4.715241142548620484e-04 2.030574809759855357e-03
5.070194019936025143e-04 1.856678421609103593e-03
4.738810937851667513e-04 1.895315526053309484e-03
4.739259369671344540e-04 1.841818611137568994e-03
4.550708457827567837e-04 1.809319620952010068e-03
4.574295715428888906e-04 1.822049962356686592e-03
4.885930917225778320e-04 1.880394993349909782e-03
4.826347576454281807e-04 1.898649195209145589e-03
4.387130145914852728e-04 1.888839970342815009e-03
4.431676294188946702e-04 1.813840004615485668e-03
4.523468669503927231e-04 1.858737738803029017e-03
4.339014238212257732e-04 1.897943532094359485e-03
4.453499452210962664e-04 1.857555005699396133e-03
4.360554507002234242e-04 1.844257744960486932e-03
4.443254903890192400e-04 1.843619765713810834e-03
4.231944272760302045e-04 1.890504034236073494e-03
4.229164507705718170e-04 1.846370566636323972e-03
4.173039458692073930e-04 1.845106203109025912e-03
4.285697708837687752e-04 1.854753005318343639e-03
4.459509102161973606e-04 1.863242033869028005e-03
4.192765918560326099e-04 1.790681364946067420e-03
4.146158637013286244e-04 1.806934899650514082e-03
4.083478474058210633e-04 1.801341539248824120e-03
4.240103880874812603e-04 1.835423056036233902e-03
4.390513524413108717e-04 1.897681551054120107e-03
5.140367953572422483e-04 1.927066245116293430e-03
5.048522318247706132e-04 1.989990845322608861e-03
4.936178796924650452e-04 2.092480100691318425e-03
5.366512748878448768e-04 1.980387186631560152e-03
5.371727980673313358e-04 1.937158592045307116e-03
5.098243826068937345e-04 1.860958198085427198e-03
4.914423217996955352e-04 1.862976048141717954e-03
4.163268255069852092e-04 1.913586491718888370e-03
4.673378658480942466e-04 2.100099297240376646e-03
5.997885251417756297e-04 2.295946795493364421e-03
7.396594271995126767e-04 2.327771740965545177e-03
8.167027495801449039e-04 2.737771905958652670e-03
8.818898699246346734e-04 2.657045540399849241e-03
9.125273674726486640e-04 2.388409757986664946e-03
7.831672439351678328e-04 2.088370919227600271e-03
5.451761186122894504e-04 2.300416864454746073e-03
5.459467647597193718e-04 2.098057698458432978e-03
5.071609921287745237e-04 2.071576146408915693e-03
4.912401665933430629e-04 1.991898193955421361e-03
5.175017809960991361e-04 2.124135475605726329e-03
4.823675262741744518e-04 1.979717472568154508e-03
5.066864774562418678e-04 1.987238042056560603e-03
4.534956533461809158e-04 1.905275555327534719e-03
4.233080544508993626e-04 1.943081663921475454e-03
4.125526640564203154e-04 1.878904085606336507e-03
4.077985126059502146e-04 1.918004592880606651e-03
4.187551443465053818e-04 1.896793534979224248e-03
4.114203969947993539e-04 1.854664366692304568e-03
4.060820327140390981e-04 1.793541898950934367e-03
4.057017387822270285e-04 1.795426476746797562e-03
3.977080283220857599e-04 1.841829251497984019e-03
4.044879227876662991e-04 1.818943885155022144e-03
4.123808059375733029e-04 1.799307251349091486e-03
3.969491692259907614e-04 1.826846366748213855e-03
3.955446241889149167e-04 1.861172448843717532e-03
3.940879192668944814e-04 1.805280125699937257e-03
3.916522138752043139e-04 1.823689299635589210e-03
3.924822143744677088e-04 1.854436611756682309e-03
3.944525495171547044e-04 1.788513245992362586e-03
3.864502417854964516e-04 1.805349229834973899e-03
4.029034171253442764e-04 1.846468774601817131e-03
4.046857939101755619e-04 1.884200284257531079e-03
4.075683944392949451e-04 1.777711557224392891e-03
4.027417162433266640e-04 1.836861856281757268e-03
4.024560155812651027e-04 1.788040250539779750e-03
4.076162702403962721e-04 1.827548770233988805e-03
4.041810578200966228e-04 1.756997336633503350e-03
3.860979923047125340e-04 1.795205031521618453e-03
4.168481449596583626e-04 1.839117449708282904e-03
4.310421762056648840e-04 1.838024053722620054e-03
4.303550231270492077e-04 1.782129798084497495e-03
4.257534397765994289e-04 1.764129940420389262e-03
3.925371565856039524e-04 1.847228338010609107e-03
4.174103669356554747e-04 1.780918613076210065e-03
3.896361275110393871e-04 1.806610357016325084e-03
4.201343457680195353e-04 1.813458418473601255e-03
4.320244130212813833e-04 1.831921562552452131e-03
4.113488539587706327e-04 1.754836761392652988e-03
3.962056420277803919e-04 1.749202399514615449e-03
3.873311099596321474e-04 1.770166144706308885e-03
3.770922892726957906e-04 1.775136450305581093e-03
3.886738646542653658e-04 1.765776169486343947e-03
3.913772176019847610e-04 1.829051459208130880e-03
4.216134257148951292e-04 1.857557706534862432e-03
4.825247568078339208e-04 1.871289988048374609e-03
5.693030834663659334e-04 1.977862277999520475e-03
6.861707777716218992e-04 1.963564264588058168e-03
5.356490029953420596e-04 2.091175084933638486e-03
5.286974599584936662e-04 1.884938613511621995e-03
5.435613100416957898e-04 1.846630452200770465e-03
5.268018576316535473e-04 1.832772139459848491e-03
5.262209102511406162e-04 1.928030885756015691e-03
5.140757421031594276e-04 1.901395455934107260e-03
5.605857819318771579e-04 1.954948715865612204e-03
5.403333576396107890e-04 1.950235618278384252e-03
4.888210532953962684e-04 1.833623833954334346e-03
5.139564163982868195e-04 2.084960928186774254e-03
5.836514115799218633e-04 1.962436991743743246e-03
5.198705359362066226e-04 2.212482132017612544e-03
6.112016271799802780e-04 2.135242917574942112e-03
5.733216996304691272e-04 2.322454517707228487e-03
5.860610865056515174e-04 2.195467008277773857e-03
6.976719596423208714e-04 2.532657049596309488e-03
6.769992294721304937e-04 2.427469263784587297e-03
7.403886644169688442e-04 2.206351701170206157e-03
6.178863346576690891e-04 2.141728415153920650e-03
6.722672027535736344e-04 2.167741535231471062e-03
6.207888480275868936e-04 2.000776492059230718e-03
5.528184818103909059e-04 1.921660965308547020e-03
4.666631924919783852e-04 1.950497901998460336e-03
5.421788140665739558e-04 1.836210023611783981e-03
4.577766114380210530e-04 1.954156858846545393e-03
5.439662025310098691e-04 2.015304006636142904e-03
4.892646684311330318e-04 1.883355760946869937e-03
4.410729918163269650e-04 1.866849884390831037e-03
4.425783059559762695e-04 1.880119275301694827e-03
4.086773551534861326e-04 1.973046362400054845e-03
4.140394798014312766e-04 1.877130148932337674e-03
3.885100944899022362e-04 1.885501807555556211e-03
4.457108210772275708e-04 1.893617771565914241e-03
4.652495495975017764e-04 1.943161385133862409e-03
4.836336243897676685e-04 1.765302685089409308e-03
4.174603993305936347e-04 1.769552752375602766e-03
3.702217829413711916e-04 1.783166849054396109e-03
3.607837366871535995e-04 1.852821838110685392e-03
3.888331120833754539e-04 1.794386259280145125e-03
3.715690574608743082e-04 1.842616731300949964e-03
3.726597002241760709e-04 1.783888530917465774e-03
3.822750935796648047e-04 1.775973988696932836e-03
3.692467464134096991e-04 1.738369255326688203e-03
3.547337575582787286e-04 1.738476287573575930e-03
3.730661643203348138e-04 1.712833251804113345e-03
3.602253622375428460e-04 1.774610183201730295e-03
3.566778264939785221e-04 1.796301337890326977e-03
3.526634944137185920e-04 1.833767257630825129e-03
3.826422791462391506e-04 1.738374633714556737e-03
3.662842034827917923e-04 1.739295152947306590e-03
3.474649507552385547e-04 1.800819509662687865e-03
3.606423211749643304e-04 1.745145535096526146e-03
3.563119505997747291e-04 1.674096379429101987e-03
3.541475802194326899e-04 1.765227876603603363e-03
3.573477442841976881e-04 1.772180059924721805e-03
3.801322716753929962e-04 1.693167886696755929e-03
3.740450600162148584e-04 1.716717844828963280e-03
3.640428010839969028e-04 1.753198076039552775e-03
3.817661898210644830e-04 1.835434231907129288e-03
3.951266582589596402e-04 1.773935626260936260e-03
3.852709225611761104e-04 1.820956496521830472e-03
4.073432239238172661e-04 1.802996662445366426e-03
4.206117650028317950e-04 1.705190562643110795e-03
3.998605068773031343e-04 1.716875238344073296e-03
4.161924414802342762e-04 1.765232416801154613e-03
4.231279192026704441e-04 1.848013978451490315e-03
4.054704448208212961e-04 1.774461870081722780e-03
3.901058429619297168e-04 1.819603890180587812e-03
3.827148233540355942e-04 1.800711406394839200e-03
3.938596346415579319e-04 1.843759510666131930e-03
4.322006134316325188e-04 1.719808578491210851e-03
4.282295878510922085e-04 1.810453040525317105e-03
4.104609048226848462e-04 1.739831827580928759e-03
4.337963764555752277e-04 1.846493943594396028e-03
4.353486176114529263e-04 1.783304358832538215e-03
3.826478030532598604e-04 1.691586663946509448e-03
3.690883400849998214e-04 1.718350290320813612e-03
4.018041654489934444e-04 1.781113026663661046e-03
4.542838199995457909e-04 1.904909336008131461e-03
5.596531555056571960e-04 2.138817263767123049e-03
5.774483899585903125e-04 1.874478906393051061e-03
4.399741301313042641e-04 2.077143080532550725e-03
5.594497546553611539e-04 1.896126451902091416e-03
5.097489687614142678e-04 1.729438733309507327e-03
4.565546754747628949e-04 1.742161484435200604e-03
4.519412526860832951e-04 1.727247494272887707e-03
5.429320095572620847e-04 2.147090481594204989e-03
6.000306399073451974e-04 2.171397209167480469e-03
6.103772553615272262e-04 2.210480533540248784e-03
6.322591449134052017e-04 1.968092424795031461e-03
4.986749612726270936e-04 2.152758836746215994e-03
5.003891739761457281e-04 2.081139921210706321e-03
5.256215110421181159e-04 1.972971810027957049e-03
4.344353044871240963e-04 1.813170476816594687e-03
4.111652495339512933e-04 1.869090972468256864e-03
3.737483639270067215e-04 1.880433782935142430e-03
