1.538952186703682057e-01 1.577962398529052790e-01
1.097804933786392240e-01 1.135773204267025022e-01
8.014871068298816403e-02 8.292122110724449435e-02
6.078090108931064744e-02 6.374732255935669500e-02
4.945060126483440122e-02 5.097683370113372664e-02
4.179439302533864697e-02 4.329733364284038544e-02
3.668500464409589490e-02 3.835590481758117953e-02
3.326852526515722275e-02 3.485578764230012894e-02
3.054406624287366728e-02 3.232862427830696106e-02
2.825007364153862138e-02 3.031704183667898247e-02
2.644548043608665328e-02 2.868189569562673569e-02
2.495273258537054201e-02 2.725762277841568132e-02
2.358450619503855636e-02 2.608023714274167876e-02
2.256238227710127831e-02 2.520507685840129783e-02
2.158150747418403556e-02 2.412805706262588501e-02
2.074048230424523423e-02 2.327837776392698357e-02
1.993652768433094163e-02 2.257890366017818382e-02
1.929682213813066483e-02 2.199910823255777498e-02
1.870769560337066581e-02 2.166566383093595366e-02
1.814441597089171479e-02 2.105302140116691728e-02
1.775434948503971239e-02 2.045591846108436515e-02
1.728986063972115517e-02 2.013739421963691573e-02
1.692286096513271471e-02 1.981887072324752669e-02
1.661409162916243146e-02 1.933430731296539168e-02
1.631763884797692368e-02 1.905405651777982573e-02
1.603276170790195534e-02 1.890773046761751175e-02
1.575891319662332465e-02 1.849500704556703706e-02
1.551577961072325706e-02 1.819650512188673158e-02
1.533385124057531392e-02 1.784626450389623781e-02
1.505723400041461026e-02 1.773966439068317552e-02
1.480462076142430305e-02 1.743924077600240638e-02
1.460286900401115348e-02 1.713592540472745965e-02
1.441016867756843636e-02 1.698179934173822334e-02
1.417727647349238326e-02 1.662825541570782731e-02
1.398587888106703724e-02 1.634495314210653374e-02
1.379918698221445014e-02 1.615967024117708276e-02
1.360276676714420284e-02 1.587609872221946647e-02
1.333927744999527897e-02 1.556528192013502052e-02
1.323719918727874791e-02 1.537933656945824658e-02
1.296849143691360985e-02 1.524797175079584122e-02
1.275114491581916774e-02 1.497294753789901733e-02
1.271533453837037086e-02 1.467363033443689312e-02
1.233830833807587554e-02 1.439002472907304798e-02
1.205674055963754619e-02 1.405584700405597756e-02
1.182641256600618432e-02 1.385536734014749562e-02
1.162872612476348842e-02 1.355049610137939488e-02
1.134298276156187057e-02 1.328641008585691383e-02
1.107178814709186554e-02 1.307264538481831516e-02
1.079383338801562751e-02 1.258805226534604957e-02
1.051701339893043076e-02 1.234697764739394257e-02
1.014068066142499377e-02 1.196553455665707623e-02
1.007438846863806248e-02 1.159733757376670872e-02
9.798220358788967133e-03 1.152171744033694302e-02
9.153925767168401978e-03 1.095588551834225655e-02
8.927137125283479691e-03 1.056854901835322345e-02
8.473476767539978374e-03 1.024491693824529717e-02
8.185056224465369484e-03 1.010025562718510662e-02
7.865425595082343319e-03 9.624512400478124619e-03
7.844116771593689919e-03 9.337377548217774131e-03
7.226512581110000437e-03 9.297025017440318714e-03
7.003221288323402058e-03 8.878465183079243053e-03
6.742542656138539141e-03 8.786297403275966644e-03
6.469071051105857242e-03 8.466543629765510559e-03
6.173356855288148100e-03 8.367506135255099037e-03
5.972983222454786648e-03 8.238603873178363540e-03
5.718655069358646870e-03 7.956389756873249314e-03
5.494063999503850763e-03 7.813521521165966641e-03
5.384674156084656368e-03 7.661666208878159696e-03
5.233031942043453628e-03 7.630011159926652561e-03
4.934177035465836525e-03 7.423010747879743229e-03
4.754710476845502853e-03 7.301226211711764509e-03
4.680349701084196221e-03 7.095187203958630562e-03
4.517800803296267813e-03 7.028607279062270771e-03
4.359781160019338131e-03 6.918569514527917082e-03
4.199249693192541946e-03 6.895948993042111050e-03
4.206884757149964398e-03 6.623924896121025259e-03
4.158851853571832007e-03 6.667929654940962965e-03
3.922817949205637152e-03 6.506674550473689686e-03
3.804661543108522979e-03 6.402666121721268047e-03
3.757692710496485407e-03 6.323656206950545658e-03
3.693616413511335676e-03 6.246321112848817955e-03
3.696083230897784146e-03 6.327394512481987476e-03
3.551474609412253076e-03 6.055143149569630796e-03
3.408379852771759033e-03 6.045878096483647650e-03
3.370717726647853938e-03 5.944250104948878462e-03
3.295715153217315847e-03 5.870563513599336321e-03
3.237606934271752921e-03 5.837413342669605862e-03
3.259800071828067129e-03 5.933489371091127569e-03
3.132573491893708532e-03 5.670204921625554388e-03
3.111491422168910590e-03 5.757451616227626454e-03
3.023089782800525427e-03 5.528892436996102160e-03
2.937996236141771078e-03 5.546484678052365953e-03
2.907370263710617846e-03 5.470835277810693134e-03
2.857832796871662227e-03 5.435400200076401581e-03
2.777203090954571789e-03 5.343443993479013270e-03
2.775948785711079836e-03 5.211987020447850401e-03
2.714085381012409752e-03 5.235824664123356169e-03
2.664418669883161957e-03 5.165476980619132345e-03
2.616850333288311872e-03 5.089686391875148166e-03
2.641892724204808387e-03 5.171933234669268478e-03
2.579757932107895439e-03 4.957668320275843317e-03
2.490917756222188646e-03 4.991180822253226887e-03
2.493629802484065121e-03 4.882213845849037344e-03
2.429044735617935484e-03 4.894778179004788225e-03
2.471323974896222440e-03 4.752429109066725124e-03
2.442776598036289128e-03 4.808446438983082598e-03
2.348403458017856056e-03 4.723374848254024982e-03
2.267799270339309996e-03 4.686760762706398790e-03
2.244782424531876954e-03 4.613891406916081732e-03
2.175897883716970682e-03 4.532971745356917034e-03
2.246531262062490160e-03 4.552345420233905142e-03
2.196916576940566215e-03 4.467353434301912438e-03
2.141074719838798133e-03 4.469200735911726952e-03
2.095056977123021906e-03 4.371951846405863588e-03
2.007908571977168408e-03 4.343573306687176401e-03
2.015230391407385468e-03 4.316647327505052437e-03
2.003171795513480815e-03 4.217449808493256569e-03
1.951940788421779784e-03 4.186180792748928417e-03
1.916492596501484600e-03 4.236941365525126804e-03
1.891567651182413145e-03 4.180476302281022072e-03
1.907209295313805298e-03 4.105261061340570450e-03
1.851788087515160528e-03 4.059591400437057192e-03
1.858465722762048244e-03 3.977827983908355583e-03
1.951074833050370130e-03 4.135144501924514424e-03
1.857779314741492358e-03 3.858256689272821123e-03
1.791630737716332035e-03 3.866839827969670209e-03
1.891621371032670097e-03 3.895207867026329127e-03
1.701446803053840995e-03 3.792377864010632125e-03
1.706320454832166390e-03 3.746587340719997796e-03
1.681453455239534291e-03 3.702797763980925257e-03
1.645591430133208632e-03 3.673001239076256579e-03
1.638063706923276143e-03 3.644416993483901197e-03
1.552978705149143934e-03 3.615069168154150161e-03
1.574190042447298765e-03 3.576562623493373394e-03
1.622411352582275911e-03 3.600593563169240865e-03
1.582222222350537820e-03 3.841654316056519834e-03
1.686581678222864953e-03 3.552956110797822649e-03
1.492238469654694156e-03 3.468145197257399386e-03
1.666200789622962562e-03 3.581515583209693605e-03
1.487064553657546639e-03 3.479001368395984086e-03
1.519923214800655842e-03 3.493616194464266474e-03
1.507616543676704168e-03 3.283081180416047747e-03
1.407957723131403327e-03 3.249039046932011669e-03
1.393976688268594357e-03 3.332114859949797305e-03
1.406242238590493755e-03 3.400885267183184624e-03
1.474538538604974703e-03 3.288543736562133009e-03
1.306508266134187666e-03 3.220375115051865751e-03
1.388132740976288828e-03 3.234840463846921921e-03
1.398094266187399713e-03 3.155992354732006615e-03
1.305229359422810289e-03 3.163577988743782043e-03
1.266312407096847892e-03 3.089807764627039606e-03
1.260053412988781972e-03 3.121611569076776418e-03
1.278673589695245028e-03 3.040894423611462030e-03
1.223218749510124412e-03 3.022677649278193799e-03
1.226615684572607279e-03 2.980758866760879668e-03
1.219283268437720879e-03 2.914602798409759825e-03
1.216963413753546774e-03 3.029208164662122726e-03
1.290509832324460236e-03 3.153792605735361489e-03
1.149914058623835531e-03 2.863376284949481487e-03
1.152466813800856558e-03 2.854937198571860877e-03
1.123938604723662095e-03 2.988414431456476450e-03
1.112627401016652541e-03 2.824413788039237174e-03
1.127628504764288620e-03 2.843555691651999777e-03
1.084889096091501415e-03 2.797596540767699567e-03
1.087223563808947888e-03 2.763397840317338618e-03
1.086008973652497021e-03 2.715780725702643481e-03
1.044037780957296491e-03 2.713810524437576359e-03
1.058703797752968967e-03 2.778171095997095108e-03
1.063859683927148537e-03 2.674922102596610611e-03
1.004638077574782073e-03 2.666956954635679809e-03
9.771325218025594082e-04 2.677938132546841925e-03
9.943422628566622734e-04 2.746844897046685219e-03
1.022711338009685278e-03 2.649205678608268499e-03
1.025592372752726121e-03 2.928015228826552716e-03
1.338433648925274611e-03 2.775833418127149343e-03
1.011740899411961480e-03 2.488788799382746220e-03
9.618193114874884053e-04 2.618280838942155068e-03
9.643555793445556922e-04 2.530558302532881585e-03
1.033752149669453458e-03 2.493825356941670093e-03
9.249450667994096875e-04 2.570395451039075938e-03
9.359584335470571680e-04 2.453783317469060334e-03
9.432227932848035856e-04 2.532026474364101973e-03
8.467695239232853272e-04 2.422693622065708041e-03
8.523815165972336693e-04 2.407299273181706754e-03
8.340880362084135196e-04 2.469380211550742388e-03
8.557007036870345690e-04 2.422336593735962933e-03
8.226566365920007446e-04 2.352274686563759955e-03
8.261308423243463473e-04 2.311330713564529842e-03
8.918907726183534102e-04 2.329171745805069717e-03
8.188049803720786734e-04 2.432051184587180788e-03
9.340420423541217826e-04 2.380232035648077726e-03
7.931774045573547916e-04 2.299006428802386100e-03
7.636737107532098456e-04 2.253813185961917216e-03
8.242855663411318822e-04 2.321733161807060242e-03
7.627880055224523165e-04 2.291247929679230029e-03
7.748543052002787373e-04 2.362323162378743204e-03
7.427301054121926861e-04 2.291869145119562832e-03
7.144735805923119404e-04 2.194363571470603434e-03
7.082407508278265162e-04 2.255294908536598086e-03
7.121141970856115222e-04 2.307257824577391234e-03
7.293089729500934482e-04 2.218264009570702910e-03
7.231325289467349648e-04 2.366045187227427786e-03
7.784515561070293405e-04 2.273115876596420917e-03
7.772517739795148806e-04 2.312375046312808817e-03
6.656367884716018601e-04 2.141190652037039226e-03
6.736199400620534582e-04 2.137122483691200787e-03
7.400342845357954068e-04 2.188809210201725277e-03
6.441246630856766863e-04 2.143251709640026093e-03
6.370221788529306216e-04 2.082523750141263095e-03
6.253167841350660162e-04 2.110732340952381492e-03
6.267041171668097377e-04 2.158689493080601183e-03
6.404373008990660743e-04 2.226079755928367376e-03
6.399288104148581624e-04 2.124832465779036110e-03
6.188384897541255193e-04 2.104993211105465889e-03
6.360988656524569230e-04 2.092006138991564339e-03
6.617636085138655982e-04 2.085823495872318571e-03
6.863619433715939739e-04 2.162008616141975099e-03
6.282205315073952513e-04 2.065353083889931267e-03
5.951839935733005621e-04 2.038073696894571185e-03
5.776373785920440934e-04 2.029838005546480331e-03
5.689650744898245172e-04 2.021860121749341401e-03
5.976699729217215939e-04 2.088017089408822531e-03
6.032207136740907593e-04 1.995836891001090581e-03
5.707225238438696103e-04 2.185623245895840401e-03
6.010945711750536940e-04 2.111016691196709958e-03
5.629513500025496320e-04 1.982619232148863202e-03
5.699443601770326929e-04 2.269230457022786054e-03
6.402409897418692274e-04 2.234411664539948193e-03
7.525889435783028386e-04 2.087367785861715674e-03
6.752701097866520502e-04 1.983223727438599045e-03
5.528239998966455460e-04 2.032249129842966968e-03
5.759067396866157217e-04 1.945144362980499820e-03
5.355811881599947810e-04 2.014544294797815556e-03
5.253159906715154648e-04 2.157573529984802008e-03
5.890331434784456871e-04 2.054531392059288745e-03
6.115442811278626323e-04 1.942091091768816027e-03
5.449823976960033612e-04 1.981288846582174475e-03
5.218635546043514989e-04 1.921152838622219817e-03
5.035939626395702579e-04 1.908287461264990227e-03
4.847117219469509802e-04 1.977386337239295331e-03
4.847280622925609459e-04 1.899078112910501702e-03
4.647554073017090342e-04 1.916084624826908068e-03
4.669271671446040490e-04 1.905164425261318770e-03
4.954970121616497419e-04 2.006012905621900981e-03
4.872002769843675413e-04 2.072908380068838423e-03
5.239738296950235746e-04 2.010322484420612281e-03
5.623614793876186230e-04 1.933973978157155172e-03
4.670814203564077724e-04 1.896686488180421293e-03
4.505939723458141088e-04 1.863965467782691034e-03
4.421956502483226250e-04 1.908550431835465133e-03
4.782241361681371710e-04 1.962919853394850915e-03
4.395103445858694396e-04 1.930202779476530850e-03
4.415930336108431112e-04 1.873094623442739335e-03
4.191823216388002146e-04 1.819094253005459948e-03
4.191917527350596867e-04 1.851871903636492832e-03
4.242604889441281666e-04 1.934859459288418206e-03
4.138179414439946196e-04 1.906839327421039300e-03
4.324517605709843229e-04 1.861007182742468969e-03
4.492275562370196202e-04 1.914193684933707205e-03
4.347171707195229828e-04 1.875214613392017782e-03
4.459795469301752963e-04 1.808297602110542357e-03
4.164761616266332350e-04 1.792664334061555564e-03
3.956707631004974354e-04 1.848473647260107057e-03
4.012250530649907779e-04 1.814653721521608575e-03
3.915470864740200124e-04 1.818061814992688510e-03
4.013818601379170797e-04 1.807218542671762320e-03
4.006652816315181553e-04 1.894714296213351190e-03
3.837432916043326150e-04 1.824655436212196903e-03
3.808495894190855324e-04 1.797413584426976740e-03
3.670232865260913860e-04 1.783254113979637536e-03
3.785765977227128934e-04 1.770330613362602976e-03
4.063494910951703570e-04 1.745230870437808378e-03
3.701628316775895872e-04 1.778773497790098190e-03
3.590042208088561784e-04 1.774186594411730853e-03
3.509642367134801935e-04 1.798291916202288121e-03
3.623682147008367100e-04 1.875897854915820062e-03
3.674728752230293940e-04 1.852068942389450881e-03
3.782537110964767852e-04 2.011702704476192420e-03
3.809525034739635776e-04 1.828625678899697916e-03
3.663850919110700597e-04 1.814816246042028026e-03
3.662948074634186924e-04 1.874004112323746085e-03
3.774469194468110908e-04 1.840560391428880394e-03
3.522388084093108990e-04 1.825746294343844056e-03
3.429072312428615987e-04 1.773470359330531123e-03
3.433272737311199524e-04 1.770415059581864625e-03
3.340548297273926654e-04 1.787953327584545973e-03
3.290053122327662788e-04 1.702953467611223503e-03
3.270586297730915032e-04 1.743159684701822785e-03
3.214199736248701594e-04 1.761132550018373833e-03
3.199555809260346212e-04 1.769105852872598916e-03
3.172952972818166126e-04 1.713395491242408666e-03
3.163987872540019669e-04 1.692433850257657382e-03
3.195572659024037638e-04 1.744784064067062077e-03
3.224645028240047178e-04 1.749254803871735887e-03
3.221681305149104663e-04 1.738910983840469358e-03
3.319621362606994916e-04 1.776184808113612148e-03
3.212123512639664005e-04 1.736852536851074547e-03
3.113783997832797359e-04 1.695059379562735471e-03
3.036722147953696441e-04 1.701828840305097488e-03
3.267007152317091714e-04 1.757919351803138852e-03
3.389549179701134779e-04 1.672250546107534319e-03
3.178709215717389963e-04 1.690846172277815683e-03
3.105265132035128772e-04 1.681734473095275462e-03
2.904604043578729033e-04 1.682268951844889584e-03
2.919612918049096953e-04 1.723642472643405156e-03
2.867641844204626869e-04 1.734750962350517598e-03
2.958232260425575186e-04 1.755723202950321095e-03
2.900688756199088164e-04 1.776835838973056438e-03
2.867686474928632162e-04 1.718638368765823630e-03
2.958047378342598785e-04 1.804760881350375799e-03
2.902822401665616564e-04 1.779215739225037309e-03
2.953682269435375929e-04 1.733202752075158103e-03
2.855209444533101997e-04 1.686952305317390753e-03
2.758345013717189648e-04 1.697766332654282451e-03
2.800886315526440631e-04 1.677068915159907149e-03
2.718405055929906775e-04 1.715479423000942872e-03
2.734898327616974603e-04 1.721964452008251014e-03
2.826231400831602622e-04 1.721113937674090310e-03
2.741880423855036606e-04 1.666738966014236125e-03
2.644794447405729551e-04 1.661407215578947216e-03
2.622100175358354937e-04 1.661999309726525185e-03
2.745337078522425145e-04 1.699525817821268079e-03
2.980386925628408790e-04 1.617813316988758656e-03
2.769327526038978466e-04 1.649796731362584892e-03
2.666918924660422016e-04 1.745740431942977011e-03
2.609915733046364256e-04 1.576941055827774151e-03
2.679434401215985417e-04 1.655375123664271043e-03
2.560097549576312087e-04 1.635947829345241146e-03
2.518356879591010403e-04 1.644399733049795075e-03
2.647134017024654787e-04 1.701972848968580278e-03
2.645257038238923888e-04 1.827838076860643967e-03
3.040697250980883620e-04 1.731201245274860455e-03
2.741053976933471859e-04 1.680593959463294595e-03
2.628256705065723617e-04 1.607812057773116933e-03
2.473490458214655519e-04 1.644707213563378814e-03
2.457634502206928920e-04 1.633665982808452100e-03
2.465693294652737786e-04 1.615521340863779231e-03
2.414213624433614205e-04 1.623531554650981066e-03
2.461247066094074507e-04 1.586306111130397854e-03
2.350466318603139479e-04 1.638764307426754429e-03
2.359926773351617266e-04 1.677010179264470935e-03
2.759326467639766850e-04 1.740290026646107435e-03
2.500355563824996569e-04 1.717035121691878798e-03
2.732674423896241716e-04 1.630068838130682620e-03
2.524341485695913651e-04 1.687662926269695206e-03
2.418375763227231692e-04 1.607282052282243880e-03
2.495304135663900416e-04 1.615350358770229009e-03
2.376226104388479035e-04 1.616618236585054503e-03
2.412195557553786839e-04 1.618620454974006905e-03
2.301235246704891216e-04 1.584193058079108596e-03
2.309550036443397403e-04 1.605116887367330405e-03
2.247112111945170855e-04 1.647340889030601916e-03
2.296310463862027919e-04 1.650449659791775048e-03
2.222353155957534855e-04 1.586484423023648647e-03
2.229642872407566810e-04 1.590029090584721329e-03
2.220603644673246999e-04 1.606254534272011283e-03
2.267076808493584286e-04 1.622397954633925110e-03
2.295089594554156011e-04 1.582763787882868157e-03
2.561642766522709389e-04 1.597962793312035501e-03
2.537193868192844093e-04 1.569471132825128734e-03
2.453067667374852828e-04 1.578360344865359366e-03
2.204845142841804664e-04 1.630608734558336437e-03
2.399852717644535114e-04 1.608743447286542592e-03
2.207885139796417261e-04 1.593454451358411374e-03
2.160271964385174269e-04 1.578032747784163846e-03
2.073444527923129607e-04 1.617381791584193793e-03
2.146802500647026937e-04 1.608431537169963035e-03
2.139715972589328777e-04 1.568068024062085810e-03
2.077328339510131682e-04 1.629176134883891791e-03
2.091046102577820474e-04 1.534376580093521668e-03
2.189529790484812165e-04 1.575304812286049214e-03
2.043278727796860039e-04 1.649180594540666789e-03
2.133802539901807958e-04 1.602334377821534872e-03
2.040173319983296205e-04 1.549672838882543060e-03
2.016924205236136859e-04 1.575166937254834964e-03
1.951498350535985191e-04 1.566978901973925574e-03
2.087692664645146579e-04 1.695007813395932317e-03
2.151001681340858340e-04 1.606644915591459808e-03
2.135934009857010096e-04 1.616634028323460370e-03
2.238732922705821693e-04 1.640379280433990018e-03
1.992108242120593732e-04 1.692124680266715499e-03
2.133660455001518130e-04 1.536530435259919614e-03
2.036901547398883795e-04 1.538195833563804583e-03
2.061387422145344317e-04 1.545681050629355013e-03
2.197109031840227653e-04 1.582143930136226118e-03
2.148625138943316469e-04 1.513469271594658581e-03
2.046011810307390934e-04 1.650120390695519702e-03
2.120543009368702715e-04 1.603021277696825651e-03
2.204157601227052401e-04 1.527466489642392931e-03
2.054622025752905865e-04 1.555243958136998117e-03
1.974217717361170744e-04 1.523943910433445039e-03
2.270807235618121922e-04 1.570189274207223163e-03
2.069847832899540663e-04 1.659501400717999873e-03
1.971264646272175014e-04 1.606058713514357892e-03
1.963885224540717900e-04 1.521917116770055232e-03
1.858249303040793111e-04 1.533361700421664907e-03
1.918317124363966340e-04 1.544156139425467787e-03
1.849385480454657227e-04 1.571334432810544968e-03
1.829127300879917985e-04 1.502646264270879328e-03
1.877205293567385633e-04 1.560798031277954578e-03
1.844289967266377116e-04 1.547000445862067950e-03
1.779411293682642389e-04 1.552609799546189606e-03
1.767660083714872544e-04 1.533800193283241286e-03
1.772093477484304512e-04 1.531149586662650195e-03
1.840277203882578815e-04 1.579966720601078079e-03
1.718706218525767218e-04 1.619855701574124439e-03
1.839236814703326727e-04 1.518872706219553861e-03
1.913075087941251749e-04 1.491871222242480144e-03
1.775719130819197636e-04 1.548087124683661473e-03
1.725951995467767228e-04 1.551413733977824450e-03
1.764897489920258414e-04 1.498203084338456392e-03
1.795691634470131140e-04 1.554556158953346269e-03
1.721115702821407576e-04 1.501399779226630970e-03
1.773195439454866627e-04 1.502282253932207910e-03
1.760903294780291725e-04 1.587660498626064553e-03
1.853550587838981355e-04 1.566589616413693918e-03
1.812720896850805784e-04 1.592997924308292524e-03
1.706660921627190072e-04 1.497814782487694087e-03
1.682951460679760203e-04 1.548811157408636020e-03
1.683675705862697160e-04 1.475336178555153354e-03
1.778607896994799430e-04 1.520405424525961323e-03
1.631215251109097099e-04 1.562881303834728983e-03
2.025561065238434876e-04 1.634974114131182345e-03
1.881437521660700332e-04 1.520721906126709742e-03
1.648228142585139830e-04 1.518352760467678352e-03
1.863012883404735584e-04 1.475039300567004916e-03
1.677978689258452505e-04 1.541030699445400344e-03
1.671256490226369405e-04 1.515219043358229057e-03
1.629352635063696761e-04 1.472467085113748821e-03
1.595799469214398305e-04 1.506963997962884692e-03
1.582869779667817165e-04 1.487325165362562897e-03
1.673696111538447385e-04 1.524073623295407829e-03
1.599622548383194845e-04 1.566179631481645629e-03
1.665718766162171851e-04 1.437658896611537698e-03
1.547659507195930982e-04 1.569409471994731619e-03
1.748212933307513703e-04 1.468302139983279631e-03
1.847357365477364565e-04 1.423754368443042083e-03
1.726903617964126278e-04 1.556732571043539836e-03
1.596313893969636519e-04 1.584124109649565158e-03
1.707192510366439765e-04 1.550586644589202392e-03
1.564370140840765089e-04 1.466109581087948754e-03
1.530895959149347727e-04 1.543373923050239769e-03
1.534089042252162471e-04 1.502197687659645410e-03
1.496659504482522715e-04 1.498778478708118157e-03
1.680058026977349018e-04 1.526672915497329173e-03
1.643721774598816464e-04 1.499107159906998190e-03
1.572164452227298116e-04 1.467471093928907110e-03
1.620903491129865816e-04 1.507778744417009788e-03
1.524111419712426249e-04 1.473322493257000999e-03
1.489015710831154246e-04 1.457554187800269487e-03
1.501677827036473792e-04 1.453130164736648978e-03
1.476908844779245664e-04 1.473622290359344377e-03
1.424866906745592024e-04 1.495495269045932132e-03
1.502463957876898240e-04 1.519715444010216656e-03
1.500440019299276282e-04 1.480132819415302860e-03
1.457906098949024562e-04 1.484896459442097737e-03
1.531693553260993104e-04 1.482188796217087656e-03
1.452789732866222093e-04 1.445261506887618452e-03
1.489785339799709672e-04 1.484642097784671846e-03
1.512494520284235369e-04 1.539562357356771740e-03
1.566008009831421023e-04 1.414560682314913807e-03
1.549312502902466695e-04 1.589725763187743637e-03
1.662736103753559291e-04 1.467839060205733490e-03
1.568423933349549662e-04 1.462447022640844894e-03
1.646134005568455905e-04 1.426207048643845978e-03
1.600345578481210287e-04 1.499606182915158613e-03
1.483492982515599633e-04 1.460261526517570019e-03
1.483065618231193985e-04 1.455402895226143387e-03
1.469541155529441420e-04 1.563233748311176939e-03
1.587293696502456387e-04 1.484724227339029312e-03
1.590813844813965261e-04 1.467574737762333782e-03
1.397096657456131652e-04 1.430338543286779895e-03
1.385545150696998516e-04 1.484228232584428042e-03
1.459293685911688899e-04 1.525394916825462133e-03
1.478622078138869364e-04 1.468071254203096119e-03
1.507889668573625440e-04 1.425025795469991863e-03
1.579359697643667351e-04 1.467713801685022234e-03
1.495115378929767812e-04 1.491828159487340599e-03
1.405466333380900269e-04 1.454524864675477060e-03
1.424648951797280569e-04 1.460215117549523668e-03
1.411141958669759225e-04 1.441634774528210896e-03
1.394975584844360074e-04 1.427509727363940328e-03
1.460500418033916395e-04 1.505447872477816374e-03
1.348460351437097361e-04 1.481512129976181227e-03
1.427049988706130480e-04 1.504326742724515411e-03
1.434493486158317063e-04 1.491938693652627903e-03
1.438539504306390773e-04 1.401207143499050333e-03
1.587650360306724798e-04 1.461662261863239066e-03
1.428861189197050299e-04 1.604007781133987096e-03
1.730199510348029435e-04 1.387809346488211217e-03
1.442423919797874879e-04 1.483903805637964935e-03
1.370787151245167370e-04 1.436688077956205277e-03
1.481093131587840617e-04 1.468522401410154998e-03
1.306772806856315529e-04 1.497677962470334110e-03
1.376255280774785260e-04 1.500846155977342278e-03
1.324004027992487008e-04 1.424295980541501194e-03
1.322378615441266502e-04 1.415000863198656676e-03
1.399722736096009666e-04 1.490699651185423136e-03
1.376017338770907426e-04 1.465049215767066926e-03
1.366504933685064370e-04 1.443238125648349480e-03
1.693704587523825575e-04 1.504677692719269587e-03
1.647516739467391636e-04 1.493183216371107803e-03
1.562721488880924989e-04 1.423840856296010229e-03
1.327826852502767051e-04 1.475771869445452553e-03
1.363778392260428518e-04 1.454412045131903185e-03
1.644165542529662963e-04 1.472833042498677969e-03
1.452211694413563291e-04 1.434575894381850915e-03
1.654913365200627704e-04 1.438930208678357303e-03
1.495986114605330039e-04 1.504154069698415610e-03
1.430442556738853509e-04 1.439466921146958980e-03
1.285393875150475543e-04 1.401279730634996581e-03
1.232649690791731809e-04 1.493571732862619727e-03
1.306199577811639810e-04 1.456364558544010011e-03
1.218981513375183540e-04 1.432733851834200236e-03
1.339291236945428063e-04 1.440918929438339460e-03
1.346985234704334397e-04 1.443944770289817782e-03
1.340911778243025656e-04 1.463317048910539684e-03
1.336017649009590968e-04 1.415074033866403711e-03
1.198755286168307012e-04 1.430144785990705627e-03
1.366518001304939281e-04 1.418658859620336443e-03
1.446840593416709399e-04 1.474045212671626403e-03
1.464658380427863449e-04 1.445778735796920999e-03
1.751139672705903541e-04 1.430254316073842390e-03
1.492894036346115063e-04 1.479441452829632908e-03
1.470184091886039878e-04 1.353593316162005154e-03
1.514963943918701153e-04 1.473476038518128830e-03
1.378435976221226210e-04 1.472488253784831570e-03
1.333517793682403862e-04 1.374843191297259225e-03
1.184213011583778953e-04 1.422295391239458652e-03
1.232901569892419394e-04 1.378871594351949214e-03
1.282432796870125349e-04 1.471990512800402896e-03
1.094939205358969021e-04 1.426161170093109744e-03
1.149820107457344393e-04 1.390990236541256352e-03
1.215075179061386707e-04 1.450033755827462344e-03
1.328961829131003523e-04 1.395245654566679106e-03
1.197220313770230805e-04 1.402330349083058493e-03
1.106883788452250829e-04 1.432045778346946420e-03
1.109471901145297980e-04 1.469125098810763986e-03
1.158638515335042030e-04 1.406555742141790601e-03
1.247092397534288358e-04 1.369352280016755772e-03
1.303250835917424519e-04 1.533523312536999497e-03
1.161557236628141227e-04 1.453852230770280541e-03
1.203731433633947718e-04 1.396608611685223877e-03
1.226800864969845807e-04 1.469523526611737864e-03
1.410872486303560490e-04 1.475209389172960029e-03
1.319417766353581046e-04 1.397781551349908070e-03
1.263793241378152797e-04 1.404980503139086068e-03
1.238910908796242438e-04 1.481645605963421986e-03
1.158733648480847478e-04 1.354443952004658145e-03
1.341566188784781898e-04 1.445357329794205812e-03
1.203977044497150928e-04 1.400233091408153909e-03
1.270041437237523605e-04 1.391073790728114545e-03
1.223215484060347189e-04 1.480714894569246098e-03
1.174398894363548607e-04 1.390535691461991432e-03
1.125160404626512873e-04 1.388487134681781667e-03
1.306105012190528322e-04 1.373439251619856848e-03
1.372681301290867742e-04 1.490015081071760549e-03
1.265720216906629449e-04 1.434175125905312641e-03
1.184103046398377019e-04 1.364384949556551830e-03
1.165240490081487196e-04 1.413744546152884184e-03
1.151790820586029440e-04 1.368534637731500013e-03
1.163532069767825305e-04 1.375981175806373445e-03
1.425639711669646204e-04 1.513553931727074130e-03
1.482607203797670081e-04 1.309677941753761756e-03
1.327371377556119168e-04 1.444526096020126759e-03
1.138987187005113756e-04 1.427933039667550431e-03
1.059677266312064549e-04 1.379370665381429630e-03
1.122861536714481136e-04 1.446949324599700092e-03
1.143991601566085565e-04 1.414656273118453014e-03
1.058255020325304940e-04 1.350519600964616941e-03
1.105457151425071088e-04 1.398069300921633796e-03
1.053604006301611608e-04 1.393409846059512347e-03
1.050735303579131196e-04 1.439486555318580854e-03
1.052169518516166136e-04 1.390450407052412716e-03
1.049646711180685142e-04 1.402247285295743539e-03
1.033996639307588312e-04 1.393901035771705167e-03
1.088547905965242535e-04 1.378094641404459340e-03
1.172690797830000493e-04 1.413946595857851251e-03
1.116593371989438256e-04 1.465817805001279296e-03
1.120499244279926616e-04 1.371653189562493979e-03
1.178742593765491593e-04 1.377358015452045861e-03
1.180839521111920530e-04 1.390573693061014594e-03
1.033014726999681497e-04 1.374929610756225971e-03
9.785367255972232399e-05 1.491078219260089099e-03
1.215081116242799854e-04 1.359779533231630921e-03
1.046978846716228818e-04 1.380385768425185277e-03
9.919651056407019225e-05 1.381054223020328165e-03
1.010241441690595848e-04 1.480314788932446434e-03
1.124278074712492471e-04 1.414877381466794716e-03
1.208414571010507670e-04 1.375902931613381952e-03
1.275017275474965572e-04 1.390968560735927981e-03
1.249872777407290306e-04 1.468754483357770325e-03
1.128836163843516233e-04 1.338794827461242676e-03
1.217662815179210210e-04 1.468560834473464551e-03
1.443988076061941683e-04 1.370779758872231469e-03
1.011477448628283983e-04 1.350649115920532495e-03
1.014149493130389601e-04 1.446659400244243443e-03
1.133168290834873942e-04 1.387827555299736646e-03
1.118103151384275352e-04 1.412796228396473409e-03
1.214686861203517738e-04 1.415571175311924933e-03
1.387895241350633969e-04 1.378662865317892327e-03
1.374660565488738885e-04 1.497937345993705007e-03
1.278398496651789065e-04 1.324241729889763519e-03
1.159571584139484912e-04 1.395528233115328519e-03
1.109610722778597874e-04 1.378247445973101960e-03
1.180951396236196187e-04 1.302502883481793019e-03
1.119423795898910612e-04 1.455398775578942107e-03
9.812397620407864180e-05 1.357089298107894181e-03
9.891590852930675650e-05 1.385825789475347760e-03
1.059780581272207228e-04 1.453022986243013249e-03
1.023080625600414405e-04 1.353988880873657850e-03
1.128473544667940641e-04 1.484446882386691868e-03
1.040422070218483040e-04 1.342859363649040417e-03
9.392779138579498705e-05 1.489228387799812437e-03
1.039901046169688952e-04 1.295799372746841895e-03
1.106586129026254585e-04 1.398235293163452341e-03
9.481498418608679825e-05 1.369947412604233163e-03
9.611600435164291954e-05 1.380341655021766201e-03
1.050940070854267078e-04 1.412784111744258640e-03
1.216280110384104828e-04 1.373433769185794561e-03
1.077567339962115511e-04 1.377491348102921707e-03
9.964587443391791934e-05 1.409803199203452182e-03
9.301310274167917669e-05 1.324619530350901186e-03
9.699740949145052040e-05 1.388219385989941613e-03
8.864625742717180130e-05 1.431262598634930241e-03
9.793588105821982026e-05 1.341870486066909594e-03
1.033488169923657551e-04 1.459959015483036551e-03
1.067539298674091724e-04 1.373334033996798141e-03
9.840723723755217547e-05 1.383531660394510254e-03
1.074400926881935475e-04 1.302039403526578099e-03
9.810430892684963143e-05 1.365075649664504367e-03
9.988010278902948445e-05 1.432693605602253315e-03
1.042365784087451175e-04 1.313000290247146127e-03
9.075930156541290304e-05 1.372030008496949449e-03
9.825810884649399939e-05 1.410697151732165280e-03
1.141831802669912631e-04 1.299884793843375432e-03
1.179222927021328360e-04 1.401031038403743791e-03
1.077222626918228397e-04 1.335423106502275827e-03
1.160581789008574587e-04 1.454457751242443832e-03
1.056050032275379635e-04 1.368760364130139351e-03
9.392088450113078037e-05 1.328255834232550201e-03
9.152536476904060421e-05 1.461801143886987163e-03
1.164927711215568761e-04 1.356549173942767170e-03
9.686445082479622215e-05 1.374669439974240872e-03
9.325444079877343029e-05 1.350664674828294708e-03
8.920681757444981757e-05 1.363971217506332236e-03
8.498371826135553962e-05 1.333970700216013938e-03
9.518956685496959293e-05 1.409476735716452822e-03
1.086876454792218283e-04 1.370842586038634224e-03
9.604761471564416113e-05 1.351572965359082489e-03
8.961810963228344375e-05 1.444372454716358290e-03
1.035237306496128386e-04 1.319065503048477781e-03
1.066144122887635604e-04 1.448136192630045203e-03
1.205202184792142307e-04 1.431596749898744704e-03
9.549080641590990126e-05 1.356833144382108046e-03
9.785475522221531990e-05 1.337579215032747015e-03
1.272099369089119245e-04 1.549336482275975781e-03
1.099806293495930704e-04 1.306132203899323854e-03
9.705187403596937656e-05 1.413564095128094821e-03
8.722648526600096104e-05 1.337465780670754525e-03
8.733270769880618358e-05 1.338480805134167851e-03
9.102162111958022890e-05 1.414411271980497986e-03
8.842458264552987841e-05 1.373134764435235411e-03
8.383193198824301362e-05 1.314041446312330576e-03
8.366623478650581092e-05 1.397397002438083248e-03
8.910286123864352703e-05 1.366312504251254636e-03
9.524704728391952813e-05 1.436911785276606679e-03
1.004903231660136926e-04 1.358202468691160946e-03
9.131668157351669195e-05 1.422828270733589306e-03
8.720541809452697906e-05 1.349416315497364762e-03
8.524223230779170448e-05 1.381175316055305302e-03
9.341178410977590558e-05 1.357428027404239401e-03
8.654619923618157005e-05 1.463614945532754107e-03
1.166521458799252259e-04 1.351655092730652584e-03
9.428509802091866190e-05 1.332913312216987747e-03
8.223562253988348219e-05 1.398347566282609434e-03
9.848308363871182704e-05 1.282104731944855259e-03
9.100178176595364037e-05 1.389190194458933547e-03
9.137313718383665857e-05 1.330099894403247163e-03
8.605937618995085088e-05 1.355958548811031549e-03
1.016185269691050053e-04 1.388216362101957202e-03
9.653362321841996434e-05 1.323000053525902418e-03
1.500062848208472187e-04 1.468055390432709828e-03
1.216946347994962707e-04 1.348142254573758648e-03
1.007829301670426449e-04 1.439430419122800274e-03
1.049662358127534362e-04 1.258542729192413346e-03
9.862958359008189291e-05 1.460822416265727909e-03
1.165840330941136926e-04 1.301389651780482468e-03
1.013538221741328016e-04 1.486804493470117406e-03
1.313159878918668201e-04 1.341187373327556998e-03
9.172175705316477066e-05 1.331902966194320557e-03
8.734870716580190036e-05 1.385862231109058398e-03
7.905085149104707485e-05 1.321262172859860671e-03
7.547344994236482036e-05 1.350649448431795376e-03
8.399081089009996775e-05 1.364605138951446774e-03
9.036536721396259964e-05 1.333056643488816917e-03
7.645449077244847471e-05 1.363423479051561983e-03
8.207164682971779257e-05 1.298758640768937810e-03
8.173973419616231966e-05 1.398947134293848605e-03
8.125979420583461801e-05 1.295644963101949629e-03
7.704178096901159734e-05 1.353562763688387263e-03
8.601661666034488278e-05 1.376644786068936723e-03
1.073591130989370895e-04 1.369998996233334852e-03
1.165978683275170624e-04 1.301386763952905356e-03
9.430991194676607576e-05 1.402753027650760443e-03
7.988345896592363715e-05 1.287007678911322728e-03
7.520114886574446613e-05 1.410496127937221813e-03
8.492819106322712654e-05 1.338032836065394717e-03
7.844122119422536072e-05 1.411533870850689709e-03
8.687424233357887173e-05 1.324194909830111967e-03
8.653509758005384356e-05 1.319236358540365472e-03
8.636663478682749244e-05 1.335276245663408277e-03
8.217471022362588516e-05 1.399405459233094094e-03
8.097725585685112124e-05 1.345479996962239879e-03
7.956306399137247354e-05 1.386631974310148551e-03
9.383254437125287408e-05 1.308851742578553967e-03
1.070687147148419144e-04 1.363749259326141328e-03
1.458268034184584394e-04 1.444433315191417846e-03
1.232171031006146168e-04 1.337215511011891110e-03
1.192149877169868005e-04 1.392838305037003011e-03
1.059855680068722049e-04 1.332010607438860504e-03
1.198099351313430789e-04 1.324660959653556347e-03
1.174772376543842229e-04 1.437931956024840387e-03
9.155055940937017480e-05 1.347534028900554317e-03
8.786393536865943501e-05 1.397710413584718481e-03
8.355955542356241223e-05 1.321506896783830641e-03
8.951605050242506510e-05 1.355414847785141232e-03
7.698198096477426860e-05 1.379818568966584237e-03
8.170730070560239526e-05 1.313571046921424568e-03
7.698145636823028868e-05 1.385641546949045689e-03
7.352078901021741873e-05 1.288946548447711307e-03
7.975793814694043791e-05 1.431599431816721248e-03
8.341523061972111464e-05 1.331874854076886506e-03
1.016857619106303846e-04 1.371491127065382811e-03
9.721202150103636086e-05 1.310069446481065738e-03
8.395686090807430175e-05 1.415317263308679685e-03
8.725012885406613621e-05 1.311501490272348833e-03
8.601566732977517491e-05 1.344516040626331319e-03
8.684444765094667673e-05 1.335458773246500554e-03
8.421040583925787902e-05 1.301282080385135573e-03
8.245683511631796136e-05 1.326558251457754609e-03
8.962814172264188528e-05 1.449268980650231242e-03
1.180791958176996532e-04 1.323499561112839685e-03
8.409630427195225453e-05 1.335504016606137200e-03
8.180098666343837976e-05 1.348381560819689141e-03
8.935670630307867581e-05 1.308705472183646634e-03
9.275513366446830332e-05 1.359866914572194175e-03
8.759091469983104887e-05 1.331724750343710184e-03
9.731122299854178253e-05 1.334650731587316928e-03
7.865371662774123251e-05 1.370388206851202995e-03
8.675667195348068530e-05 1.354850333154900043e-03
8.468366977467666769e-05 1.317501701851142527e-03
9.850682290561963144e-05 1.398038352635921867e-03
8.336929404322291064e-05 1.414390311401802960e-03
9.581035155861172283e-05 1.347364568937337113e-03
1.002318051178008345e-04 1.412074349354952661e-03
1.008040515444008606e-04 1.267909159651026130e-03
1.197278790641576079e-04 1.283720401261234656e-03
1.229776469699572880e-04 1.344827372668078082e-03
7.880426892370451242e-05 1.268147590599255550e-03
8.169572483893717250e-05 1.370259667601203459e-03
8.046057992032729360e-05 1.342077342269476547e-03
7.672262763662729683e-05 1.309580901943263641e-03
9.385797529830597612e-05 1.374419095373013945e-03
8.760862274357351085e-05 1.308674521715147334e-03
7.696894172113389319e-05 1.365871595771750348e-03
8.529876304237404567e-05 1.310416123305913018e-03
8.439427583653013611e-05 1.292011320765595970e-03
7.626002825418254090e-05 1.463472125033149582e-03
9.419984198757446760e-05 1.299936838040593968e-03
8.883558111847378856e-05 1.308793045609490946e-03
8.577720655011944473e-05 1.355460553168086378e-03
7.769391268084291911e-05 1.300208366592414590e-03
7.754645703244023296e-05 1.412863743462367070e-03
8.266694821941200373e-05 1.345132999267661857e-03
7.461474779120180485e-05 1.252614156328490935e-03
7.201976368378381634e-05 1.332764120888896286e-03
7.196508122433442080e-05 1.324068857138627296e-03
7.575965646537952396e-05 1.314094689587364017e-03
7.271967770066112551e-05 1.302805445448029786e-03
7.279578221641713753e-05 1.318015901051694484e-03
6.557007036462891576e-05 1.321206158172571945e-03
6.468372939707477966e-05 1.354667502891970842e-03
7.797198595653753999e-05 1.326662906649289653e-03
7.884433398430701345e-05 1.362326343951281160e-03
7.375546956609469449e-05 1.296175137395039244e-03
6.981386777624721250e-05 1.359475169010693207e-03
6.806105302530341121e-05 1.316683709228527819e-03
8.071863576333270797e-05 1.298163009778363630e-03
1.202050880237948149e-04 1.568599136953707871e-03
1.473934757086681256e-04 1.277699484489858150e-03
1.384885341394692605e-04 1.498669129796326247e-03
1.293664819968398552e-04 1.339402009762125090e-03
1.003056670015212176e-04 1.276988887548213911e-03
8.495380679960363155e-05 1.363939647126244294e-03
8.704670508450363373e-05 1.312227129528764679e-03
8.996034557640086859e-05 1.324893375567626208e-03
7.772045719320886379e-05 1.347403066756669475e-03
9.370630032208282229e-05 1.389421899511944589e-03
1.107535281335003674e-04 1.365619251737371174e-03
9.874374627543147924e-05 1.427317662455607292e-03
1.033757020195480490e-04 1.301477573724696326e-03
9.333974412584211677e-05 1.377924009284470317e-03
7.472160777979297021e-05 1.306801477403496305e-03
7.389159982267301801e-05 1.280969769140938297e-03
8.432597660430473936e-05 1.340441281354287683e-03
7.565889409306691688e-05 1.339010698575293602e-03
8.232007494370918179e-05 1.270022661628900096e-03
7.471390272257849303e-05 1.329986578639363870e-03
7.108462032192618975e-05 1.343735945556545587e-03
7.135098967410158095e-05 1.329155568237183702e-03
7.022967092780163241e-05 1.280823315755696924e-03
9.202662877214607393e-05 1.402000160305760888e-03
9.434357525606174022e-05 1.349700598802883265e-03
9.666589103289880130e-05 1.333085964142810640e-03
8.682487532496452332e-05 1.328089644084684637e-03
7.291403435374376753e-05 1.395814869465539275e-03
8.059868450800422308e-05 1.303739163995487702e-03
8.442668386123841086e-05 1.275527710822643625e-03
8.123873230942990360e-05 1.398423431965056807e-03
6.879070333525305885e-05 1.323515017429599582e-03
6.882476263854186711e-05 1.337821266497485426e-03
6.995380899752490765e-05 1.359649867663392840e-03
7.468599760613869605e-05 1.308314769994467584e-03
7.032623343548039517e-05 1.339874124096240892e-03
6.791716477891896462e-05 1.330330059863626870e-03
7.351029598794412139e-05 1.306201513216365129e-03
9.562057020957581428e-05 1.372730067669181197e-03
7.364958510152064535e-05 1.282756487489677879e-03
6.390303187799872288e-05 1.385234936606138945e-03
7.586651154269929433e-05 1.288439711788669185e-03
7.542055391240864992e-05 1.316810905700549570e-03
9.749950731929857284e-05 1.354497096326667859e-03
7.132657920010388169e-05 1.294903362577315420e-03
7.639282594027463889e-05 1.335112398373894480e-03
6.994475443207192895e-05 1.386758475564420180e-03
8.148749730025883493e-05 1.356352767470525621e-03
8.396145840379176390e-05 1.297347908257506875e-03
7.273922983586089686e-05 1.296006083430256781e-03
6.738276897522155195e-05 1.368191692745313092e-03
1.044513202941743684e-04 1.293817992700496732e-03
8.400197366427164254e-05 1.340541426907293585e-03
8.808988313830923018e-05 1.275463969068368853e-03
9.887039777822792530e-05 1.327689942263532343e-03
8.792052394710481709e-05 1.313695237331557976e-03
7.919231538835446739e-05 1.294136192154837816e-03
8.384846623812335933e-05 1.361754718527663542e-03
6.523032734548906406e-05 1.270460561136132951e-03
6.571407393494155800e-05 1.428058163583045825e-03
8.459806231257971647e-05 1.253519205783959565e-03
8.572930382797495073e-05 1.307164812897099225e-03
9.386648671352303976e-05 1.322738423914415675e-03
9.785765614651608941e-05 1.513814476493280424e-03
8.777565817581489411e-05 1.321567094782949339e-03
8.816675617708824033e-05 1.336442467436427207e-03
7.685655327804852277e-05 1.397946042561670722e-03
9.616349016141611541e-05 1.291489531286060767e-03
8.458320462523261085e-05 1.367261676932685077e-03
7.833629133529030058e-05 1.288317832222673999e-03
8.354400015377904678e-05 1.308306955615989951e-03
9.193520236294716597e-05 1.272993999737082006e-03
7.300177239812910015e-05 1.302912961182300889e-03
7.420096972055034712e-05 1.326915034587727773e-03
7.280807585630100220e-05 1.303165464196354107e-03
7.582330981676932153e-05 1.290616793994558975e-03
7.279249712155433372e-05 1.304757819889346224e-03
6.658948041149415076e-05 1.400908921641530426e-03
8.934910147218033671e-05 1.272705994051648347e-03
1.098497989005409208e-04 1.370765328465495172e-03
8.965754786913749373e-05 1.282561338302912147e-03
1.033785971230827218e-04 1.332383852422935975e-03
8.593504171585663611e-05 1.350131995422998443e-03
8.290374134958255494e-05 1.315337161213392435e-03
7.085039142111782256e-05 1.456696595414541618e-03
8.105948945740238103e-05 1.239000723580829886e-03
9.453514285269193080e-05 1.429373712016968013e-03
7.368147562374361130e-05 1.317587287485366731e-03
8.119226004055235535e-05 1.370534324087202462e-03
8.604272079537622631e-05 1.276186295581283091e-03
1.064068990672240007e-04 1.365018427168251903e-03
7.630614200024866110e-05 1.325111567348358308e-03
6.664870852546300739e-05 1.289306012040469795e-03
6.391849001374794170e-05 1.327709927136311351e-03
6.645686826232122799e-05 1.296218953939387575e-03
6.915282283443957296e-05 1.321149377326946792e-03
7.194302197603974762e-05 1.277101301093353045e-03
9.386102356074843285e-05 1.432216766988858537e-03
9.352614397357683358e-05 1.353522812132723716e-03
6.538244451803620905e-05 1.293299742246745111e-03
6.468399060395313156e-05 1.294158519885968374e-03
6.615445054194423759e-05 1.307271693804068491e-03
7.071845539030618966e-05 1.306681353889871475e-03
7.768988725729287213e-05 1.340907156554749322e-03
6.546571439685067433e-05 1.318620845995610536e-03
6.902218956383876503e-05 1.307616338453954042e-03
6.811255025240825489e-05 1.367480392218567431e-03
6.843017745268298042e-05 1.277896762621821749e-03
7.922788099676836824e-05 1.298301465430995363e-03
6.560143920069095018e-05 1.327816790580982299e-03
7.693153602303937620e-05 1.323425030568614515e-03
6.381912480719620091e-05 1.342498938174685420e-03
6.440402430598623509e-05 1.318570898001780820e-03
6.213345041032880816e-05 1.289294667367357847e-03
6.520087699755095488e-05 1.398899988271296068e-03
6.561909376614493707e-05 1.238935163200949319e-03
7.596152245241683248e-05 1.440675479534547689e-03
1.088190399968880202e-04 1.278266066947253421e-03
8.475338654534425586e-05 1.244193807360716251e-03
6.859230015834327245e-05 1.343598998209927144e-03
6.167210813146084547e-05 1.341136461996939120e-03
6.985975305724423108e-05 1.277459114498924551e-03
7.229291004478000375e-05 1.307416943745920435e-03
7.494620949728414145e-05 1.288429542910307646e-03
7.366267491306643391e-05 1.303915058815618934e-03
6.846535798104014519e-05 1.382936997833894479e-03
8.341511456819717383e-05 1.239943438486079772e-03
6.851515936432406848e-05 1.333670311578316657e-03
7.326415707211708108e-05 1.321549618296558037e-03
6.685524767817696827e-05 1.337152966516441622e-03
8.055539983615744588e-05 1.259419989946764006e-03
9.454011378693394905e-05 1.434714227798394859e-03
8.054955906118266013e-05 1.260531277148402383e-03
6.553336825163569843e-05 1.353268872480839448e-03
7.601234665344236419e-05 1.249791713780723425e-03
8.580954399803886732e-05 1.367331238725455478e-03
6.632525273744249174e-05 1.307689090754138262e-03
6.802071784477448362e-05 1.326816832443000792e-03
8.354602578037883815e-05 1.260626374278217511e-03
9.817355967243202573e-05 1.270391535217640878e-03
1.044485283273388686e-04 1.327559111814480275e-03
8.321340101247187704e-05 1.318746466131415131e-03
7.276716678461525589e-05 1.310269217356108129e-03
7.623108976986258680e-05 1.274786201975075528e-03
8.104317457764409211e-05 1.303609026945196135e-03
7.390564660454401475e-05 1.304146499751368494e-03
5.716851919714827226e-05 1.245913701859535736e-03
5.883597750653279810e-05 1.313409418435185130e-03
6.013224774505943195e-05 1.282395336602348834e-03
5.687580760422860933e-05 1.308813181094592481e-03
5.709439355996437506e-05 1.313912556361174124e-03
6.303958907665219429e-05 1.304963187794783109e-03
5.879452492081327093e-05 1.253859123607981019e-03
6.099481834098696709e-05 1.286372253525769425e-03
6.064121298550162193e-05 1.320980575110297737e-03
5.831079215568024665e-05 1.272951271675992714e-03
6.616757964366115901e-05 1.413824328483315141e-03
8.242786825576330924e-05 1.244190280704060526e-03
6.728158732585142756e-05 1.315521524520590858e-03
8.151007168635259772e-05 1.241209298677858983e-03
6.738334614055929163e-05 1.304326881654560523e-03
6.386642035067779672e-05 1.245172051858389663e-03
6.235607997950864956e-05 1.347161085141124117e-03
6.822023551649181443e-05 1.256196593021741094e-03
7.488543706131167439e-05 1.290209747094195379e-03
9.209480231220368296e-05 1.396937968820566311e-03
8.597614851169055328e-05 1.256005631512380292e-03
7.802352920407428795e-05 1.275011829056893389e-03
5.655378499795915830e-05 1.319058015724294819e-03
6.348760998662328890e-05 1.328125553845893505e-03
7.222053627629066428e-05 1.333223409892525437e-03
1.109646305849309956e-04 1.259867626140476291e-03
8.603130117990076542e-05 1.241894777922425376e-03
7.354972913162783330e-05 1.329916923714335921e-03
5.884813217562623458e-05 1.280922884325263935e-03
6.157342959340894324e-05 1.362851993326330471e-03
7.559866990050067583e-05 1.300311350496485743e-03
5.988568136672256514e-05 1.357922386523568916e-03
7.048969746392685920e-05 1.308149383839918387e-03
7.812772200850303945e-05 1.207183178485138255e-03
6.715428207826334983e-05 1.329132119280984625e-03
5.960856597084784745e-05 1.280690200292156035e-03
5.900282194488681582e-05 1.302082282199989918e-03
6.333060937322443893e-05 1.276562207931419878e-03
7.087374724505935135e-05 1.286536497718770945e-03
6.087284746172372387e-05 1.299301758990623057e-03
6.943414500710786981e-05 1.264232361791073345e-03
5.937250789429526505e-05 1.274332079265150198e-03
5.832277129229624095e-05 1.317071209632558661e-03
7.616922739543952319e-05 1.237930644128937187e-03
6.918628932908176834e-05 1.386142569390358360e-03
9.775884063856210560e-05 1.265481489826925056e-03
1.378412493068026433e-04 1.356721876072697428e-03
9.820901759667321769e-05 1.368136455130297647e-03
8.276072458102134988e-05 1.334261310694273475e-03
8.355212812602986192e-05 1.280482137372018813e-03
6.890177464811131900e-05 1.306652916537132158e-03
7.551737871835939586e-05 1.321302719225059177e-03
7.063829125399933586e-05 1.287020702875452116e-03
7.423496372211957079e-05 1.288603783905273303e-03
6.434436782001284340e-05 1.292284491137252276e-03
5.965364853182109344e-05 1.308255190815543843e-03
6.771282332920235971e-05 1.297568148584105118e-03
6.648204162047477168e-05 1.299604384257690981e-03
7.805101940903114697e-05 1.377394036535406529e-03
8.564531854062806273e-05 1.226722579303896055e-03
8.253320156654808399e-05 1.349130510789109394e-03
6.842276889074128121e-05 1.279915393388364377e-03
6.346389309328515625e-05 1.387367503048153507e-03
6.806845103710657528e-05 1.246916061063529924e-03
7.160980603657663411e-05 1.310283964994596361e-03
