2.376408725976943970e-01 9.205484390258789062e-02
9.379733353853225708e-02 6.781145930290222168e-02
7.145568728446960449e-02 5.389843881130218506e-02
5.688603594899177551e-02 4.623262211680412292e-02
4.932259023189544678e-02 4.014314711093902588e-02
3.979524970054626465e-02 3.939055651426315308e-02
3.490604087710380554e-02 3.911445289850234985e-02
3.436786681413650513e-02 3.515814617276191711e-02
3.240148723125457764e-02 3.833485394716262817e-02
3.631290420889854431e-02 3.843655437231063843e-02
3.626172989606857300e-02 3.528761118650436401e-02
3.224982693791389465e-02 3.482700139284133911e-02
3.056033886969089508e-02 3.399274125695228577e-02
2.892791666090488434e-02 3.248901665210723877e-02
2.748078852891921997e-02 3.168540075421333313e-02
2.722440473735332489e-02 3.000641427934169769e-02
2.617277204990386963e-02 2.905492298305034637e-02
2.557719498872756958e-02 2.832710556685924530e-02
2.488230168819427490e-02 2.713652327656745911e-02
2.342981658875942230e-02 2.765644527971744537e-02
2.349927276372909546e-02 2.754798531532287598e-02
2.327453345060348511e-02 2.633299492299556732e-02
2.239595539867877960e-02 2.622825279831886292e-02
2.260014414787292480e-02 2.610983885824680328e-02
2.234362624585628510e-02 2.668298594653606415e-02
2.216461114585399628e-02 2.721930854022502899e-02
2.164125628769397736e-02 2.817642502486705780e-02
2.182162553071975708e-02 2.769618481397628784e-02
2.131903916597366333e-02 2.670744620263576508e-02
2.079096622765064240e-02 2.648059651255607605e-02
2.094373293220996857e-02 2.630441822111606598e-02
2.075011283159255981e-02 2.657007798552513123e-02
2.050470933318138123e-02 2.716682106256484985e-02
2.053943835198879242e-02 2.671417221426963806e-02
2.016061358153820038e-02 2.606557682156562805e-02
2.001700177788734436e-02 2.569821476936340332e-02
1.988558657467365265e-02 2.574206329882144928e-02
1.980327442288398743e-02 2.553194947540760040e-02
1.952101662755012512e-02 2.552657574415206909e-02
1.954631693661212921e-02 2.533374167978763580e-02
1.938929967582225800e-02 2.509689703583717346e-02
1.937463320791721344e-02 2.506243810057640076e-02
1.943551190197467804e-02 2.536029741168022156e-02
1.925266720354557037e-02 2.573839388787746429e-02
1.922524534165859222e-02 2.583689801394939423e-02
1.924554817378520966e-02 2.592058107256889343e-02
1.912666857242584229e-02 2.550544030964374542e-02
1.892366632819175720e-02 2.551341801881790161e-02
1.876653544604778290e-02 2.546788565814495087e-02
1.866916194558143616e-02 2.555187605321407318e-02
1.855680532753467560e-02 2.553714625537395477e-02
1.875377818942070007e-02 2.972412481904029846e-02
2.248798497021198273e-02 4.357437789440155029e-02
3.922175988554954529e-02 2.437198720872402191e-02
1.999732665717601776e-02 3.325766697525978088e-02
2.805410139262676239e-02 2.861986123025417328e-02
2.428749576210975647e-02 2.719886787235736847e-02
2.405705302953720093e-02 2.851888723671436310e-02
2.609831467270851135e-02 2.432912215590476990e-02
2.228584326803684235e-02 2.548230253159999847e-02
2.306662686169147491e-02 2.564426325261592865e-02
2.278590947389602661e-02 2.461251616477966309e-02
2.151197567582130432e-02 2.569313719868659973e-02
2.251243591308593750e-02 2.459951303899288177e-02
2.165728993713855743e-02 2.397651970386505127e-02
2.110142447054386139e-02 2.486193925142288208e-02
2.146036177873611450e-02 2.470429055392742157e-02
2.035775408148765564e-02 2.582073025405406952e-02
2.046127617359161377e-02 2.685488946735858917e-02
2.104678004980087280e-02 2.579811401665210724e-02
2.030811458826065063e-02 2.566568553447723389e-02
2.059457823634147644e-02 2.606979943811893463e-02
2.096522785723209381e-02 2.556521631777286530e-02
2.003920078277587891e-02 2.601588144898414612e-02
2.009999006986618042e-02 2.602396160364151001e-02
2.027230896055698395e-02 2.469051815569400787e-02
1.961604692041873932e-02 2.430113218724727631e-02
1.980507746338844299e-02 2.435964718461036682e-02
2.001060172915458679e-02 2.413669601082801819e-02
1.962289959192276001e-02 2.443641982972621918e-02
1.971470005810260773e-02 2.446955814957618713e-02
1.972288452088832855e-02 2.411338128149509430e-02
1.947509683668613434e-02 2.414233051240444183e-02
1.953694038093090057e-02 2.426121383905410767e-02
1.954814232885837555e-02 2.436736598610877991e-02
1.947703957557678223e-02 2.453401498496532440e-02
1.949966140091419220e-02 2.450458146631717682e-02
1.942726969718933105e-02 2.441293559968471527e-02
1.936581730842590332e-02 2.434833906590938568e-02
1.932977885007858276e-02 2.429638616740703583e-02
1.926446147263050079e-02 2.435329370200634003e-02
1.927573792636394501e-02 2.438461035490036011e-02
1.926026307046413422e-02 2.438860759139060974e-02
1.921774074435234070e-02 2.445991896092891693e-02
1.921590976417064667e-02 2.452168799936771393e-02
1.917804218828678131e-02 2.457075752317905426e-02
1.914447546005249023e-02 2.459745109081268311e-02
1.914550364017486572e-02 2.456689439713954926e-02
1.913593523204326630e-02 2.451787702739238739e-02
1.910866983234882355e-02 2.450027503073215485e-02
1.909280009567737579e-02 2.445838041603565216e-02
1.907549798488616943e-02 2.431968599557876587e-02
1.903144456446170807e-02 2.418233826756477356e-02
1.902639679610729218e-02 2.409386076033115387e-02
1.902152597904205322e-02 2.407990396022796631e-02
1.898883283138275146e-02 2.416841126978397369e-02
1.899557560682296753e-02 2.419834397733211517e-02
1.897508464753627777e-02 2.416257001459598541e-02
1.894855871796607971e-02 2.416045218706130981e-02
1.895527355372905731e-02 2.418722771108150482e-02
1.893178373575210571e-02 2.427145093679428101e-02
1.892260834574699402e-02 2.431938424706459045e-02
1.891524344682693481e-02 2.426553517580032349e-02
1.888939924538135529e-02 2.419421076774597168e-02
1.888231374323368073e-02 2.415372245013713837e-02
1.886660233139991760e-02 2.417956851422786713e-02
1.885624602437019348e-02 2.422211319208145142e-02
1.884778216481208801e-02 2.422974631190299988e-02
1.883137226104736328e-02 2.423368766903877258e-02
1.882318966090679169e-02 2.425240539014339447e-02
1.880690827965736389e-02 2.430247515439987183e-02
1.879792101681232452e-02 2.434070967137813568e-02
1.878779567778110504e-02 2.434128895401954651e-02
1.877205632627010345e-02 2.433110959827899933e-02
1.876351796090602875e-02 2.431307546794414520e-02
1.874773018062114716e-02 2.429853193461894989e-02
1.873696595430374146e-02 2.427768334746360779e-02
1.872678846120834351e-02 2.425897866487503052e-02
1.871239207684993744e-02 2.426779456436634064e-02
1.870185509324073792e-02 2.428777888417243958e-02
1.868813298642635345e-02 2.429824136197566986e-02
1.867574080824851990e-02 2.429306320846080780e-02
1.866416074335575104e-02 2.429065108299255371e-02
1.865032315254211426e-02 2.430804818868637085e-02
1.863766275346279144e-02 2.432573400437831879e-02
1.862396858632564545e-02 2.432397380471229553e-02
1.861119829118251801e-02 2.430870197713375092e-02
1.859789527952671051e-02 2.430619113147258759e-02
1.858428865671157837e-02 2.432276122272014618e-02
1.857030764222145081e-02 2.433723770081996918e-02
1.855581998825073242e-02 2.433268912136554718e-02
1.854225806891918182e-02 2.431252785027027130e-02
1.852711103856563568e-02 2.429658547043800354e-02
1.851281709969043732e-02 2.428851090371608734e-02
1.849728636443614960e-02 2.428327873349189758e-02
1.848214678466320038e-02 2.427572570741176605e-02
1.846676692366600037e-02 2.426926046609878540e-02
1.845059357583522797e-02 2.426970377564430237e-02
1.843448728322982788e-02 2.427535876631736755e-02
1.841780170798301697e-02 2.428190037608146667e-02
1.840098947286605835e-02 2.428465336561203003e-02
1.838368549942970276e-02 2.428165823221206665e-02
1.836587116122245789e-02 2.427612990140914917e-02
1.834784820675849915e-02 2.427588216960430145e-02
1.832937449216842651e-02 2.428589388728141785e-02
1.831045188009738922e-02 2.429980225861072540e-02
1.829091086983680725e-02 2.430799789726734161e-02
1.827105693519115448e-02 2.431020885705947876e-02
1.825053989887237549e-02 2.431325055658817291e-02
1.822958700358867645e-02 2.431613951921463013e-02
1.820786297321319580e-02 2.431462705135345459e-02
1.818569004535675049e-02 2.431157417595386505e-02
1.816275715827941895e-02 2.431221678853034973e-02
1.813906244933605194e-02 2.431465499103069305e-02
1.811460219323635101e-02 2.431712672114372253e-02
1.808932796120643616e-02 2.432109974324703217e-02
1.806308701634407043e-02 2.432467415928840637e-02
1.803581602871417999e-02 2.432747557759284973e-02
1.800750382244586945e-02 2.433281950652599335e-02
1.797787472605705261e-02 2.433952689170837402e-02
1.794688776135444641e-02 2.434699051082134247e-02
1.791434362530708313e-02 2.435464411973953247e-02
1.788004674017429352e-02 2.435405738651752472e-02
1.784369535744190216e-02 2.435170672833919525e-02
1.780511625111103058e-02 2.435760386288166046e-02
1.776372455060482025e-02 2.436284162104129791e-02
1.771912910044193268e-02 2.436948195099830627e-02
1.767064630985260010e-02 2.436811663210391998e-02
1.761748269200325012e-02 2.437418513000011444e-02
1.755842566490173340e-02 2.437677606940269470e-02
1.749194413423538208e-02 2.439396642148494720e-02
1.741581037640571594e-02 2.437123656272888184e-02
1.732993684709072113e-02 2.453622594475746155e-02
1.727453991770744324e-02 2.518100291490554810e-02
1.830031350255012512e-02 5.498066544532775879e-02
4.689411446452140808e-02 9.732431918382644653e-02
9.854592382907867432e-02 3.957955166697502136e-02
4.051915183663368225e-02 5.474169924855232239e-02
5.120516195893287659e-02 4.246695712208747864e-02
3.885712102055549622e-02 4.733022302389144897e-02
4.383229464292526245e-02 3.239734470844268799e-02
3.061751648783683777e-02 2.864773012697696686e-02
2.782260440289974213e-02 3.912894800305366516e-02
3.734496608376502991e-02 5.422516912221908569e-02
5.027303099632263184e-02 5.290612950921058655e-02
4.900509491562843323e-02 4.106276854872703552e-02
3.555079177021980286e-02 3.966943174600601196e-02
3.230966627597808838e-02 3.993405029177665710e-02
3.281950578093528748e-02 3.796130418777465820e-02
3.099769912660121918e-02 3.359683230519294739e-02
2.685313485562801361e-02 3.416897729039192200e-02
2.793621271848678589e-02 3.269711881875991821e-02
2.766376920044422150e-02 3.174800425767898560e-02
2.851486206054687500e-02 3.109094314277172089e-02
2.819439396262168884e-02 2.918793074786663055e-02
2.462082915008068085e-02 3.287166729569435120e-02
2.668386511504650116e-02 3.224274143576622009e-02
2.586105279624462128e-02 2.988400496542453766e-02
2.431344613432884216e-02 2.872935868799686432e-02
2.387458272278308868e-02 2.643640153110027313e-02
2.151100523769855499e-02 2.919832803308963776e-02
2.404020912945270538e-02 2.771336026489734650e-02
2.275717444717884064e-02 2.749092318117618561e-02
2.262077853083610535e-02 2.789076603949069977e-02
2.225260064005851746e-02 2.860496193170547485e-02
2.175777032971382141e-02 2.994299866259098053e-02
2.271983213722705841e-02 2.787542715668678284e-02
2.137947268784046173e-02 2.676317095756530762e-02
2.115958184003829956e-02 2.568045258522033691e-02
2.066062949597835541e-02 2.542232908308506012e-02
2.072272822260856628e-02 2.484141662716865540e-02
2.045052498579025269e-02 2.420492097735404968e-02
2.012995257973670959e-02 2.403449080884456635e-02
1.991320587694644928e-02 2.452036552131175995e-02
1.993690803647041321e-02 2.456301264464855194e-02
1.959411986172199249e-02 2.462800219655036926e-02
1.954616978764533997e-02 2.449557930231094360e-02
1.927301287651062012e-02 2.478708885610103607e-02
1.925337687134742737e-02 2.508278749883174896e-02
1.920798048377037048e-02 2.492813393473625183e-02
1.880275830626487732e-02 2.513238601386547089e-02
1.887692511081695557e-02 2.480476908385753632e-02
1.852861046791076660e-02 2.480881474912166595e-02
1.863956823945045471e-02 2.431413903832435608e-02
1.840388774871826172e-02 2.415232546627521515e-02
1.832274533808231354e-02 2.411917783319950104e-02
1.818503998219966888e-02 2.393729612231254578e-02
1.796148903667926788e-02 2.376637049019336700e-02
1.768522150814533234e-02 2.373451553285121918e-02
1.726097986102104187e-02 2.334947139024734497e-02
1.658010482788085938e-02 5.242166668176651001e-02
4.752801358699798584e-02 3.995004296302795410e-02
3.879397734999656677e-02 3.859259560704231262e-02
3.431895002722740173e-02 3.044718690216541290e-02
2.724951505661010742e-02 3.073995374143123627e-02
2.736664190888404846e-02 2.879654802381992340e-02
2.418900839984416962e-02 2.742225304245948792e-02
2.265916764736175537e-02 2.829915098845958710e-02
2.343013696372509003e-02 2.664585039019584656e-02
2.227414585649967194e-02 2.696911245584487915e-02
2.267532981932163239e-02 2.709969133138656616e-02
2.192727848887443542e-02 2.898440882563591003e-02
2.300956100225448608e-02 2.803561463952064514e-02
2.146877907216548920e-02 2.832512557506561279e-02
2.205845713615417480e-02 2.662751451134681702e-02
2.084056474268436432e-02 2.694336511194705963e-02
2.142189070582389832e-02 2.603546157479286194e-02
2.056873403489589691e-02 2.666202746331691742e-02
2.093645371496677399e-02 2.679319493472576141e-02
2.070610597729682922e-02 2.706135250627994537e-02
2.065536566078662872e-02 2.704186923801898956e-02
2.026391215622425079e-02 2.718987129628658295e-02
2.117347717285156250e-02 2.628507651388645172e-02
2.080597914755344391e-02 2.619454078376293182e-02
2.069738134741783142e-02 2.599142491817474365e-02
1.972686685621738434e-02 2.587212435901165009e-02
1.967382058501243591e-02 2.553533017635345459e-02
1.956454478204250336e-02 2.562681958079338074e-02
1.950260251760482788e-02 2.571616508066654205e-02
1.956148445606231689e-02 2.542742528021335602e-02
1.925914548337459564e-02 2.566618658602237701e-02
1.951278746128082275e-02 2.524849027395248413e-02
1.915159262716770172e-02 2.554412186145782471e-02
1.931145228445529938e-02 2.528462745249271393e-02
1.906827464699745178e-02 2.536959201097488403e-02
1.914947293698787689e-02 2.552084438502788544e-02
1.940060965716838837e-02 2.577881515026092529e-02
1.944383978843688965e-02 2.579233050346374512e-02
1.933084428310394287e-02 2.580975554883480072e-02
1.929755881428718567e-02 2.577394805848598480e-02
1.922762393951416016e-02 2.578054741024971008e-02
1.911972463130950928e-02 2.587042562663555145e-02
1.903861016035079956e-02 2.587951719760894775e-02
1.891380362212657928e-02 2.598872967064380646e-02
1.896082051098346710e-02 2.603789977729320526e-02
1.886199228465557098e-02 2.610180340707302094e-02
1.879449747502803802e-02 2.597702667117118835e-02
1.866400986909866333e-02 2.587608247995376587e-02
1.852728798985481262e-02 2.583681605756282806e-02
1.907674781978130341e-02 2.586116641759872437e-02
1.900909096002578735e-02 2.576284110546112061e-02
1.891484670341014862e-02 2.570120245218276978e-02
1.887787692248821259e-02 2.565207891166210175e-02
1.882081851363182068e-02 2.559855952858924866e-02
1.875132694840431213e-02 2.552559040486812592e-02
1.866574026644229889e-02 2.548243664205074310e-02
1.858118735253810883e-02 2.553117461502552032e-02
1.850288175046443939e-02 2.545609511435031891e-02
1.840191707015037537e-02 2.543263323605060577e-02
1.833440922200679779e-02 2.534166350960731506e-02
1.823348365724086761e-02 2.518685348331928253e-02
1.818607375025749207e-02 2.518490143120288849e-02
1.810600608587265015e-02 2.516493946313858032e-02
1.805922947824001312e-02 2.507655508816242218e-02
1.797827519476413727e-02 2.507448196411132812e-02
1.794709451496601105e-02 2.509107999503612518e-02
1.787786930799484253e-02 2.512750588357448578e-02
1.783323660492897034e-02 2.508535981178283691e-02
1.781142875552177429e-02 2.506831660866737366e-02
1.777396909892559052e-02 2.509076893329620361e-02
1.771853677928447723e-02 2.509222179651260376e-02
1.768291927874088287e-02 2.500931546092033386e-02
1.763044670224189758e-02 2.496805042028427124e-02
1.759267970919609070e-02 2.496443688869476318e-02
1.753955148160457611e-02 2.497569657862186432e-02
1.749787293374538422e-02 2.498596161603927612e-02
1.743014343082904816e-02 2.502386085689067841e-02
1.739293523132801056e-02 2.504277415573596954e-02
1.733578741550445557e-02 2.506397478282451630e-02
1.729055866599082947e-02 2.505302615463733673e-02
1.724312826991081238e-02 2.502922527492046356e-02
1.719809696078300476e-02 2.502647973597049713e-02
1.714391447603702545e-02 2.504373900592327118e-02
1.709339581429958344e-02 2.501731552183628082e-02
1.703137904405593872e-02 2.498589083552360535e-02
1.697016693651676178e-02 2.494725957512855530e-02
1.690153405070304871e-02 2.490433119237422943e-02
1.682961359620094299e-02 2.487971074879169464e-02
1.674363017082214355e-02 2.485773898661136627e-02
1.683511398732662201e-02 2.483278140425682068e-02
1.657115481793880463e-02 2.467753738164901733e-02
1.650457829236984253e-02 2.487180195748806000e-02
1.668050885200500488e-02 2.584375254809856415e-02
1.797126792371273041e-02 6.123576685786247253e-02
5.454497784376144409e-02 3.011318668723106384e-02
2.353682182729244232e-02 5.124395713210105896e-02
4.388385638594627380e-02 2.845758013427257538e-02
2.279186062514781952e-02 3.953105583786964417e-02
3.472026810050010681e-02 2.800086140632629395e-02
2.318548224866390228e-02 3.447332233190536499e-02
2.979832515120506287e-02 2.886808104813098907e-02
2.398561500012874603e-02 3.144214302301406860e-02
2.631202712655067444e-02 2.782784402370452881e-02
2.266883663833141327e-02 3.098423406481742859e-02
2.573362365365028381e-02 2.552760764956474304e-02
2.055441774427890778e-02 2.890583872795104980e-02
2.387403324246406555e-02 2.640531584620475769e-02
2.126613259315490723e-02 2.522799000144004822e-02
1.993854716420173645e-02 2.846708893775939941e-02
2.289635315537452698e-02 2.454217150807380676e-02
1.872408390045166016e-02 2.705270424485206604e-02
2.062424644827842712e-02 2.704031951725482941e-02
2.030907012522220612e-02 2.459683455526828766e-02
1.802409440279006958e-02 2.629611454904079437e-02
1.992588117718696594e-02 2.448031120002269745e-02
1.836570724844932556e-02 2.339398115873336792e-02
1.769538223743438721e-02 6.115619465708732605e-02
5.287967994809150696e-02 3.363053128123283386e-02
2.605614066123962402e-02 3.818331286311149597e-02
3.109618462622165680e-02 2.770577929913997650e-02
2.431143261492252350e-02 2.417496033012866974e-02
2.166272513568401337e-02 2.271278202533721924e-02
2.123597450554370880e-02 2.479743212461471558e-02
2.342627011239528656e-02 2.588121406733989716e-02
2.405746653676033020e-02 2.390096709132194519e-02
2.178538776934146881e-02 2.353425882756710052e-02
2.095334418118000031e-02 2.367063611745834351e-02
2.050929144024848938e-02 2.419744245707988739e-02
2.053240872919559479e-02 2.519667334854602814e-02
2.124081738293170929e-02 2.445693127810955048e-02
2.017215453088283539e-02 2.382382191717624664e-02
1.924153231084346771e-02 2.360870316624641418e-02
1.910773478448390961e-02 2.272442914545536041e-02
1.855288445949554443e-02 2.306332625448703766e-02
1.889809593558311462e-02 2.309484779834747314e-02
1.877956651151180267e-02 2.283579483628273010e-02
1.793948374688625336e-02 2.335253357887268066e-02
1.776681840419769287e-02 2.321750111877918243e-02
1.646619103848934174e-02 2.301471494138240814e-02
1.609281264245510101e-02 4.264632612466812134e-02
3.594008460640907288e-02 3.779904171824455261e-02
3.011173754930496216e-02 3.714354336261749268e-02
3.064760193228721619e-02 3.134775906801223755e-02
2.571190521121025085e-02 2.800823934376239777e-02
2.285376563668251038e-02 2.812750637531280518e-02
2.443263493478298187e-02 2.352493070065975189e-02
2.094798907637596130e-02 2.580008842051029205e-02
2.431591786444187164e-02 2.486819028854370117e-02
2.354833297431468964e-02 2.551611699163913727e-02
2.376191690564155579e-02 2.579321339726448059e-02
2.387576736509799957e-02 2.339727431535720825e-02
2.153076790273189545e-02 2.410597726702690125e-02
2.184175141155719757e-02 2.308278530836105347e-02
1.988432370126247406e-02 2.481660805642604828e-02
2.094222418963909149e-02 2.497532591223716736e-02
2.051100879907608032e-02 2.546068653464317322e-02
2.079388871788978577e-02 2.609077468514442444e-02
2.095573581755161285e-02 2.597356587648391724e-02
2.068537659943103790e-02 2.543611638247966766e-02
2.053804695606231689e-02 2.467783540487289429e-02
1.982410065829753876e-02 2.438982017338275909e-02
1.948210783302783966e-02 2.347359620034694672e-02
1.889260485768318176e-02 2.367886900901794434e-02
1.920285820960998535e-02 2.318492345511913300e-02
1.891956850886344910e-02 2.324366196990013123e-02
1.910259388387203217e-02 2.329756505787372589e-02
1.908026449382305145e-02 2.316498570144176483e-02
1.873749680817127228e-02 2.334611117839813232e-02
1.884384453296661377e-02 2.306547015905380249e-02
1.832126080989837646e-02 2.350131981074810028e-02
1.849491521716117859e-02 2.337121032178401947e-02
1.819433644413948059e-02 2.374550513923168182e-02
1.813234575092792511e-02 2.405202575027942657e-02
1.830841414630413055e-02 2.381153218448162079e-02
1.801861263811588287e-02 2.391583472490310669e-02
1.823208853602409363e-02 2.371844463050365448e-02
1.796237379312515259e-02 2.393124438822269440e-02
1.804583519697189331e-02 2.404001541435718536e-02
1.795433647930622101e-02 2.367130294442176819e-02
1.777121238410472870e-02 2.371100708842277527e-02
1.781332865357398987e-02 2.383759804069995880e-02
1.764317043125629425e-02 2.407462522387504578e-02
1.769986934959888458e-02 2.391485311090946198e-02
1.761368475854396820e-02 2.367293462157249451e-02
1.757186837494373322e-02 2.358951047062873840e-02
1.755160465836524963e-02 2.365478873252868652e-02
1.745068281888961792e-02 2.373445779085159302e-02
1.744007878005504608e-02 2.362154237926006317e-02
1.737026125192642212e-02 2.363500930368900299e-02
1.734356209635734558e-02 2.377226203680038452e-02
1.728342287242412567e-02 2.403879165649414062e-02
1.725123822689056396e-02 2.433957345783710480e-02
1.721486449241638184e-02 2.430003508925437927e-02
1.738302968442440033e-02 2.421546727418899536e-02
1.734820939600467682e-02 2.413439750671386719e-02
1.724836602807044983e-02 2.409475855529308319e-02
1.715030148625373840e-02 2.406634762883186340e-02
1.716773025691509247e-02 2.384061552584171295e-02
1.719422265887260437e-02 2.365249395370483398e-02
1.708066649734973907e-02 2.350291050970554352e-02
1.693926937878131866e-02 2.458257041871547699e-02
1.696335524320602417e-02 2.469495311379432678e-02
1.694376207888126373e-02 2.430120855569839478e-02
1.898393407464027405e-02 2.432956174015998840e-02
1.891318522393703461e-02 2.411394193768501282e-02
1.877803169190883636e-02 2.382955327630043030e-02
1.860802620649337769e-02 2.369210310280323029e-02
1.858320459723472595e-02 2.360766939818859100e-02
1.849011145532131195e-02 2.376132830977439880e-02
1.918398216366767883e-02 2.383731864392757416e-02
1.915319263935089111e-02 2.410888299345970154e-02
1.841295696794986725e-02 2.452026307582855225e-02
1.835724711418151855e-02 2.458681538701057434e-02
1.734971627593040466e-02 2.534940093755722046e-02
1.824755780398845673e-02 2.536882273852825165e-02
1.822344027459621429e-02 2.535488642752170563e-02
1.915580406785011292e-02 2.485496737062931061e-02
1.897604949772357941e-02 2.402037009596824646e-02
1.880683936178684235e-02 2.907469123601913452e-02
2.071526087820529938e-02 2.804309315979480743e-02
2.098344452679157257e-02 2.954707667231559753e-02
2.158436551690101624e-02 2.893472835421562195e-02
2.252487279474735260e-02 3.093305975198745728e-02
2.333547361195087433e-02 2.919897437095642090e-02
2.312526851892471313e-02 2.785453200340270996e-02
2.072559297084808350e-02 2.738696336746215820e-02
2.027396298944950104e-02 2.769296616315841675e-02
2.152696251869201660e-02 2.847901917994022369e-02
2.154785953462123871e-02 2.628620341420173645e-02
1.994874328374862671e-02 2.655615471303462982e-02
2.052332647144794464e-02 2.711365371942520142e-02
2.064371109008789062e-02 2.523204870522022247e-02
1.964478380978107452e-02 2.528129331767559052e-02
1.977941207587718964e-02 2.603798918426036835e-02
2.009288407862186432e-02 2.484840154647827148e-02
1.937613263726234436e-02 2.527819573879241943e-02
1.964680850505828857e-02 2.662212774157524109e-02
2.045734785497188568e-02 2.518577501177787781e-02
1.974934712052345276e-02 2.527542039752006531e-02
1.994644850492477417e-02 2.577593363821506500e-02
2.010963670909404755e-02 2.514966577291488647e-02
1.979734562337398529e-02 2.482062019407749176e-02
1.960551738739013672e-02 2.538572065532207489e-02
1.995208486914634705e-02 2.486333996057510376e-02
1.962931454181671143e-02 2.483830973505973816e-02
1.953542791306972504e-02 2.524477057158946991e-02
1.970134302973747253e-02 2.482308074831962585e-02
1.958508603274822235e-02 2.488158270716667175e-02
1.941602304577827454e-02 2.518629468977451324e-02
1.954023353755474091e-02 2.473786287009716034e-02
1.950687170028686523e-02 2.476747520267963409e-02
1.931836456060409546e-02 2.496726810932159424e-02
1.942192763090133667e-02 2.465884946286678314e-02
1.940441690385341644e-02 2.466435916721820831e-02
1.929342932999134064e-02 2.475344948470592499e-02
1.928747631609439850e-02 2.471105940639972687e-02
1.933569274842739105e-02 2.467284537851810455e-02
1.922554150223731995e-02 2.470837160944938660e-02
1.920117810368537903e-02 2.471588365733623505e-02
1.924423873424530029e-02 2.480184845626354218e-02
1.917672902345657349e-02 2.469808235764503479e-02
1.913498155772686005e-02 2.466194517910480499e-02
1.914869807660579681e-02 2.488683350384235382e-02
1.914216950535774231e-02 2.471069991588592529e-02
1.907720603048801422e-02 2.470811828970909119e-02
1.908821985125541687e-02 2.487040124833583832e-02
1.908439584076404572e-02 2.476433664560317993e-02
1.904141530394554138e-02 2.474478632211685181e-02
1.902468316256999969e-02 2.479935437440872192e-02
1.902857981622219086e-02 2.471501752734184265e-02
1.900763623416423798e-02 2.467311918735504150e-02
1.897157356142997742e-02 2.469474077224731445e-02
1.897313259541988373e-02 2.458132617175579071e-02
1.896245032548904419e-02 2.461719885468482971e-02
1.893359050154685974e-02 2.459049597382545471e-02
1.891927793622016907e-02 2.454052679240703583e-02
1.891285926103591919e-02 2.460739016532897949e-02
1.889845542609691620e-02 2.453421428799629211e-02
1.887304149568080902e-02 2.453237585723400116e-02
1.886488683521747589e-02 2.455826289951801300e-02
1.885675825178623199e-02 2.448666468262672424e-02
1.883694529533386230e-02 2.445601858198642731e-02
1.882026903331279755e-02 2.448681369423866272e-02
1.880984753370285034e-02 2.440971322357654572e-02
1.879938319325447083e-02 2.443765848875045776e-02
1.878115534782409668e-02 2.440540492534637451e-02
1.876476220786571503e-02 2.441399917006492615e-02
1.875551603734493256e-02 2.441878058016300201e-02
1.874205470085144043e-02 2.440103329718112946e-02
1.872629486024379730e-02 2.437843941152095795e-02
1.871178671717643738e-02 2.441307902336120605e-02
1.870009675621986389e-02 2.433096058666706085e-02
1.868865080177783966e-02 2.438138611614704132e-02
1.867426745593547821e-02 2.431082352995872498e-02
1.866186596453189850e-02 2.437093108892440796e-02
1.865421235561370850e-02 2.430742420256137848e-02
1.864910870790481567e-02 2.441852167248725891e-02
1.864951848983764648e-02 2.431152388453483582e-02
1.866228692233562469e-02 2.457672543823719025e-02
1.869976893067359924e-02 2.438149787485599518e-02
1.878148503601551056e-02 2.494706399738788605e-02
1.893519982695579529e-02 2.472494356334209442e-02
1.919694058597087860e-02 2.575879544019699097e-02
1.956380903720855713e-02 2.535811625421047211e-02
1.989978551864624023e-02 2.621147409081459045e-02
1.989763416349887848e-02 2.493905089795589447e-02
1.939875446259975433e-02 2.488972805440425873e-02
1.877479068934917450e-02 2.443174086511135101e-02
1.854744553565979004e-02 2.454212307929992676e-02
1.872661709785461426e-02 2.518246695399284363e-02
1.894776523113250732e-02 2.468765527009963989e-02
1.896510645747184753e-02 2.504865825176239014e-02
1.882069744169712067e-02 2.453619800508022308e-02
1.864037849009037018e-02 2.449679747223854065e-02
1.849419809877872467e-02 2.458709478378295898e-02
1.846164464950561523e-02 2.444574236869812012e-02
1.857192069292068481e-02 2.490328438580036163e-02
1.868831552565097809e-02 2.457203902304172516e-02
1.863470114767551422e-02 2.457413263618946075e-02
1.843711733818054199e-02 2.435287646949291229e-02
1.829612441360950470e-02 2.436884678900241852e-02
1.831822283565998077e-02 2.456912770867347717e-02
1.841308549046516418e-02 2.447039447724819183e-02
1.845750026404857635e-02 2.464634366333484650e-02
1.843317039310932159e-02 2.440038695931434631e-02
1.838028617203235626e-02 2.454555593430995941e-02
1.831400394439697266e-02 2.432794868946075439e-02
1.823525130748748779e-02 2.436709962785243988e-02
1.817476563155651093e-02 2.438400499522686005e-02
1.816546171903610229e-02 2.434502169489860535e-02
1.819486916065216064e-02 2.453929744660854340e-02
1.822508312761783600e-02 2.442961372435092926e-02
1.824820414185523987e-02 2.464982867240905762e-02
1.829643175005912781e-02 2.466654218733310699e-02
1.840629614889621735e-02 2.502658590674400330e-02
1.861518621444702148e-02 2.531994692981243134e-02
1.900943927466869354e-02 2.636089548468589783e-02
1.980665884912014008e-02 2.771335467696189880e-02
2.137609012424945831e-02 3.094204142689704895e-02
2.412524074316024780e-02 3.378655016422271729e-02
2.733783610165119171e-02 3.479589894413948059e-02
2.779384143650531769e-02 2.871868945658206940e-02
2.237528376281261444e-02 2.461135759949684143e-02
1.818890683352947235e-02 2.767957746982574463e-02
2.118999697268009186e-02 2.777149714529514313e-02
2.174726314842700958e-02 2.492464520037174225e-02
1.856263354420661926e-02 2.624313719570636749e-02
2.004566416144371033e-02 2.594785206019878387e-02
2.013250254094600677e-02 2.521235495805740356e-02
1.875870674848556519e-02 2.602951414883136749e-02
1.974088512361049652e-02 2.480067126452922821e-02
1.891008019447326660e-02 2.565353363752365112e-02
1.914119906723499298e-02 2.542883902788162231e-02
1.912630535662174225e-02 2.446710132062435150e-02
1.852613314986228943e-02 2.555276080965995789e-02
1.917835883796215057e-02 2.473886497318744659e-02
1.853522099554538727e-02 2.460921555757522583e-02
1.864599995315074921e-02 2.502304315567016602e-02
1.875168830156326294e-02 2.464131265878677368e-02
1.840980164706707001e-02 2.464111894369125366e-02
1.857451722025871277e-02 2.463355846703052521e-02
1.838780194520950317e-02 2.476261928677558899e-02
1.847891509532928467e-02 2.442826144397258759e-02
1.827854663133621216e-02 2.452973835170269012e-02
1.833537593483924866e-02 2.464388683438301086e-02
1.835467852652072906e-02 2.439216524362564087e-02
1.810497045516967773e-02 2.458833530545234680e-02
1.832616515457630157e-02 2.451078407466411591e-02
1.812584139406681061e-02 2.464743889868259430e-02
1.809940859675407410e-02 2.465555816888809204e-02
1.818120479583740234e-02 2.451636455953121185e-02
1.799780316650867462e-02 2.482603490352630615e-02
1.808780431747436523e-02 2.462309971451759338e-02
1.799895986914634705e-02 2.453800477087497711e-02
1.796241104602813721e-02 2.482700534164905548e-02
1.799985580146312714e-02 2.464018948376178741e-02
1.787192746996879578e-02 2.463373355567455292e-02
1.792157255113124847e-02 2.489007264375686646e-02
1.787044294178485870e-02 2.489108964800834656e-02
1.777057722210884094e-02 3.456705063581466675e-02
1.918397657573223114e-02 3.247974067926406860e-02
1.926164887845516205e-02 2.293091826140880585e-02
1.845139451324939728e-02 2.535839006304740906e-02
2.062176540493965149e-02 2.635370753705501556e-02
2.225134335458278656e-02 2.642218582332134247e-02
2.192665636539459229e-02 2.473105117678642273e-02
2.030935883522033691e-02 2.380503155291080475e-02
1.940997503697872162e-02 2.454241551458835602e-02
1.949125528335571289e-02 2.490574121475219727e-02
2.030315622687339783e-02 2.826475165784358978e-02
2.266211807727813721e-02 3.473319113254547119e-02
2.939318306744098663e-02 4.514602199196815491e-02
3.906975686550140381e-02 4.304105043411254883e-02
3.712580353021621704e-02 2.984765358269214630e-02
2.469323761761188507e-02 3.025791235268115997e-02
2.442826889455318451e-02 3.161486983299255371e-02
2.728031575679779053e-02 2.774561755359172821e-02
2.410865947604179382e-02 2.805322222411632538e-02
2.308569289743900299e-02 2.750562503933906555e-02
2.283143252134323120e-02 2.736267074942588806e-02
2.369559369981288910e-02 2.558343857526779175e-02
2.046853862702846527e-02 2.880808152258396149e-02
2.290066145360469818e-02 2.607695013284683228e-02
2.168352156877517700e-02 2.460435405373573303e-02
1.999614946544170380e-02 2.799288928508758545e-02
2.217893674969673157e-02 2.491500787436962128e-02
1.983686909079551697e-02 2.568317949771881104e-02
2.103621698915958405e-02 2.590027824044227600e-02
2.014633081853389740e-02 2.598854713141918182e-02
1.992339640855789185e-02 2.580212056636810303e-02
2.031766436994075775e-02 2.549603953957557678e-02
1.974300853908061981e-02 2.609760686755180359e-02
1.986901275813579559e-02 2.554710581898689270e-02
1.972980983555316925e-02 2.491749823093414307e-02
1.939368993043899536e-02 2.566645294427871704e-02
1.976770348846912384e-02 2.523224987089633942e-02
1.922749355435371399e-02 2.525942958891391754e-02
1.945986412465572357e-02 2.519182860851287842e-02
1.926138997077941895e-02 2.517323009669780731e-02
1.908781938254833221e-02 2.529727481305599213e-02
1.938155479729175568e-02 2.463591657578945160e-02
1.884465664625167847e-02 2.508768066763877869e-02
1.930062472820281982e-02 2.453113347291946411e-02
1.879233308136463165e-02 2.481635287404060364e-02
1.906760595738887787e-02 2.466962672770023346e-02
1.889346912503242493e-02 2.457942254841327667e-02
1.883315481245517731e-02 2.468884363770484924e-02
1.890912838280200958e-02 2.451552450656890869e-02
1.868674717843532562e-02 2.460994198918342590e-02
1.885588094592094421e-02 2.439475990831851959e-02
1.867099478840827942e-02 2.458794042468070984e-02
1.873206719756126404e-02 2.456708624958992004e-02
1.865503937005996704e-02 2.450861223042011261e-02
1.864244602620601654e-02 2.458702400326728821e-02
1.863150857388973236e-02 2.467404492199420929e-02
1.858609542250633240e-02 2.461875043809413910e-02
1.855753734707832336e-02 2.458243630826473236e-02
1.853794604539871216e-02 2.469228208065032959e-02
1.851623132824897766e-02 2.474454417824745178e-02
1.848303526639938354e-02 2.472749724984169006e-02
1.848209649324417114e-02 2.473150566220283508e-02
1.842365786433219910e-02 2.488093823194503784e-02
1.844733953475952148e-02 2.485155686736106873e-02
1.839512027800083160e-02 2.481929212808609009e-02
1.838494837284088135e-02 2.488978579640388489e-02
1.836760714650154114e-02 2.494148910045623779e-02
1.832946948707103729e-02 2.490883506834506989e-02
1.833178661763668060e-02 2.488549239933490753e-02
1.829231902956962585e-02 2.499472163617610931e-02
1.828277669847011566e-02 2.495173551142215729e-02
1.825233362615108490e-02 2.488427050411701202e-02
1.824443973600864410e-02 2.495732530951499939e-02
1.821482554078102112e-02 2.497071772813796997e-02
1.819115690886974335e-02 2.488993480801582336e-02
1.818109489977359772e-02 2.493027597665786743e-02
1.814509369432926178e-02 2.498827315866947174e-02
1.813086867332458496e-02 2.493270486593246460e-02
1.810333505272865295e-02 2.497305907309055328e-02
1.808083243668079376e-02 2.502031624317169189e-02
1.805091649293899536e-02 2.504207193851470947e-02
1.802021637558937073e-02 2.506977319717407227e-02
1.799453049898147583e-02 2.507050521671772003e-02
1.795144565403461456e-02 2.513795159757137299e-02
1.790508255362510681e-02 2.507200092077255249e-02
1.783183589577674866e-02 2.533454820513725281e-02
1.800426281988620758e-02 2.919630147516727448e-02
2.287222631275653839e-02 3.839589282870292664e-02
3.000782988965511322e-02 3.367414698004722595e-02
2.741704694926738739e-02 2.763392962515354156e-02
2.104164659976959229e-02 2.745946682989597321e-02
2.081201784312725067e-02 3.014563024044036865e-02
2.484538964927196503e-02 2.676896005868911743e-02
2.167131751775741577e-02 2.502187900245189667e-02
1.976301893591880798e-02 2.750813029706478119e-02
2.220446243882179260e-02 2.681852504611015320e-02
2.104191668331623077e-02 2.532764524221420288e-02
1.906109042465686798e-02 2.759408578276634216e-02
2.139894478023052216e-02 2.534295618534088135e-02
1.946888491511344910e-02 2.561516501009464264e-02
1.937380060553550720e-02 2.674142830073833466e-02
2.021462097764015198e-02 2.501636743545532227e-02
1.862171851098537445e-02 2.711712941527366638e-02
2.043601125478744507e-02 2.718229591846466064e-02
2.058498747646808624e-02 2.593135461211204529e-02
1.899155043065547943e-02 2.674704045057296753e-02
1.990995183587074280e-02 2.582615613937377930e-02
1.961325295269489288e-02 2.517168223857879639e-02
1.901511847972869873e-02 2.631194703280925751e-02
1.971394568681716919e-02 2.559573948383331299e-02
1.908058859407901764e-02 2.516473457217216492e-02
1.899628341197967529e-02 2.560892701148986816e-02
1.934341527521610260e-02 2.482782304286956787e-02
1.856837794184684753e-02 2.510289661586284637e-02
1.906724460422992706e-02 2.486173808574676514e-02
1.878000237047672272e-02 2.474907785654067993e-02
1.856976374983787537e-02 2.479609102010726929e-02
1.870202086865901947e-02 2.476101554930210114e-02
1.860797218978404999e-02 2.455782145261764526e-02
1.836942508816719055e-02 2.458820119500160217e-02
1.859443821012973785e-02 2.436678484082221985e-02
1.833165809512138367e-02 2.461104281246662140e-02
1.828299276530742645e-02 2.479807659983634949e-02
1.846268028020858765e-02 2.441915310919284821e-02
1.818224228918552399e-02 2.459020912647247314e-02
1.818467490375041962e-02 2.484353445470333099e-02
1.829435676336288452e-02 2.451298944652080536e-02
1.801515743136405945e-02 2.462779171764850616e-02
1.812283322215080261e-02 2.479248493909835815e-02
1.804785430431365967e-02 2.489153109490871429e-02
1.797248609364032745e-02 2.470161952078342438e-02
1.797924004495143890e-02 2.466806396842002869e-02
1.788952015340328217e-02 2.501560561358928680e-02
1.796039193868637085e-02 2.465535514056682587e-02
1.784465275704860687e-02 2.462555095553398132e-02
1.777154766023159027e-02 2.479422464966773987e-02
1.779495738446712494e-02 2.458289265632629395e-02
1.774504035711288452e-02 2.471929416060447693e-02
1.777173765003681183e-02 2.456445619463920593e-02
1.774282753467559814e-02 2.483319304883480072e-02
1.774134859442710876e-02 2.464073710143566132e-02
1.785762421786785126e-02 2.550209313631057739e-02
1.823913492262363434e-02 2.627462148666381836e-02
1.973349042236804962e-02 3.372675552964210510e-02
2.607279643416404724e-02 4.224550351500511169e-02
3.714869171380996704e-02 5.044379457831382751e-02
4.279364645481109619e-02 2.739539556205272675e-02
2.171858772635459900e-02 3.230972588062286377e-02
2.783250063657760620e-02 3.341550752520561218e-02
2.801957353949546814e-02 2.847432158887386322e-02
2.242116630077362061e-02 3.219955414533615112e-02
2.613198012113571167e-02 2.791490778326988220e-02
2.231151424348354340e-02 3.035508468747138977e-02
2.380911260843276978e-02 2.953468263149261475e-02
2.236826159060001373e-02 2.876089140772819519e-02
2.249379828572273254e-02 2.737150341272354126e-02
2.143169939517974854e-02 2.884935215115547180e-02
2.198628149926662445e-02 2.824151702225208282e-02
2.096184156835079193e-02 2.793183550238609314e-02
2.095175161957740784e-02 2.759093604981899261e-02
2.071569673717021942e-02 2.723635546863079071e-02
2.025742828845977783e-02 2.755256742238998413e-02
2.051270194351673126e-02 2.666492946445941925e-02
1.951065100729465485e-02 2.728906832635402679e-02
2.011353150010108948e-02 2.638729847967624664e-02
1.930123567581176758e-02 2.657004073262214661e-02
1.952832750976085663e-02 2.591141127049922943e-02
1.900894381105899811e-02 2.562797628343105316e-02
1.911084912717342377e-02 2.514964342117309570e-02
1.889146119356155396e-02 2.523453347384929657e-02
1.875882782042026520e-02 2.540883608162403107e-02
1.875515468418598175e-02 2.503404021263122559e-02
1.857048645615577698e-02 2.477478608489036560e-02
1.855138875544071198e-02 2.464983053505420685e-02
1.833139732480049133e-02 2.488597668707370758e-02
1.834308542311191559e-02 2.474893629550933838e-02
1.814895868301391602e-02 2.471459470689296722e-02
1.808194816112518311e-02 2.473879605531692505e-02
1.786926761269569397e-02 2.510757371783256531e-02
1.776126399636268616e-02 2.522295527160167694e-02
1.719104684889316559e-02 4.572471603751182556e-02
3.764726594090461731e-02 6.589884310960769653e-02
6.294050067663192749e-02 3.133814409375190735e-02
2.893446013331413269e-02 5.456143617630004883e-02
4.965573549270629883e-02 3.300458937883377075e-02
2.896218560636043549e-02 3.770317509770393372e-02
3.689523413777351379e-02 4.024806991219520569e-02
3.938049450516700745e-02 2.932280488312244415e-02
2.561554498970508575e-02 4.081989079713821411e-02
3.568820282816886902e-02 2.809735015034675598e-02
2.455919422209262848e-02 3.145394846796989441e-02
2.939185127615928650e-02 3.258737921714782715e-02
2.972666546702384949e-02 2.658076211810112000e-02
2.184043824672698975e-02 3.312461078166961670e-02
2.692506648600101471e-02 3.308238089084625244e-02
2.648107893764972687e-02 2.772881463170051575e-02
2.151704020798206329e-02 3.144914656877517700e-02
2.561441063880920410e-02 2.917814254760742188e-02
2.318669669330120087e-02 2.748989872634410858e-02
2.090294472873210907e-02 3.213182836771011353e-02
2.503685094416141510e-02 2.787447907030582428e-02
2.080592140555381775e-02 2.736495621502399445e-02
2.051031216979026794e-02 2.967481687664985657e-02
2.271946705877780914e-02 2.759613096714019775e-02
2.015083655714988708e-02 2.888926304876804352e-02
2.096745558083057404e-02 2.855939604341983795e-02
2.079869993031024933e-02 2.665272541344165802e-02
1.945986412465572357e-02 2.800806239247322083e-02
2.113466896116733551e-02 2.718420326709747314e-02
2.019085921347141266e-02 2.672907710075378418e-02
1.923929899930953979e-02 2.799435704946517944e-02
2.018255181610584259e-02 2.670375071465969086e-02
1.923927664756774902e-02 2.649842202663421631e-02
1.957901753485202789e-02 2.638767100870609283e-02
1.966695673763751984e-02 2.558544091880321503e-02
1.873384043574333191e-02 2.616480737924575806e-02
1.918742246925830841e-02 2.614504471421241760e-02
1.929207704961299896e-02 2.522832714021205902e-02
1.868477836251258850e-02 2.527448348701000214e-02
1.897673495113849640e-02 2.517697401344776154e-02
1.884150318801403046e-02 2.514750137925148010e-02
1.846531964838504791e-02 2.578382194042205811e-02
1.875722780823707581e-02 2.549800090491771698e-02
1.853326894342899323e-02 2.481801994144916534e-02
1.822448894381523132e-02 2.479306608438491821e-02
1.840356178581714630e-02 2.474781125783920288e-02
1.818100549280643463e-02 2.498729340732097626e-02
1.809341460466384888e-02 2.499500662088394165e-02
1.799559406936168671e-02 2.462420612573623657e-02
1.749540120363235474e-02 3.202732279896736145e-02
2.517574653029441833e-02 3.758951276540756226e-02
3.280518576502799988e-02 2.865914627909660339e-02
2.608642540872097015e-02 3.818749263882637024e-02
3.631593659520149231e-02 2.991025708615779877e-02
2.889488264918327332e-02 3.372677043080329895e-02
3.482470288872718811e-02 3.177813813090324402e-02
3.219573944807052612e-02 2.980912476778030396e-02
2.970785275101661682e-02 3.183992952108383179e-02
2.915431000292301178e-02 2.734843455255031586e-02
2.350356988608837128e-02 3.203784674406051636e-02
2.743341028690338135e-02 2.991826459765434265e-02
2.254688180983066559e-02 3.376534953713417053e-02
2.557197958230972290e-02 2.943512238562107086e-02
2.238679118454456329e-02 3.133410215377807617e-02
2.466062083840370178e-02 2.914355136454105377e-02
2.264303155243396759e-02 2.903244271874427795e-02
2.256884239614009857e-02 2.797826193273067474e-02
2.218305133283138275e-02 2.764570340514183044e-02
2.223495952785015106e-02 2.831476368010044098e-02
2.203663438558578491e-02 2.734198048710823059e-02
2.102831937372684479e-02 2.771626226603984833e-02
2.181326970458030701e-02 2.689777873456478119e-02
2.061383426189422607e-02 2.753123082220554352e-02
2.129469253122806549e-02 2.613584883511066437e-02
2.030059508979320526e-02 2.697231434285640717e-02
2.126113884150981903e-02 2.520504221320152283e-02
1.990626193583011627e-02 2.583973109722137451e-02
2.066814526915550232e-02 2.523453347384929657e-02
2.000817283987998962e-02 2.558490820229053497e-02
2.047161571681499481e-02 2.522816136479377747e-02
1.992864161729812622e-02 2.558770030736923218e-02
2.021285891532897949e-02 2.485111169517040253e-02
1.985390670597553253e-02 2.490624040365219116e-02
1.993001997470855713e-02 2.493400312960147858e-02
1.986917667090892792e-02 2.480537071824073792e-02
1.991678960621356964e-02 2.455562353134155273e-02
1.968543976545333862e-02 2.472700923681259155e-02
1.977393776178359985e-02 2.470216341316699982e-02
1.961318589746952057e-02 2.502312697470188141e-02
1.975480280816555023e-02 2.461593411862850189e-02
1.956218481063842773e-02 2.452344074845314026e-02
1.969723775982856750e-02 2.443737536668777466e-02
1.947473362088203430e-02 2.458500117063522339e-02
1.960760727524757385e-02 2.432372793555259705e-02
1.946664229035377502e-02 2.444932796061038971e-02
1.954167708754539490e-02 2.442755363881587982e-02
1.943934708833694458e-02 2.453749999403953552e-02
1.946107484400272369e-02 2.450159378349781036e-02
1.940261758863925934e-02 2.439006045460700989e-02
1.940441690385341644e-02 2.436540648341178894e-02
1.938030496239662170e-02 2.441992610692977905e-02
1.936048828065395355e-02 2.438169904053211212e-02
1.934593729674816132e-02 2.438733913004398346e-02
1.932561956346035004e-02 2.443129941821098328e-02
1.930292509496212006e-02 2.446410246193408966e-02
1.929872669279575348e-02 2.452619560062885284e-02
1.927590370178222656e-02 2.457629144191741943e-02
1.927079446613788605e-02 2.456008270382881165e-02
1.924412883818149567e-02 2.460563182830810547e-02
1.924395374953746796e-02 2.459789812564849854e-02
1.921292394399642944e-02 2.462605014443397522e-02
1.921518892049789429e-02 2.464762330055236816e-02
1.919779740273952484e-02 2.462603710591793060e-02
1.918930187821388245e-02 2.463241294026374817e-02
1.917026191949844360e-02 2.470366284251213074e-02
1.916269585490226746e-02 2.473306655883789062e-02
1.915249601006507874e-02 2.473951689898967743e-02
1.913749985396862030e-02 2.474637888371944427e-02
1.913220807909965515e-02 2.474732324481010437e-02
1.911578886210918427e-02 2.476793155074119568e-02
1.910785585641860962e-02 2.471878938376903534e-02
1.909075863659381866e-02 2.468166500329971313e-02
1.908766292035579681e-02 2.469427511096000671e-02
1.907033845782279968e-02 2.471109852194786072e-02
1.906277425587177277e-02 2.470140159130096436e-02
1.904651895165443420e-02 2.469380572438240051e-02
1.903847977519035339e-02 2.468010783195495605e-02
1.902221329510211945e-02 2.469389326870441437e-02
1.901168003678321838e-02 2.466516196727752686e-02
1.899493485689163208e-02 2.461514808237552643e-02
1.897922717034816742e-02 2.460187859833240509e-02
1.895648427307605743e-02 2.459377050399780273e-02
1.892560906708240509e-02 2.457629330456256866e-02
1.884082704782485962e-02 2.456257864832878113e-02
1.923781260848045349e-02 2.454210259020328522e-02
1.931463368237018585e-02 2.457967773079872131e-02
1.896866224706172943e-02 2.451605908572673798e-02
1.900020986795425415e-02 2.448550425469875336e-02
1.902413368225097656e-02 2.441099099814891815e-02
1.903097145259380341e-02 2.433238923549652100e-02
1.904477737843990326e-02 2.429009415209293365e-02
1.904514245688915253e-02 2.423561923205852509e-02
1.904746331274509430e-02 2.420385368168354034e-02
1.904299855232238770e-02 2.420204691588878632e-02
1.904510706663131714e-02 2.419436164200305939e-02
1.904191821813583374e-02 2.422677725553512573e-02
1.903717964887619019e-02 2.423658035695552826e-02
1.902872696518898010e-02 2.424619533121585846e-02
1.902239583432674408e-02 2.428149618208408356e-02
1.901599392294883728e-02 2.430268935859203339e-02
1.900788955390453339e-02 2.433556504547595978e-02
1.899980753660202026e-02 2.435522712767124176e-02
1.899160817265510559e-02 2.437353879213333130e-02
1.898508332669734955e-02 2.441029250621795654e-02
1.897629722952842712e-02 2.442424558103084564e-02
1.896857842803001404e-02 2.444078586995601654e-02
1.896005682647228241e-02 2.446754835546016693e-02
1.895349100232124329e-02 2.448778785765171051e-02
1.894507370889186859e-02 2.451687492430210114e-02
1.893720030784606934e-02 2.452248148620128632e-02
1.892832107841968536e-02 2.452747337520122528e-02
1.892075501382350922e-02 2.453692629933357239e-02
1.891255378723144531e-02 2.452855184674263000e-02
1.890477538108825684e-02 2.452584914863109589e-02
1.889658719301223755e-02 2.452359534800052643e-02
1.888887025415897369e-02 2.452861331403255463e-02
1.888116635382175446e-02 2.454573288559913635e-02
1.887368038296699524e-02 2.454997785389423370e-02
1.886646077036857605e-02 2.456049434840679169e-02
1.885942183434963226e-02 2.457176335155963898e-02
1.885263063013553619e-02 2.457446604967117310e-02
1.884566619992256165e-02 2.458125725388526917e-02
1.883894205093383789e-02 2.458215691149234772e-02
1.883220113813877106e-02 2.459328435361385345e-02
1.882575266063213348e-02 2.461006678640842438e-02
1.881914027035236359e-02 2.461985498666763306e-02
1.881259679794311523e-02 2.463620528578758240e-02
1.880599185824394226e-02 2.464883029460906982e-02
1.879954151809215546e-02 2.465929649770259857e-02
1.879312098026275635e-02 2.466665580868721008e-02
1.878670416772365570e-02 2.466639131307601929e-02
1.878029666841030121e-02 2.467282488942146301e-02
1.877382956445217133e-02 2.467643842101097107e-02
1.876741275191307068e-02 2.467788755893707275e-02
1.876092329621315002e-02 2.468151412904262543e-02
1.875451393425464630e-02 2.468227781355381012e-02
1.874802075326442719e-02 2.468489482998847961e-02
1.874157786369323730e-02 2.468095161020755768e-02
1.873505301773548126e-02 2.467575296759605408e-02
1.872858963906764984e-02 2.467265538871288300e-02
1.872210390865802765e-02 2.466629631817340851e-02
1.871565170586109161e-02 2.466109022498130798e-02
1.870916970074176788e-02 2.465450391173362732e-02
1.870268955826759338e-02 2.465077117085456848e-02
1.869621314108371735e-02 2.464720979332923889e-02
1.868972554802894592e-02 2.464157156646251678e-02
1.868324354290962219e-02 2.463885769248008728e-02
1.867673732340335846e-02 2.463568560779094696e-02
1.867023855447769165e-02 2.463415451347827911e-02
1.866370625793933868e-02 2.463159710168838501e-02
1.865716651082038879e-02 2.463003620505332947e-02
