9.517439901828765592e-02 9.008506536483765204e-02
8.058042451739311218e-02 7.430125772953033447e-02
6.716474071145057956e-02 6.250314712524414340e-02
5.703164339065551480e-02 5.357445031404495239e-02
4.941659234464168549e-02 4.702686741948127608e-02
4.425283670425415178e-02 4.204775765538215637e-02
3.957630768418311795e-02 3.832332640886306624e-02
3.591056950390338759e-02 3.528061136603355408e-02
3.282517530024051805e-02 3.283746615052222928e-02
3.015408031642436912e-02 3.065625056624412398e-02
2.783945128321647575e-02 2.875490859150886536e-02
2.559496499598026137e-02 2.696253433823585580e-02
2.389915883541107039e-02 2.545325532555580209e-02
2.220839634537696838e-02 2.407340072095394065e-02
2.093684095889329980e-02 2.287142165005207062e-02
1.975399758666753630e-02 2.188085280358791421e-02
1.879324615001678328e-02 2.105947099626064370e-02
1.799630988389253755e-02 2.042963691055774827e-02
1.739684715867042403e-02 1.990465857088565688e-02
1.682863309979438712e-02 1.954308561980724196e-02
1.634883750230074068e-02 1.918688826262950758e-02
1.592631153762340615e-02 1.895152851939201424e-02
1.554399784654378856e-02 1.868464313447475503e-02
1.514693144708871911e-02 1.851030923426151206e-02
1.480122432112693752e-02 1.831608042120933671e-02
1.444922070950269664e-02 1.811978891491889884e-02
1.408468727022409508e-02 1.799143999814987321e-02
1.374892592430114815e-02 1.772841326892376015e-02
1.335643483325838973e-02 1.748434714972972939e-02
1.297674812376499107e-02 1.724568158388137956e-02
1.263709776103496586e-02 1.695057153701782365e-02
1.231481581926345895e-02 1.663669161498546739e-02
1.191772110760211910e-02 1.639008074998855521e-02
1.168598439544439246e-02 1.617336198687553336e-02
1.130281593650579383e-02 1.589020453393459251e-02
1.098685655742883717e-02 1.574284918606281419e-02
1.067874729633331264e-02 1.548320129513740609e-02
1.040749652311205933e-02 1.523767225444316864e-02
1.022034287452697719e-02 1.487541869282722404e-02
1.000817809253931080e-02 1.467949002981185948e-02
9.848569240421056054e-03 1.423733364790677990e-02
9.649156592786312103e-03 1.403540000319480896e-02
9.486540034413338401e-03 1.381472609937190940e-02
9.266834892332553170e-03 1.354502923786640202e-02
9.093855135142802845e-03 1.320903077721595834e-02
8.978989254683256843e-03 1.295750532299280201e-02
8.815654646605252873e-03 1.269599813967943122e-02
8.773620892316102288e-03 1.256064586341381142e-02
8.543560933321713707e-03 1.250734981149435009e-02
8.426747564226389625e-03 1.243227627128362656e-02
8.297716360539197575e-03 1.207803562283515930e-02
8.291869051754474293e-03 1.192301809787750175e-02
8.078225236386061409e-03 1.203234251588583027e-02
8.201789204031228672e-03 1.186782009899616311e-02
7.749083358794451107e-03 1.185357552021741936e-02
7.579207047820090901e-03 1.157452948391437565e-02
7.712044939398765737e-03 1.128868199884891510e-02
7.478590961545706142e-03 1.120980586856603657e-02
7.206792104989289890e-03 1.108710560947656631e-02
7.283482514321803873e-03 1.077559329569339683e-02
6.736317276954650532e-03 1.058867108076810837e-02
6.667430326342582529e-03 1.027413886040449108e-02
6.593545898795127869e-03 9.958367608487606742e-03
6.350268423557281321e-03 9.628821350634097359e-03
6.211022473871707569e-03 9.411779232323169708e-03
6.085932254791259766e-03 9.269202500581741680e-03
5.773953534662723888e-03 9.310106933116912148e-03
5.612483713775873184e-03 8.679883740842341683e-03
5.500213429331779653e-03 8.611443266272545555e-03
5.390519369393586765e-03 8.419987186789512981e-03
5.214784853160380970e-03 8.069229125976563194e-03
5.108135193586349834e-03 8.059071376919746399e-03
4.920845758169889797e-03 7.860350608825682900e-03
4.768571723252535213e-03 7.639151066541671753e-03
4.713527206331491297e-03 7.690760865807532917e-03
4.596292600035667072e-03 7.538754679262638266e-03
4.543418157845735203e-03 7.370493188500404184e-03
4.582159733399748629e-03 7.260517776012420307e-03
4.423426790162920605e-03 7.460974529385567058e-03
5.071547324769198548e-03 9.273497015237807881e-03
5.730391945689916611e-03 7.999098673462868431e-03
5.525708431378006935e-03 8.754580654203892101e-03
5.191745329648255955e-03 8.873628266155720451e-03
4.989690426737069910e-03 8.611500076949597099e-03
4.732130095362663269e-03 8.062388189136982311e-03
4.511900339275598179e-03 7.553917728364467968e-03
4.344912106171249996e-03 7.211534958332777197e-03
4.241406172513961965e-03 7.157265953719615763e-03
4.118009516969322985e-03 7.235714048147201365e-03
4.119494277983903711e-03 6.923059094697236668e-03
3.877626126632094470e-03 6.769156921654939998e-03
3.866293700411915779e-03 6.552759371697902506e-03
3.657563915476203052e-03 6.639130692929029291e-03
3.586839884519577026e-03 6.503139249980449330e-03
3.489164030179381457e-03 6.322615128010511225e-03
3.519973717629909515e-03 6.323429290205240250e-03
3.425667237024754286e-03 6.357235182076692408e-03
3.516710991971194571e-03 6.296760868281126022e-03
3.445738833397626790e-03 6.136135011911392038e-03
3.216176293790340424e-03 6.098945438861846750e-03
3.216841584071517077e-03 6.070777680724859585e-03
3.267323970794677648e-03 6.112151965498924429e-03
3.363354504108428868e-03 6.309103686362504959e-03
3.341400623321533290e-03 6.096660252660512577e-03
3.077467717230319803e-03 6.065846327692270626e-03
3.051858814433217222e-03 5.921200104057789022e-03
2.943295892328023824e-03 5.849352572113275528e-03
3.012782498262822801e-03 5.788997933268547232e-03
3.135668917093425816e-03 5.872392747551202948e-03
3.020985797047614878e-03 6.222440581768751318e-03
3.178149275481700724e-03 6.134869530797004700e-03
2.878516376949846571e-03 5.951134394854307522e-03
2.805501013062894258e-03 5.760597996413707733e-03
2.854650327935815031e-03 5.840709246695041483e-03
2.826144499704241579e-03 5.694202333688736135e-03
2.654686057940125639e-03 5.741497967392206192e-03
2.767319814302027139e-03 5.711467936635017395e-03
2.690706052817404270e-03 5.821330007165670395e-03
2.609246922656893557e-03 5.540380161255598415e-03
2.663204888813197699e-03 5.563714262098074133e-03
2.587391366250813181e-03 5.387133080512284886e-03
2.772116928827017719e-03 5.406262911856174122e-03
2.717502415180206299e-03 5.471359565854072224e-03
2.529391809366643342e-03 5.536993034183979034e-03
2.484870678745210344e-03 5.485475342720746821e-03
2.399134915322065353e-03 5.256152339279651295e-03
2.503872802481055433e-03 5.244622007012367249e-03
2.539091347716748888e-03 5.450870096683502371e-03
2.418887149542569941e-03 5.391252040863036936e-03
2.545818686485290527e-03 5.529047176241874868e-03
2.503664977848529642e-03 5.259059183299541300e-03
2.437372016720473680e-03 5.217198748141527176e-03
2.391952252946793860e-03 5.132990144193172628e-03
2.442190819419920271e-03 5.180984735488891602e-03
2.365653961896896449e-03 5.053002014756202351e-03
2.289475034922361461e-03 5.129344295710325241e-03
2.197638177312910470e-03 4.867400694638490850e-03
2.239527553319930944e-03 4.906261712312698711e-03
2.292333089280873624e-03 5.133609753102064133e-03
2.351537975482642477e-03 5.161823052912950342e-03
2.403696975670754996e-03 4.904434271156788046e-03
2.136596897616982633e-03 5.001307744532823389e-03
2.170346840284764593e-03 4.745820257812738592e-03
2.090582274831831455e-03 4.634720552712678736e-03
2.040901943109929475e-03 4.629665147513150822e-03
2.052308968268334952e-03 4.694763850420713251e-03
2.025834750384092331e-03 4.641122836619615728e-03
2.005754527635872277e-03 4.534808453172445297e-03
1.994143612682819280e-03 4.535434767603874207e-03
2.015846036374569113e-03 4.702648892998695200e-03
2.156554721295833588e-03 4.488628078252077276e-03
1.988493790850043470e-03 4.434744827449321747e-03
2.022689324803650379e-03 4.507182352244854147e-03
2.067494520451873454e-03 4.429418966174126018e-03
2.056970284320413980e-03 4.438535310328006744e-03
2.052343450486660004e-03 4.510488361120223999e-03
1.913777668960392475e-03 4.512709751725197012e-03
1.884036301635205702e-03 4.463938530534505844e-03
1.908699260093271819e-03 4.251269064843654980e-03
1.870930357836186929e-03 4.341008234769105564e-03
1.838479831349104643e-03 4.342590272426605051e-03
1.817972189746796998e-03 4.146330337971448725e-03
1.808725297451019287e-03 4.133824724704027176e-03
1.759617368225008206e-03 4.191806260496378118e-03
1.776143885217607108e-03 4.155505821108818401e-03
1.772258651908487125e-03 4.061797028407454144e-03
1.762609439902007667e-03 4.027620051056146275e-03
1.766964152920991182e-03 4.038994619622826750e-03
1.734806410968303637e-03 4.052362125366926367e-03
1.740597095340490254e-03 4.089816752821206873e-03
1.732146786525845484e-03 4.141230462118982922e-03
1.939427410252392249e-03 4.228008259087800806e-03
1.765563571825623469e-03 4.035145649686456074e-03
1.801639480981975881e-03 3.824196057394146919e-03
1.711080782115459442e-03 3.910937858745455568e-03
1.635605096817016688e-03 3.881722595542669210e-03
1.624366361647844401e-03 3.774143289774656296e-03
1.631025853566825433e-03 3.824695618823170575e-03
1.634516916237771554e-03 3.816484007984399796e-03
1.633376418612897353e-03 3.799302410334348592e-03
1.675011322367936286e-03 3.718918608501553709e-03
1.703872811049222946e-03 3.934385674074292356e-03
1.739176060073077635e-03 3.952163597568869244e-03
1.648117671720683575e-03 3.834232827648520383e-03
1.641651429235935255e-03 3.696850175037979993e-03
1.605197065509855834e-03 3.910104651004076351e-03
1.759972493164241271e-03 3.599461214616894549e-03
1.656864641699940010e-03 3.601744677871465596e-03
1.599849376361817122e-03 3.646975010633468715e-03
1.599446765612810807e-03 3.696291334927082149e-03
1.559984800405800386e-03 3.596983151510357857e-03
1.511501264758408070e-03 3.647755458950996486e-03
1.503110374324023810e-03 3.442009584978222760e-03
1.470595458522439090e-03 3.403759608045220202e-03
1.488585490733385086e-03 3.534676926210522825e-03
1.482741511426866011e-03 3.464332222938537511e-03
1.465546025428920984e-03 3.345552505925297650e-03
1.430333848111331376e-03 3.404731070622801694e-03
1.419038604944944468e-03 3.435948304831981572e-03
1.489348278846591798e-03 3.337885299697518175e-03
1.529329607728868810e-03 3.502524690702557564e-03
1.643753261305391788e-03 3.522037575021385973e-03
1.561035215854644819e-03 3.543876530602574522e-03
1.568821026012301445e-03 3.478930518031120474e-03
1.389586215373128566e-03 3.295439807698130434e-03
1.464727800339460373e-03 3.140318999066948977e-03
1.399604720063507557e-03 3.472415544092655008e-03
1.528390799649059772e-03 3.334114048629999334e-03
1.520900125615298705e-03 3.123800270259380341e-03
1.493578334338962945e-03 3.228569170460104942e-03
1.548564899712800893e-03 3.282918268814682874e-03
1.453610812313854781e-03 3.396187210455536842e-03
1.521196006797253999e-03 3.255486162379383954e-03
1.488378283102065281e-03 3.703491203486919316e-03
1.539343188051134435e-03 3.421338414773344907e-03
1.627104729413986119e-03 2.990078600123524839e-03
1.587264053523540540e-03 3.263515187427401543e-03
1.457399874925613360e-03 3.346820222213864413e-03
1.447778870351612655e-03 3.384421020746230992e-03
1.375953422393649860e-03 3.078365046530961817e-03
1.336835313122719570e-03 3.066064603626727884e-03
1.306901266798377080e-03 2.937267674133181485e-03
1.285932131577283187e-03 2.997569553554057901e-03
1.271321089006960392e-03 2.985181938856840307e-03
1.256778254173696041e-03 3.005370683968067343e-03
1.261185877956449899e-03 2.968682255595922297e-03
1.246410678140818986e-03 2.976411255076527596e-03
1.282188389450311704e-03 3.186850948259234342e-03
1.460453483741730495e-03 3.240096801891923124e-03
1.507071056403219787e-03 3.124027838930487719e-03
1.347445719875395255e-03 2.944903448224067688e-03
1.354863308370113286e-03 3.009001025930047035e-03
1.374728989321738438e-03 3.172716358676552773e-03
1.421216572634875818e-03 2.828405890613794500e-03
1.327521726489067164e-03 2.832566015422344294e-03
1.206851610913872762e-03 3.016964811831712549e-03
1.195150252897292376e-03 2.861598879098892125e-03
1.181426481343805703e-03 2.778253285214304924e-03
1.197648409288376570e-03 2.850467571988701820e-03
1.206260954495519313e-03 2.856708224862814036e-03
1.155864621978253126e-03 2.780956076458096591e-03
1.145532866939902349e-03 2.864705678075551813e-03
1.163266319781541781e-03 2.819484751671552832e-03
1.174510805867612362e-03 2.732233167625963601e-03
1.148088730406016068e-03 2.773676021024584944e-03
1.141838240437209693e-03 2.785133733414113695e-03
1.137632562313228932e-03 2.781131421215832233e-03
1.136440737172961192e-03 2.716439799405634316e-03
1.158477202989161058e-03 2.728949836455285723e-03
1.104331272654235406e-03 2.760530426166951743e-03
1.123456039931625171e-03 2.726402576081454841e-03
1.108307729009538932e-03 2.665000152774155140e-03
1.098486140836030201e-03 2.745906193740666086e-03
1.084612344857305245e-03 2.718890085816383362e-03
1.156517781782895283e-03 2.796484250575304118e-03
1.207704271655529651e-03 2.688914560712873849e-03
1.129230402875691739e-03 2.655028784647584135e-03
1.111069216858595653e-03 2.716974308714270765e-03
1.078094542026519732e-03 2.767188288271426981e-03
1.117608335334807634e-03 2.978599350899458105e-03
1.312829845119267702e-03 2.773584891110658732e-03
1.255362899973988446e-03 2.786176884546875867e-03
1.298566185869276480e-03 3.106290241703391075e-03
1.538813742808997674e-03 3.110491763800382701e-03
1.464440068230032964e-03 2.807541284710168839e-03
1.329544954933226022e-03 2.787906047888100321e-03
1.218788872938603076e-03 2.683821623213589105e-03
1.219834759831428615e-03 2.880202513188123616e-03
1.099251082632690711e-03 2.780457586050033656e-03
1.148321217624470635e-03 2.899638516828417691e-03
1.218033453915268096e-03 2.726444578729570085e-03
1.166931411717087030e-03 2.657574228942394343e-03
1.132586260791868015e-03 2.860491117462516004e-03
1.177032070700079203e-03 2.841808670200407679e-03
1.092099401284940628e-03 2.654047403484583074e-03
1.192436856217682318e-03 2.524367626756429759e-03
1.099862001137808009e-03 2.772172121331095609e-03
1.089070073794573459e-03 2.770888619124889374e-03
1.125564030371606393e-03 2.625904977321624756e-03
1.181371544953435746e-03 2.484653959982097149e-03
1.206340454518794970e-03 3.120150137692690069e-03
1.350103609729558143e-03 2.695919200778007681e-03
1.104770612437278119e-03 2.542793354950845415e-03
1.039235980715602593e-03 2.643284853547811508e-03
1.015380222816020164e-03 2.639177232049405662e-03
9.877046570181847052e-04 2.566929906606674194e-03
9.947771090082825098e-04 2.591905742883682338e-03
1.069015602115541653e-03 2.627887832932174379e-03
1.080836774781346234e-03 2.604794735088944262e-03
1.082093943841755303e-03 2.516867406666278666e-03
1.024747651536017743e-03 2.619421225972473621e-03
9.833374526351690726e-04 2.557426295243203813e-03
1.005270436871796933e-03 2.571810758672654542e-03
1.000122970435768409e-03 2.402017149142920884e-03
9.760111686773597760e-04 2.437104075215757067e-03
9.600592544302344539e-04 2.711086859926581469e-03
9.552353993058204217e-04 2.553110779263079340e-03
9.641105192713439248e-04 2.433957997709512711e-03
9.059132309630513625e-04 2.452070219442248431e-03
9.695525979623198943e-04 2.627612138167023485e-03
1.011355803348123941e-03 2.425822289660573092e-03
9.769362048245966001e-04 2.755473600700497627e-03
1.118715445045381784e-03 2.529986808076500806e-03
1.003489654976874590e-03 2.494493545964360064e-03
9.879062999971210957e-04 2.560185780748724764e-03
9.446094860322773673e-04 2.738025272265076637e-03
9.737972170114517646e-04 2.523181657306849783e-03
9.210743242874741771e-04 2.442690264433622534e-03
9.016260970383882739e-04 2.459644176997244532e-03
8.874256280250846906e-04 2.428166521713137800e-03
9.117594279814511104e-04 2.521069743670523080e-03
9.072873508557677269e-04 2.500324393622577190e-03
9.654521709308028221e-04 2.431205939501523972e-03
9.487613919191062234e-04 2.516208542510867206e-03
9.124361909925937869e-04 2.474530856125056657e-03
8.965268614701926275e-04 2.347639598883688623e-03
9.188861469738185839e-04 2.437602076679467981e-03
8.958427759353071018e-04 2.435463946312665939e-03
8.786209858953952572e-04 2.338042622432112607e-03
9.150769677944481156e-04 2.416306617669761268e-03
8.692899544257670207e-04 2.363238297402858561e-03
8.646292611956596158e-04 2.387502766214311296e-03
8.427328430116176605e-04 2.356019476428627881e-03
8.419501944445073171e-04 2.338398201391101057e-03
8.439201919827610254e-04 2.381545305252075022e-03
8.619078347692265890e-04 2.345897839404642582e-03
8.537552552297711156e-04 2.354908199049532240e-03
8.595542865805327459e-04 2.368879248388111678e-03
8.226881851442158439e-04 2.364227129146456545e-03
8.294910425320267460e-04 2.284546243026852694e-03
8.302691741846502261e-04 2.408398874104023066e-03
8.390312839765101238e-04 2.300356281921267509e-03
8.302571659442037344e-04 2.367866411805153067e-03
8.337321458384394212e-04 2.339131454937159928e-03
8.416384749580174901e-04 2.396877971477806568e-03
8.440921665169298649e-04 2.283739275299012661e-03
8.283979375846683545e-04 2.351845102384686644e-03
8.039701089728624062e-04 2.309771860018372449e-03
8.035427425056695504e-04 2.301525115035474214e-03
8.103304542601108117e-04 2.297273790463805372e-03
7.898200885392725901e-04 2.293468150310218161e-03
7.985440664924680970e-04 2.266553137451410207e-03
8.455359609797596498e-04 2.392511419020593340e-03
8.679270918946713426e-04 2.334408578462898731e-03
9.220169857144355340e-04 2.427001274190843019e-03
7.958569098263978741e-04 2.296740934252738779e-03
7.817439851351082542e-04 2.261596871539950284e-03
7.926392252556979223e-04 2.256186772137880412e-03
7.757519779261201620e-04 2.401978871785104101e-03
8.312982390634715557e-04 2.244521584361791784e-03
8.158125099726020856e-04 2.316155866719782179e-03
8.022465743124484582e-04 2.230608416721224611e-03
7.908951723948120854e-04 2.328953240066766739e-03
8.244483964517712376e-04 2.270347601734101599e-03
8.094557095319032235e-04 2.330641937442123977e-03
8.226467994973063686e-04 2.374531724490225228e-03
7.995933061465621211e-04 2.251152088865637692e-03
7.849434274248779037e-04 2.262591803446412260e-03
7.539882091805339293e-04 2.260835911147296602e-03
7.668924226891249418e-04 2.238251897506415670e-03
7.642374228453263207e-04 2.460271678864955989e-03
8.745410945266484997e-04 2.317762980237603014e-03
8.157133299391717152e-04 2.272407361306250269e-03
8.381374063901603222e-04 2.357275993563234980e-03
7.985157775692641518e-04 2.245711442083120173e-03
8.047527982853353457e-04 2.240393101237714204e-03
7.645525038242340088e-04 2.359146182425319975e-03
8.194836264010518789e-04 2.159429236780851906e-03
7.851122645661234856e-04 2.279441570863127708e-03
7.534911157563329177e-04 2.190614165738224810e-03
7.335181289818137884e-04 2.235720108728855848e-03
7.598620955832302787e-04 2.260775794275104913e-03
7.988634926732629971e-04 2.365390583872794932e-03
8.549182210117578073e-04 2.411088254302739924e-03
7.848419074434787469e-04 2.219151076860726053e-03
8.216026006266474290e-04 2.577943331561982805e-03
8.498778915964066982e-04 2.389949141070246783e-03
7.685560616664588235e-04 2.376890997402369889e-03
7.984442752785980268e-04 2.477583987638354128e-03
9.768930613063275814e-04 2.298426371999084863e-03
9.784682421013712016e-04 2.456461929250508634e-03
9.824862238019705252e-04 2.222390822134912101e-03
8.717839198652654453e-04 2.539486042223870754e-03
8.250294253230094693e-04 2.382934861816466028e-03
7.984870986547321298e-04 2.338288351893424988e-03
7.709341240115463951e-04 2.322753937914967363e-03
8.136653341352939606e-04 2.278607082553207961e-03
8.051760029047727802e-04 2.595405397005379373e-03
9.611982095520943403e-04 2.234286116436124021e-03
8.115168428048491044e-04 2.405393007211387331e-03
7.608603220432997184e-04 2.244631713256240065e-03
7.890271546784788804e-04 2.367810835130512628e-03
7.851494592614471912e-04 2.205358911305666057e-03
7.597058545798062845e-04 2.210051775909960183e-03
7.170573109760880904e-04 2.264415286481380376e-03
7.084039738401770375e-04 2.134430734440684145e-03
6.848240911494940953e-04 2.195426798425615007e-03
6.826432538218796687e-04 2.161889849230646914e-03
6.773178931325674491e-04 2.201811363920569593e-03
6.851182726677507596e-04 2.214220282621681517e-03
6.832086713984608433e-04 2.136976993642747576e-03
6.948623456992208524e-04 2.204667776823043823e-03
7.023449521511793353e-04 2.172585716471075925e-03
6.831074017100036578e-04 2.270466461777686899e-03
6.808498583268374205e-04 2.128012478351593018e-03
6.800135714001953168e-04 2.214397862553596583e-03
6.747036066371947093e-04 2.123612875584512862e-03
6.697385921142995574e-04 2.094157331157475710e-03
6.741329096257686181e-04 2.183961449190974236e-03
6.705219275318086147e-04 2.178030123468488542e-03
7.137293985579162402e-04 2.153660776093602094e-03
7.239065133035182519e-04 2.303261123597621744e-03
6.704077648464589877e-04 2.267567382659763098e-03
6.939334096387028260e-04 2.157859969884157181e-03
6.754037225618958256e-04 2.126044873148202723e-03
6.621257634833455086e-04 2.115399693138897419e-03
6.917771999724209742e-04 2.296368544921279127e-03
6.953272037208080509e-04 2.054924843832850456e-03
6.509602360893040462e-04 2.106425631791353052e-03
6.457632232923060222e-04 2.111594355665147131e-03
6.472878449130803347e-04 2.136542345397174358e-03
6.700207770336419778e-04 2.154970471747219389e-03
6.413628405425697131e-04 2.138391230255365458e-03
6.325543159618973949e-04 2.057027118280529802e-03
6.384816602803766944e-04 2.127419458702206612e-03
6.780911120586097024e-04 2.073986327741294926e-03
6.473723653471097784e-04 2.167447283864021128e-03
6.804058561101555607e-04 2.124586445279419596e-03
6.398432422429322763e-04 2.122365590184927160e-03
6.331673183012753291e-04 2.083472814410924825e-03
6.335179961752146916e-04 2.082579536363482475e-03
6.306206749286502166e-04 2.095326781272888184e-03
6.092122930567711592e-04 2.069831802509725181e-03
6.164090824313461997e-04 2.095670555718243122e-03
6.227010861039161248e-04 2.109680580906569871e-03
6.446707120630890131e-04 2.124006394296884537e-03
6.227915931958704970e-04 2.105853497050702659e-03
6.261786853428930261e-04 2.063116407953202724e-03
6.118210556451230808e-04 2.072861976921558467e-03
6.091076764278113408e-04 2.121347142383456143e-03
6.312136538326740265e-04 2.111660083755850792e-03
6.227671285159886317e-04 2.029726828914135608e-03
6.374780554324388287e-04 2.087708574254065926e-03
6.532587693072855039e-04 2.105657663196325476e-03
6.066917383577674194e-04 2.096067741513252345e-03
6.055918056517839432e-04 2.106950024608522480e-03
6.023519090376794338e-04 2.066574746277183121e-03
6.588451273273676417e-04 2.056243992410600012e-03
6.405073916539549394e-04 2.152565098367631262e-03
6.361102219671011188e-04 2.070956001989543611e-03
6.018238258548080704e-04 2.099449327215552157e-03
6.174127222038805918e-04 2.034577704034745520e-03
6.278986285906285481e-04 2.131408941932022398e-03
7.026626844890415668e-04 2.085773553699254816e-03
6.791933032218366645e-04 2.178624225780368025e-03
7.895895279943943457e-04 2.350032376125454729e-03
7.051612716168165424e-04 2.116341702640056697e-03
6.757168972399085977e-04 2.054125606082379991e-03
6.790287676267326095e-04 2.205371693708002741e-03
6.604191265068947835e-04 2.096886816434562380e-03
6.329384457785635753e-04 2.173945680260658177e-03
6.498031521914527037e-04 2.051475271582603281e-03
6.115463271271437623e-04 2.077958057634532538e-03
6.174203706905245347e-04 2.077393326908350078e-03
5.797060730401426554e-04 2.018802857492119074e-03
5.915671441471204378e-04 1.981813658494502219e-03
5.772695294581353664e-04 2.066887798719108105e-03
5.820530583150685050e-04 2.050575125031173142e-03
5.791762785520404144e-04 2.024864614941179926e-03
6.001192785333841605e-04 2.006985456682741729e-03
5.858872376848011992e-04 2.063341625034809286e-03
5.636432964820414565e-04 1.994355418719351465e-03
5.561090714763849757e-04 1.963449304457754070e-03
5.827343091368674798e-04 2.038203086704015645e-03
5.956378940027206919e-04 2.102249790914356622e-03
5.884267389774322727e-04 2.018143748864531604e-03
5.659593560267239375e-04 1.976048015058040532e-03
5.611605767626315789e-04 2.024689398240298033e-03
5.787195521406828923e-04 2.014518401119858113e-03
5.730224482249468131e-04 1.984584133606403893e-03
5.686782358679920001e-04 1.984468358568847006e-03
5.917403905186802149e-04 2.097028377465903932e-03
6.075916229747235558e-04 2.062919083982706070e-03
5.978542438242584033e-04 2.068428113125264558e-03
5.555334500968456268e-04 1.963082863949239081e-03
5.710688506951555827e-04 2.112754690460860903e-03
5.553484079428017139e-04 2.025750186294317419e-03
5.480761697981506803e-04 1.962300401646644051e-03
5.606881633866578774e-04 1.988413813523948366e-03
5.572370719164609909e-04 1.966305635869503108e-03
5.380686256103217385e-04 1.990256272256374272e-03
5.372041370719671683e-04 1.987601816654205496e-03
5.365769262425601699e-04 1.989342248998582450e-03
5.385050782933831649e-04 1.934765698388218966e-03
5.357108428142964406e-04 1.984430360607802868e-03
5.645024240948260264e-04 1.980336930137127551e-03
5.796719109639525197e-04 2.059004630427807743e-03
5.895243259146810012e-04 2.033183607272803697e-03
5.842690123245119615e-04 1.974020968191325665e-03
5.786098423413932540e-04 2.146477205678820697e-03
5.826913926284760454e-04 2.021173993125557726e-03
5.706392636056989648e-04 2.180173795204609719e-03
6.440579483751208024e-04 2.018460573162883607e-03
5.766985996160656214e-04 1.980977284256368962e-03
5.722725618397817016e-04 2.003187045920640143e-03
5.397078057285398245e-04 1.973323663696646604e-03
5.255201249383389950e-04 2.002360438928007993e-03
5.212660005781799121e-04 2.006783301476389256e-03
5.164348403923213482e-04 1.944640919100493279e-03
5.169483425561338880e-04 1.945191773120313839e-03
5.165009701158851168e-04 2.006543637253344232e-03
5.212656717048958378e-04 1.940274902153760195e-03
5.194224184378981157e-04 1.932269718963652849e-03
5.117895227158442573e-04 1.958391291555017406e-03
5.148415977600962357e-04 2.014819520991295403e-03
5.190421827137470679e-04 1.885978190694004384e-03
5.242347309831529639e-04 1.939854503143578855e-03
5.198321363423019431e-04 1.943868899252265605e-03
5.149206088390200897e-04 1.970054581761360168e-03
5.193877092096954801e-04 1.933090935926884326e-03
5.045188008807599545e-04 1.950386306270957080e-03
5.253607290796935341e-04 1.950057689100503922e-03
5.282911442918702960e-04 1.921515166759490923e-03
5.276974057778716304e-04 1.936005393508821639e-03
5.046498496085405567e-04 1.948029245249927131e-03
5.105346965137869553e-04 1.937217812519520608e-03
5.215953104197978540e-04 1.943561225198209372e-03
5.112188111525029378e-04 1.961759338155388659e-03
5.230812792433425350e-04 1.947121974080801053e-03
5.734753794968128204e-04 1.967951050028205005e-03
5.578921118285506964e-04 2.070523577276617462e-03
5.301120865624398427e-04 1.904602372087538329e-03
5.113478924613446214e-04 1.997692603617906657e-03
4.925235465634614012e-04 1.937494089361280203e-03
5.005254584830254533e-04 1.919209049083292398e-03
5.109625722980126955e-04 2.011917391791939822e-03
5.605055659543723302e-04 2.106952341273427096e-03
5.838953191414475007e-04 1.910793129354715347e-03
5.548039160203188224e-04 1.946897828020155430e-03
5.268568813335150914e-04 2.147768554277717894e-03
5.837456788867712238e-04 1.930601394269615325e-03
5.635377776343375878e-04 1.984133361838758079e-03
5.476681719301268892e-04 2.011506608687341126e-03
5.591092340182512999e-04 2.122201444581151182e-03
6.403147242963313623e-04 1.936671033035963774e-03
6.445413862820714278e-04 2.208326791878789577e-03
6.550362333655357795e-04 2.172105747740715829e-03
6.097796373069286563e-04 1.996845309622585947e-03
6.000691326335072084e-04 2.217375463806092652e-03
5.732882244046777053e-04 1.953717670403420925e-03
6.026176968589424653e-04 1.953162136487662792e-03
5.270433728583156629e-04 2.025279472582042131e-03
5.092155304737388654e-04 1.984001765958964651e-03
4.650599963497370698e-04 1.949774730019271417e-03
4.709617816843092333e-04 1.952327438630163670e-03
4.652585310395807136e-04 1.899170211981982036e-03
4.716157913208007596e-04 1.992686744779348460e-03
4.654744989238679409e-04 1.861450739670544819e-03
4.697059630416333675e-04 1.892568788025528149e-03
5.107891454827040000e-04 1.953040622174739751e-03
4.990195157006382942e-04 1.878286607097834305e-03
4.767937498399987817e-04 1.911651925183832645e-03
4.668230947572738041e-04 1.900007727090269284e-03
4.670457739848643433e-04 1.895713852718472481e-03
4.605639784131199338e-04 1.892829674761742310e-03
4.763729986734688174e-04 1.962264894973486835e-03
4.905475740088150122e-04 1.944164920132607222e-03
4.902855143882334232e-04 1.913714350666850762e-03
4.671591625083237778e-04 1.895118178799748334e-03
4.575541417580097805e-04 1.899109280202537775e-03
4.639939346816390536e-04 1.942666247487068176e-03
5.011027737054973624e-04 1.883239950984716415e-03
4.692810354754328619e-04 1.927374745719134808e-03
4.841377027332782962e-04 1.911214494612067938e-03
4.566359857562929392e-04 1.901466585695743517e-03
4.567520634736865867e-04 1.860729360487312078e-03
4.449840576853603341e-04 1.852761663030833006e-03
4.488109960220754255e-04 1.910434511955827475e-03
4.567438969388604381e-04 1.876575453206896825e-03
4.557436390314250968e-04 1.840545167215168433e-03
4.592014185618609082e-04 1.871632062830030918e-03
4.506451776251196970e-04 1.920011360198259354e-03
4.447361803613603332e-04 1.864242611918598370e-03
4.404669045470654856e-04 1.801682263612747279e-03
4.395152966026216637e-04 1.864158210810273842e-03
4.369788861367851279e-04 1.868246926460415168e-03
4.248346667736768723e-04 1.899304986000060992e-03
4.429862427059561123e-04 1.876735698897391601e-03
4.756566369906067740e-04 1.857344177551567554e-03
4.642921499907970645e-04 1.825983542948961171e-03
4.524147836491465460e-04 1.927166851237416181e-03
4.654985561501234661e-04 1.881611684802919713e-03
5.040110670961439176e-04 1.889352966099977537e-03
5.168875679373741584e-04 1.958282361738383597e-03
4.968819441273808913e-04 1.910515013150870800e-03
4.681395716033875725e-04 1.902844372671097430e-03
5.323488207068294070e-04 1.966152037493884390e-03
5.153701145900413611e-04 1.876566745340824084e-03
5.693884333595633940e-04 1.951979659497737841e-03
5.271071160677820878e-04 2.131095412187278184e-03
5.531642527785152197e-04 1.881816738750785502e-03
4.949802299961447499e-04 1.912113162688910961e-03
5.451782839372753880e-04 2.005112986080348318e-03
4.899734514765441851e-04 1.876948843710124579e-03
4.703175218310207129e-04 1.973948057275265369e-03
5.442817404400557063e-04 2.100563491694629192e-03
5.991399812046438456e-04 2.012011245824396610e-03
5.772952572442591190e-04 1.818767772056162271e-03
5.776179779786616997e-04 1.969886152073740872e-03
5.759035237133502527e-04 1.911397592630237428e-03
4.987530352082103708e-04 2.065381454303860838e-03
5.187560978811234453e-04 1.916505792178213640e-03
5.066057783551514149e-04 1.839543564710766120e-03
5.041568307206034877e-04 1.852434861939400521e-03
4.468874307349324010e-04 1.968346862122416583e-03
4.276858177036047199e-04 1.840412011370062915e-03
4.227514378726482608e-04 1.822662423364818096e-03
4.196657391730695963e-04 1.848592644091695590e-03
4.511314153205603470e-04 1.814887195359915582e-03
4.571767232846468579e-04 1.902500016149133357e-03
4.330888768890872598e-04 1.777848170604556799e-03
4.584228707244619836e-04 1.812723744660615964e-03
4.609231604263186238e-04 1.976673281751572999e-03
5.437363346572965167e-04 1.848182792309671727e-03
5.734126782044768767e-04 1.891521248035132972e-03
5.121763970237225294e-04 1.979993190616369247e-03
5.720288201700896458e-04 1.910516095813363877e-03
5.500498227775096893e-04 2.068554586730897600e-03
4.908878792775795297e-04 1.855726260691881093e-03
5.612697219476103999e-04 1.872103568166494283e-03
5.486147187184542201e-04 2.183965360745787794e-03
6.379247759468853040e-04 1.944557903334498319e-03
7.530298200435936885e-04 1.902369712479412599e-03
6.965178996324539401e-04 2.397092944011092359e-03
6.662796949967741966e-04 1.995110418647527695e-03
6.457774841692298217e-04 2.249051583930850029e-03
6.144876184407621839e-04 2.099253912456333724e-03
5.476913764141499563e-04 1.946882205083966342e-03
4.736052476800978292e-04 2.086395816877484495e-03
5.230801471043378115e-04 1.894277811516076326e-03
4.317909711971879222e-04 1.869655796326696873e-03
4.456190188648179282e-04 1.896246045362204313e-03
4.305278183892369053e-04 1.860596844926476392e-03
4.697438387665897716e-04 1.897235424257814797e-03
4.683839331846684326e-04 1.990593271329998970e-03
5.128989927470683835e-04 1.856392319314181761e-03
4.605536174494773366e-04 1.821687805932015137e-03
4.182951408438384425e-04 1.902305311523377809e-03
4.264606192009523728e-04 1.775215426459908529e-03
4.274384176824241660e-04 1.913411915302276525e-03
4.462624841835349581e-04 1.987313665449619120e-03
4.954330972395837741e-04 1.953708508517593232e-03
4.741046985145658363e-04 1.865385472774505528e-03
4.465763864573091485e-04 1.770050916820764498e-03
4.198014037683606256e-04 1.887103053741157142e-03
4.360937222372740290e-04 1.876720902509987441e-03
4.354122502263635397e-04 1.762156188488006635e-03
4.038879706058651209e-04 1.849878171924501657e-03
4.122304555494338166e-04 1.777798868715763092e-03
3.855563059914857366e-04 1.809382135979831132e-03
3.781683859415352561e-04 1.862102642189711376e-03
3.967432072386145809e-04 1.789838471449911638e-03
3.969144483562558781e-04 1.853431586641818242e-03
3.958744870033115365e-04 1.770684251096099658e-03
4.071661620400846221e-04 1.774021133314818144e-03
4.013749014120548855e-04 1.852475688792765141e-03
3.986078285379335067e-04 1.758029207121580883e-03
3.839113021967932690e-04 1.843534328509122220e-03
4.212328465655446161e-04 1.829750603064894676e-03
4.464834521058946739e-04 1.763047988060861869e-03
4.172639222815632603e-04 1.736055780202150301e-03
4.058424558024853360e-04 1.860985369421541647e-03
3.867498831823468425e-04 1.744090835563838395e-03
3.942814597394317605e-04 1.849185489118099256e-03
4.319452273193746805e-04 1.740230922587215987e-03
3.942456911318004348e-04 1.761845918372273358e-03
3.769262984860688448e-04 1.783162239007651806e-03
3.809236397501081120e-04 1.798384462017566009e-03
3.843934275209903609e-04 1.754810288548469500e-03
3.672143240692093860e-04 1.813398150261491537e-03
4.134172864723950841e-04 1.863158459309488622e-03
4.232625185977667679e-04 1.794109377078711900e-03
3.899033472407609224e-04 1.774529181420803027e-03
3.517892910167574883e-04 1.795051794033497572e-03
3.720700013218447674e-04 1.787320314906537489e-03
3.765878849662840150e-04 1.721001346595585346e-03
3.478778555290773403e-04 1.752839202526956753e-03
3.602021606639027596e-04 1.751346327364444776e-03
3.316927613923326135e-04 1.725648960564285430e-03
3.431479679420590509e-04 1.752576895523816390e-03
3.508673282340168845e-04 1.754974003415554805e-03
3.448590956395492175e-04 1.741906907409429594e-03
3.616200963733717908e-04 1.721777615603059487e-03
3.520614001899957548e-04 1.749053085222840266e-03
3.386775322724133838e-04 1.679774734657257752e-03
3.387303018826060214e-04 1.781147310975939079e-03
3.362516174092888724e-04 1.689403073396533771e-03
3.613071225117891810e-04 1.736353884916752664e-03
3.540886973496526480e-04 1.813509420026093808e-03
3.552324284100905278e-04 1.738333434332162142e-03
3.524880914483219277e-04 1.732018438633531289e-03
3.408204065635800362e-04 1.733367086853832050e-03
3.551551635609939694e-04 1.680954406037926717e-03
3.516032593324780464e-04 1.783568016253411726e-03
3.638634079834446311e-04 1.714024075772613200e-03
3.381638234714046121e-04 1.703676907345652494e-03
3.581887198379263065e-04 1.749337033834308299e-03
3.380977534106932472e-04 1.773724891245365230e-03
3.327685510157607387e-04 1.631768501829355868e-03
3.262923128204420209e-04 1.773724821396171960e-03
3.252127993619069240e-04 1.669506519101560203e-03
3.301900578662753105e-04 1.693305710796266881e-03
3.119232715107500553e-04 1.719050458632409573e-03
3.413693659240379821e-04 1.707011216785758647e-03
3.593808040022850145e-04 1.715197879821062045e-03
3.362125949934125163e-04 1.687707693781703624e-03
3.312973189167678139e-04 1.718966406770050526e-03
3.254854731494560621e-04 1.669076189864426938e-03
3.094727871939539909e-04 1.684704900253564163e-03
3.198498743586242199e-04 1.726173830684274522e-03
3.241627651732415178e-04 1.662315416615456256e-03
3.176208265358582139e-04 1.740140968468040185e-03
3.484477638266980648e-04 1.672470045741647569e-03
3.489410577458329282e-04 1.686222886200994340e-03
3.318869683425873626e-04 1.742142718285322189e-03
3.210310445865615986e-04 1.678901968989521222e-03
3.290034655947238207e-04 1.655933796428143978e-03
3.105050505837425806e-04 1.680846931412815961e-03
3.125731833279133060e-04 1.782506017480045514e-03
3.367722820257768035e-04 1.716380438301712188e-03
3.803092869929969202e-04 1.724869769532233477e-03
3.582058823667466749e-04 1.829632651060819713e-03
3.498496109386905919e-04 1.744551910087466327e-03
3.566450934158638011e-04 1.697491586674004706e-03
3.474360331892967007e-04 1.783501857426017610e-03
3.638528345618396781e-04 1.641903561539947900e-03
3.461325264652259865e-04 1.659514079801738306e-03
3.530046291416510723e-04 1.696686900686472654e-03
2.922736108303070285e-04 1.675049599725753069e-03
2.898792357882484577e-04 1.664635387714952187e-03
3.068915859330445420e-04 1.634304074104875283e-03
3.394076571566984274e-04 1.696325745433568868e-03
3.183608001563698270e-04 1.693416910711675882e-03
3.020228032255545259e-04 1.637186261359602256e-03
2.966758504044264447e-04 1.687006535939872352e-03
3.145199560094624866e-04 1.639663544483482794e-03
3.145459893858060349e-04 1.705694489646702961e-03
2.978933887789026011e-04 1.660762378014624032e-03
2.899095648899674632e-04 1.669810048770159440e-03
2.922167419455945709e-04 1.659275218844413714e-03
3.121408633887767900e-04 1.727138576097786470e-03
2.870311844162643064e-04 1.636538468301296277e-03
2.833671664120629213e-04 1.677716593258082953e-03
2.887326641939580657e-04 1.620214618742465930e-03
3.016604779986664544e-04 1.643922575749456926e-03
2.971750276628881476e-04 1.630792336072772741e-03
2.982705394970252893e-04 1.671911787707358642e-03
2.969226246932521246e-04 1.607795467134565158e-03
2.811623562593013048e-04 1.700488023925572677e-03
2.764343749731779315e-04 1.649344607722014276e-03
2.938429854111745845e-04 1.690121227875351993e-03
3.368281875737011541e-04 1.678019575774669691e-03
3.287711035227402936e-04 1.648340618703514294e-03
2.851494908099994172e-04 1.661538111511617812e-03
2.918953643529675793e-04 1.668870297726243648e-03
3.004043333930894949e-04 1.622099732048809485e-03
3.068473510211333416e-04 1.916192471981048584e-03
4.737766430480405688e-04 1.760878320783376650e-03
3.609380073612555861e-04 1.613480050582438664e-03
3.342774667544290640e-04 1.747205771971494046e-03
3.412346821278333772e-04 1.673265302088111639e-03
3.629699174780398716e-04 1.765765633899718610e-03
4.240238835336640260e-04 1.751361077185720162e-03
3.349135222379118204e-04 1.674286683555692391e-03
3.031373373232781779e-04 1.761373726185411171e-03
4.231368307955563285e-04 1.776996103581041184e-03
4.377966281026601683e-04 1.722050807438790885e-03
3.562318568583577980e-04 1.622250594664365053e-03
3.182986925821751573e-04 1.770875742658972827e-03
3.171260963426902673e-04 1.620886678574606863e-03
2.906991780037060163e-04 1.630195823963731527e-03
2.781452232738956701e-04 1.704635622445493937e-03
2.914149605203420141e-04 1.647821161895990372e-03
2.938934601843357195e-04 1.664574746973812493e-03
2.693873684620484710e-04 1.743798621464520649e-03
3.094805724686011672e-04 1.680433365982025775e-03
3.045221528736874461e-04 1.640912471339106646e-03
3.197812067810445916e-04 1.669634191785007715e-03
2.962497994303703200e-04 1.691146579105407000e-03
3.080907510593533408e-04 1.680698757991194768e-03
4.017169296275824200e-04 1.722359179984778079e-03
4.089382098754868020e-04 1.937759609427303163e-03
4.239041852997616042e-04 1.807208207901567307e-03
5.476396123412996747e-04 1.701932633295655251e-03
4.564139351714402546e-04 1.802466972731053873e-03
3.644084528787061464e-04 1.786129642277956096e-03
2.935611846623942256e-04 1.667034765705466227e-03
3.426060313358902823e-04 1.698953739833086729e-03
3.392714483197778247e-04 1.733648707158863544e-03
4.014118399936706045e-04 1.716458203736692580e-03
3.745024325326084982e-04 1.763402356300503059e-03
3.229400317650288343e-04 1.706465240567922679e-03
3.877829323755577098e-04 1.858349342364817944e-03
3.735127305844798467e-04 1.664868078660219951e-03
3.997505758889019272e-04 1.730547600891441020e-03
4.733842622954398502e-04 1.943972706794738813e-03
4.453006316907703660e-04 1.753034978173673240e-03
3.273464564699679505e-04 1.679702207911759572e-03
3.179283114150166403e-04 1.761500490829348564e-03
3.766987822018563639e-04 1.812681101728230671e-03
3.087737044552340887e-04 1.722331077326089230e-03
2.800933987600728978e-04 1.680496253538876815e-03
2.611475472804159034e-04 1.648860599379986438e-03
2.563368761911988258e-04 1.652057678438723131e-03
2.474915730999782465e-04 1.682124729268252893e-03
2.802797069307416786e-04 1.591662457212805791e-03
2.760018716799095165e-04 1.607482659164816184e-03
2.802325994707644203e-04 1.730619731824845162e-03
3.390907775610685457e-04 1.645766862202435645e-03
4.026898008305579207e-04 1.626835728529840708e-03
3.697006264701485851e-04 2.122272551059722727e-03
5.128229677211493254e-04 1.688988448586315003e-03
4.721890756627544652e-04 1.726894616149365989e-03
3.276423376519232988e-04 1.700261374935507774e-03
3.293002664577215910e-04 1.691793452482670502e-03
3.043098433408886086e-04 1.743219234049320134e-03
3.301860415376722813e-04 1.721019449178129435e-03
3.014341054949909449e-04 1.678028597962111278e-03
3.443570458330214024e-04 1.685463183093816042e-03
3.929641592549159906e-04 1.633594254963100043e-03
3.956359694711864103e-04 1.867285592015832619e-03
3.835862269625067819e-04 1.729389547836035447e-03
3.705273848026990891e-04 1.813730236608535008e-03
4.070933544426225234e-04 1.739204500336200042e-03
4.079683567397296429e-04 2.048366994131356478e-03
5.574492912273854234e-04 1.895530452020466284e-03
4.975329677108675675e-04 2.149956719949841673e-03
3.885674756020307758e-04 1.738975383341312495e-03
3.419206099351867817e-04 1.698347169440239625e-03
3.198550897650420449e-04 1.697739597875624852e-03
3.842327452730387341e-04 1.711012609302997632e-03
3.458707535173743855e-04 1.854659034870565024e-03
3.718710810062475719e-04 1.690439798403531400e-03
3.105220792349428047e-04 1.692910597193986264e-03
2.755752735538408377e-04 1.665306312497705308e-03
2.626209257869050124e-04 1.689606963191181508e-03
2.619025020976550660e-04 1.609859685413539453e-03
2.724461315665394285e-04 1.736223732586950150e-03
2.856218692613765381e-04 1.672404119744896889e-03
3.160086489515379071e-04 1.681657216977328062e-03
2.885270718252286098e-04 1.582637534011155410e-03
2.924628206528723240e-04 1.654748467262834267e-03
2.934814663603901972e-04 1.668615348171442660e-03
2.648721332661807320e-04 1.591210020706057549e-03
2.268579090014100183e-04 1.571284444071352438e-03
2.320831292308866869e-04 1.647116593085229484e-03
2.333256037672981674e-04 1.579376158770173831e-03
2.293793018907308524e-04 1.590523275081068321e-03
2.337709389394149130e-04 1.620757370255887595e-03
2.352325536776334047e-04 1.608698768541216764e-03
2.285347727593034506e-04 1.590643578674644319e-03
2.463404962327331305e-04 1.625330909155309114e-03
2.263052389025688117e-04 1.619129360187798825e-03
2.406885701930150335e-04 1.611321780364960345e-03
2.504254487575963248e-04 1.641651394311338620e-03
2.439365285681560581e-04 1.532167021650820971e-03
2.394417766481637901e-04 1.663224608637392478e-03
2.458766131894662868e-04 1.588319696020335046e-03
2.321456879144534360e-04 1.588996604550629898e-03
2.338814811082556844e-04 1.628633972723037091e-03
2.276265789987519438e-04 1.554625120479613499e-03
2.175462286686524749e-04 1.575006463099271059e-03
2.208755278843454908e-04 1.592600170988589612e-03
2.270267868880182505e-04 1.552643720060586929e-03
2.370218091527931284e-04 1.591567962896078738e-03
2.223410207079723423e-04 1.577678241301327987e-03
2.125936967786401456e-04 1.572412683162838177e-03
2.178969210945069844e-04 1.591818872839212418e-03
2.289285679580643827e-04 1.587829878553748218e-03
2.357422956265509020e-04 1.635529473423957738e-03
2.424443722702562863e-04 1.725335582159459678e-03
2.929632901214063168e-04 1.614125294145196590e-03
2.649062953423708677e-04 1.681677519809454723e-03
2.675452444236725460e-04 1.656701788306236267e-03
3.083866729866713394e-04 1.620943180751055522e-03
3.118235792499035488e-04 1.878072554245591207e-03
3.996329789515584599e-04 1.721157471183687405e-03
3.196947393007576357e-04 1.685039163567125711e-03
3.320520132547244646e-04 1.902034308295697061e-03
3.016205009771510959e-04 1.645796035882085648e-03
2.593384095234796513e-04 1.695475075393915176e-03
2.715347131015732668e-04 1.719890651293098840e-03
2.898037055274471641e-04 1.662414695601910353e-03
2.659437392139807560e-04 1.768703130073845300e-03
2.844230388291179917e-04 1.597361045423895164e-03
2.321853738976642544e-04 1.615445455536246386e-03
2.196714980527758653e-04 1.608141651377081828e-03
2.122299105394631678e-04 1.604983210563659755e-03
2.127985062543302774e-04 1.579428487457335039e-03
2.200535411247983466e-04 1.623006141744553999e-03
2.200452698161825646e-04 1.550361339468508959e-03
1.969580043805763125e-04 1.645455183461308523e-03
2.183504286222159754e-04 1.655196293722838207e-03
2.667053326149470887e-04 1.582533540204167323e-03
2.740128868026658784e-04 1.562941435258835467e-03
2.894050820032134761e-04 1.649574690964072856e-03
2.664710074895992767e-04 1.619000406935810999e-03
2.665573061676696160e-04 1.691976434085518165e-03
2.233141771284863407e-04 1.588832796551287261e-03
2.168409759178757722e-04 1.579435553867369847e-03
2.094829353154636811e-04 1.592580799479037567e-03
2.184326149290427566e-04 1.557423023041337772e-03
2.095797855872660767e-04 1.572915818542242050e-03
2.073355048196390325e-04 1.614947651978582057e-03
2.489125938154756914e-04 1.567680248990655032e-03
2.338694292120635618e-04 1.586165791377425237e-03
2.150614440324716324e-04 1.579637697432190180e-03
2.062938583549112082e-04 1.565379404928535136e-03
2.044046297669410597e-04 1.582165772560983896e-03
2.147361839888617288e-04 1.569435605779290113e-03
2.212513820268213641e-04 1.565546030178666115e-03
2.206890174420550574e-04 1.597490976564586163e-03
2.480683237081393383e-04 1.718575775157660246e-03
3.254249575547874082e-04 1.755700411740690383e-03
3.927519894205033671e-04 1.945020561106503053e-03
3.548830194631591222e-04 1.597209519241005269e-03
2.557625877670943629e-04 1.623990980442613450e-03
2.296709601068869125e-04 1.576958969235420270e-03
2.230576646979898214e-04 1.629097457043826537e-03
1.994178048335015665e-04 1.552837342023849401e-03
2.095552656101062785e-04 1.594140194356441498e-03
2.360913524171337377e-04 1.573317451402544975e-03
2.480281109455972910e-04 1.508583745453506621e-03
2.492813771823421229e-04 1.601739798206835942e-03
2.134952970664016848e-04 1.625538314692676154e-03
2.221519243903458118e-04 1.581747818272560922e-03
2.520940703107044318e-04 1.863714703358709856e-03
3.229409281630069234e-04 1.759809220675378994e-03
2.932806703029200326e-04 1.655643200501799670e-03
3.209396352758631219e-04 1.669821143150329633e-03
2.369218331295996959e-04 1.572282612323761073e-03
2.279557578731328303e-04 1.649196387734264092e-03
2.676400239579379342e-04 1.708504289854317860e-03
2.206359917181544060e-04 1.606303977314382748e-03
2.615272678667679429e-04 1.539005280937999400e-03
2.483629417838528535e-04 1.581546373199671550e-03
2.186929719755425995e-04 1.645592891145497647e-03
2.155018679331988042e-04 1.557269133627414703e-03
2.108023501932620894e-04 1.599576219450682358e-03
2.626975678140297315e-04 1.619759411551058336e-03
2.385956642683595311e-04 1.536561828106641726e-03
2.419087802991271127e-04 1.574559358414262577e-03
2.254934894153848236e-04 1.623487961478531404e-03
2.440287789795547724e-04 1.610028604045510335e-03
2.798164729028940418e-04 1.776635309215635018e-03
2.748447877820581198e-04 1.642215682659298268e-03
2.399382530711591135e-04 1.594523398671299132e-03
2.257541375001892339e-04 1.649307587649673310e-03
2.159186726203188192e-04 1.560887822415679780e-03
2.077741373796015978e-04 1.583836798090487719e-03
1.896888541523367275e-04 1.543940301053225907e-03
2.009317395277321339e-04 1.542924286331981334e-03
1.815274852560833205e-04 1.602570898830890569e-03
2.170442530768923461e-04 1.523246092256158677e-03
2.002521126996725852e-04 1.568199985194951383e-03
2.321083826245740002e-04 1.575137278996407899e-03
2.381630882155150284e-04 1.590705732814967546e-03
2.420182980131358017e-04 1.568032277282327327e-03
1.933941384777426720e-04 1.560853654518723575e-03
2.043647953541949500e-04 1.644427352584898515e-03
2.311121497768908739e-04 1.607915107160806613e-03
2.374729490838945020e-04 1.595780905336141543e-03
2.028510236414149295e-04 1.603430265095084862e-03
2.138767100404947942e-04 1.604978798422962471e-03
2.347280853427946459e-04 1.579348265659064141e-03
2.093359304126352018e-04 1.590354635845869866e-03
2.394344046479091048e-04 1.709633076097816316e-03
2.564636932220310081e-04 1.656411192379891959e-03
2.374363451963290626e-04 1.574005931615829468e-03
2.709251944907009818e-04 1.676542451605200768e-03
2.572188299382105253e-04 1.504659221973270265e-03
2.779756003292277564e-04 1.799999503418803215e-03
3.209134767530485879e-04 1.762631000019609928e-03
2.933634212240576852e-04 1.749940402805805163e-03
3.337652888149023056e-04 1.858499250374734402e-03
3.483361040707677711e-04 1.787369942758232398e-03
2.635409124195575931e-04 1.613882603123784065e-03
3.322593809571117271e-04 1.677891530562192202e-03
3.054440399864688733e-04 1.553025317844003482e-03
2.660258585819974650e-04 1.596725860144942912e-03
3.105442825471982577e-04 1.617933262605220123e-03
2.946773776784539114e-04 1.604954001959413333e-03
2.422881923848763217e-04 1.614495820831507444e-03
2.154080808395519798e-04 1.671136135701090054e-03
2.378301956923678463e-04 1.585373328998684796e-03
2.351209288462996374e-04 1.660244353115558668e-03
2.089884277665987665e-04 1.550386764574796005e-03
2.037023368757218122e-04 1.570068451110273686e-03
2.065975306322798024e-04 1.588915556203573855e-03
2.036401798250153607e-04 1.596540724858641668e-03
