9.611165523529052734e-02 6.057540774345397949e-01
5.653185248374938965e-01 1.538914293050765991e-01
1.403717845678329468e-01 7.234495878219604492e-02
6.557097285985946655e-02 3.941989317536354065e-02
3.413962945342063904e-02 4.023889824748039246e-02
3.298470005393028259e-02 5.478614941239356995e-02
4.725183546543121338e-02 4.348529502749443054e-02
3.606725484132766724e-02 3.751121833920478821e-02
3.037968091666698456e-02 3.111832216382026672e-02
2.413897030055522919e-02 3.157044202089309692e-02
2.498514018952846527e-02 3.248465433716773987e-02
2.595688775181770325e-02 3.048297204077243805e-02
2.359284646809101105e-02 2.817720361053943634e-02
2.087857015430927277e-02 2.722437493503093719e-02
1.975246518850326538e-02 2.729681320488452911e-02
1.992182992398738861e-02 2.764732576906681061e-02
2.056159079074859619e-02 2.729155309498310089e-02
2.059528417885303497e-02 2.587922289967536926e-02
1.956941746175289154e-02 2.445258758962154388e-02
1.844488084316253662e-02 2.393871545791625977e-02
1.814028248190879822e-02 2.399154938757419586e-02
1.833831891417503357e-02 2.389588765799999237e-02
1.832324266433715820e-02 2.360853552818298340e-02
1.801970228552818298e-02 2.336277067661285400e-02
1.764238812029361725e-02 2.315773442387580872e-02
1.721431501209735870e-02 2.299479022622108459e-02
1.680413261055946350e-02 2.292414940893650055e-02
1.654793322086334229e-02 2.274152077734470367e-02
1.629711315035820007e-02 2.219321578741073608e-02
1.577474735677242279e-02 2.159761264920234680e-02
1.519812643527984619e-02 2.130369283258914948e-02
1.482072938233613968e-02 2.070785872638225555e-02
1.404229924082756042e-02 2.058418467640876770e-02
1.359575614333152771e-02 3.161850571632385254e-02
2.386724948883056641e-02 2.972121536731719971e-02
2.488861605525016785e-02 2.740479074418544769e-02
2.328894287347793579e-02 2.378625236451625824e-02
1.995650492608547211e-02 2.233552560210227966e-02
1.844590157270431519e-02 2.274529077112674713e-02
1.847149245440959930e-02 2.360895462334156036e-02
1.875286921858787537e-02 2.426126971840858459e-02
1.876370050013065338e-02 2.466448023915290833e-02
1.860201358795166016e-02 2.451097033917903900e-02
1.810094341635704041e-02 2.367646433413028717e-02
1.722231134772300720e-02 2.250597253441810608e-02
1.626219414174556732e-02 2.143185958266258240e-02
1.549411006271839142e-02 2.077262848615646362e-02
1.504483353346586227e-02 2.049974352121353149e-02
1.464446075260639191e-02 2.045487798750400543e-02
1.397194247692823410e-02 2.056448534131050110e-02
1.314190682023763657e-02 2.037108130753040314e-02
1.220595091581344604e-02 1.921249181032180786e-02
1.116104703396558762e-02 1.730147935450077057e-02
1.062751840800046921e-02 1.585705764591693878e-02
9.991003200411796570e-03 1.622105948626995087e-02
9.581119753420352936e-03 1.544134039431810379e-02
9.330933913588523865e-03 1.394168380647897720e-02
8.826155215501785278e-03 1.300940569490194321e-02
8.734108880162239075e-03 1.192337274551391602e-02
7.759314030408859253e-03 1.090166997164487839e-02
6.969736423343420029e-03 1.002092566341161728e-02
6.606619339436292648e-03 9.188380092382431030e-03
6.094784941524267197e-03 8.652207441627979279e-03
5.883751902729272842e-03 8.131340146064758301e-03
5.933046806603670120e-03 8.681025356054306030e-03
5.995872430503368378e-03 7.266127038747072220e-03
5.517399404197931290e-03 7.364343386143445969e-03
5.176369100809097290e-03 6.048606708645820618e-03
4.585853312164545059e-03 5.758033134043216705e-03
4.165855236351490021e-03 5.724119022488594055e-03
4.011684097349643707e-03 5.556926596909761429e-03
3.983454313129186630e-03 5.959085654467344284e-03
3.917665686458349228e-03 5.365910939872264862e-03
3.605030709877610207e-03 5.968939978629350662e-03
3.649392398074269295e-03 5.323744844645261765e-03
3.741882741451263428e-03 7.207904011011123657e-03
4.698372446000576019e-03 5.307620391249656677e-03
3.779633436352014542e-03 5.014024209231138229e-03
2.861981280148029327e-03 5.191939882934093475e-03
3.039051312953233719e-03 4.723167512565851212e-03
2.785763470456004143e-03 4.655878525227308273e-03
2.486206823959946632e-03 5.162972491234540939e-03
2.640387043356895447e-03 4.624804016202688217e-03
2.256691688671708107e-03 4.483562428504228592e-03
2.318150363862514496e-03 4.795031622052192688e-03
2.406968967989087105e-03 4.141717683523893356e-03
2.044004155322909355e-03 4.000898916274309158e-03
2.012946410104632378e-03 4.328720271587371826e-03
2.138920826837420464e-03 3.673867322504520416e-03
1.850318745709955692e-03 3.540323348715901375e-03
1.734407269395887852e-03 3.844321938231587410e-03
1.865813857875764370e-03 3.362383926287293434e-03
1.719248015433549881e-03 3.266766434535384178e-03
1.506518688984215260e-03 3.246980253607034683e-03
1.441010856069624424e-03 3.220070153474807739e-03
1.518131466582417488e-03 3.636123612523078918e-03
1.642801682464778423e-03 3.235434414818882942e-03
1.630592509172856808e-03 3.596608759835362434e-03
1.708709867671132088e-03 3.075179411098361015e-03
1.526918844319880009e-03 3.249667352065443993e-03
1.343893003650009632e-03 2.962223719805479050e-03
1.117861014790832996e-03 3.009405219927430153e-03
1.125502050854265690e-03 3.467329079285264015e-03
1.289574080146849155e-03 3.251852001994848251e-03
1.375161460600793362e-03 3.970026969909667969e-03
1.684708753600716591e-03 3.260617842897772789e-03
1.528597786091268063e-03 3.576154354959726334e-03
1.397113781422376633e-03 2.975901588797569275e-03
9.724953561089932919e-04 2.986527048051357269e-03
1.001628814265131950e-03 3.462597960606217384e-03
1.276256167329847813e-03 2.923040417954325676e-03
1.071959966793656349e-03 2.955543808639049530e-03
8.448329172097146511e-04 3.146795323118567467e-03
9.005939355120062828e-04 3.012102795764803886e-03
1.038896734826266766e-03 3.357638139277696609e-03
1.083358074538409710e-03 2.780915703624486923e-03
8.480539545416831970e-04 2.757205162197351456e-03
7.515244651585817337e-04 2.973558148369193077e-03
8.533986983820796013e-04 2.742558252066373825e-03
9.157118620350956917e-04 2.980079269036650658e-03
8.857803186401724815e-04 2.588729606941342354e-03
7.270694477483630180e-04 2.633712021633982658e-03
6.848578341305255890e-04 2.866127295419573784e-03
7.620349060744047165e-04 2.647850895300507545e-03
8.180193835869431496e-04 2.913724631071090698e-03
8.343562367372214794e-04 2.499731723219156265e-03
7.164534181356430054e-04 2.594791119918227196e-03
6.361276027746498585e-04 2.566947368904948235e-03
6.011393270455300808e-04 2.521289512515068054e-03
6.418078555725514889e-04 2.806211588904261589e-03
7.152300095185637474e-04 2.576427767053246498e-03
7.702206494286656380e-04 3.010478103533387184e-03
8.797731134109199047e-04 2.528381533920764923e-03
8.585833711549639702e-04 2.867374336346983910e-03
8.120508864521980286e-04 2.474477980285882950e-03
6.565827061422169209e-04 2.514983527362346649e-03
5.573894595727324486e-04 2.421995392069220543e-03
5.220578168518841267e-04 2.376227406784892082e-03
5.539269186556339264e-04 2.666123909875750542e-03
6.239215726964175701e-04 2.482519485056400299e-03
6.905618938617408276e-04 2.916547469794750214e-03
8.248870726674795151e-04 2.492942381650209427e-03
8.589078788645565510e-04 2.929167589172720909e-03
9.139664471149444580e-04 2.349311718717217445e-03
7.164778653532266617e-04 2.405030187219381332e-03
5.386421107687056065e-04 2.321779727935791016e-03
4.752336535602807999e-04 2.321342471987009048e-03
5.619213334284722805e-04 2.721415832638740540e-03
7.078300695866346359e-04 2.374864881858229637e-03
7.288262131623923779e-04 2.694916445761919022e-03
6.882512825541198254e-04 2.280432498082518578e-03
5.309324478730559349e-04 2.309632254764437675e-03
4.373557167127728462e-04 2.303932094946503639e-03
4.421358462423086166e-04 2.210946753621101379e-03
5.060015828348696232e-04 2.476277761161327362e-03
5.815335316583514214e-04 2.192023908719420433e-03
5.680877948179841042e-04 2.433742163702845573e-03
5.147867486812174320e-04 2.235507825389504433e-03
4.378383746370673180e-04 2.275234321132302284e-03
3.974004648625850677e-04 2.227867254987359047e-03
3.868933708872646093e-04 2.142947399988770485e-03
4.065878747496753931e-04 2.291163662448525429e-03
4.489365674089640379e-04 2.135659800842404366e-03
4.930283175781369209e-04 2.487086225301027298e-03
5.894901114515960217e-04 2.277457853779196739e-03
6.539786118082702160e-04 2.748185768723487854e-03
8.070705225691199303e-04 2.295810729265213013e-03
7.504447712562978268e-04 2.545563271269202232e-03
6.592238205485045910e-04 2.114602364599704742e-03
4.409765242598950863e-04 2.125196158885955811e-03
3.594268637243658304e-04 2.294698497280478477e-03
4.346522327978163958e-04 2.201910130679607391e-03
5.458974046632647514e-04 2.565416041761636734e-03
6.414745002985000610e-04 2.167991362512111664e-03
5.537380930036306381e-04 2.287795767188072205e-03
4.350153903942555189e-04 2.105047926306724548e-03
3.396233660168945789e-04 2.108632586896419525e-03
3.485881024971604347e-04 2.279385225847363472e-03
4.254864761605858803e-04 2.107981592416763306e-03
4.832345584873110056e-04 2.406410640105605125e-03
5.344533710740506649e-04 2.083213999867439270e-03
4.582270630635321140e-04 2.216327702626585960e-03
3.690816520247608423e-04 2.113760448992252350e-03
3.184349916409701109e-04 2.059511607512831688e-03
3.095818101428449154e-04 2.091181930154561996e-03
3.294924390502274036e-04 1.985561568289995193e-03
3.569996042642742395e-04 2.153603592887520790e-03
3.741386753972619772e-04 2.015635371208190918e-03
3.699277585837990046e-04 2.174192341044545174e-03
3.778369864448904991e-04 2.026592846959829330e-03
3.647548728622496128e-04 2.136807888746261597e-03
3.683995746541768312e-04 1.948727760463953018e-03
3.511369868647307158e-04 2.074137562885880470e-03
3.316832880955189466e-04 1.969640841707587242e-03
3.136875166092067957e-04 2.037581289187073708e-03
3.101720940321683884e-04 1.930381637066602707e-03
3.085469652432948351e-04 2.043711952865123749e-03
3.117627347819507122e-04 1.952676568180322647e-03
3.173230215907096863e-04 2.097383840009570122e-03
3.561573685146868229e-04 1.990068936720490456e-03
4.173099878244102001e-04 2.379805082455277443e-03
5.876261857338249683e-04 2.249374054372310638e-03
7.889026892371475697e-04 3.114795312285423279e-03
1.288634142838418484e-03 2.550245029851794243e-03
1.194964046590030193e-03 2.790700644254684448e-03
1.004156074486672878e-03 1.960019813850522041e-03
3.739128587767481804e-04 2.078911755234003067e-03
4.581019456963986158e-04 2.829374046996235847e-03
9.040114236995577812e-04 2.213930943980813026e-03
6.043157773092389107e-04 2.057801699265837669e-03
2.925854350905865431e-04 2.299812389537692070e-03
4.394482239149510860e-04 2.164509380236268044e-03
5.754141020588576794e-04 2.252098172903060913e-03
4.250279453117400408e-04 2.029281808063387871e-03
2.706953382585197687e-04 2.103960141539573669e-03
4.262690490577369928e-04 2.326461952179670334e-03
5.038911476731300354e-04 1.904482604004442692e-03
3.048035141546279192e-04 1.918545342050492764e-03
2.964917221106588840e-04 2.255667932331562042e-03
4.313157696742564440e-04 2.012185053899884224e-03
3.814403899013996124e-04 2.009109593927860260e-03
2.682072808966040611e-04 1.982813002541661263e-03
2.583905297797173262e-04 1.925946446135640144e-03
3.464507462922483683e-04 2.105878666043281555e-03
3.574956790544092655e-04 1.853675232268869877e-03
2.676445001270622015e-04 1.874155947007238865e-03
2.342505031265318394e-04 2.009130548685789108e-03
2.789271820802241564e-04 1.890610088594257832e-03
3.031189553439617157e-04 1.933638006448745728e-03
2.724891528487205505e-04 1.819530269131064415e-03
2.210771490354090929e-04 1.834249473176896572e-03
2.358544152230024338e-04 1.937326393090188503e-03
2.722045755945146084e-04 1.815220108255743980e-03
2.682050107978284359e-04 1.869471394456923008e-03
2.360744983889162540e-04 1.796254771761596203e-03
2.084199368255212903e-04 1.786216394975781441e-03
2.120104327332228422e-04 1.870362088084220886e-03
2.345584798604249954e-04 1.811599591746926308e-03
2.405843988526612520e-04 1.880045165307819843e-03
2.321178617421537638e-04 1.786521286703646183e-03
2.090803172904998064e-04 1.774914911948144436e-03
1.944935356732457876e-04 1.780431368388235569e-03
1.953048340510576963e-04 1.773594645783305168e-03
2.050108450930565596e-04 1.830556429922580719e-03
2.142996963812038302e-04 1.763386768288910389e-03
2.176524576498195529e-04 1.823217724449932575e-03
2.149282954633235931e-04 1.744646462611854076e-03
2.055940567515790462e-04 1.778071164153516293e-03
1.968299766303971410e-04 1.738532446324825287e-03
1.876617461675778031e-04 1.761193037964403629e-03
1.807844091672450304e-04 1.734099350869655609e-03
1.768019865266978741e-04 1.729072420857846737e-03
1.739347353577613831e-04 1.719044637866318226e-03
1.721543812891468406e-04 1.711823628284037113e-03
1.717990380711853504e-04 1.732660690322518349e-03
1.725540205370634794e-04 1.705331611447036266e-03
1.752322277752682567e-04 1.741319079883396626e-03
1.836473675211891532e-04 1.709278090856969357e-03
2.036583609879016876e-04 1.829095650464296341e-03
2.578729763627052307e-04 1.822024118155241013e-03
3.719852829817682505e-04 2.331098774448037148e-03
7.099333452060818672e-04 2.531421137973666191e-03
1.200242084451019764e-03 4.172612912952899933e-03
2.508851233869791031e-03 2.972888294607400894e-03
1.810552435927093029e-03 2.268202602863311768e-03
7.203078130260109901e-04 2.068286761641502380e-03
4.524573450908064842e-04 2.738619456067681313e-03
1.197861856780946255e-03 2.664217026904225349e-03
8.152120863087475300e-04 2.098438562825322151e-03
3.225446562282741070e-04 2.541887108236551285e-03
1.073381979949772358e-03 2.640467602759599686e-03
7.259513949975371361e-04 2.183660166338086128e-03
3.647156117949634790e-04 2.483022632077336311e-03
9.353021741844713688e-04 2.312125870957970619e-03
4.529821453616023064e-04 2.300624269992113113e-03
4.505220276769250631e-04 2.224883763119578362e-03
6.808423204347491264e-04 1.928235637024044991e-03
2.559653657954186201e-04 2.323455410078167915e-03
5.196392885409295559e-04 1.920936978422105312e-03
3.724274283740669489e-04 1.876029185950756073e-03
2.553813392296433449e-04 2.302038483321666718e-03
4.690019122790545225e-04 1.888849423266947269e-03
2.368245623074471951e-04 1.876051304861903191e-03
3.021144948434084654e-04 2.120486926287412643e-03
3.828023909591138363e-04 1.807831809855997562e-03
1.965901756193488836e-04 1.861236756667494774e-03
3.260580706410109997e-04 2.024435438215732574e-03
3.040290030185133219e-04 1.845912891440093517e-03
1.924416719703003764e-04 1.864059478975832462e-03
3.204059030395001173e-04 1.910413964651525021e-03
2.428129664622247219e-04 1.808207714930176735e-03
1.987561990972608328e-04 1.785463886335492134e-03
2.857009530998766422e-04 1.835573231801390648e-03
1.995367347262799740e-04 1.823312602937221527e-03
1.957204221980646253e-04 1.762483967468142509e-03
2.513159415684640408e-04 1.765146618708968163e-03
1.796664000721648335e-04 1.768437214195728302e-03
1.852773420978337526e-04 1.719884341582655907e-03
2.213758416473865509e-04 1.756388461217284203e-03
1.662885479163378477e-04 1.774753793142735958e-03
1.753387623466551304e-04 1.711692078970372677e-03
1.997730869334191084e-04 1.727041439153254032e-03
1.587988954270258546e-04 1.717389444820582867e-03
1.610742910997942090e-04 1.667484524659812450e-03
1.823036727728322148e-04 1.709258998744189739e-03
1.550477754790335894e-04 1.710061798803508282e-03
1.495533506385982037e-04 1.678490312770009041e-03
1.686324103502556682e-04 1.701378612779080868e-03
1.547087886137887836e-04 1.660051173530519009e-03
1.411475241184234619e-04 1.645809388719499111e-03
1.553460169816389680e-04 1.700802822597324848e-03
1.541224191896617413e-04 1.655783853493630886e-03
1.373284612782299519e-04 1.641206559725105762e-03
1.417844468960538507e-04 1.674358150921761990e-03
1.495580654591321945e-04 1.622335286810994148e-03
1.383689668728038669e-04 1.625314704142510891e-03
1.320688606938347220e-04 1.656374894082546234e-03
1.395354338455945253e-04 1.626424025744199753e-03
1.391949772369116545e-04 1.638119458220899105e-03
1.300803851336240768e-04 1.626624492928385735e-03
1.285594480577856302e-04 1.608029124327003956e-03
1.332353131147101521e-04 1.639298046939074993e-03
1.313981338171288371e-04 1.621098374016582966e-03
1.251451030839234591e-04 1.621756004169583321e-03
1.246107858605682850e-04 1.638350309804081917e-03
1.274940441362559795e-04 1.607467653229832649e-03
1.261408906430006027e-04 1.619527465663850307e-03
1.217448952957056463e-04 1.619969378225505352e-03
1.202849380206316710e-04 1.610146369785070419e-03
1.219747791765257716e-04 1.625576638616621494e-03
1.220792910316959023e-04 1.601626630872488022e-03
1.191691844724118710e-04 1.602962263859808445e-03
1.167882073787041008e-04 1.606713514775037766e-03
1.167728696600534022e-04 1.597691909410059452e-03
1.175310389953665435e-04 1.613616594113409519e-03
1.168416492873802781e-04 1.596770482137799263e-03
1.147043731180019677e-04 1.596829271875321865e-03
1.130321761593222618e-04 1.594337285496294498e-03
1.126783099607564509e-04 1.585154444910585880e-03
1.128847143263556063e-04 1.596985268406569958e-03
1.126063725678250194e-04 1.581517164595425129e-03
1.113835314754396677e-04 1.583960372954607010e-03
1.099138171412050724e-04 1.578696072101593018e-03
1.089348588720895350e-04 1.576422830112278461e-03
1.085481635527685285e-04 1.583910663612186909e-03
1.084246396203525364e-04 1.574183814227581024e-03
1.081029913621023297e-04 1.579813309945166111e-03
1.073722014552913606e-04 1.568269683048129082e-03
1.063882955349981785e-04 1.570663996972143650e-03
1.054103122442029417e-04 1.566103426739573479e-03
1.046217948896810412e-04 1.565076643601059914e-03
1.040866991388611495e-04 1.566944178193807602e-03
1.037085312418639660e-04 1.558971824124455452e-03
1.033782973536290228e-04 1.563895493745803833e-03
1.030182029353454709e-04 1.555931172333657742e-03
1.025597302941605449e-04 1.562779885716736317e-03
1.020498966681770980e-04 1.553260139189660549e-03
1.014780791592784226e-04 1.557193114422261715e-03
1.008981926133856177e-04 1.547751948237419128e-03
1.003283250611275434e-04 1.553523354232311249e-03
9.979006426874548197e-05 1.545616425573825836e-03
9.928909275913611054e-05 1.551069435663521290e-03
9.886147017823532224e-05 1.541955745778977871e-03
9.851529466686770320e-05 1.547987223602831364e-03
9.833423246163874865e-05 1.536869676783680916e-03
9.838740515988320112e-05 1.548081636428833008e-03
9.894002869259566069e-05 1.533052418380975723e-03
1.003423458314500749e-04 1.554280868731439114e-03
1.036961912177503109e-04 1.531789195723831654e-03
1.104900584323331714e-04 1.582290162332355976e-03
1.260425633518025279e-04 1.558202435262501240e-03
1.562680263305082917e-04 1.701930072158575058e-03
2.296845923410728574e-04 1.714973826892673969e-03
3.576754534151405096e-04 2.176074078306555748e-03
6.785204168409109116e-04 2.254432765766978264e-03
9.916548151522874832e-04 3.085108473896980286e-03
1.578093972057104111e-03 2.247472759336233139e-03
1.023179735057055950e-03 1.797081320546567440e-03
3.493709082249552011e-04 1.731306896544992924e-03
2.320828498341143131e-04 2.089726738631725311e-03
6.760025280527770519e-04 2.358662895858287811e-03
6.858207634650170803e-04 1.667457399889826775e-03
1.749395160004496574e-04 1.809957087971270084e-03
3.852429508697241545e-04 2.350320806726813316e-03
6.539746536873281002e-04 1.732170348986983299e-03
2.230327663710340858e-04 1.732848351821303368e-03
2.506579039618372917e-04 2.120695775374770164e-03
4.981685779057443142e-04 1.627661287784576416e-03
2.037295780610293150e-04 1.612577587366104126e-03
2.168759529013186693e-04 1.985414419323205948e-03
3.991908743046224117e-04 1.635700580663979053e-03
1.819829049054533243e-04 1.635067746974527836e-03
1.698493870208039880e-04 1.916983048431575298e-03
3.267863648943603039e-04 1.619384973309934139e-03
1.911688159452751279e-04 1.586921396665275097e-03
1.318424911005422473e-04 1.810102607123553753e-03
2.458535891491919756e-04 1.632493804208934307e-03
1.852560089901089668e-04 1.597333932295441628e-03
1.131990647991187871e-04 1.718397135846316814e-03
1.812924310797825456e-04 1.597170950844883919e-03
1.743630855344235897e-04 1.605433411896228790e-03
1.094628605642355978e-04 1.659767935052514076e-03
1.355291169602423906e-04 1.602365635335445404e-03
1.604327262612059712e-04 1.614356413483619690e-03
1.180608887807466090e-04 1.582203432917594910e-03
1.081300724763423204e-04 1.556316157802939415e-03
1.392693957313895226e-04 1.614404493011534214e-03
1.270458888029679656e-04 1.557876355946063995e-03
9.942270116880536079e-05 1.548532280139625072e-03
1.160969477496109903e-04 1.610991428606212139e-03
1.293390669161453843e-04 1.528946333564817905e-03
1.055009852279908955e-04 1.534875016659498215e-03
9.664265235187485814e-05 1.590546104125678539e-03
1.137712606578134000e-04 1.540745492093265057e-03
1.138959632953628898e-04 1.549403648823499680e-03
9.711742313811555505e-05 1.534956041723489761e-03
9.369312465423718095e-05 1.519199809990823269e-03
1.043167358147911727e-04 1.562875695526599884e-03
1.054615495377220213e-04 1.519497251138091087e-03
9.415645763510838151e-05 1.517849043011665344e-03
9.016328112920746207e-05 1.537063624709844589e-03
9.682281961431726813e-05 1.506701926700770855e-03
9.885666077025234699e-05 1.529169501736760139e-03
9.248982678400352597e-05 1.514047617092728615e-03
8.747362153371796012e-05 1.506225322373211384e-03
8.972993236966431141e-05 1.523823128081858158e-03
9.346419392386451364e-05 1.489818794652819633e-03
9.178728214465081692e-05 1.503143925219774246e-03
8.698800229467451572e-05 1.499302568845450878e-03
8.518738468410447240e-05 1.491279690526425838e-03
8.719802281120792031e-05 1.509025692939758301e-03
8.888079173630103469e-05 1.486970344558358192e-03
8.733766298973932862e-05 1.500710262916982174e-03
8.432709000771865249e-05 1.497782650403678417e-03
8.288793469546362758e-05 1.491990638896822929e-03
8.374476601602509618e-05 1.503707491792738438e-03
8.489185711368918419e-05 1.484495936892926693e-03
8.454271301161497831e-05 1.494633499532938004e-03
8.280147449113428593e-05 1.486035529524087906e-03
8.110669296002015471e-05 1.487922156229615211e-03
8.064087887760251760e-05 1.493772026151418686e-03
8.112331124721094966e-05 1.481062499806284904e-03
8.162434096448123455e-05 1.492325449362397194e-03
8.144818275468423963e-05 1.479808590374886990e-03
8.048537711147218943e-05 1.487745437771081924e-03
7.935737085063010454e-05 1.479519763961434364e-03
7.848787936381995678e-05 1.476538483984768391e-03
7.813181582605466247e-05 1.479641417972743511e-03
7.816297147655859590e-05 1.472902134992182255e-03
7.828125671949237585e-05 1.481639337725937366e-03
7.828916568541899323e-05 1.470510149374604225e-03
7.803304470144212246e-05 1.477626850828528404e-03
7.758103311061859131e-05 1.467523397877812386e-03
7.699053094256669283e-05 1.473077572882175446e-03
7.637515955138951540e-05 1.467376132495701313e-03
7.582575926790013909e-05 1.469456357881426811e-03
7.537010969826951623e-05 1.465844223275780678e-03
7.501048094127327204e-05 1.464184024371206760e-03
7.473059667972847819e-05 1.465453300625085831e-03
7.450566772604361176e-05 1.462142565287649632e-03
7.433709106408059597e-05 1.464893575757741928e-03
7.420482143061235547e-05 1.457705744542181492e-03
7.411930710077285767e-05 1.463257707655429840e-03
7.411294063786044717e-05 1.454972196370363235e-03
7.422102498821914196e-05 1.464029774069786072e-03
7.456363528035581112e-05 1.451508142054080963e-03
7.525167893618345261e-05 1.466547138988971710e-03
7.668406033189967275e-05 1.449228846468031406e-03
7.925780664663761854e-05 1.478408579714596272e-03
8.445892308373004198e-05 1.454279175959527493e-03
9.366363519802689552e-05 1.515525393187999725e-03
1.131797544076107442e-04 1.486642868258059025e-03
1.465716632083058357e-04 1.638197922147810459e-03
2.211869723396375775e-04 1.628891797736287117e-03
3.296512004453688860e-04 2.009047428146004677e-03
5.713568534702062607e-04 1.976040657609701157e-03
7.442767382599413395e-04 2.458063885569572449e-03
1.016013324260711670e-03 1.895937370136380196e-03
6.689783185720443726e-04 1.675631850957870483e-03
2.663398918230086565e-04 1.530622947029769421e-03
1.160270476248115301e-04 1.719471183605492115e-03
3.645140095613896847e-04 2.115979092195630074e-03
5.526297027245163918e-04 1.626900047995150089e-03
2.748821862041950226e-04 1.533826463855803013e-03
1.001253622234798968e-04 1.760726911015808582e-03
2.443465928081423044e-04 1.688049291260540485e-03
3.230508300475776196e-04 1.657616463489830494e-03
1.895765599329024553e-04 1.491236384026706219e-03
9.560237958794459701e-05 1.516296644695103168e-03
2.039325481746345758e-04 1.719993422739207745e-03
2.545909956097602844e-04 1.498465309850871563e-03
1.313626999035477638e-04 1.488081528805196285e-03
9.366557787870988250e-05 1.631430000998079777e-03
1.768380461726337671e-04 1.518541947007179260e-03
1.847068488132208586e-04 1.533270464278757572e-03
1.114957340178079903e-04 1.501043909229338169e-03
8.732658898225054145e-05 1.506985980086028576e-03
1.388777454849332571e-04 1.611327519640326500e-03
1.561333192512392998e-04 1.468037371523678303e-03
1.033301741699688137e-04 1.477165613323450089e-03
8.100184641079977155e-05 1.560635515488684177e-03
1.140970707638189197e-04 1.500146463513374329e-03
1.274840178666636348e-04 1.526481006294488907e-03
9.872840746538713574e-05 1.466723624616861343e-03
7.596241630380973220e-05 1.459754887036979198e-03
9.186274110106751323e-05 1.537152333185076714e-03
1.102508322219364345e-04 1.462640240788459778e-03
9.626872633816674352e-05 1.472418778575956821e-03
7.554435433121398091e-05 1.472620293498039246e-03
7.711761281825602055e-05 1.449310919269919395e-03
9.128007513936609030e-05 1.509490190073847771e-03
9.447405318496748805e-05 1.458106096833944321e-03
8.172398520400747657e-05 1.462414162233471870e-03
7.133481267374008894e-05 1.464647823013365269e-03
7.353092951234430075e-05 1.441009226255118847e-03
8.155019168043509126e-05 1.485727843828499317e-03
8.463869744446128607e-05 1.443734276108443737e-03
7.870335684856399894e-05 1.452641561627388000e-03
7.117010682122781873e-05 1.443937420845031738e-03
6.874060636619105935e-05 1.438721781596541405e-03
7.200672553153708577e-05 1.468110713176429272e-03
7.631323387613520026e-05 1.439891289919614792e-03
7.676230598008260131e-05 1.458025653846561909e-03
7.350970554398372769e-05 1.429939409717917442e-03
6.909366493346169591e-05 1.433508819900453091e-03
6.671082519460469484e-05 1.436260528862476349e-03
6.730419408995658159e-05 1.426507718861103058e-03
6.936601130291819572e-05 1.445895410142838955e-03
7.102540985215455294e-05 1.422439236193895340e-03
7.092672603903338313e-05 1.442868961021304131e-03
6.932090764166787267e-05 1.425543799996376038e-03
6.703603867208585143e-05 1.432241406291723251e-03
6.527003279188647866e-05 1.425168709829449654e-03
6.456219853134825826e-05 1.420031767338514328e-03
6.484123150585219264e-05 1.431557349860668182e-03
6.557102460647001863e-05 1.420355169102549553e-03
6.628399569308385253e-05 1.435205922462046146e-03
6.672790186712518334e-05 1.418061321601271629e-03
6.669912545476108789e-05 1.432553050108253956e-03
6.638342165388166904e-05 1.416111015714704990e-03
6.573928840225562453e-05 1.428306801244616508e-03
6.508574733743444085e-05 1.413682126440107822e-03
6.438870332203805447e-05 1.423521665856242180e-03
6.380450940923765302e-05 1.411829143762588501e-03
6.327900337055325508e-05 1.421558670699596405e-03
6.285840208875015378e-05 1.412715762853622437e-03
6.252360617509111762e-05 1.418680185452103615e-03
6.228001439012587070e-05 1.408851123414933681e-03
6.212703738128766418e-05 1.415918697603046894e-03
6.208197737578302622e-05 1.407300704158842564e-03
6.217903865035623312e-05 1.416962710209190845e-03
6.254455365706235170e-05 1.404131646268069744e-03
6.331138865789398551e-05 1.420934102497994900e-03
6.492516695288941264e-05 1.403212198056280613e-03
6.787906022509559989e-05 1.435324666090309620e-03
7.394919521175324917e-05 1.409261371009051800e-03
8.490393520332872868e-05 1.478982041589915752e-03
1.084328323486261070e-04 1.450136885978281498e-03
1.488061971031129360e-04 1.628131722100079060e-03
2.396510099060833454e-04 1.623401069082319736e-03
3.671260201372206211e-04 2.055984688922762871e-03
6.450998480431735516e-04 1.985298236832022667e-03
7.969654980115592480e-04 2.395613817498087883e-03
9.860668797045946121e-04 1.756167272105813026e-03
5.395504995249211788e-04 1.522706006653606892e-03
1.517133932793512940e-04 1.577816437929868698e-03
1.626764278626069427e-04 1.729352050460875034e-03
4.219012334942817688e-04 2.012076321989297867e-03
4.931066068820655346e-04 1.523003680631518364e-03
1.913161977427080274e-04 1.480833278037607670e-03
1.045843237079679966e-04 1.781095168553292751e-03
2.919388643931597471e-04 1.619044342078268528e-03
2.943234576378017664e-04 1.534741022624075413e-03
1.315869303653016686e-04 1.462106942199170589e-03
9.965593926608562469e-05 1.482939929701387882e-03
2.121467841789126396e-04 1.660444773733615875e-03
2.245656505692750216e-04 1.449472736567258835e-03
1.063752279151231050e-04 1.434880308806896210e-03
8.851560414768755436e-05 1.576283248141407967e-03
1.682899164734408259e-04 1.457389793358743191e-03
1.608327584108337760e-04 1.483609550632536411e-03
9.234402386937290430e-05 1.471015624701976776e-03
8.096051169559359550e-05 1.456739031709730625e-03
1.257493568118661642e-04 1.551958033815026283e-03
1.369022356811910868e-04 1.421370077878236771e-03
8.984381565824151039e-05 1.438295701518654823e-03
7.053244189592078328e-05 1.513463328592479229e-03
1.004752994049340487e-04 1.448113238438963890e-03
1.117344145313836634e-04 1.474971766583621502e-03
8.743043872527778149e-05 1.419037347659468651e-03
6.665303953923285007e-05 1.418523606844246387e-03
7.918022311059758067e-05 1.496768440119922161e-03
9.760222746990621090e-05 1.417765626683831215e-03
8.608019561506807804e-05 1.430641044862568378e-03
6.656866025878116488e-05 1.427987590432167053e-03
6.560439214808866382e-05 1.416729879565536976e-03
7.822069164831191301e-05 1.481625135056674480e-03
8.416835044045001268e-05 1.418768661096692085e-03
7.309627108043059707e-05 1.425056019797921181e-03
6.213962478796020150e-05 1.421372639015316963e-03
6.239777576411142945e-05 1.405535265803337097e-03
6.979758472880348563e-05 1.451760530471801758e-03
7.429041579598560929e-05 1.402973313815891743e-03
6.940378807485103607e-05 1.416858402080833912e-03
6.247281999094411731e-05 1.410040422342717648e-03
5.927174788666889071e-05 1.409031799994409084e-03
6.167962419567629695e-05 1.437052967958152294e-03
6.581300840480253100e-05 1.399790518917143345e-03
6.659092468908056617e-05 1.418170635588467121e-03
6.437947740778326988e-05 1.394047751091420650e-03
6.028755160514265299e-05 1.401413232088088989e-03
5.786162000731565058e-05 1.407745759934186935e-03
5.800073631689883769e-05 1.394312945194542408e-03
5.968954428681172431e-05 1.412937883287668228e-03
6.151899287942796946e-05 1.393921324051916599e-03
6.147041858639568090e-05 1.411717268638312817e-03
6.006870171404443681e-05 1.395215978845953941e-03
5.785089888377115130e-05 1.395129249431192875e-03
5.617964416160248220e-05 1.392107689753174782e-03
5.573653106694109738e-05 1.392005826346576214e-03
5.621788659482263029e-05 1.404527341946959496e-03
5.722377318306826055e-05 1.392184523865580559e-03
5.782936932519078255e-05 1.403108937665820122e-03
5.798712300020270050e-05 1.386561547406017780e-03
5.752273864345625043e-05 1.399890519678592682e-03
5.676992077496834099e-05 1.385152339935302734e-03
5.592253728536888957e-05 1.393247046507894993e-03
5.506852903636172414e-05 1.383611815981566906e-03
5.441429675556719303e-05 1.388869015499949455e-03
5.391721788328140974e-05 1.388407312333583832e-03
5.366876212065108120e-05 1.386224757879972458e-03
5.358539783628657460e-05 1.387408701702952385e-03
5.362569572753272951e-05 1.379372319206595421e-03
5.375811451813206077e-05 1.387929194606840611e-03
5.391802915255539119e-05 1.379367779009044170e-03
5.417599822976626456e-05 1.389361452311277390e-03
5.455777136376127601e-05 1.376219326630234718e-03
5.515032898983918130e-05 1.391497789882123470e-03
5.612759559880942106e-05 1.376920728944242001e-03
5.760155909229069948e-05 1.398393767885863781e-03
6.021744047757238150e-05 1.376023050397634506e-03
6.420548743335530162e-05 1.412806683219969273e-03
7.160213863244280219e-05 1.383738243021070957e-03
8.277653978439047933e-05 1.455123187042772770e-03
1.046731340466067195e-04 1.419123727828264236e-03
1.361876638839021325e-04 1.563512720167636871e-03
2.003970148507505655e-04 1.525428146123886108e-03
2.742653014138340950e-04 1.796770258806645870e-03
4.181611875537782907e-04 1.700881170108914375e-03
4.852005513384938240e-04 1.954884035512804985e-03
5.742188659496605396e-04 1.618797308765351772e-03
3.937835281249135733e-04 1.554790069349110126e-03
1.926208060467615724e-04 1.400806824676692486e-03
6.811331695644184947e-05 1.455579651519656181e-03
1.361747708870097995e-04 1.710997777990996838e-03
2.783008385449647903e-04 1.550863613374531269e-03
2.756557078100740910e-04 1.575023983605206013e-03
1.746090856613591313e-04 1.403678092174232006e-03
7.079007627908140421e-05 1.409814693033695221e-03
9.328583837486803532e-05 1.559099415317177773e-03
1.775023702066391706e-04 1.437894068658351898e-03
1.813331618905067444e-04 1.478286692872643471e-03
1.201289414893835783e-04 1.377625972963869572e-03
6.318029772955924273e-05 1.393254264257848263e-03
7.793348049744963646e-05 1.497131306678056717e-03
1.266983163077384233e-04 1.411540317349135876e-03
1.362117473036050797e-04 1.462795073166489601e-03
1.062720984918996692e-04 1.378170680254697800e-03
6.770688196411356330e-05 1.395185128785669804e-03
6.475785630755126476e-05 1.453812350519001484e-03
8.789759158389642835e-05 1.397646497935056686e-03
1.030898783938027918e-04 1.464000670239329338e-03
9.676913032308220863e-05 1.385333831422030926e-03
7.254101365106180310e-05 1.401892281137406826e-03
5.801828956464305520e-05 1.407959498465061188e-03
6.192284490680322051e-05 1.379832392558455467e-03
7.503957021981477737e-05 1.437324797734618187e-03
8.195059490390121937e-05 1.375693245790898800e-03
7.367940270341932774e-05 1.404697075486183167e-03
6.092245530453510582e-05 1.379600376822054386e-03
5.348874765331856906e-05 1.373457838781177998e-03
5.613653775071725249e-05 1.412675133906304836e-03
6.410582136595621705e-05 1.379515510052442551e-03
6.920209852978587151e-05 1.423935173079371452e-03
6.866809417260810733e-05 1.371204969473183155e-03
6.209733692230656743e-05 1.389379962347447872e-03
5.495911682373844087e-05 1.371292979456484318e-03
5.090984268463216722e-05 1.370457583107054234e-03
5.146933835931122303e-05 1.389440265484154224e-03
5.485581277753226459e-05 1.367788179777562618e-03
5.828343637404032052e-05 1.401599613018333912e-03
6.008303171256557107e-05 1.369969919323921204e-03
5.940227492828853428e-05 1.396132516674697399e-03
5.770207644673064351e-05 1.365398638881742954e-03
5.533280273084528744e-05 1.377975568175315857e-03
5.340545612853020430e-05 1.365209813229739666e-03
5.171334851183928549e-05 1.371206133626401424e-03
5.048972889198921621e-05 1.372259343042969704e-03
4.965019252267666161e-05 1.366293174214661121e-03
4.927322152070701122e-05 1.372430007904767990e-03
4.941754013998433948e-05 1.362479757517576218e-03
5.003287151339463890e-05 1.373584615066647530e-03
5.104301089886575937e-05 1.360603142529726028e-03
5.212185351410880685e-05 1.375158666633069515e-03
5.331670763553120196e-05 1.360915019176900387e-03
5.437834988697431982e-05 1.382332178764045238e-03
5.588765270658768713e-05 1.362288719974458218e-03
5.764943489339202642e-05 1.390130375511944294e-03
6.080746607040055096e-05 1.361170550808310509e-03
6.494291301351040602e-05 1.404779963195323944e-03
7.231228664750233293e-05 1.368187018670141697e-03
8.182397868949919939e-05 1.439401647076010704e-03
9.927165228873491287e-05 1.393213518895208836e-03
1.204929139930754900e-04 1.511540729552507401e-03
1.601053954800590873e-04 1.454189536161720753e-03
1.994064805330708623e-04 1.632170868106186390e-03
2.709566324483603239e-04 1.537243602797389030e-03
3.043758915737271309e-04 1.716322149150073528e-03
3.534864808898419142e-04 1.525611965917050838e-03
2.902584965340793133e-04 1.563956029713153839e-03
2.107326727127656341e-04 1.387691590934991837e-03
1.006366728688590229e-04 1.383258495479822159e-03
5.348017293727025390e-05 1.438463339582085609e-03
8.083809370873495936e-05 1.430317643098533154e-03
1.393183483742177486e-04 1.564199686981737614e-03
1.842445781221613288e-04 1.433615223504602909e-03
1.614875509403645992e-04 1.458675367757678032e-03
1.125573180615901947e-04 1.357452245429158211e-03
6.246512202778831124e-05 1.356431283056735992e-03
5.260451871436089277e-05 1.413799589499831200e-03
7.964665564941242337e-05 1.386559219099581242e-03
1.115513077820651233e-04 1.481925137341022491e-03
1.293205714318901300e-04 1.387217082083225250e-03
1.135316997533664107e-04 1.426757313311100006e-03
8.851746679283678532e-05 1.355768064968287945e-03
6.341379776131361723e-05 1.373027102090418339e-03
5.401996531873010099e-05 1.387267489917576313e-03
6.011346704326570034e-05 1.372724189423024654e-03
7.210716285044327378e-05 1.431766082532703876e-03
8.273051935248076916e-05 1.374337356537580490e-03
8.356790203833952546e-05 1.422343892045319080e-03
7.888953405199572444e-05 1.360969734378159046e-03
6.781236152164638042e-05 1.386382267810404301e-03
5.770313146058470011e-05 1.360445632599294186e-03
5.180536027182824910e-05 1.361463335342705250e-03
5.130411227582953870e-05 1.381536829285323620e-03
5.493463322636671364e-05 1.355324639007449150e-03
6.017984924255870283e-05 1.398906577378511429e-03
6.578925967914983630e-05 1.357537228614091873e-03
6.838195986347272992e-05 1.406024675816297531e-03
6.882403977215290070e-05 1.358110341243445873e-03
6.582118658116087317e-05 1.395365106873214245e-03
6.182148354128003120e-05 1.351842074654996395e-03
5.650942330248653889e-05 1.373463892377912998e-03
5.183945904718711972e-05 1.348857651464641094e-03
4.841760164708830416e-05 1.360650407150387764e-03
4.661330240196548402e-05 1.357118599116802216e-03
4.605420326697640121e-05 1.357504865154623985e-03
4.641704072128050029e-05 1.364383730106055737e-03
4.717393676401115954e-05 1.352105056867003441e-03
4.787607758771628141e-05 1.363788149319589138e-03
4.838005406782031059e-05 1.344721880741417408e-03
4.886249735136516392e-05 1.364763360470533371e-03
4.957744022249244153e-05 1.345571014098823071e-03
5.069637336418963969e-05 1.373976236209273338e-03
5.297921234159730375e-05 1.349570928141474724e-03
5.670698374160565436e-05 1.388586475513875484e-03
6.367739115376025438e-05 1.355895656161010265e-03
7.415861909976229072e-05 1.421282882802188396e-03
9.400317503605037928e-05 1.386804971843957901e-03
1.213320283568464220e-04 1.513112336397171021e-03
1.746944180922582746e-04 1.478327671065926552e-03
2.350657450733706355e-04 1.706694951280951500e-03
3.523335035424679518e-04 1.630618702620267868e-03
4.179992538411170244e-04 1.873913803137838840e-03
5.177273415029048920e-04 1.611521933227777481e-03
4.005401569884270430e-04 1.592384651303291321e-03
2.489000326022505760e-04 1.372697297483682632e-03
8.619212894700467587e-05 1.391828409396111965e-03
7.598612137371674180e-05 1.566898310557007790e-03
1.834285503719002008e-04 1.514501986093819141e-03
2.502182614989578724e-04 1.623032963834702969e-03
2.356417244300246239e-04 1.402476220391690731e-03
1.232254435308277607e-04 1.384123228490352631e-03
6.047394344932399690e-05 1.420577522367238998e-03
8.907213486963883042e-05 1.402384368702769279e-03
1.450263953302055597e-04 1.520759193226695061e-03
1.666645548539236188e-04 1.378440530970692635e-03
1.206652159453369677e-04 1.411920995451509953e-03
7.791702955728396773e-05 1.376203028485178947e-03
7.016694871708750725e-05 1.377035747282207012e-03
8.529001206625252962e-05 1.427837647497653961e-03
9.662823140388354659e-05 1.363241346552968025e-03
8.544559386791661382e-05 1.419261097908020020e-03
7.424992509186267853e-05 1.377350767143070698e-03
7.189425377873703837e-05 1.396040199324488640e-03
7.418937457259744406e-05 1.391696743667125702e-03
7.388571248156949878e-05 1.364225870929658413e-03
6.412134098354727030e-05 1.388594741001725197e-03
5.708341632271185517e-05 1.359845511615276337e-03
5.867375875823199749e-05 1.391226309351623058e-03
6.590702105313539505e-05 1.372911501675844193e-03
6.921762542333453894e-05 1.373094972223043442e-03
6.197587208589538932e-05 1.365581760182976723e-03
5.203778709983453155e-05 1.352722407318651676e-03
4.655842349166050553e-05 1.371478079818189144e-03
4.946004992234520614e-05 1.364634372293949127e-03
5.638639777316711843e-05 1.388162956573069096e-03
6.063636465114541352e-05 1.366200274787843227e-03
5.940254413872025907e-05 1.370581099763512611e-03
5.280383265926502645e-05 1.349818892776966095e-03
4.670014095609076321e-05 1.354791340418159962e-03
4.420023105922155082e-05 1.353576662950217724e-03
4.568957228912040591e-05 1.357782981358468533e-03
4.887404065812006593e-05 1.365478965453803539e-03
5.067496385890990496e-05 1.358995679765939713e-03
5.031001637689769268e-05 1.364467199891805649e-03
4.792583058588206768e-05 1.347925164736807346e-03
4.551178062683902681e-05 1.354775624349713326e-03
4.433177309692837298e-05 1.343638286925852299e-03
4.467991675483062863e-05 1.358960871584713459e-03
4.605892172548919916e-05 1.351291546598076820e-03
4.741376687888987362e-05 1.361195580102503300e-03
4.817179433302953839e-05 1.347902812995016575e-03
4.776375135406851768e-05 1.355996588245034218e-03
4.679347694036550820e-05 1.342932810075581074e-03
4.550300945993512869e-05 1.354115898720920086e-03
4.465630991035141051e-05 1.341173076070845127e-03
4.441033161128871143e-05 1.358295208774507046e-03
4.493157757679000497e-05 1.343233510851860046e-03
4.599242674885317683e-05 1.364360563457012177e-03
4.757105489261448383e-05 1.342076924629509449e-03
4.961391823599115014e-05 1.369365723803639412e-03
5.256396980257704854e-05 1.340325688943266869e-03
5.668681842507794499e-05 1.385422190651297569e-03
6.371580820996314287e-05 1.349199097603559494e-03
7.423556235153228045e-05 1.425202353857457638e-03
9.352876077173277736e-05 1.381046255119144917e-03
1.204542422783561051e-04 1.514466595835983753e-03
1.700826833257451653e-04 1.461261766962707043e-03
2.252246631542220712e-04 1.675771898590028286e-03
3.207900153938680887e-04 1.580061274580657482e-03
3.688533906824886799e-04 1.784496475011110306e-03
4.319011641200631857e-04 1.561435521580278873e-03
3.405564057175070047e-04 1.559533528052270412e-03
2.316132013220340014e-04 1.384390052407979965e-03
9.928039071382954717e-05 1.360918511636555195e-03
6.480263255070894957e-05 1.474089105613529682e-03
1.192148702102713287e-04 1.446867361664772034e-03
1.825650688260793686e-04 1.569738029502332211e-03
2.127848129021003842e-04 1.429939176887273788e-03
1.582268741913139820e-04 1.402864465489983559e-03
9.546749788569286466e-05 1.364586758427321911e-03
5.831680755363777280e-05 1.348253688775002956e-03
7.682535942876711488e-05 1.460757688619196415e-03
1.232197537319734693e-04 1.403522328473627567e-03
1.406446390319615602e-04 1.456984085962176323e-03
1.279403368243947625e-04 1.364969648420810699e-03
8.078398968791589141e-05 1.348400255665183067e-03
4.959404031978920102e-05 1.367318676784634590e-03
5.282169149722903967e-05 1.363193267025053501e-03
7.874563743826001883e-05 1.439974526874721050e-03
1.012254506349563599e-04 1.374594750814139843e-03
9.388673061039298773e-05 1.401890185661613941e-03
7.182763511082157493e-05 1.348591758869588375e-03
4.937637277180328965e-05 1.352505176328122616e-03
4.465234087547287345e-05 1.371713820844888687e-03
5.537148172152228653e-05 1.356088556349277496e-03
6.707779539283365011e-05 1.395217608660459518e-03
7.024205842753872275e-05 1.346475211903452873e-03
6.135220610303804278e-05 1.369368983432650566e-03
5.145310933585278690e-05 1.338554080575704575e-03
4.647699097404256463e-05 1.352020422928035259e-03
4.779367372975684702e-05 1.359079848043620586e-03
5.146020703250542283e-05 1.356280408799648285e-03
5.304992373567074537e-05 1.372746541164815426e-03
5.249246896710246801e-05 1.344826538115739822e-03
4.971983435098081827e-05 1.363999792374670506e-03
4.805914795724675059e-05 1.336594112217426300e-03
4.838366658077575266e-05 1.362743554636836052e-03
5.024775964557193220e-05 1.345221768133342266e-03
5.200991654419340193e-05 1.368896337226033211e-03
5.224808410275727510e-05 1.348927384242415428e-03
5.066871017334051430e-05 1.360662397928535938e-03
4.727047780761495233e-05 1.342292060144245625e-03
4.384536441648378968e-05 1.348572783172130585e-03
4.147710205870680511e-05 1.340228947810828686e-03
4.071113653481006622e-05 1.346069155260920525e-03
4.130146044190041721e-05 1.345411059446632862e-03
4.245445961714722216e-05 1.344441086985170841e-03
4.340091618360020220e-05 1.345765544101595879e-03
4.354432530817575753e-05 1.339857582934200764e-03
4.309624637244269252e-05 1.342961215414106846e-03
4.212225394439883530e-05 1.335678622126579285e-03
4.115390402148477733e-05 1.344047719612717628e-03
4.046567119075916708e-05 1.337474561296403408e-03
4.029846240882761776e-05 1.346807228401303291e-03
4.069335045642219484e-05 1.336458022706210613e-03
4.156590875936672091e-05 1.348332501947879791e-03
4.303282548789866269e-05 1.334212371148169041e-03
4.508273923420347273e-05 1.355668064206838608e-03
4.832416379940696061e-05 1.337142544798552990e-03
5.301215787767432630e-05 1.376192900352180004e-03
6.158831092761829495e-05 1.348455669358372688e-03
7.475340680684894323e-05 1.426103175617754459e-03
1.005895610433071852e-04 1.392706297338008881e-03
1.384003699058666825e-04 1.554202637635171413e-03
2.134146197931841016e-04 1.520929625257849693e-03
2.994378737639635801e-04 1.810321467928588390e-03
4.512082086876034737e-04 1.695404411293566227e-03
5.050051258876919746e-04 1.888861996121704578e-03
5.337872426025569439e-04 1.538537559099495411e-03
3.168121620547026396e-04 1.444591092877089977e-03
1.253494265256449580e-04 1.401303336024284363e-03
7.630820618942379951e-05 1.433945377357304096e-03
1.687638723524287343e-04 1.622191863134503365e-03
2.472258929628878832e-04 1.454368350096046925e-03
2.021291438722983003e-04 1.469078590162098408e-03
1.544071419630199671e-04 1.434981473721563816e-03
1.261997676920145750e-04 1.369420089758932590e-03
1.185912042274139822e-04 1.416545128449797630e-03
1.033192893373779953e-04 1.359162153676152229e-03
1.033770313370041549e-04 1.443582354113459587e-03
1.352739636786282063e-04 1.449789735488593578e-03
1.422463392373174429e-04 1.390132005326449871e-03
1.193721545860171318e-04 1.370769110508263111e-03
6.786156882299110293e-05 1.339106238447129726e-03
5.345807221601717174e-05 1.395940198563039303e-03
8.725024235900491476e-05 1.421603257767856121e-03
1.111770179704762995e-04 1.399256172589957714e-03
1.015295129036530852e-04 1.358448411338031292e-03
5.966011303826235235e-05 1.356699038296937943e-03
4.419229298946447670e-05 1.365270465612411499e-03
6.389737973222509027e-05 1.388144679367542267e-03
7.819207530701532960e-05 1.367081422358751297e-03
7.091669976944103837e-05 1.340812654234468937e-03
5.246489672572351992e-05 1.370029407553374767e-03
5.082448842586018145e-05 1.346203382126986980e-03
5.931595660513266921e-05 1.364269293844699860e-03
5.974594387225806713e-05 1.342925592325627804e-03
5.123409209772944450e-05 1.335846376605331898e-03
4.645773515221662819e-05 1.374353654682636261e-03
5.236176730250008404e-05 1.343098119832575321e-03
5.818893987452611327e-05 1.375439227558672428e-03
5.552155926125124097e-05 1.334996311925351620e-03
4.525758777162991464e-05 1.341508002951741219e-03
4.011865894426591694e-05 1.348517369478940964e-03
4.292741868994198740e-05 1.333026448264718056e-03
4.835274376091547310e-05 1.364444964565336704e-03
4.972651731804944575e-05 1.339978189207613468e-03
4.623183485819026828e-05 1.357641653157770634e-03
4.329127114033326507e-05 1.339762355200946331e-03
4.326707858126610518e-05 1.343215466476976871e-03
4.494813765631988645e-05 1.346692093648016453e-03
4.451116183190606534e-05 1.341243158094584942e-03
4.206298763165250421e-05 1.339809503406286240e-03
3.922624091501347721e-05 1.336231478489935398e-03
3.872697925544343889e-05 1.337056164629757404e-03
4.008623363915830851e-05 1.343248412013053894e-03
4.156503564445301890e-05 1.340628718025982380e-03
4.177400478511117399e-05 1.335846493020653725e-03
4.081718361703678966e-05 1.339132199063897133e-03
4.013363650301471353e-05 1.331712701357901096e-03
4.028580951853655279e-05 1.348257181234657764e-03
4.115898263989947736e-05 1.331195351667702198e-03
4.168384111835621297e-05 1.345826894976198673e-03
4.154819907853379846e-05 1.329006394371390343e-03
4.087998968316242099e-05 1.342325354926288128e-03
4.050580901093780994e-05 1.330586266703903675e-03
4.065977918799035251e-05 1.340459682978689671e-03
4.153286135988309979e-05 1.333201071247458458e-03
4.254317173035815358e-05 1.344288815744221210e-03
4.388061279314570129e-05 1.333775348030030727e-03
4.530240403255447745e-05 1.350504229776561260e-03
4.788379010278731585e-05 1.333979889750480652e-03
5.164022513781674206e-05 1.367732766084372997e-03
5.866197170689702034e-05 1.343793352134525776e-03
6.856842810520902276e-05 1.402346184477210045e-03
8.666967187309637666e-05 1.372414524666965008e-03
1.099580258596688509e-04 1.476829522289335728e-03
1.533172908239066601e-04 1.445039524696767330e-03
1.992582110688090324e-04 1.610772334970533848e-03
2.841471577994525433e-04 1.550422748550772667e-03
3.275599447079002857e-04 1.716727972961962223e-03
3.919514419976621866e-04 1.540515571832656860e-03
3.158264153171330690e-04 1.537937205284833908e-03
2.190607046941295266e-04 1.358943409286439419e-03
9.007531480165198445e-05 1.352977822534739971e-03
4.638736209017224610e-05 1.430592732504010201e-03
9.368405153509229422e-05 1.432041754014790058e-03
1.623728021513670683e-04 1.554343965835869312e-03
2.017712395172566175e-04 1.407182775437831879e-03
1.536040508653968573e-04 1.404137467034161091e-03
8.686648652656003833e-05 1.328771817497909069e-03
4.600344982463866472e-05 1.335274893790483475e-03
6.032927194610238075e-05 1.424158923327922821e-03
1.034981469274498522e-04 1.372869475744664669e-03
1.251115318154916167e-04 1.447586109861731529e-03
1.208637986565008759e-04 1.343981712125241756e-03
8.801019430393353105e-05 1.364040421321988106e-03
