0.0 -0.065 -0.065 -0.065 -0.065 0.057266217 0.19769135 0.12826702 0.034258034
0.0005 -0.065 -0.065 -0.065 -0.065 0.01473758 0.21458945 0.1462203 0.052763943
0.001 -0.065 -0.065 -0.065 -0.065 0.0063453633 0.19108719 0.15721808 0.07883157
0.0015 -0.065 -0.065 -0.065 -0.065 0.000105101615 0.1457482 0.16720808 0.0414144
0.002 -0.065 -0.065 -0.065 -0.065 0.017393105 0.12828667 0.13199095 0.031630654
0.0025 -0.065 -0.065 -0.065 -0.065 -0.0039445804 0.12078092 0.10946541 0.01549951
0.003 -0.065 -0.065 -0.065 -0.065 -0.0011660215 0.1041916 0.108044066 0.03559171
0.0035 -0.065 -0.065 -0.065 -0.065 -0.006414644 0.08119702 0.09617191 0.032671936
0.004 -0.065 -0.065 -0.065 -0.065 0.0007068026 0.08809828 0.05879964 -0.0033121482
0.0045 -0.065 -0.065 -0.065 -0.065 -0.027173588 0.06472562 0.04904241 -0.010222584
0.005 -0.065 -0.065 -0.065 -0.065 -0.033959683 0.02306255 0.040472582 -0.0018663183
0.0055 -0.065 -0.065 -0.065 -0.065 -0.030932795 0.008547187 0.028881878 -0.012028433
0.006 -0.065 -0.065 -0.065 -0.065 -0.02780243 -0.0055684 0.007659845 -0.01923003
0.0065 -0.065 -0.065 -0.065 -0.065 -0.03459114 -0.007937834 -0.003627859 -0.027043454
0.006999999999999999 -0.065 -0.065 -0.065 -0.065 -0.04084854 -0.016256496 -0.013034411 -0.031542033
0.0075 -0.065 -0.065 -0.065 -0.065 -0.041519623 -0.023098372 -0.020022519 -0.035130404
0.008 -0.065 -0.065 -0.065 -0.065 -0.04210006 -0.03176052 -0.02723471 -0.04024843
0.0085 -0.065 -0.065 -0.065 -0.065 -0.043536834 -0.034975417 -0.030639239 -0.042238183
0.009000000000000001 -0.065 -0.065 -0.065 -0.065 -0.04585246 -0.04010009 -0.03460195 -0.043082498
0.0095 -0.065 -0.065 -0.065 -0.065 -0.04493493 -0.04138132 -0.03731001 -0.04467251
0.01 -0.065 -0.065 -0.065 -0.065 -0.045822784 -0.044236876 -0.03969168 -0.045797892
0.0105 -0.065 -0.065 -0.065 -0.065 -0.045790233 -0.044425987 -0.04147605 -0.04695604
0.011000000000000001 -0.065 -0.065 -0.065 -0.065 -0.046904445 -0.045637377 -0.042791046 -0.04772321
0.0115 -0.065 -0.065 -0.065 -0.065 -0.04674227 -0.046817012 -0.04350669 -0.047863327
0.012 -0.065 -0.065 -0.065 -0.065 -0.04710403 -0.047881015 -0.044184856 -0.048280038
0.0125 -0.065 -0.065 -0.065 -0.065 -0.046930093 -0.04816068 -0.044802718 -0.048572727
0.013000000000000001 -0.065 -0.065 -0.065 -0.065 -0.0472631 -0.048626564 -0.045225434 -0.048699863
0.0135 -0.065 -0.065 -0.065 -0.065 -0.04717537 -0.048891746 -0.04552927 -0.048824526
0.013999999999999999 -0.065 -0.065 -0.065 -0.065 -0.047342017 -0.04910984 -0.045783423 -0.048976593
0.0145 -0.065 -0.065 -0.065 -0.065 -0.047302384 -0.049275868 -0.046009786 -0.049080677
0.015 -0.065 -0.065 -0.065 -0.065 -0.04741325 -0.049437203 -0.046128906 -0.049141757
0.0155 -0.065 -0.065 -0.065 -0.065 -0.04739957 -0.049593948 -0.046232276 -0.049164467
0.016 -0.065 -0.065 -0.065 -0.065 -0.047437258 -0.049668588 -0.04632347 -0.049209915
0.0165 -0.065 -0.065 -0.065 -0.065 -0.047426183 -0.04974196 -0.04640051 -0.049240105
0.017 -0.065 -0.065 -0.065 -0.065 -0.047457024 -0.049786977 -0.046449386 -0.049259
0.0175 -0.065 -0.065 -0.065 -0.065 -0.04745818 -0.049829505 -0.04649464 -0.049279727
0.018000000000000002 -0.065 -0.065 -0.065 -0.065 -0.047471773 -0.049856983 -0.046527423 -0.04929491
0.0185 -0.065 -0.065 -0.065 -0.065 -0.04747324 -0.04989309 -0.0465521 -0.049303927
0.019 -0.065 -0.065 -0.065 -0.065 -0.04748074 -0.04991088 -0.046571113 -0.04931221
0.0195 -0.065 -0.065 -0.065 -0.065 -0.04748228 -0.04992915 -0.04658746 -0.049318127
0.02 -0.065 -0.065 -0.065 -0.065 -0.047485605 -0.049940802 -0.046600185 -0.049322613
0.0205 -0.065 -0.065 -0.065 -0.065 -0.047486782 -0.049951635 -0.046609618 -0.049326904
0.021 -0.065 -0.065 -0.065 -0.065 -0.04748938 -0.049958162 -0.046617873 -0.049330227
0.0215 -0.065 -0.065 -0.065 -0.065 -0.04749036 -0.049964614 -0.04662385 -0.049332865
0.022000000000000002 -0.065 -0.065 -0.065 -0.065 -0.047491886 -0.049970187 -0.0466286 -0.04933452
0.0225 -0.065 -0.065 -0.065 -0.065 -0.047492284 -0.0499743 -0.04663212 -0.04933601
0.023 -0.065 -0.065 -0.065 -0.065 -0.04749314 -0.049977295 -0.046635382 -0.049337246
0.0235 -0.065 -0.065 -0.065 -0.065 -0.04749336 -0.04997965 -0.046637572 -0.049338065
0.024 -0.065 -0.065 -0.065 -0.065 -0.047494065 -0.049981736 -0.046639584 -0.04933884
0.0245 -0.065 -0.065 -0.065 -0.065 -0.04749418 -0.049982913 -0.046640925 -0.049339555
0.025 -0.065 -0.065 -0.065 -0.065 -0.047494713 -0.049984418 -0.046642207 -0.049339928
0.0255 -0.065 -0.065 -0.065 -0.065 -0.047494687 -0.049985297 -0.04664304 -0.049340256
0.026000000000000002 -0.065 -0.065 -0.065 -0.065 -0.047495008 -0.049986236 -0.0466438 -0.049340524
0.0265 -0.065 -0.065 -0.065 -0.065 -0.047494996 -0.049986728 -0.046644367 -0.049340792
0.027000000000000003 -0.065 -0.065 -0.065 -0.065 -0.047495194 -0.04998719 -0.046644904 -0.04934097
0.0275 -0.065 -0.065 -0.065 -0.065 -0.04749518 -0.049987487 -0.04664523 -0.04934118
0.027999999999999997 -0.065 -0.065 -0.065 -0.065 -0.047495328 -0.049987875 -0.04664556 -0.049341284
0.0285 -0.065 -0.065 -0.065 -0.065 -0.04749531 -0.049988054 -0.046645813 -0.049341373
0.028999999999999998 -0.065 -0.065 -0.065 -0.065 -0.0474954 -0.049988262 -0.046646006 -0.049341522
0.0295 -0.065 -0.065 -0.065 -0.065 -0.047495395 -0.049988426 -0.046646066 -0.049341477
0.03 -0.065 -0.065 -0.065 -0.065 -0.047495466 -0.049988545 -0.046646275 -0.049341507
0.0305 -0.065 -0.065 -0.065 -0.065 -0.047495432 -0.049988754 -0.046646275 -0.049341537
0.031 -0.065 -0.065 -0.065 -0.065 -0.047495496 -0.049988724 -0.046646334 -0.049341597
0.0315 -0.065 -0.065 -0.065 -0.065 -0.04749549 -0.0499888 -0.04664641 -0.04934164
0.032 -0.065 -0.065 -0.065 -0.065 -0.047495507 -0.049988903 -0.046646483 -0.049341597
0.0325 -0.065 -0.065 -0.065 -0.065 -0.0474955 -0.049988933 -0.046646483 -0.04934167
0.033 -0.065 -0.065 -0.065 -0.065 -0.047495507 -0.04998889 -0.046646602 -0.04934167
0.0335 -0.065 -0.065 -0.065 -0.065 -0.047495503 -0.049988963 -0.046646573 -0.0493417
0.034 -0.065 -0.065 -0.065 -0.065 -0.047495518 -0.049988948 -0.046646573 -0.049341656
0.0345 -0.065 -0.065 -0.065 -0.065 -0.04749555 -0.049989022 -0.046646558 -0.049341626
0.035 -0.065 -0.065 -0.065 -0.065 -0.047495566 -0.049988993 -0.046646528 -0.04934173
0.0355 -0.065 -0.065 -0.065 -0.065 -0.04749558 -0.049989037 -0.046646573 -0.04934164
0.036000000000000004 -0.065 -0.065 -0.065 -0.065 -0.047495537 -0.049989127 -0.046646677 -0.049341686
0.0365 -0.065 -0.065 -0.065 -0.065 -0.04749548 -0.049989022 -0.046646602 -0.0493417
0.037000000000000005 -0.065 -0.065 -0.065 -0.065 -0.047495548 -0.049989022 -0.046646647 -0.049341656
0.0375 -0.065 -0.065 -0.065 -0.065 -0.04749554 -0.049989037 -0.04664669 -0.049341686
0.038 -0.065 -0.065 -0.065 -0.065 -0.047495574 -0.049989127 -0.046646573 -0.0493417
0.0385 -0.065 -0.065 -0.065 -0.065 -0.047495496 -0.049989037 -0.046646632 -0.049341686
0.039 -0.065 -0.065 -0.065 -0.065 -0.047495548 -0.049989052 -0.046646707 -0.0493417
0.0395 -0.065 -0.065 -0.065 -0.065 -0.047495537 -0.049989097 -0.046646588 -0.04934161
0.04 -0.065 -0.065 -0.065 -0.065 -0.047495533 -0.049989097 -0.046646677 -0.049341686
0.0405 -0.065 -0.065 -0.065 -0.065 -0.047495548 -0.049988978 -0.046646737 -0.04934179
0.040999999999999995 -0.065 -0.065 -0.065 -0.065 -0.047495566 -0.049989082 -0.046646602 -0.049341626
0.0415 -0.065 -0.065 -0.065 -0.065 -0.047495525 -0.04998917 -0.046646662 -0.049341597
0.042 -0.065 -0.065 -0.065 -0.065 -0.04749549 -0.049989052 -0.04664669 -0.04934173
0.0425 -0.065 -0.065 -0.065 -0.065 -0.047495555 -0.049989037 -0.046646766 -0.049341746
0.043 -0.065 -0.065 -0.065 -0.065 -0.047495563 -0.049989156 -0.04664672 -0.049341656
0.0435 -0.065 -0.065 -0.065 -0.065 -0.04749553 -0.049989127 -0.046646677 -0.04934173
0.044000000000000004 -0.065 -0.065 -0.065 -0.065 -0.047495514 -0.049989082 -0.046646677 -0.049341746
0.0445 -0.065 -0.065 -0.065 -0.065 -0.047495577 -0.049989022 -0.046646766 -0.0493417
0.045 -0.065 -0.065 -0.065 -0.065 -0.04749552 -0.049989097 -0.04664675 -0.04934173
0.0455 -0.065 -0.065 -0.065 -0.065 -0.04749558 -0.04998914 -0.04664675 -0.04934176
0.046 -0.065 -0.065 -0.065 -0.065 -0.047495484 -0.0499892 -0.04664678 -0.04934176
0.0465 -0.065 -0.065 -0.065 -0.065 -0.047495537 -0.049989097 -0.046646737 -0.049341746
0.047 -0.065 -0.065 -0.065 -0.065 -0.047495514 -0.049989097 -0.04664675 -0.0493417
0.0475 -0.065 -0.065 -0.065 -0.065 -0.047495537 -0.049989082 -0.046646707 -0.049341716
0.048 -0.065 -0.065 -0.065 -0.065 -0.047495514 -0.049989082 -0.046646796 -0.04934176
0.0485 -0.065 -0.065 -0.065 -0.065 -0.04749552 -0.04998911 -0.04664675 -0.04934176
0.049 -0.065 -0.065 -0.065 -0.065 -0.047495537 -0.04998917 -0.04664675 -0.049341716
0.0495 -0.065 -0.065 -0.065 -0.065 -0.04749552 -0.04998914 -0.04664672 -0.049341716
0.05 -0.065 -0.065 -0.065 -0.065 -0.04749552 -0.04998914 -0.04664672 -0.04934173
0.0505 -0.065 -0.065 -0.065 -0.065 -0.047495525 -0.049989082 -0.046646766 -0.049341746
0.051 -0.065 -0.065 -0.065 -0.065 -0.047495537 -0.049989082 -0.046646707 -0.04934176
0.0515 -0.065 -0.065 -0.065 -0.065 -0.047495537 -0.049989127 -0.046646707 -0.049341656
0.052000000000000005 -0.065 -0.065 -0.065 -0.065 -0.047495507 -0.04998914 -0.04664675 -0.049341716
0.0525 -0.065 -0.065 -0.065 -0.065 -0.047495514 -0.04998914 -0.04664678 -0.04934179
0.053 -0.065 -0.065 -0.065 -0.065 -0.04749552 -0.04998914 -0.046646766 -0.049341716
0.0535 -0.065 -0.065 -0.065 -0.065 -0.04749553 -0.049989127 -0.046646707 -0.049341716
0.054000000000000006 -0.065 -0.065 -0.065 -0.065 -0.047495514 -0.049989127 -0.046646707 -0.0493417
0.0545 -0.065 -0.065 -0.065 -0.065 -0.04749552 -0.049989097 -0.04664675 -0.04934173
0.055 -0.065 -0.065 -0.065 -0.065 -0.04749552 -0.049989082 -0.04664678 -0.04934176
0.0555 -0.065 -0.065 -0.065 -0.065 -0.04749552 -0.04998911 -0.04664675 -0.049341746
0.055999999999999994 -0.065 -0.065 -0.065 -0.065 -0.04749552 -0.04998917 -0.04664675 -0.0493417
0.0565 -0.065 -0.065 -0.065 -0.065 -0.04749552 -0.04998914 -0.04664672 -0.04934173
0.057 -0.065 -0.065 -0.065 -0.065 -0.04749552 -0.04998914 -0.046646737 -0.0493417
0.0575 -0.065 -0.065 -0.065 -0.065 -0.047495514 -0.04998911 -0.046646737 -0.04934173
0.057999999999999996 -0.065 -0.065 -0.065 -0.065 -0.04749552 -0.049989127 -0.046646766 -0.049341775
0.0585 -0.065 -0.065 -0.065 -0.065 -0.04749552 -0.049989127 -0.04664672 -0.049341746
0.059000000000000004 -0.065 -0.065 -0.065 -0.065 -0.04749556 -0.049989156 -0.04664675 -0.049341716
0.0595 -0.065 -0.065 -0.065 -0.065 -0.047495484 -0.04998914 -0.046646737 -0.04934173
0.06 -0.065 -0.065 -0.065 -0.065 -0.047495537 -0.049989127 -0.04664672 -0.04934179
0.0605 -0.065 -0.065 -0.065 -0.065 -0.047495507 -0.049989127 -0.04664675 -0.049341746
0.061 -0.065 -0.065 -0.065 -0.065 -0.04749556 -0.049989156 -0.04664675 -0.049341716
0.0615 -0.065 -0.065 -0.065 -0.065 -0.04749549 -0.04998917 -0.04664675 -0.049341686
0.062 -0.065 -0.065 -0.065 -0.065 -0.047495537 -0.049989127 -0.046646737 -0.04934176
0.0625 -0.065 -0.065 -0.065 -0.065 -0.0474955 -0.049989127 -0.046646766 -0.049341775
0.063 -0.065 -0.065 -0.065 -0.065 -0.047495537 -0.049989127 -0.04664675 -0.049341716
0.0635 -0.065 -0.065 -0.065 -0.065 -0.047495537 -0.049989156 -0.04664672 -0.049341686
0.064 -0.065 -0.065 -0.065 -0.065 -0.04749552 -0.04998911 -0.046646766 -0.049341746
0.0645 -0.065 -0.065 -0.065 -0.065 -0.047495514 -0.049989097 -0.046646766 -0.04934179
0.065 -0.065 -0.065 -0.065 -0.065 -0.04749553 -0.04998914 -0.046646737 -0.0493417
0.0655 -0.065 -0.065 -0.065 -0.065 -0.04749556 -0.049989156 -0.04664675 -0.049341716
0.066 -0.065 -0.065 -0.065 -0.065 -0.047495507 -0.04998917 -0.04664672 -0.049341746
0.0665 -0.065 -0.065 -0.065 -0.065 -0.047495566 -0.049989127 -0.046646737 -0.0493417
0.067 -0.065 -0.065 -0.065 -0.065 -0.047495514 -0.04998911 -0.046646737 -0.0493417
0.0675 -0.065 -0.065 -0.065 -0.065 -0.04749555 -0.049989127 -0.04664675 -0.04934176
0.068 -0.065 -0.065 -0.065 -0.065 -0.04749549 -0.049989156 -0.04664675 -0.049341746
0.0685 -0.065 -0.065 -0.065 -0.065 -0.047495537 -0.049989097 -0.04664675 -0.04934179
0.069 -0.065 -0.065 -0.065 -0.065 -0.047495514 -0.04998914 -0.04664675 -0.049341716
0.0695 -0.065 -0.065 -0.065 -0.065 -0.04749556 -0.049989127 -0.046646737 -0.049341716
0.07 -0.065 -0.065 -0.065 -0.065 -0.047495514 -0.049989127 -0.04664675 -0.04934173
0.0705 -0.065 -0.065 -0.065 -0.065 -0.047495514 -0.049989097 -0.046646796 -0.049341805
0.071 -0.065 -0.065 -0.065 -0.065 -0.047495544 -0.049989156 -0.046646766 -0.049341746
0.0715 -0.065 -0.065 -0.065 -0.065 -0.04749552 -0.04998917 -0.046646707 -0.049341686
0.07200000000000001 -0.065 -0.065 -0.065 -0.065 -0.047495507 -0.04998914 -0.046646737 -0.049341746
0.0725 -0.065 -0.065 -0.065 -0.065 -0.047495507 -0.049989127 -0.046646737 -0.049341746
0.073 -0.065 -0.065 -0.065 -0.065 -0.04749556 -0.04998914 -0.04664675 -0.049341716
0.0735 -0.065 -0.065 -0.065 -0.065 -0.0474955 -0.049989156 -0.04664672 -0.049341686
0.07400000000000001 -0.065 -0.065 -0.065 -0.065 -0.047495537 -0.049989127 -0.04664675 -0.049341746
0.0745 -0.065 -0.065 -0.065 -0.065 -0.0474955 -0.049989127 -0.046646796 -0.04934179
0.075 -0.065 -0.065 -0.065 -0.065 -0.047495566 -0.049989127 -0.046646707 -0.049341686
0.0755 -0.065 -0.065 -0.065 -0.065 -0.047495514 -0.049989127 -0.046646737 -0.049341686
0.076 -0.065 -0.065 -0.065 -0.065 -0.047495537 -0.04998911 -0.046646766 -0.04934176
0.0765 -0.065 -0.065 -0.065 -0.065 -0.04749552 -0.049989156 -0.046646766 -0.04934179
0.077 -0.065 -0.065 -0.065 -0.065 -0.047495537 -0.049989127 -0.04664672 -0.049341716
0.0775 -0.065 -0.065 -0.065 -0.065 -0.047495537 -0.049989156 -0.046646766 -0.04934167
0.078 -0.065 -0.065 -0.065 -0.065 -0.04749553 -0.04998911 -0.04664675 -0.04934173
0.0785 -0.065 -0.065 -0.065 -0.065 -0.047495537 -0.04998917 -0.046646796 -0.04934179
0.079 -0.065 -0.065 -0.065 -0.065 -0.04749552 -0.04998917 -0.04664675 -0.049341746
0.0795 -0.065 -0.065 -0.065 -0.065 -0.047495537 -0.04998914 -0.04664675 -0.0493417
0.08 -0.065 -0.065 -0.065 -0.065 -0.04749552 -0.049989156 -0.04664678 -0.049341746
0.0805 -0.065 -0.065 -0.065 -0.065 -0.04749552 -0.04998911 -0.046646737 -0.04934176
0.081 -0.065 -0.065 -0.065 -0.065 -0.04749555 -0.04998914 -0.046646737 -0.049341716
0.0815 -0.065 -0.065 -0.065 -0.065 -0.04749549 -0.049989127 -0.04664672 -0.049341716
0.08199999999999999 -0.065 -0.065 -0.065 -0.065 -0.047495514 -0.049989082 -0.04664675 -0.049341775
0.0825 -0.065 -0.065 -0.065 -0.065 -0.047495544 -0.04998911 -0.046646737 -0.0493417
0.083 -0.065 -0.065 -0.065 -0.065 -0.04749555 -0.049989156 -0.04664675 -0.049341716
0.0835 -0.065 -0.065 -0.065 -0.065 -0.047495507 -0.049989156 -0.046646737 -0.04934173
0.084 -0.065 -0.065 -0.065 -0.065 -0.047495507 -0.049989097 -0.046646737 -0.04934176
0.0845 -0.065 -0.065 -0.065 -0.065 -0.04749553 -0.04998911 -0.04664672 -0.049341716
0.085 -0.065 -0.065 -0.065 -0.065 -0.047495566 -0.04998914 -0.046646766 -0.0493417
0.0855 -0.065 -0.065 -0.065 -0.065 -0.04749552 -0.04998914 -0.046646796 -0.04934176
0.086 -0.065 -0.065 -0.065 -0.065 -0.047495537 -0.049989156 -0.046646766 -0.04934176
0.0865 -0.065 -0.065 -0.065 -0.065 -0.047495544 -0.049989097 -0.04664675 -0.049341746
0.087 -0.065 -0.065 -0.065 -0.065 -0.047495514 -0.04998911 -0.046646707 -0.049341716
0.0875 -0.065 -0.065 -0.065 -0.065 -0.047495537 -0.049989127 -0.046646766 -0.04934173
0.08800000000000001 -0.065 -0.065 -0.065 -0.065 -0.0474955 -0.049989156 -0.04664678 -0.04934179
0.0885 -0.065 -0.065 -0.065 -0.065 -0.04749553 -0.049989127 -0.04664675 -0.049341775
0.08900000000000001 -0.065 -0.065 -0.065 -0.065 -0.047495507 -0.04998914 -0.046646737 -0.049341775
0.0895 -0.065 -0.065 -0.065 -0.065 -0.047495537 -0.049989127 -0.046646737 -0.0493417
0.09 -0.065 -0.065 -0.065 -0.065 -0.04749556 -0.049989156 -0.04664672 -0.0493417
0.0905 -0.065 -0.065 -0.065 -0.065 -0.04749552 -0.049989156 -0.046646707 -0.049341746
0.091 -0.065 -0.065 -0.065 -0.065 -0.047495514 -0.049989097 -0.04664672 -0.04934176
0.0915 -0.065 -0.065 -0.065 -0.065 -0.047495574 -0.049989127 -0.046646737 -0.049341686
0.092 -0.065 -0.065 -0.065 -0.065 -0.047495514 -0.049989127 -0.04664675 -0.04934173
0.0925 -0.065 -0.065 -0.065 -0.065 -0.047495566 -0.049989127 -0.046646737 -0.049341746
0.09300000000000001 -0.065 -0.065 -0.065 -0.065 -0.047495507 -0.049989127 -0.046646737 -0.04934176
0.0935 -0.065 -0.065 -0.065 -0.065 -0.047495563 -0.04998911 -0.046646677 -0.049341686
0.094 -0.065 -0.065 -0.065 -0.065 -0.04749552 -0.049989127 -0.04664672 -0.049341656
0.0945 -0.065 -0.065 -0.065 -0.065 -0.04749553 -0.049989082 -0.04664675 -0.04934176
0.095 -0.065 -0.065 -0.065 -0.065 -0.04749552 -0.04998911 -0.046646766 -0.049341746
0.0955 -0.065 -0.065 -0.065 -0.065 -0.047495514 -0.049989097 -0.04664672 -0.049341746
0.096 -0.065 -0.065 -0.065 -0.065 -0.047495537 -0.049989097 -0.046646737 -0.0493417
0.0965 -0.065 -0.065 -0.065 -0.065 -0.047495537 -0.04998911 -0.046646737 -0.049341716
0.09699999999999999 -0.065 -0.065 -0.065 -0.065 -0.047495537 -0.049989156 -0.046646737 -0.04934173
0.0975 -0.065 -0.065 -0.065 -0.065 -0.0474955 -0.04998911 -0.046646766 -0.04934179
0.098 -0.065 -0.065 -0.065 -0.065 -0.04749553 -0.049989127 -0.046646707 -0.049341746
0.0985 -0.065 -0.065 -0.065 -0.065 -0.04749552 -0.04998914 -0.046646737 -0.04934167
0.099 -0.065 -0.065 -0.065 -0.065 -0.04749553 -0.049989082 -0.046646737 -0.04934173
0.0995 -0.065 -0.065 -0.065 -0.065 -0.047495537 -0.049989097 -0.04664678 -0.049341775
0.1 -0.065 -0.065 -0.065 -0.065 0.030748019 -0.27741382 0.3609195 0.2511043
0.1005 -0.05364023 -0.06490283 -0.06393973 -0.05928345 0.21841973 -0.11329848 0.32094836 0.071256235
0.10099999999999999 -0.04157442 -0.0645434 -0.06229162 -0.05417503 0.101127386 -0.23127398 0.21701355 0.0115131065
0.1015 -0.03399742 -0.063925 -0.06095807 -0.05017674 0.12947151 -0.14325815 0.07219201 -0.10477685
0.102 -0.02910543 -0.06306143 -0.05980025 -0.04654107 0.19816524 0.07819308 0.0964363 -0.10806484
0.1025 -0.02547948 -0.06195835 -0.05866356 -0.04304102 0.1930974 0.084845446 0.03301853 0.0013212189
0.10300000000000001 -0.0224232 -0.06061755 -0.05747113 -0.03961788 0.18772967 0.20972094 0.05501529 -0.07625767
0.1035 -0.01962909 -0.05903965 -0.05618988 -0.03625471 0.13336697 0.18036383 0.05140736 -0.06895023
0.10400000000000001 -0.01696454 -0.05722519 -0.05480591 -0.03294492 0.14267108 0.14926255 0.071513906 -0.031490736
0.1045 -0.0143766 -0.05517419 -0.05331385 -0.02968757 0.15272558 0.1348046 0.10012023 -0.020773068
0.105 -0.01185248 -0.05288624 -0.05171254 -0.02648395 0.1733119 0.15281142 0.13776472 0.03380324
0.1055 -0.009373864 -0.05036459 -0.05000067 -0.02332968 0.16392732 0.1845347 0.14216223 0.040810697
0.106 -0.006917896 -0.04761267 -0.04817635 -0.02021722 0.17058879 0.2167744 0.15916996 0.050164416
0.1065 -0.004476812 -0.04463445 -0.04625566 -0.0171455 0.15338373 0.2134355 0.17052001 0.060203604
0.107 -0.0020544870000000002 -0.04143758 -0.04426162 -0.01411872 0.16369772 0.22733214 0.18930376 0.070380606
0.1075 0.00034927199999999997 -0.03802588 -0.04214916 -0.01113175 0.15724555 0.23213652 0.20355624 0.081543
0.10800000000000001 0.002732798 -0.03440104 -0.0399083 -0.008180156 0.16541624 0.24264789 0.22026345 0.096274026
0.1085 0.005087009 -0.03056448 -0.03754306 -0.005263348 0.15961729 0.25384837 0.2299082 0.10082218
0.109 0.007420988000000001 -0.0265204 -0.03505803 -0.00238198 0.16309166 0.26610175 0.2398307 0.10701805
0.1095 0.009741419 -0.02227287 -0.03245708 0.0004667019 0.15832998 0.27381662 0.24815017 0.11096196
0.11 0.0120475 -0.0178258 -0.02974595 0.0032844659999999998 0.16108872 0.28237006 0.25796854 0.11671735
0.1105 0.01433793 -0.01318304 -0.02692702 0.00607259 0.1581022 0.28992808 0.26570538 0.120575644
0.111 0.01661243 -0.008348472 -0.02400054 0.00883208 0.15968388 0.29834145 0.27354214 0.124829605
0.1115 0.01887011 -0.003326013 -0.02096785 0.01156379 0.15726438 0.30576038 0.2801614 0.12768805
0.11199999999999999 0.02111023 0.0018822670000000002 -0.01780116 0.01426877 0.15786394 0.31342795 0.28683642 0.13082246
0.1125 0.0233313 0.007264746 -0.01453417 0.01694871 0.15604171 0.32059535 0.2928103 0.13315336
0.113 0.025531599999999998 0.01277531 -0.01119156 0.01960411 0.15615939 0.3276966 0.29888308 0.13584259
0.1135 0.02771385 0.01838568 -0.0077654740000000005 0.02223484 0.15472153 0.33455253 0.3044626 0.13796216
0.114 0.0298791 0.02411863 -0.004247924 0.024840900000000003 0.1544753 0.3414416 0.30996487 0.14015079
0.1145 0.03202759 0.03000003 -0.0006337942 0.0274233 0.15325224 0.34814227 0.31514725 0.14199705
0.115 0.03415295 0.03604989 0.003076308 0.02997956 0.15278238 0.35478157 0.3202864 0.14390649
0.1155 0.03624133 0.04228006 0.006878648 0.03250492 0.15171956 0.3613268 0.32520452 0.14558518
0.11599999999999999 0.03831053 0.04869519 0.01078039 0.03500817 0.15111442 0.36782107 0.33005032 0.14727786
0.1165 0.04037172 0.05529472 0.01478337 0.03749339 0.15014681 0.37424177 0.33473578 0.14881557
0.11699999999999999 0.04242662 0.06207446 0.018886 0.039961699999999996 0.1494572 0.38060823 0.33934596 0.15034154
0.1175 0.04447343 0.06902794 0.0230857 0.04241351 0.14855267 0.38692418 0.34382996 0.15175655
0.11800000000000001 0.04650941 0.0761475 0.02737446 0.0448487 0.14781651 0.39318755 0.34823862 0.15315
0.1185 0.04850918 0.0834238 0.03168912 0.04724992 0.1469544 0.3994069 0.3525437 0.15446183
0.11900000000000001 0.05044703 0.09084697 0.0360578 0.04956213 0.1461932 0.40557948 0.35677144 0.15574154
0.1195 0.05235222 0.09840875 0.04052204 0.0518548 0.14535995 0.41171253 0.36090755 0.15695605
0.12 0.05425055 0.1061032 0.04509211 0.05414498 0.14458789 0.41780064 0.3649679 0.15813567
0.1205 0.05613872 0.1139251 0.04976309 0.05642782 0.14377634 0.42385095 0.36894447 0.15926096
0.121 0.05803453 0.12186949999999999 0.05454017 0.05871226 0.14300261 0.42985937 0.37284586 0.16034898
0.1215 0.05994227 0.1299325 0.05941987 0.06099947 0.14220859 0.4358309 0.3766683 0.16138938
0.122 0.06185704 0.1381106 0.06439576 0.06328727 0.14143877 0.44176203 0.3804167 0.16239241
0.1225 0.06377222 0.14640060000000002 0.06946169 0.06557310000000001 0.1406602 0.44765648 0.38408947 0.1633521
0.12300000000000001 0.06568247 0.1547996 0.07461268 0.06785481 0.1398983 0.45351216 0.3876893 0.16427451
0.1235 0.06758414 0.1633046 0.0798449 0.0701307 0.13913433 0.45933136 0.39121583 0.16515684
0.124 0.06947489 0.17191289999999998 0.08515541 0.07239947 0.13838284 0.46511257 0.39467075 0.16600278
0.1245 0.07135346 0.1806219 0.09054189 0.07466013 0.13763337 0.47085735 0.39805415 0.16681094
0.125 0.07321929 0.18942920000000002 0.09600249 0.07691199 0.1368942 0.47656503 0.40136734 0.16758373
0.1255 0.07507222 0.1983319 0.10153560000000002 0.07915454 0.13615952 0.48223636 0.40461048 0.16832076
0.126 0.07691236 0.2073272 0.10713989999999998 0.08138746 0.13543431 0.4878708 0.40778494 0.1690237
0.1265 0.07873999 0.2164125 0.1128142 0.08361063 0.13471511 0.49346945 0.41089085 0.16969234
0.127 0.08055549999999999 0.2255859 0.11855710000000001 0.08582405 0.1340047 0.49903142 0.41392934 0.17032836
0.1275 0.08235927 0.23484560000000002 0.12436769999999998 0.08802774 0.13330173 0.5045574 0.416901 0.17093207
0.128 0.08415151 0.24418979999999996 0.1302449 0.09022156 0.13260747 0.5100475 0.41980654 0.17150405
0.1285 0.08593244 0.253617 0.13618770000000002 0.09240564 0.13192132 0.5155016 0.42264655 0.17204507
0.129 0.08770255 0.26312559999999996 0.14219489999999999 0.09458027 0.13124405 0.5209198 0.42542213 0.17255619
0.1295 0.08946236 0.2727143 0.1482654 0.09674593 0.13057561 0.5263024 0.42813367 0.1730378
0.13 0.09121223 0.2823817 0.1543986 0.09890285 0.12991633 0.5316493 0.43078217 0.17349054
0.1305 0.09295239 0.2921264 0.1605936 0.1010511 0.12926625 0.5369606 0.4333682 0.17391554
0.131 0.09468304 0.30194699999999997 0.16684939999999998 0.103191 0.1286257 0.5422364 0.43589258 0.17431293
0.1315 0.09639811 0.3118419 0.1731644 0.1053175 0.12799487 0.54747665 0.43835628 0.17468396
0.132 0.09808528 0.321809 0.1795351 0.1074259 0.12737396 0.5526817 0.44075984 0.17502922
0.1325 0.09976075 0.3318468 0.1859625 0.10952160000000001 0.12676297 0.55785143 0.44310382 0.17534894
0.133 0.10143239999999999 0.3419533 0.1924454 0.11159970000000001 0.12616232 0.562986 0.4453893 0.17564413
0.1335 0.10310250000000001 0.3521275 0.1989848 0.11366389999999998 0.12557203 0.568085 0.44761717 0.17591588
0.134 0.104771 0.3623685 0.20558099999999999 0.1157241 0.12499245 0.57314926 0.44978788 0.17616424
0.1345 0.10643659999999999 0.372675 0.21223320000000004 0.1177859 0.12442349 0.57817835 0.45190248 0.17639
0.135 0.10808430000000001 0.3830455 0.2189381 0.11983339999999998 0.1238654 0.58317256 0.45396158 0.17659399
0.1355 0.1097097 0.3934783 0.22569270000000002 0.12186760000000002 0.12331849 0.5881315 0.45596606 0.17677703
0.136 0.11133030000000001 0.4039722 0.2324991 0.12390219999999999 0.122782834 0.5930557 0.4579167 0.17693937
0.1365 0.1129533 0.41452619999999996 0.239358 0.1259399 0.12225849 0.5979451 0.4598142 0.17708194
0.13699999999999998 0.11457830000000001 0.4251392 0.24626869999999998 0.1279799 0.121745676 0.60279953 0.46165937 0.17720526
0.1375 0.11620280000000001 0.43580990000000003 0.2532297 0.13002060000000001 0.12124449 0.60761935 0.4634532 0.17730999
0.138 0.1178134 0.4465365 0.2602375 0.1320446 0.12075512 0.6124043 0.4651963 0.17739695
0.1385 0.1193989 0.4573170999999999 0.2672881 0.13404860000000002 0.120277755 0.61715466 0.46688944 0.17746654
0.139 0.12097770000000001 0.46815070000000003 0.2743848 0.1360522 0.11981236 0.6218703 0.46853358 0.17751941
0.1395 0.12255930000000001 0.4790366 0.2815293 0.13805989999999999 0.11935914 0.62655133 0.47012934 0.1775563
0.14 0.1241443 0.4899739000000001 0.288721 0.14007120000000003 0.118918255 0.63119787 0.47167742 0.1775775
0.1405 0.1257301 0.5009617000000001 0.2959585 0.1420843 0.118489765 0.63580984 0.47317892 0.177584
0.141 0.12731389999999998 0.5119989 0.3032404 0.1440979 0.11807377 0.64038724 0.47463456 0.17757624
0.1415 0.128894 0.5230844 0.3105655 0.1461112 0.117670424 0.6449304 0.4760447 0.17755464
0.142 0.1304692 0.5342170999999999 0.3179328 0.14812329999999999 0.1172798 0.6494393 0.4774107 0.17751986
0.1425 0.1320387 0.5453958999999999 0.3253413 0.1501336 0.1169018 0.6539135 0.4787331 0.17747271
0.14300000000000002 0.13360229999999998 0.5566198 0.3327903 0.15213220000000002 0.11653678 0.6583536 0.48001266 0.17741342
0.1435 0.1351565 0.5678875 0.3402788 0.15387320000000002 0.11618477 0.66275936 0.48125 0.17734271
0.14400000000000002 0.1366825 0.5791977 0.34780370000000005 0.1554906 0.115845814 0.66713095 0.48244628 0.17726098
0.1445 0.13817349999999998 0.5905469 0.35536009999999996 0.1571727 0.11551997 0.67146826 0.48360202 0.17716898
0.145 0.1396525 0.6019346 0.3629506 0.1589382 0.11520734 0.6757716 0.48471805 0.1770671
0.1455 0.1411414 0.6133611999999999 0.3705799 0.1607389 0.11490788 0.6800408 0.48579508 0.17695577
0.146 0.1426437 0.6248254 0.3782489 0.1624355 0.11462175 0.68427604 0.486834 0.1768356
0.1465 0.14415429999999999 0.6363274999999999 0.38595619999999997 0.1641999 0.114348926 0.688477 0.48783544 0.17670715
0.147 0.14566800000000002 0.6478673 0.39370029999999995 0.1660497 0.114089675 0.6926444 0.48880026 0.17657083
0.1475 0.1471817 0.6594445999999999 0.4014798 0.167966 0.113843724 0.6967779 0.48972908 0.17642722
0.14800000000000002 0.1486936 0.6710587 0.4092938 0.1699305 0.11361128 0.7008775 0.49062273 0.17627665
0.1485 0.15020250000000002 0.682709 0.41714140000000005 0.17192910000000003 0.11339235 0.70494336 0.49148202 0.17611945
0.149 0.1517079 0.6943946 0.42502170000000006 0.1739509 0.113187045 0.70897543 0.49230763 0.17595647
0.1495 0.1532094 0.7061145999999999 0.43293409999999993 0.1759878 0.11299524 0.712974 0.4931002 0.17578796
0.15 0.1547065 0.7178680000000001 0.4408773 0.1780306 0.11280667 0.7168442 0.49387008 0.17565678
0.1505 0.15619760000000002 0.7295483 0.4487806 0.1800685 0.1107029 0.7135916 0.49724084 0.17830625
0.151 0.1576826 0.7409745 0.45655429999999997 0.18210410000000002 0.11070242 0.70374364 0.5009477 0.1818947
0.1515 0.1591622 0.7520799 0.4642125 0.1841361 0.11243747 0.698726 0.5055215 0.18489856
0.152 0.1606332 0.7628304 0.4717704000000001 0.1861622 0.11342673 0.6941567 0.5091234 0.1884655
0.1525 0.16209229999999997 0.7732073 0.47923530000000003 0.18818010000000002 0.11492693 0.69071156 0.512788 0.19169074
0.153 0.16353689999999999 0.7831991 0.48660909999999996 0.19018210000000002 0.11560167 0.6871105 0.5158332 0.19414195
0.1535 0.164952 0.7927976 0.49388820000000005 0.1921469 0.11661206 0.683617 0.5189666 0.19646814
0.154 0.16635450000000002 0.8020007 0.5010733 0.19409479999999998 0.11731572 0.67977536 0.52215755 0.19892254
0.1545 0.16774129999999998 0.8108017 0.5077879 0.1960244 0.11833866 0.67586726 0.5254638 0.20149754
0.155 0.1690961 0.8191624 0.5136604 0.1979424 0.11918316 0.67202735 0.5286785 0.20397818
0.1555 0.17045839999999998 0.8270924000000001 0.5197199 0.1998558 0.120150246 0.6682452 0.5318577 0.20641497
0.156 0.17184370000000002 0.8346078000000001 0.5255025 0.20176229999999998 0.1210061 0.664497 0.5349963 0.20879722
0.1565 0.17322970000000001 0.8416954 0.5310332 0.2036437 0.12192631 0.6607497 0.53812045 0.21115458
0.157 0.1746068 0.8483871999999999 0.5370235 0.20550429999999997 0.122791335 0.65702504 0.5412204 0.21347335
0.1575 0.1759914 0.8547188 0.5434249 0.2073631 0.123685755 0.6533007 0.5443009 0.21576726
0.158 0.1773879 0.8607121999999999 0.5500513000000001 0.20921820000000002 0.12455127 0.6495978 0.54735816 0.21802565
0.1585 0.1787898 0.8663784 0.5567430999999999 0.2110558 0.12542766 0.6459045 0.55039173 0.2202535
0.159 0.1801925 0.8717244000000001 0.5633975 0.2128893 0.12628713 0.64223206 0.55340123 0.22244686
0.1595 0.18159460000000002 0.8767538 0.5699562 0.21472420000000003 0.12714802 0.6385715 0.55638623 0.22460839
0.16 0.1829944 0.8814683000000001 0.5763884 0.21655970000000002 0.12799747 0.63492835 0.5593471 0.22673655
0.1605 0.1843902 0.8858696 0.5826809000000001 0.2183938 0.12884389 0.6312985 0.5622824 0.2288318
0.161 0.1857808 0.8899597 0.5888304 0.2202245 0.12968129 0.6276849 0.5651924 0.23089334
0.1615 0.1871651 0.8937411 0.5948388000000001 0.22205039999999998 0.1305134 0.6240849 0.5680763 0.23292193
0.162 0.18854279999999998 0.8972155999999999 0.600711 0.2238701 0.13133748 0.6205004 0.57093394 0.23491666
0.1625 0.1899136 0.9003873 0.6064526 0.2256827 0.13215487 0.6169298 0.5737648 0.23687798
0.163 0.1912774 0.9032626 0.6120694999999999 0.22748779999999996 0.13296452 0.61337405 0.5765684 0.23880556
0.1635 0.1926344 0.9058476000000001 0.6175670999999999 0.2292846 0.13376673 0.60983205 0.57934445 0.24069941
0.16399999999999998 0.1939845 0.9081484000000001 0.6229505 0.23107289999999997 0.13456094 0.6063042 0.58209246 0.24255937
0.1645 0.1953279 0.9101708000000001 0.628224 0.2328524 0.13534717 0.60278976 0.5848121 0.24438572
0.165 0.19665320000000003 0.9119166 0.6333883000000001 0.2345899 0.13612516 0.5992888 0.5875032 0.24617794
0.1655 0.1979404 0.9133914000000001 0.6384406 0.23627150000000002 0.1368947 0.595801 0.59016484 0.24793643
0.166 0.1992145 0.9146044 0.6433906999999999 0.23794479999999998 0.13765556 0.5923259 0.5927974 0.24966127
0.1665 0.2004934 0.9155633 0.648246 0.23962529999999996 0.1384077 0.5888633 0.5954001 0.25135222
0.16699999999999998 0.20167929999999998 0.9162753 0.6530098000000001 0.24131370000000002 0.13915068 0.5854129 0.5979728 0.25300962
0.1675 0.2027028 0.9167464 0.6576823 0.2430069 0.13988444 0.5819744 0.600515 0.2546334
0.168 0.20379679999999997 0.9169825 0.6622644 0.24470189999999997 0.14060874 0.5785473 0.60302675 0.2562236
0.1685 0.20499539999999997 0.9169889999999999 0.6667576999999999 0.24639650000000002 0.14132352 0.5751312 0.6055077 0.2577807
0.16899999999999998 0.2062708 0.9167716 0.6711628000000001 0.2480886 0.14202826 0.5717257 0.60795736 0.25930458
0.1695 0.2075625 0.916334 0.6754387 0.2497584 0.14272317 0.5683305 0.61037564 0.26079533
0.17 0.2088527 0.9156798 0.6796093000000001 0.2514077 0.1434076 0.5649453 0.61276233 0.26225337
0.1705 0.2101532 0.9148149 0.6837138 0.2530542 0.14408185 0.56156915 0.6151173 0.26367888
0.171 0.21146170000000003 0.9137457 0.6877563 0.25470160000000003 0.14474535 0.5582021 0.61744016 0.265072
0.1715 0.21277159999999998 0.9124781 0.6917319000000001 0.2563491 0.1453979 0.55484337 0.6197309 0.266433
0.172 0.2140768 0.9110173 0.6956352 0.257995 0.14603959 0.5514925 0.6219893 0.26776227
0.1725 0.2153736 0.9093683000000001 0.6994626 0.2596378 0.14666994 0.5481492 0.6242151 0.26905987
0.17300000000000001 0.21665990000000002 0.9075353999999999 0.7032124 0.2612763 0.14728875 0.5448127 0.62640834 0.27032635
0.1735 0.21793420000000002 0.9055231 0.7068840000000001 0.2629094 0.14789617 0.5414824 0.62856865 0.27156192
0.174 0.2191955 0.9033353999999999 0.7104775 0.26453590000000005 0.1484915 0.5381581 0.6306962 0.27276695
0.1745 0.2204448 0.9009765 0.7139935000000001 0.2661558 0.14907487 0.53483886 0.6327907 0.27394176
0.175 0.2216839 0.8984503 0.7174331 0.2677691 0.14964594 0.53152436 0.63485205 0.27508685
0.1755 0.22291370000000002 0.8957606 0.7207972 0.2693757 0.15020463 0.528214 0.6368801 0.27620238
0.17600000000000002 0.22413490000000003 0.8929113999999999 0.724087 0.27097459999999995 0.15075053 0.524907 0.63887495 0.2772889
0.1765 0.2253479 0.8899063 0.7273035 0.2725657 0.1512838 0.5216028 0.6408366 0.2783471
0.177 0.22655300000000003 0.8867491 0.7304479 0.2741495 0.15180379 0.51830083 0.64276475 0.27937698
0.1775 0.22775079999999998 0.8834433 0.7335213 0.2757259 0.15231057 0.5150006 0.64465946 0.28037927
0.17800000000000002 0.22894160000000002 0.8799923000000001 0.7365246999999999 0.2772952 0.15280387 0.51170087 0.646521 0.28135455
0.1785 0.23012570000000002 0.8763996999999999 0.7394593 0.27885740000000003 0.15328357 0.5084019 0.6483489 0.282303
0.179 0.23130309999999998 0.8726684000000001 0.7423251000000001 0.28041209999999994 0.15374944 0.5051022 0.65014344 0.2832253
0.1795 0.2324442 0.8687985 0.7450734999999999 0.2819454 0.15420109 0.50180155 0.6519045 0.284122
0.18 0.2335623 0.8647905999999999 0.7477351999999999 0.28346659999999996 0.15463857 0.4984991 0.65363246 0.28499386
0.1805 0.23466420000000002 0.8606459999999999 0.7503488 0.2849514 0.1550616 0.4951943 0.65532684 0.28584096
0.18100000000000002 0.2357556 0.8563713 0.7529168 0.2864145 0.15546994 0.4918863 0.65698797 0.2866641
0.1815 0.2368571 0.8519733 0.7554393 0.2878799 0.15586343 0.48857462 0.65861577 0.2874639
0.182 0.2379732 0.8474571 0.7579127 0.28935190000000005 0.15624173 0.4852584 0.66021043 0.2882408
0.1825 0.2391 0.8428266 0.7603331999999999 0.290829 0.15660484 0.48193678 0.66177213 0.2889958
0.183 0.24023179999999997 0.8380847 0.7626977 0.29230900000000004 0.15695249 0.47860917 0.66330063 0.2897291
0.1835 0.24136370000000001 0.8332339 0.7650047 0.2937896 0.15728444 0.47527504 0.66479635 0.29044136
0.184 0.24249250000000003 0.8282765999999999 0.7672535 0.2952691 0.15760058 0.4719336 0.6662591 0.29113343
0.1845 0.2436158 0.8232146999999999 0.7694441 0.29674490000000003 0.15790063 0.46858376 0.6676893 0.291806
0.185 0.2447322 0.8180503 0.7715771 0.2982167 0.15818442 0.46522522 0.66908675 0.2924594
0.1855 0.24584189999999997 0.8127854 0.7736531999999999 0.29968429999999996 0.15845186 0.46185723 0.6704519 0.2930946
0.18600000000000003 0.2469448 0.8074193000000001 0.7756723000000001 0.3011474 0.15870264 0.45847902 0.6717845 0.293712
0.1865 0.2480389 0.8019527 0.777634 0.30259899999999995 0.15893663 0.45508972 0.6730851 0.29431257
0.187 0.24909740000000002 0.7963844 0.7795316 0.3039955 0.1591536 0.45168868 0.6743536 0.29489687
0.1875 0.2501325 0.7907199 0.7813699000000001 0.30537509999999995 0.15935344 0.44827545 0.6755902 0.2954654
0.188 0.2511683 0.7849649999999999 0.7831585 0.3067495 0.15953575 0.44484872 0.6767951 0.29601923
0.1885 0.2521913 0.7791229000000001 0.7848651 0.3081258 0.15970069 0.44140825 0.67796844 0.2965589
0.18899999999999997 0.2531938 0.7731938 0.7864886999999999 0.3094921 0.15984784 0.43795314 0.6791104 0.2970851
0.1895 0.2542076 0.7671804 0.7880842 0.31085609999999997 0.15997721 0.43448326 0.6802211 0.29759824
0.19 0.2552376 0.7610859999999999 0.7896588000000001 0.3122259 0.16008832 0.43099707 0.6813007 0.2980996
0.1905 0.2562772 0.7549134 0.7912060000000001 0.3136015 0.16018145 0.42749438 0.68234974 0.29858968
0.191 0.2573201 0.7486645000000001 0.7927181999999999 0.3149812 0.16025595 0.42397442 0.68336785 0.29906896
0.1915 0.258363 0.742341 0.7941903 0.3163636 0.16031215 0.4204365 0.68435556 0.2995385
0.192 0.2594034 0.7359435999999999 0.7956194999999999 0.3177474 0.16034946 0.41687992 0.6853131 0.29999876
0.1925 0.26043920000000004 0.7294695 0.796992 0.31913070000000004 0.16036804 0.41330427 0.68624055 0.30045053
0.193 0.2614199 0.7228817 0.7969046 0.3204907 0.16036755 0.40970862 0.6871381 0.30089444
0.1935 0.26234959999999996 0.7161466999999999 0.7965749 0.3218368 0.16034794 0.4060925 0.6880061 0.30133158
0.19399999999999998 0.2632889 0.7093041999999999 0.7968767 0.32318559999999996 0.16030896 0.40245524 0.68884444 0.30176213
0.1945 0.2642541 0.7023944000000001 0.7977516 0.3245388 0.16025072 0.39879644 0.68965375 0.30218711
0.195 0.2652409 0.6954416999999999 0.7989789 0.32589450000000003 0.16017282 0.39511526 0.6904338 0.302607
0.1955 0.2662402 0.6884566999999999 0.8003733000000001 0.3272509 0.16007532 0.39141116 0.6911854 0.30302307
0.196 0.2672447 0.6814406999999999 0.8017943000000001 0.32860690000000004 0.159958 0.3876836 0.69190824 0.30343536
0.1965 0.2682486 0.6743839 0.8030558000000001 0.3299611 0.15982091 0.38393238 0.6926026 0.30384466
0.19699999999999998 0.2692482 0.6672793 0.8041373 0.33131309999999997 0.15966357 0.38015634 0.6932688 0.30425197
0.1975 0.2702422 0.6601231 0.8050972 0.3326614 0.15948647 0.37635544 0.6939071 0.30465764
0.198 0.2712301 0.6529142 0.805988 0.3339915 0.15928887 0.37252915 0.6945175 0.3050623
0.1985 0.2722112 0.6456529999999999 0.8068423000000001 0.335316 0.15907109 0.3686767 0.6951004 0.30546692
0.19899999999999998 0.2731857 0.6383409000000001 0.8076767 0.33664099999999997 0.15883292 0.364798 0.69565594 0.30587187
0.1995 0.2741542 0.6309794 0.8084974 0.337966 0.1585744 0.36089224 0.69618446 0.30627796
0.2 0.275117 0.6235696999999999 0.8093049 0.3392898 0.17962022 0.74881667 0.106369585 0.12106806
0.2005 0.2631447 0.6157 0.7937732 0.32275570000000003 -0.25353384 0.3419917 0.17362556 0.005517252
0.201 0.24883609999999998 0.6071656999999999 0.7771444000000001 0.3081375 0.37861943 0.7471712 0.29754826 0.04108454
0.2015 0.23940250000000002 0.5983214 0.7637656 0.29741809999999996 0.030861221 0.5548927 0.4821226 0.1911619
0.20199999999999999 0.23324539999999996 0.5894186 0.7525202 0.28815409999999997 0.19435915 0.5651189 0.3786294 0.124071345
0.2025 0.2287225 0.5805968 0.7422964 0.2795257 -0.10504684 0.5691868 0.4813559 0.012010165
0.203 0.22495229999999997 0.5719316 0.7324943 0.27130279999999996 0.14279148 0.34541875 0.32544503 0.18690284
0.2035 0.2215244 0.5634664 0.722843 0.26341329999999996 0.10596125 0.5203964 0.37649825 0.031212859
0.204 0.2182567 0.5552286 0.7132331999999999 0.2558258 0.16555707 0.55239445 0.3294987 0.10417453
0.2045 0.215069 0.5472369 0.7036269 0.24852080000000001 0.053606577 0.63295555 0.34600684 0.089145005
0.205 0.21192600000000003 0.5395045 0.694016 0.24148229999999998 0.10701718 0.573304 0.31628674 0.044690043
0.2055 0.20881190000000002 0.5320415 0.6844038 0.23469659999999998 0.06327358 0.5397075 0.37514642 0.08578988
0.20600000000000002 0.20571979999999998 0.5248549 0.6747979000000001 0.2281508 0.091025926 0.4978574 0.3250762 0.06534432
0.2065 0.2026467 0.51795 0.6652070999999999 0.22183289999999997 0.08558804 0.5694739 0.34099492 0.06853872
0.207 0.1995914 0.5113300000000001 0.6556401999999999 0.2157319 0.083034985 0.49841383 0.31667075 0.09920672
0.2075 0.19655379999999997 0.504997 0.6461056 0.20983720000000003 0.09991418 0.57643265 0.31980628 0.06493556
0.20800000000000002 0.19353399999999998 0.4989519 0.6366111 0.20413889999999998 0.07142879 0.55984384 0.3007386 0.059083246
0.2085 0.1905324 0.49319440000000003 0.6271641 0.1986279 0.081597336 0.56004626 0.30836183 0.07869514
0.209 0.1875496 0.4877236 0.6177713 0.1932953 0.066474125 0.53783274 0.31010357 0.06468388
0.2095 0.1845862 0.48253779999999996 0.6084387 0.1881329 0.08149687 0.55009884 0.30670112 0.07844332
0.21 0.18164270000000002 0.47763490000000003 0.599172 0.183133 0.06676837 0.54199326 0.29307112 0.06990492
0.2105 0.1787196 0.47301220000000005 0.5899764000000001 0.17828829999999998 0.07948002 0.5564172 0.2939653 0.0725326
0.21100000000000002 0.17581760000000002 0.4686665 0.5808566 0.1735919 0.06229521 0.54942775 0.29041198 0.073720396
0.2115 0.1729371 0.46459459999999997 0.5718169 0.1690372 0.07398376 0.56104636 0.2830971 0.06999068
0.212 0.1700786 0.4607928 0.5628612 0.1646183 0.060857 0.5562954 0.28276452 0.06941188
0.2125 0.1672425 0.45725730000000003 0.5539930999999999 0.1603292 0.06666916 0.5540125 0.28010103 0.07423823
0.213 0.1644295 0.45398409999999995 0.5452156 0.1561646 0.05939512 0.55857134 0.27657697 0.06955554
0.2135 0.16163970000000003 0.4509692 0.5365318 0.15211929999999999 0.063109085 0.55880755 0.27168074 0.07240616
0.214 0.1588736 0.4482084 0.5279441999999999 0.1481884 0.057696022 0.56021905 0.26960868 0.071484074
0.2145 0.1561315 0.4456973 0.5194552 0.1443674 0.05896648 0.5635935 0.26574692 0.07039578
0.215 0.1534138 0.44343190000000005 0.5110669 0.1406518 0.05456627 0.5656203 0.26272663 0.07059634
0.2155 0.1507208 0.4414076 0.5027811 0.1370376 0.05498618 0.5657375 0.2594221 0.07030722
0.21600000000000003 0.1480527 0.43962029999999996 0.4945994000000001 0.1335208 0.052115556 0.5681401 0.257356 0.06989016
0.2165 0.14540970000000003 0.4380655 0.4865233 0.1300978 0.051332027 0.56934285 0.2536105 0.06985275
0.217 0.1427922 0.43673909999999994 0.478554 0.12676510000000002 0.049470324 0.57210934 0.25080863 0.06918307
0.2175 0.14020020000000002 0.43563679999999994 0.47069259999999996 0.1235193 0.048199624 0.57328165 0.24801895 0.06908478
0.218 0.1376339 0.4347544 0.4629399 0.12035739999999999 0.046525285 0.57593024 0.24517709 0.06852241
0.2185 0.1350936 0.4340876 0.4552968 0.11727629999999999 0.045116212 0.5779737 0.24220045 0.06786977
0.21899999999999997 0.13257929999999998 0.43363240000000003 0.4477638 0.1142731 0.04356346 0.5799528 0.2396568 0.06769168
0.2195 0.1300912 0.43338459999999995 0.44034140000000005 0.1113452 0.042141687 0.5819516 0.23697688 0.067130014
0.22 0.1276293 0.4333403 0.4330299 0.1084901 0.04074254 0.5844598 0.2342879 0.06659621
0.2205 0.12519380000000002 0.4334954000000001 0.4258295999999999 0.10570519999999999 0.039278578 0.58658415 0.2316787 0.06616372
0.221 0.1227847 0.43384620000000007 0.4187407 0.1029883 0.037921324 0.5889855 0.2291764 0.065634705
0.2215 0.120402 0.43438859999999996 0.411763 0.1003372 0.03648453 0.5914073 0.22667456 0.065083385
0.222 0.1180458 0.435119 0.4048966 0.09774966 0.035135657 0.5938715 0.22419465 0.0645613
0.2225 0.1157161 0.4360335999999999 0.39814120000000003 0.09522378 0.033754144 0.5963483 0.22182739 0.0640157
0.223 0.1134129 0.43712870000000004 0.3914968 0.09275761 0.032416396 0.59889114 0.2194781 0.06348613
0.2235 0.1111362 0.4384009 0.3849628 0.09034931 0.031076962 0.6015225 0.21716323 0.06292047
0.22399999999999998 0.1088859 0.43984650000000003 0.378539 0.08799714 0.02976573 0.60417205 0.21490389 0.06237106
0.2245 0.10666210000000001 0.4414621 0.3722249 0.08569942 0.028452687 0.6068754 0.21270388 0.061819986
0.225 0.1044647 0.44324430000000004 0.36601999999999996 0.08345455 0.027163455 0.60963947 0.21053192 0.06125216
0.2255 0.1022935 0.4451898 0.3599237 0.08126101 0.025881803 0.6124497 0.2084154 0.060693473
0.226 0.1001487 0.4472952 0.3539354 0.07911731 0.02461546 0.61528915 0.20634502 0.060137793
0.2265 0.09803003 0.4495575 0.34805440000000004 0.07702206 0.023362976 0.6181941 0.20432064 0.059575733
0.22699999999999998 0.09593746 0.4519734 0.34228000000000003 0.07497391 0.02212104 0.62113696 0.20233732 0.05901836
0.2275 0.09387089 0.45453999999999994 0.33661149999999995 0.07297156 0.020893767 0.6241262 0.20040253 0.058463387
0.228 0.09183021 0.457254 0.33104809999999996 0.07101378 0.019676942 0.627157 0.19851208 0.057909958
0.2285 0.08981531 0.46011270000000004 0.3255889 0.06909938 0.01847364 0.6302341 0.19666503 0.057359755
0.22899999999999998 0.08782607 0.463113 0.320233 0.06722719999999999 0.017281275 0.63335025 0.19486183 0.05681321
0.2295 0.08586236 0.4662522 0.31497970000000003 0.06539615 0.016101457 0.6365081 0.19310322 0.05627124
0.23 0.08392405 0.4695275 0.30982790000000004 0.06360516 0.014932588 0.6397052 0.19138715 0.055733636
0.2305 0.08201101 0.47293599999999997 0.3047768 0.06185323 0.013775904 0.6429425 0.18971388 0.055200703
0.231 0.08012307 0.4764753 0.2998254 0.06013937 0.012629863 0.6462165 0.18808334 0.054673728
0.2315 0.07826010000000001 0.4801425 0.2949726 0.05846263 0.011495452 0.64952767 0.18649471 0.05415217
0.23199999999999998 0.07642194 0.4839353 0.2902175 0.0568221 0.010371579 0.652875 0.18494776 0.05363667
0.2325 0.07460842 0.4878509 0.2855591 0.05521691 0.009258757 0.6562569 0.183442 0.05312766
0.233 0.07281937 0.4918871 0.2809963 0.05364621 0.008156542 0.6596726 0.18197742 0.052625466
0.2335 0.07105463 0.49604129999999996 0.2765282 0.05210918 0.0070649176 0.66312116 0.1805532 0.052130394
0.23399999999999999 0.06931403 0.5003112 0.27215359999999994 0.05060503 0.005983618 0.66660166 0.179169 0.051642478
0.2345 0.06759737 0.5046944 0.26787150000000004 0.049132999999999996 0.004912525 0.6701129 0.17782477 0.051162098
0.235 0.06590449 0.5091888 0.2636808 0.04769236 0.0038515374 0.67365384 0.17652005 0.05068992
0.2355 0.06423519 0.5137921 0.2595804 0.04628238 0.0028007142 0.67722386 0.17525408 0.05022541
0.23600000000000002 0.0625893 0.518502 0.2555693 0.04490238 0.001759581 0.6808217 0.17402689 0.04976936
0.2365 0.06096661 0.5233166 0.2516463 0.04355169 0.00072824047 0.6844464 0.17283806 0.049321815
0.237 0.05936694 0.5282336 0.2478105 0.04222967 -0.000293314 0.68809724 0.17168707 0.048882876
0.2375 0.05779008 0.533251 0.24406060000000002 0.04093569 -0.0013055992 0.6917729 0.17057385 0.048453048
0.23800000000000002 0.05623585 0.5383669 0.24039560000000001 0.03966915 -0.0023083733 0.6954725 0.16949785 0.04803239
0.2385 0.05470405 0.5435791999999999 0.23681439999999998 0.03842945 -0.003301702 0.6991953 0.16845885 0.0476208
0.239 0.05319446 0.548886 0.233316 0.03721603 -0.0042857914 0.70294046 0.16745639 0.04721881
0.2395 0.05170689999999999 0.5542855 0.2298991 0.03602834 -0.005260902 0.70670694 0.16649027 0.04682629
0.24 0.05024116 0.5597758 0.22656279999999998 0.03486584 -0.0062270057 0.71049404 0.16556016 0.046443857
0.2405 0.04879703 0.5653551 0.22330589999999997 0.03372801 -0.00718402 0.7143005 0.16466571 0.04607124
0.24100000000000002 0.04737430000000001 0.5710215999999999 0.2201274 0.03261434 -0.0081321765 0.71812564 0.16380669 0.04570856
0.2415 0.04597278 0.5767734999999999 0.2170261 0.03152435 -0.009071501 0.72196877 0.16298276 0.045356378
0.242 0.04459225 0.5826093000000001 0.2140011 0.03045756 -0.010002073 0.7258289 0.16219361 0.045014393
0.2425 0.0432325 0.5885272 0.2110513 0.02941349 -0.010923993 0.72970563 0.1614391 0.044683043
0.243 0.04189334 0.5945256 0.2081755 0.02839172 -0.011837326 0.7335975 0.16071898 0.04436229
0.2435 0.04057454 0.6006029 0.20537270000000002 0.02739178 -0.012742048 0.7375044 0.16003269 0.044052117
0.244 0.03927591 0.6067575 0.20264189999999999 0.02641327 -0.013638375 0.7414251 0.15938032 0.04375302
0.2445 0.03799723 0.6129879 0.19998210000000002 0.02545576 -0.014526144 0.74535894 0.15876159 0.04346497
0.245 0.0367383 0.6192926 0.1973922 0.02451885 -0.0154055115 0.7493051 0.15817606 0.043187954
0.2455 0.0354989 0.6256701 0.1948711 0.02360214 -0.016276559 0.7532635 0.15762375 0.042922057
0.24600000000000002 0.03427883 0.632119 0.192418 0.02270527 -0.017139373 0.7572328 0.15710422 0.042667676
0.2465 0.03307789 0.6386379 0.1900317 0.02182784 -0.01799376 0.7612122 0.15661746 0.04242453
0.247 0.03189586 0.6452254 0.1877112 0.0209695 -0.018839952 0.7652016 0.15616319 0.042192977
0.2475 0.03073254 0.6518801 0.1854557 0.02012989 -0.019678015 0.7692001 0.155741 0.041973066
0.248 0.02958772 0.6586008000000001 0.183264 0.01930867 -0.020507757 0.7732069 0.1553509 0.04176464
0.2485 0.028461200000000002 0.6653861 0.18113529999999997 0.01850549 -0.021329468 0.77722156 0.15499271 0.041568164
0.249 0.02735277 0.6722347 0.1790685 0.01772004 -0.022142978 0.7812432 0.15466604 0.041383468
0.2495 0.02626224 0.6791454 0.17706270000000002 0.01695199 -0.022948429 0.78527164 0.15437111 0.041210685
0.25 0.02518939 0.686117 0.175117 0.01620103 -0.02375188 0.78923655 0.15411817 0.041069433
0.2505 0.02413647 0.6930458 0.1732306 0.01549282 -0.02529635 0.7880706 0.1550805 0.04238646
0.251 0.02311324 0.6997566999999999 0.1714015 0.01485946 -0.023035523 0.78027296 0.15588723 0.043563284
0.2515 0.02212127 0.7061878 0.1696219 0.01428479 -0.020885859 0.7779459 0.1583346 0.045029495
0.252 0.02115741 0.7123083 0.1678852 0.01375934 -0.01927787 0.775235 0.15966204 0.047213007
0.2525 0.02021898 0.7181014 0.16618650000000001 0.01327898 -0.017269755 0.77430654 0.16187833 0.0488525
0.253 0.01930439 0.7235576 0.164523 0.01284124 -0.015594406 0.7720626 0.16393411 0.050285242
0.2535 0.01841274 0.7286716 0.1628921 0.01244419 -0.013678549 0.77103317 0.16598265 0.05130757
0.254 0.01754348 0.7334411999999999 0.1612919 0.01208607 -0.0120323915 0.7694041 0.16818067 0.052726608
0.2545 0.01669624 0.7378659000000001 0.1597208 0.01176525 -0.010154048 0.7677801 0.17063768 0.05432143
0.255 0.01587071 0.7419472 0.1581773 0.01148021 -0.008283898 0.7661958 0.17306949 0.055800833
0.2555 0.01506664 0.7456877 0.1566598 0.01122948 -0.0063445386 0.76492804 0.17552459 0.057262696
0.256 0.01428377 0.7490912 0.1551672 0.01101172 -0.004473428 0.76358575 0.17804143 0.058782972
0.2565 0.01352185 0.7521621000000001 0.1536981 0.01082561 -0.002542682 0.7623314 0.18062276 0.060283907
0.257 0.01278064 0.7549056 0.1522515 0.01066993 -0.00062231347 0.7610927 0.18322794 0.06178154
0.2575 0.01205991 0.7573274 0.15082620000000002 0.01054351 0.0013274862 0.75990623 0.18586785 0.063286886
0.258 0.011359399999999999 0.7594335 0.1494213 0.01044525 0.0032710743 0.75872093 0.18854666 0.06480649
0.2585 0.01067887 0.7612305 0.1480358 0.0103741 0.0052340515 0.7575693 0.1912514 0.066324994
0.259 0.01001808 0.7627246999999999 0.1466687 0.01032906 0.007201109 0.7564384 0.19397724 0.06784118
0.2595 0.00937678 0.7639231 0.14531929999999998 0.01030919 0.009178743 0.7553259 0.19672582 0.069358975
0.26 0.008754727 0.7648323 0.14398670000000002 0.01031358 0.011159254 0.7542229 0.19949411 0.07087655
0.2605 0.008151674 0.7654592 0.1426701 0.01034137 0.013147604 0.7531327 0.20227829 0.07239139
0.261 0.007567374 0.7658107 0.1413687 0.01039176 0.015139809 0.7520484 0.20507708 0.07390471
0.2615 0.00700158 0.7658935 0.1400819 0.01046396 0.01713752 0.75096893 0.20788875 0.07541565
0.262 0.006454048 0.7657145000000001 0.138809 0.01055723 0.01913858 0.74989235 0.210711 0.07692318
0.2625 0.00592453 0.7652804 0.1375494 0.01067086 0.021143258 0.7488171 0.21354198 0.07842656
0.263 0.005412781 0.7645976 0.1363023 0.01080418 0.023150474 0.74773985 0.21638009 0.079925664
0.2635 0.0049185570000000005 0.7636727 0.13506729999999997 0.01095656 0.02516011 0.74665964 0.2192239 0.08141957
0.264 0.004441614 0.7625121 0.1338437 0.01112736 0.027171226 0.74557424 0.22207132 0.082908094
0.2645 0.003981709 0.7611220000000001 0.132631 0.011316 0.029183684 0.74448174 0.22492118 0.084390566
0.265 0.0035385999999999994 0.7595084 0.1314286 0.01152193 0.031196712 0.7433804 0.22777203 0.08586666
0.2655 0.003112047 0.7576774000000001 0.13023610000000002 0.01174459 0.033209935 0.74226844 0.23062193 0.08733575
0.266 0.00270181 0.7556347 0.129053 0.01198349 0.0352227 0.74114424 0.2334696 0.08879718
0.2665 0.0023076520000000003 0.7533861 0.12787880000000001 0.01223812 0.03723458 0.74000597 0.23631373 0.090250835
0.267 0.001929336 0.7509371 0.12671300000000002 0.01250801 0.039245017 0.73885167 0.23915264 0.09169615
0.2675 0.0015666279999999998 0.7482930999999999 0.1255553 0.0127927 0.041253585 0.7376799 0.24198487 0.09313256
0.268 0.0012192939999999999 0.7454593 0.12440510000000002 0.01309177 0.04325953 0.73648894 0.24480891 0.09455961
0.2685 0.0008871022 0.742441 0.1232622 0.01340479 0.045262463 0.73527694 0.24762337 0.09597704
0.26899999999999996 0.0005698243 0.7392430999999999 0.1221261 0.01373137 0.047261804 0.7340419 0.2504267 0.09738422
0.2695 0.000267232 0.7358704 0.12099639999999999 0.01407111 0.049257185 0.73278207 0.2532174 0.098780714
0.27 -2.090016e-05 0.7323276999999999 0.1198728 0.01442365 0.051247638 0.7314961 0.25599402 0.10016604
0.2705 -0.000294796 0.7286195 0.118755 0.01478863 0.053232927 0.7301819 0.25875485 0.10153974
0.271 -0.000554677 0.7247504 0.11764260000000001 0.0151657 0.055212278 0.72883725 0.26149845 0.10290138
0.2715 -0.0008007629 0.7207246999999999 0.11653530000000001 0.01555454 0.057185296 0.7274607 0.26422346 0.10425065
0.272 -0.001033271 0.7165467 0.1154328 0.01595483 0.05915134 0.7260504 0.26692814 0.10558702
0.2725 -0.0012524160000000001 0.7122203 0.11433489999999999 0.01636626 0.06110963 0.7246044 0.26961082 0.10690984
0.273 -0.001458411 0.7077496999999999 0.11324110000000001 0.01678854 0.06305973 0.72312057 0.27227008 0.10821888
0.2735 -0.001651468 0.7031387 0.1121513 0.01722138 0.06500084 0.7215972 0.2749041 0.109513365
0.27399999999999997 -0.001833015 0.698391 0.11106310000000001 0.01766342 0.06693243 0.72003233 0.27751145 0.110793024
0.2745 -0.002007568 0.6935098000000001 0.109971 0.01811044 0.0688539 0.71842355 0.28009036 0.112057686
0.275 -0.0021704479999999997 0.6884986999999999 0.1088826 0.01856606 0.07076453 0.71676934 0.28263918 0.11330621
0.2755 -0.00231908 0.6833616 0.1078008 0.01903235 0.07266346 0.7150674 0.28515634 0.11453875
0.276 -0.00245341 0.6781019 0.1067247 0.01950941 0.07455027 0.7133154 0.28763965 0.11575451
0.2765 -0.002574205 0.6727232 0.10565319999999999 0.01999684 0.0764241 0.7115117 0.29008782 0.11695275
0.27699999999999997 -0.002682315 0.6672286999999999 0.10458519999999999 0.02049416 0.07828414 0.70965374 0.29249892 0.11813351
0.2775 -0.0027784479999999998 0.6616214 0.10351969999999999 0.02100092 0.0801297 0.7077394 0.2948709 0.11929588
0.278 -0.002863138 0.6559043999999999 0.10245639999999999 0.02151671 0.08196009 0.705766 0.29720235 0.120439656
0.2785 -0.002936785 0.6500805000000001 0.1013949 0.02204119 0.083774425 0.7037319 0.299491 0.12156412
0.27899999999999997 -0.002999687 0.6441525 0.1003348 0.02257403 0.085571855 0.70163447 0.30173483 0.12266866
0.2795 -0.003052086 0.6381232 0.09927596 0.02311495 0.08735144 0.699471 0.303932 0.12375291
0.28 -0.003094182 0.6319952 0.09821825 0.02366369 0.089112505 0.69723916 0.30608058 0.12481621
0.2805 -0.003126155 0.6257712 0.0971615 0.02422002 0.09085385 0.6949362 0.30817834 0.12585819
0.281 -0.00314817 0.6194536 0.0961056 0.02478373 0.09257487 0.6925592 0.31022307 0.12687828
0.2815 -0.003160387 0.6130449 0.0950504 0.025354599999999998 0.09427439 0.69010586 0.31221268 0.12787575
0.282 -0.003162962 0.6065476 0.09399581 0.02593245 0.09595117 0.6875731 0.31414443 0.12884992
0.2825 -0.00315605 0.5999639 0.09294171 0.0265171 0.09760436 0.6849577 0.3160162 0.12980047
0.28300000000000003 -0.003139803 0.5932960999999999 0.09188799 0.02710838 0.09923272 0.68225646 0.31782562 0.13072658
0.2835 -0.0031143729999999997 0.5865464 0.09083453 0.02770613 0.10083509 0.6794662 0.31956965 0.13162762
0.284 -0.003079913 0.5797169 0.08978125 0.02831021 0.1024101 0.6765832 0.3212459 0.13250297
0.2845 -0.003036572 0.5728099 0.08872804 0.02892045 0.1039566 0.6736038 0.32285142 0.13335212
0.285 -0.002984502 0.5658272 0.08767480000000001 0.02953673 0.10547299 0.67052394 0.32438296 0.13417414
0.2855 -0.002923851 0.5587709 0.08662145 0.0301589 0.10695773 0.6673398 0.3258375 0.13496831
0.28600000000000003 -0.002854766 0.5516429 0.08556788 0.03078684 0.10840918 0.6640466 0.32721174 0.13573402
0.2865 -0.002777393 0.544445 0.08451402 0.03142041 0.10982584 0.6606396 0.32850194 0.13647062
0.287 -0.0026918759999999997 0.5371791 0.08345978 0.032059500000000005 0.11120562 0.6571136 0.32970425 0.13717672
0.2875 -0.0025983589999999997 0.5298470000000001 0.08240508 0.03270399 0.1125466 0.65346336 0.33081472 0.13785204
0.28800000000000003 -0.002496981 0.5224504 0.08134985 0.03335375 0.113846496 0.6496828 0.33182898 0.13849539
0.2885 -0.002387882 0.5149909 0.08029401 0.03400869 0.115103185 0.645765 0.3327424 0.13910626
0.289 -0.002271198 0.5074702 0.07923749 0.03466868 0.11631411 0.6417033 0.33354992 0.13968323
0.2895 -0.00214732 0.4990303 0.07816658 0.035331 0.117476396 0.6374906 0.33424586 0.14022526
0.29 -0.002017351 0.4895339 0.07704775 0.03599493 0.11858691 0.6331175 0.33482447 0.14073151
0.2905 -0.0018807320000000002 0.47996130000000004 0.07590002 0.03666481 0.1196427 0.628575 0.3352797 0.14120106
0.29100000000000004 -0.001737005 0.47069859999999997 0.07474844 0.03734067 0.12063986 0.6238531 0.33560416 0.14163232
0.2915 -0.0015860999999999998 0.4618558 0.07360822 0.03802207 0.12157457 0.61894053 0.33579016 0.1420241
0.292 -0.001428104 0.453413 0.07248563 0.03870866 0.122442104 0.61382484 0.33582953 0.14237522
0.2925 -0.001263162 0.4452974 0.07138134 0.03940014 0.123237856 0.6084913 0.33571282 0.14268428
0.293 -0.001091435 0.4374228 0.07029322 0.04009629 0.12395635 0.60292506 0.33543 0.14294976
0.2935 -0.0009130811 0.4297083 0.06921807 0.0407969 0.12459113 0.5971079 0.3349697 0.14317033
0.294 -0.0007282552000000001 0.42208500000000004 0.06815252 0.04150183 0.12513569 0.5910204 0.3343191 0.14334409
0.2945 -0.0005371033 0.4144985 0.06709358 0.04221094 0.12558194 0.58463985 0.33346418 0.14346932
0.295 -0.000339764 0.4069076 0.06603869999999999 0.04292409 0.12592125 0.57794034 0.33238915 0.14354458
0.2955 -0.0001363691 0.39928259999999993 0.06498589 0.0436412 0.12614357 0.57089293 0.3310763 0.14356792
0.29600000000000004 7.295643e-05 0.3916031 0.06393361 0.04436215 0.12623765 0.5634638 0.3295055 0.14353755
0.2965 0.0002881103 0.383856 0.06288073 0.04508686 0.1261904 0.55561435 0.3276539 0.1434513
0.297 0.0005090073999999999 0.37603359999999997 0.06182645 0.04581527 0.12598674 0.5473002 0.32549578 0.14330749
0.2975 0.0007355333999999999 0.36813229999999997 0.06077021 0.04654729 0.12560947 0.53846896 0.32300165 0.14310448
0.298 0.0009675625999999999 0.3601514 0.05971164 0.04728284 0.12503882 0.5290605 0.32013807 0.14284022
0.2985 0.001204973 0.352092 0.05865052 0.04802185 0.12425146 0.5190038 0.31686628 0.14251328
0.299 0.001447651 0.3439567 0.05758673 0.04876423 0.123220675 0.5082162 0.31314212 0.1421223
0.2995 0.001695489 0.33574879999999996 0.05652022 0.04950993 0.12191505 0.49659976 0.30891505 0.14166641
0.3 0.0019483870000000002 0.32747209999999993 0.05545099 0.05025886 0.12031235 0.4840896 0.3041211 0.14115189
0.3005 0.002206351 0.3192331 0.05438081 0.05101225 0.11966073 0.4755687 0.29814318 0.14121187
0.301 0.00246979 0.31121 0.05331706 0.05177246 0.11594738 0.47936037 0.29097173 0.13911018
0.3015 0.002738815 0.3034678 0.05226568 0.05253933 0.11037172 0.47137895 0.28148237 0.1386688
0.302 0.0030133670000000003 0.2960403 0.05123036 0.05331282 0.1072257 0.46362513 0.2751507 0.13552797
0.3025 0.003293388 0.2889468 0.05021351 0.05409304 0.10119291 0.4550559 0.2664163 0.13171704
0.303 0.0035788290000000004 0.28219890000000003 0.04921684 0.05488001 0.09710249 0.44629347 0.2565623 0.13115837
0.3035 0.0038678740000000003 0.275804 0.04824081 0.05566464 0.09246198 0.43414658 0.24802765 0.13061978
0.304 0.00415894 0.269766 0.04728582 0.05644886 0.08968324 0.42459175 0.23858005 0.12949382
0.3045 0.0044546329999999995 0.2640866 0.04635417 0.05724172 0.08385681 0.41595015 0.22593188 0.12572609
0.305 0.004756812 0.2587656 0.04544737 0.05804553 0.0787605 0.40473148 0.21434659 0.123854585
0.3055 0.00506587 0.2538013 0.04456614 0.05886013 0.07254111 0.3900239 0.20385858 0.1227788
0.306 0.005381451999999999 0.2491911 0.04371079 0.05968483 0.06823461 0.3768088 0.19141828 0.12034679
0.3065 0.005703049 0.24493130000000002 0.04288158 0.06051979 0.061969794 0.3626756 0.17752013 0.11727914
0.307 0.006030186 0.2410174 0.04207865 0.06136467 0.05610523 0.34624252 0.16404119 0.11558537
0.3075 0.0063633280000000006 0.23744429999999997 0.04130234 0.06221796 0.049371213 0.3291198 0.15017502 0.11296623
0.308 0.006702471999999999 0.234206 0.04055296 0.06307951 0.04364271 0.31149012 0.13471946 0.10985988
0.3085 0.007047296 0.23129639999999999 0.03983069 0.06394926 0.03678692 0.29247028 0.11882034 0.106239796
0.309 0.007397496 0.22870929999999998 0.03913569 0.06482714 0.030092614 0.27235273 0.103117935 0.102870494
0.3095 0.007752886 0.2264379 0.03846808 0.06571308 0.023040159 0.25170422 0.08684489 0.098977394
0.31 0.008113383 0.2244757 0.03782796 0.066607 0.016932884 0.23075274 0.07004273 0.09447601
0.3105 0.008478964 0.2228159 0.0372154 0.06750885 0.010496436 0.2099691 0.053619556 0.08939513
0.311 0.008849636999999999 0.2214515 0.03663044 0.06841857 0.004502788 0.18987817 0.03776657 0.08425935
0.3115 0.009225421999999999 0.2203759 0.03607313 0.06933611 -0.0010927743 0.1709649 0.022623077 0.078745484
0.312 0.00960634 0.2195821 0.03554345 0.07026143 -0.0056859762 0.15354297 0.008617111 0.07310227
0.3125 0.009992406 0.2190634 0.03504141 0.07119447 -0.009908989 0.13844424 -0.0038928315 0.067364715
0.313 0.01038363 0.21881309999999998 0.03456696 0.0721352 -0.013420999 0.12583 -0.014733069 0.062060967
0.3135 0.01078001 0.2188246 0.03412005 0.07308357 -0.016318802 0.115658775 -0.023818024 0.057279717
0.314 0.01118156 0.21909139999999996 0.03370063 0.07403954 -0.018498791 0.10798894 -0.031192072 0.053068295
0.3145 0.01158826 0.21960700000000002 0.03330861 0.07500213 -0.020335838 0.10278635 -0.03702373 0.049517125
0.315 0.01199999 0.2203654 0.03294388 0.07596347 -0.021787332 0.09958489 -0.041520305 0.046796314
0.3155 0.01241662 0.22136020000000003 0.03260635 0.07693198 -0.022981107 0.098031834 -0.044933505 0.044777427
0.316 0.01283822 0.2225854 0.03229589 0.07791048 -0.023946613 0.09782226 -0.0475756 0.043371096
0.3165 0.01326489 0.2240353 0.03201238 0.07889861 -0.02482556 0.098675855 -0.049722917 0.042473003
0.317 0.013696700000000001 0.22570389999999999 0.03175568 0.0798958 -0.025627574 0.10025563 -0.051552407 0.04202971
0.3175 0.01413366 0.22758589999999998 0.03152566 0.08090158 -0.026404103 0.10234835 -0.053231843 0.041931573
0.318 0.01457577 0.2296755 0.03132215 0.08191556 -0.02715601 0.10480637 -0.05490359 0.04208754
0.3185 0.01502301 0.2319676 0.031145 0.08293745 -0.027920965 0.107504316 -0.056646414 0.042440247
0.319 0.01547528 0.2344569 0.03099404 0.083967 -0.028697662 0.11033853 -0.05848869 0.042958565
0.3195 0.01593249 0.23713829999999997 0.030869099999999997 0.08500399 -0.029492546 0.1132609 -0.060455404 0.04360206
0.32 0.01639465 0.24000700000000003 0.03076998 0.08604825 -0.03029643 0.11623516 -0.06255237 0.044348642
0.3205 0.0168618 0.243058 0.03069651 0.08709964 -0.031113744 0.119238175 -0.064764805 0.045183584
0.321 0.01733395 0.2462868 0.030648500000000002 0.08815805 -0.031937562 0.12226048 -0.0670648 0.046103515
0.3215 0.0178111 0.2496888 0.03062575 0.08922338 -0.03276287 0.1253015 -0.06943097 0.047104154
0.322 0.01829322 0.25325949999999997 0.03062807 0.09029554 -0.03357993 0.12836505 -0.07183505 0.048183516
0.3225 0.01878028 0.2569945 0.03065525 0.09137445 -0.03438582 0.13145833 -0.07424701 0.04934152
0.32299999999999995 0.01927229 0.2608899 0.03070709 0.09246005 -0.035172682 0.13459207 -0.07663687 0.050582547
0.3235 0.01976931 0.2649413 0.03078338 0.09355231 -0.035934504 0.13777712 -0.07897911 0.05190722
0.324 0.02027131 0.26914499999999997 0.03088391 0.09465116 -0.036663286 0.14102596 -0.08124677 0.05331779
0.3245 0.02077819 0.2734969 0.03100846 0.09575652 -0.03735502 0.14435044 -0.08341601 0.054815717
0.325 0.02128986 0.2779934 0.03115683 0.09686831 -0.038002662 0.14776489 -0.08546399 0.056402713
0.3255 0.021806299999999997 0.2826308 0.03132878 0.09798646 -0.038601562 0.15128085 -0.08737066 0.0580792
0.326 0.02232754 0.28740540000000003 0.03152411 0.09911092 -0.039145347 0.15491128 -0.08911603 0.059846163
0.3265 0.02285355 0.2923138 0.03174258 0.1002416 -0.0396301 0.15866941 -0.09068332 0.06170229
0.327 0.02338424 0.29735259999999997 0.03198397 0.1013785 -0.040050432 0.16256772 -0.09205628 0.063647725
0.3275 0.02391955 0.30251859999999997 0.03224806 0.10252149999999999 -0.04040274 0.16661802 -0.09322054 0.06568048
0.32799999999999996 0.02445943 0.3078085 0.03253463 0.1036705 -0.040682368 0.17083359 -0.094162695 0.06779909
0.3285 0.02500386 0.3132193 0.03284344 0.10482550000000002 -0.040886484 0.17522612 -0.09487156 0.07000082
0.32899999999999996 0.02555283 0.3187478 0.03317426 0.10598640000000001 -0.04101122 0.17980772 -0.095336206 0.07228352
0.3295 0.02610633 0.32439120000000005 0.03352688 0.10715319999999999 -0.04105428 0.1845901 -0.09554737 0.07464416
0.33 0.02666434 0.3301465 0.03390106 0.10832570000000001 -0.04101284 0.18958512 -0.09549717 0.07707951
0.3305 0.02722685 0.3360111 0.03429657 0.10950399999999999 -0.040885516 0.19480357 -0.095178865 0.07958628
0.331 0.02779384 0.3419821 0.03471319 0.11068789999999999 -0.04067033 0.20025656 -0.09458632 0.08216114
0.3315 0.02836202 0.3480567 0.03514896 0.1118604 -0.040366337 0.20595434 -0.09371524 0.084800504
0.332 0.0289279 0.354232 0.0356021 0.1130233 -0.039972737 0.21190718 -0.09256152 0.08750123
0.3325 0.02949683 0.36050540000000003 0.03607552 0.1141943 -0.039489504 0.21812415 -0.091122456 0.09025972
0.33299999999999996 0.03007248 0.366875 0.036570599999999995 0.1153778 -0.038916357 0.22461449 -0.08939593 0.09307291
0.3335 0.03065566 0.37333829999999996 0.03708719 0.1165731 -0.0382539 0.2313863 -0.087380864 0.09593752
0.33399999999999996 0.03124585 0.3798934 0.03762469 0.11777889999999999 -0.037502777 0.23844758 -0.08507637 0.09885076
0.3345 0.03184221 0.386538 0.03818243 0.1189941 -0.036664013 0.2458053 -0.08248251 0.10180999
0.335 0.03244399 0.3932699 0.03875987 0.1202174 -0.035738774 0.2534663 -0.07959945 0.10481261
0.3355 0.03304807 0.4000868 0.03935561 0.12144300000000001 -0.034728367 0.26143637 -0.076427825 0.10785629
0.336 0.0336536 0.4069864 0.03996922 0.1226738 -0.0336342 0.26972115 -0.072968505 0.1109392
0.3365 0.03426371 0.41396689999999997 0.04060166 0.123912 -0.032458108 0.27832577 -0.069222756 0.114059106
0.337 0.03487958 0.4210265 0.04125303 0.12515739999999997 -0.03120159 0.28725442 -0.06519195 0.11721419
0.3375 0.03550114 0.42816329999999997 0.04192303 0.1264095 -0.029866353 0.29651153 -0.0608773 0.1204028
0.33799999999999997 0.03612792 0.4353755 0.042611300000000005 0.12766789999999997 -0.028454114 0.30609992 -0.056280248 0.12362355
0.3385 0.03675947 0.44266130000000004 0.04331747 0.128932 -0.026966369 0.3160233 -0.05140253 0.12687457
0.33899999999999997 0.03739527 0.4500187 0.04404125 0.1302014 -0.025404895 0.32628334 -0.04624576 0.13015434
0.3395 0.03803504 0.4574462 0.04478234 0.1314759 -0.023771195 0.33688283 -0.040811546 0.13346125
0.34 0.03867876 0.46494179999999996 0.04554052 0.1327553 -0.022067064 0.3478215 -0.03510245 0.13679326
0.3405 0.03932646 0.47250410000000004 0.04631558 0.1340395 -0.020293375 0.35910073 -0.029120289 0.14014858
0.341 0.03997816 0.4801313 0.047107300000000005 0.1353284 -0.018452315 0.3707188 -0.022868313 0.14352491
0.3415 0.04063356 0.48782179999999997 0.04791516 0.1366171 -0.016544612 0.3826741 -0.0163498 0.14691989
0.342 0.04128826 0.4955732 0.04873542 0.1378825 -0.014572499 0.3949629 -0.009569056 0.15033051
0.3425 0.04193647 0.5033835 0.04956634 0.1391211 -0.012536909 0.4075799 -0.0025313422 0.15375379
0.34299999999999997 0.04258142 0.51125 0.05041088 0.1403595 -0.010440221 0.42051744 0.004756525 0.1571858
0.3435 0.04323196 0.5191701 0.05127333 0.1416154 -0.008283738 0.43376553 0.0122870505 0.16062301
0.344 0.04389185 0.5271423000000001 0.05215451 0.1428904 -0.0060701626 0.447311 0.020049557 0.1640604
0.3445 0.04456106 0.5351658 0.05305358 0.144182 -0.0038017868 0.46113807 0.028032288 0.16749316
0.345 0.04523824 0.5432401 0.05396938 0.1454874 -0.0014823186 0.4752256 0.036220253 0.17091537
0.3455 0.04591633 0.5513643 0.05489122 0.1468006 0.0008850994 0.48954946 0.044595987 0.1743215
0.34600000000000003 0.04658915 0.5595365 0.05581274 0.1481192 0.0032954921 0.5040802 0.053138703 0.17770466
0.3465 0.04726871 0.5677571 0.05675377 0.1494471 0.0057437606 0.5187832 0.061824426 0.1810582
0.34700000000000003 0.04795804 0.5760263000000001 0.05771794 0.1507836 0.008223057 0.5336183 0.070624635 0.18437445
0.3475 0.04865601 0.5843441999999999 0.05870303 0.1521277 0.0107262675 0.5485402 0.079508245 0.18764606
0.348 0.04936078 0.5927103 0.05970622 0.1534781 0.013244007 0.56349725 0.088439405 0.19086576
0.3485 0.05007087 0.6011238 0.06072524 0.1548342 0.01576654 0.5784331 0.097378775 0.19402543
0.349 0.05078528 0.6095838000000001 0.06175869 0.1561955 0.018282192 0.59328645 0.10628368 0.19711761
0.3495 0.05150339 0.6180892 0.06280573 0.1575614 0.02077819 0.6079917 0.11510864 0.20013529
0.35 0.05222482 0.6266391 0.06386584 0.15893139999999997 0.064808354 1.1926895 0.07417546 -0.006577067
0.3505 0.05139498 0.6350897 0.06382675 0.1481527 -0.19832113 0.5731687 0.0951118 0.017709695
0.35100000000000003 0.04897318 0.6431946999999999 0.06319711 0.13862750000000001 0.055795845 0.84247196 0.11225172 -0.13396055
0.3515 0.04694712 0.6509261 0.06306623 0.13184500000000002 -0.11694642 0.68573254 0.18876523 0.037448876
0.35200000000000004 0.04550984 0.6582873 0.06330383 0.1261198 -0.001294733 0.61481917 0.14477673 0.11096111
0.3525 0.04443691 0.6652792 0.06371096 0.1208626 -0.032370556 0.72838503 0.16938573 0.02219981
0.353 0.04354453 0.6719006 0.06417989 0.11590360000000001 -0.014634665 0.72615993 0.12679029 0.049729653
0.3535 0.04273161 0.67815 0.06466285 0.1111886 -0.02618278 0.7637022 0.13943067 0.029989079
0.354 0.04194937 0.6840271 0.06514002 0.1066935 -0.020503698 0.742529 0.1483484 0.038210616
0.3545 0.04117564 0.6895326999999999 0.06560325 0.10240250000000001 -0.024757987 0.7395222 0.15158728 0.04215528
0.355 0.04040076 0.6946693 0.06604906 0.09830302 -0.018487556 0.7369491 0.14741673 0.036775082
0.3555 0.03962075 0.69944 0.06647583 0.09438351 -0.019514674 0.7350019 0.15495972 0.044731032
0.35600000000000004 0.03883419 0.7038492 0.06688272 0.09063349 -0.017335793 0.7272838 0.15426774 0.045399044
0.3565 0.03804087 0.7079021 0.06726921 0.08704319 -0.014705392 0.7334828 0.15609474 0.042840432
0.35700000000000004 0.03724105 0.7116043000000001 0.06763494 0.08360348 -0.015324583 0.72685575 0.15687637 0.045156132
0.3575 0.03643528 0.714962 0.06797966 0.08030581 -0.013552621 0.725185 0.15859202 0.044856537
0.358 0.03562417 0.7179817 0.06830318 0.07714221 -0.013161577 0.72091866 0.15968926 0.045306392
0.3585 0.03480837 0.7206703000000001 0.06860534 0.07410518 -0.011675799 0.71763104 0.16078378 0.04610394
0.359 0.03398855 0.7230347 0.06888604 0.07118771 -0.010842333 0.71369386 0.16184339 0.04648917
0.3595 0.03316534 0.7250821 0.0691452 0.06838323 -0.009719504 0.7102904 0.16288996 0.047016013
0.36 0.03233936 0.7268198 0.06938277 0.06568559 -0.008904923 0.7064136 0.16371596 0.04739063
0.3605 0.03151119 0.7282549 0.06959873 0.06308899999999999 -0.007828679 0.7027415 0.16465399 0.047757532
0.361 0.03068139 0.7293947 0.06979307 0.06058804 -0.006978585 0.6986617 0.16555966 0.048226908
0.3615 0.02985048 0.7302463 0.06996581 0.05817765 -0.005967137 0.69477767 0.16642404 0.04860424
0.36200000000000004 0.02901897 0.7308169 0.07011698 0.05585304 -0.0050678956 0.69074583 0.16729447 0.04902662
0.3625 0.02818734 0.7311135 0.07024664 0.05360974 -0.004098386 0.686705 0.168164 0.04945548
0.363 0.02735602 0.731143 0.07035485 0.05144354 -0.0031689731 0.68265146 0.16902852 0.049852114
0.3635 0.02652544 0.7309123000000001 0.07044169 0.04935049 -0.002216423 0.67859197 0.1698971 0.050265163
0.364 0.025695999999999997 0.730428 0.07050724 0.04732688 -0.0012811581 0.6744947 0.17077756 0.05068125
0.3645 0.02486808 0.7296965999999999 0.0705516 0.04536922 -0.00032749446 0.67040044 0.17167106 0.051095836
0.365 0.02404201 0.7287246999999999 0.07057488 0.04347421 0.000618804 0.6662938 0.17257565 0.05151611
0.3655 0.02321815 0.7275185000000001 0.07057719999999999 0.04163878 0.0015767538 0.6621902 0.17349556 0.05193821
0.366 0.02239679 0.7260840000000001 0.07055869 0.03986 0.002533649 0.6580833 0.17443444 0.05236539
0.3665 0.02157823 0.7244274 0.07051946 0.03813514 0.0034987675 0.65398175 0.17539075 0.052795347
0.36700000000000005 0.02076274 0.7225544 0.07045967 0.03646161 0.0044669528 0.6498863 0.17636678 0.05322811
0.3675 0.01995059 0.7204706999999999 0.07037945 0.03483698 0.005441644 0.64579755 0.17736411 0.053665742
0.368 0.01914201 0.7181819 0.07027896 0.03325896 0.0064209905 0.6417179 0.17838308 0.054106593
0.3685 0.01833722 0.7156934 0.07015835 0.03172536 0.007407101 0.63764983 0.17942452 0.054551
0.369 0.01753643 0.7130105 0.07001777 0.03023416 0.008398756 0.63359386 0.1804893 0.054999214
0.3695 0.01673984 0.7101381999999999 0.06985739 0.02878341 0.0093971295 0.6295525 0.18157783 0.055450752
0.37 0.01594762 0.7070816 0.06967737 0.027371299999999998 0.010401666 0.62552637 0.18269046 0.055905316
0.3705 0.01515995 0.7038456 0.06947788 0.02599609 0.011412835 0.62151706 0.18382788 0.056362927
0.371 0.01437698 0.7004348000000001 0.06925911 0.02465615 0.012430675 0.6175256 0.18499051 0.05682336
0.3715 0.01359884 0.6968539 0.06902121 0.02334994 0.013455469 0.6135531 0.18617867 0.05728646
0.37200000000000005 0.01282567 0.6931073 0.06876436 0.022076 0.014487175 0.6096005 0.18739259 0.05775182
0.3725 0.01205759 0.6891994 0.06848875 0.02083294 0.01552603 0.6056692 0.18863264 0.058219116
0.373 0.01129471 0.6851344 0.06819456 0.01961945 0.016572047 0.6017598 0.18989897 0.058688156
0.3735 0.01053713 0.6809165 0.06788197 0.01843428 0.01762538 0.59787357 0.19119206 0.059158668
0.374 0.009784924 0.6765496 0.06755116 0.01727625 0.018686026 0.59401125 0.19251192 0.059630312
0.3745 0.009038188 0.6720377 0.06720232 0.01614425 0.019754304 0.59017396 0.19385889 0.060102575
0.375 0.008296988 0.6673846 0.06683564 0.01503721 0.020830177 0.5863623 0.1952331 0.060575314
0.3755 0.0075613880000000005 0.6625938 0.0664513 0.01395412 0.021913715 0.5825774 0.19663483 0.06104806
0.376 0.006831443 0.6576691 0.06604949 0.01289402 0.023005156 0.5788201 0.19806424 0.06152037
0.3765 0.006107202 0.6526139 0.06563039 0.011856 0.024104396 0.57509124 0.19952163 0.061992098
0.377 0.005388705 0.6474314999999999 0.06519421 0.01083918 0.025211746 0.5713915 0.20100696 0.062462524
0.3775 0.004675987 0.6421254 0.06474113 0.009842758 0.026327126 0.567722 0.2025205 0.06293123
0.37799999999999995 0.003969075999999999 0.6366987 0.06427133 0.00886593 0.027450839 0.5640831 0.20406263 0.06339811
0.3785 0.003267993 0.6311545000000001 0.06378501 0.007907951 0.02858282 0.560476 0.20563325 0.063862264
0.379 0.002572755 0.6254958 0.06328235 0.006968108000000001 0.029723259 0.5569012 0.2072326 0.06432345
0.3795 0.0018833720000000001 0.6197256999999999 0.06276355 0.00604572 0.030872185 0.55335957 0.208861 0.06478117
0.38 0.001199851 0.613847 0.0622288 0.005140138 0.032029845 0.54985183 0.21051839 0.0652349
0.3805 0.0005221929 0.6078625 0.06167828 0.0042507429999999995 0.03319611 0.5463787 0.21220517 0.06568393
0.381 -0.0001496069 0.6017749 0.06111218 0.003376944 0.034371305 0.5429406 0.21392119 0.0661279
0.3815 -0.0008155559 0.5955868000000001 0.06053069 0.002518176 0.03555534 0.53953844 0.21566673 0.066566065
0.382 -0.001475666 0.5893009 0.059934 0.0016739 0.036748473 0.5361726 0.21744192 0.06699787
0.3825 -0.002129953 0.5829196 0.05932229 0.0008436014 0.03795067 0.5328437 0.21924685 0.06742284
0.38299999999999995 -0.002778437 0.5764454000000001 0.05869576 2.678618e-05 0.039162096 0.52955234 0.22108155 0.06783996
0.3835 -0.00342114 0.5698807 0.05805457 -0.0007770167999999999 0.04038281 0.52629864 0.22294617 0.06824891
0.384 -0.004058088 0.5632276999999999 0.05739893 -0.001568259 0.041612767 0.52308327 0.22484064 0.06864871
0.3845 -0.004689311 0.5564888000000001 0.056728999999999995 -0.002347372 0.042852163 0.5199064 0.226765 0.06903869
0.385 -0.005314839 0.549666 0.05604498 -0.00311477 0.044100948 0.51676816 0.22871923 0.06941806
0.3855 -0.005934708 0.5427616 0.05534705 -0.003870848 0.045359123 0.5136687 0.23070316 0.06978593
0.386 -0.006548954 0.5357776 0.05463537 -0.004615988 0.0466268 0.51060826 0.23271678 0.070141464
0.3865 -0.0071576159999999995 0.528716 0.05391014 -0.005350554 0.047903918 0.5075864 0.23475978 0.070483714
0.387 -0.007760736 0.5215787000000001 0.05317153 -0.006074894 0.049190424 0.5046031 0.236832 0.07081177
0.3875 -0.008358355999999999 0.5143678 0.05241972 -0.006789344 0.050486155 0.50165784 0.23893303 0.07112455
0.38799999999999996 -0.008950521 0.5070851 0.05165487 -0.007494226999999999 0.051791098 0.49874997 0.24106255 0.071421064
0.3885 -0.009537279000000001 0.4997323 0.05087718 -0.008189851 0.053105067 0.49587902 0.24321987 0.07170014
0.389 -0.01011868 0.4923112 0.05008680000000001 -0.008876512 0.054427873 0.49304372 0.24540445 0.0719606
0.3895 -0.01069477 0.48482359999999997 0.0492839 -0.009554498 0.05575919 0.4902429 0.2476156 0.072201125
0.39 -0.0112656 0.47727109999999995 0.04846867 -0.01022408 0.057098813 0.48747548 0.24985239 0.07242054
0.3905 -0.01183122 0.4696554 0.04764126 -0.01088552 0.05844625 0.48473927 0.25211352 0.07261738
0.391 -0.01239169 0.46197790000000005 0.04680184 -0.01153908 0.059801098 0.48203233 0.25439808 0.072790176
0.3915 -0.01294706 0.45424040000000004 0.04595058 -0.012185 0.061162733 0.4793519 0.25670448 0.07293755
0.392 -0.01349739 0.4464443 0.04508764 -0.01282352 0.062530376 0.4766956 0.25903082 0.073057644
0.3925 -0.01404273 0.438591 0.04421319 -0.01345485 0.06390343 0.47405946 0.26137525 0.0731489
0.39299999999999996 -0.01458313 0.43068190000000006 0.04332738 -0.01407922 0.06528068 0.47143957 0.26373553 0.07320955
0.3935 -0.01511867 0.42271850000000005 0.04243037 -0.01469684 0.06666117 0.46883163 0.26610902 0.073237605
0.39399999999999996 -0.01564939 0.4147022 0.04152232 -0.01530791 0.06804339 0.46623018 0.26849252 0.07323137
0.3945 -0.01617535 0.4066341 0.04060339 -0.01591263 0.06942594 0.46362886 0.27088258 0.07318839
0.395 -0.01669661 0.39851570000000003 0.03967373 -0.01651118 0.070806846 0.46102095 0.27327526 0.073106706
0.3955 -0.01721323 0.3903481 0.03873349 -0.01710374 0.07218397 0.458398 0.27566573 0.07298426
0.396 -0.01772527 0.38213259999999993 0.03778283 -0.0176905 0.07355494 0.455751 0.27804884 0.072818406
0.3965 -0.0182328 0.3738703 0.0368219 -0.01827161 0.074916705 0.45306894 0.28041852 0.07260691
0.397 -0.01873586 0.3655625 0.03585083 -0.01884725 0.076265894 0.45033973 0.2827677 0.072347365
0.3975 -0.01923452 0.35721020000000003 0.03486979 -0.01941756 0.07759845 0.44754907 0.2850883 0.072037145
0.39799999999999996 -0.01972884 0.34881449999999997 0.03387891 -0.01998271 0.07890978 0.44468066 0.28737107 0.071673736
0.3985 -0.02021887 0.3403766 0.03287833 -0.02054283 0.08019443 0.44171575 0.28960556 0.07125464
0.39899999999999997 -0.02070469 0.3318974 0.03186821 -0.02109808 0.0814461 0.43863267 0.29177916 0.07077734
0.3995 -0.02118635 0.32337790000000005 0.03084867 -0.02164858 0.082657196 0.43540645 0.29387793 0.0702395
0.4 -0.0216639 0.3148192 0.02981987 -0.02219448 0.0838024 0.4319511 0.29590008 0.06965065
0.4005 -0.02213482 0.30627350000000003 0.02878474 -0.022708000000000002 0.08511401 0.42846096 0.29813218 0.06939581
0.401 -0.02258844 0.2978294 0.02775313 -0.02315323 0.08710638 0.43564507 0.30023706 0.06987901
0.4015 -0.02302276 0.2895188 0.02672737 -0.02354632 0.08606401 0.4346775 0.30061933 0.07147051
0.402 -0.02344075 0.281358 0.02570702 -0.02389653 0.08819482 0.43650612 0.30181512 0.06977154
0.4025 -0.02384489 0.27335590000000004 0.02469201 -0.02420759 0.08626022 0.43742985 0.30213478 0.06690462
0.40299999999999997 -0.02423658 0.2655177 0.02368269 -0.02448149 0.08713515 0.4372719 0.30170918 0.06775706
0.4035 -0.02461651 0.2578463 0.02267955 -0.02471975 0.08662427 0.43488258 0.30290157 0.067513995
0.40399999999999997 -0.02498498 0.2503434 0.02168313 -0.02492368 0.08841868 0.43444288 0.3030686 0.06789106
0.4045 -0.02534213 0.24300940000000001 0.02069394 -0.02509449 0.087341584 0.4349404 0.30122572 0.066236705
0.405 -0.02568804 0.2358439 0.01971243 -0.02523335 0.08786524 0.43437028 0.29982617 0.06565234
0.4055 -0.02602272 0.2288459 0.01873902 -0.02534132 0.08653297 0.4314824 0.29991248 0.06592273
0.406 -0.02634561 0.2220146 0.01777416 -0.02541834 0.08727321 0.4297908 0.29832387 0.0652805
0.4065 -0.02665647 0.21534789999999998 0.01681827 -0.02546547 0.086268544 0.4279353 0.29637036 0.06427248
0.40700000000000003 -0.02695617 0.20884299999999997 0.01587154 -0.02548467 0.08608551 0.42407864 0.29461446 0.06463008
0.4075 -0.027245099999999998 0.2024971 0.01493416 -0.0254771 0.084995784 0.42104197 0.29292846 0.0640276
0.408 -0.02752329 0.19630720000000002 0.01400636 -0.02544364 0.08470439 0.41763607 0.28987423 0.06349255
0.4085 -0.02779069 0.1902703 0.01308835 -0.02538509 0.08357978 0.41328207 0.2869908 0.06302117
0.409 -0.02804722 0.18438339999999998 0.01218034 -0.02530217 0.082599424 0.4081471 0.28420693 0.06259008
0.4095 -0.02829283 0.1786434 0.0112825 -0.02519561 0.08100979 0.40292186 0.28078124 0.06215044
0.41 -0.028527499999999997 0.1730472 0.01039501 -0.02506606 0.07980175 0.3964493 0.27651224 0.06158984
0.4105 -0.02875125 0.1675915 0.009517988 -0.02491418 0.07812895 0.38920984 0.27239686 0.061063454
0.41100000000000003 -0.028964099999999996 0.1622731 0.008651569 -0.02474059 0.076140635 0.3811742 0.26756054 0.060537666
0.4115 -0.02916608 0.15708889999999998 0.007795857 -0.02454587 0.07385529 0.3725426 0.2618515 0.059788667
0.41200000000000003 -0.02935725 0.15203570000000002 0.006950948 -0.02433059 0.07138584 0.3620032 0.255729 0.05920531
0.4125 -0.02953765 0.14711029999999997 0.006116921 -0.02409529 0.068526596 0.35038722 0.24903768 0.058528222
0.413 -0.02970735 0.1423096 0.005293845 -0.02384051 0.06513054 0.33762687 0.24118754 0.057531446
0.4135 -0.02986639 0.13763050000000002 0.004481779 -0.02356675 0.061350476 0.32293317 0.23240441 0.056749795
0.414 -0.03001485 0.13307 0.003680772 -0.02327448 0.057144195 0.3061137 0.22283223 0.05586032
0.4145 -0.03015279 0.1286252 0.002890863 -0.02296419 0.05246221 0.28784537 0.2119294 0.05462441
0.415 -0.03028027 0.1242931 0.002112083 -0.0226363 0.047116112 0.2675016 0.19958028 0.05320268
0.4155 -0.03039736 0.1200708 0.001344455 -0.02229127 0.041381296 0.24487764 0.18611147 0.051639553
0.41600000000000004 -0.03050413 0.1159556 0.000587996 -0.021929499999999998 0.03522572 0.22044858 0.17143026 0.04959034
0.4165 -0.03060066 0.11194480000000001 -0.0001572861 -0.02155139 0.028866101 0.1947997 0.15525888 0.046875834
0.41700000000000004 -0.03068701 0.1080357 -0.0008913883 -0.02115734 0.02237094 0.16821152 0.13814051 0.04346679
0.4175 -0.03076326 0.10422560000000002 -0.001614314 -0.02074772 0.016095515 0.14152746 0.120544665 0.03933659
0.418 -0.03082949 0.10051210000000001 -0.0023260729999999997 -0.02032289 0.010282347 0.11604628 0.10280067 0.0342538
0.4185 -0.03088576 0.09689273 -0.003026678 -0.0198832 0.005188734 0.09268238 0.08553809 0.028431326
0.419 -0.03093217 0.09336503 -0.00371615 -0.01942899 0.0008659989 0.072137 0.0696512 0.022285677
0.4195 -0.03096878 0.08992668 -0.004394513 -0.01896058 -0.002575038 0.055034995 0.055651546 0.016195834
0.42 -0.03099568 0.0865754 -0.005061795 -0.01847828 -0.0051500383 0.04154651 0.04389987 0.010581456
0.4205 -0.03101295 0.08330896 -0.005718029 -0.01798242 -0.006959761 0.031354718 0.03459157 0.0058320835
0.42100000000000004 -0.03102066 0.08012522 -0.006363252 -0.01747327 -0.00814609 0.024087094 0.027679987 0.0021166801
0.4215 -0.03101891 0.07702205 -0.006997504 -0.01695112 -0.008819634 0.019220978 0.02284956 -0.00055672973
0.42200000000000004 -0.03100777 0.07399743 -0.0076208280000000005 -0.01641626 -0.009080751 0.016209811 0.019759566 -0.0022870675
0.4225 -0.03098732 0.07104935 -0.008233272 -0.01586895 -0.009051839 0.014551461 0.018047601 -0.003229864
0.423 -0.03095765 0.06817588 -0.008834887 -0.01530945 -0.00881152 0.013885789 0.01736606 -0.0035584792
0.4235 -0.03091884 0.06537514 -0.009425725 -0.01473802 -0.008423973 0.013891138 0.017416172 -0.0034283623
0.424 -0.03087098 0.06264528 -0.01000584 -0.014154900000000002 -0.007929729 0.014337748 0.017980628 -0.002964057
0.4245 -0.03081416 0.05998453 -0.0105753 -0.01356032 -0.007372785 0.01506485 0.018883541 -0.002269715
0.425 -0.03074845 0.05739115 -0.01113415 -0.01295453 -0.0067723435 0.01597166 0.01999791 -0.0014211386
0.4255 -0.03067394 0.05486345 -0.01168246 -0.01233773 -0.0061509456 0.016970456 0.021237776 -0.00047007203
0.426 -0.03059072 0.05239979 -0.01222031 -0.01171016 -0.0055176714 0.018011257 0.022546366 0.0005463511
0.4265 -0.03049887 0.04999857 -0.01274774 -0.01107201 -0.0048838933 0.019061461 0.023882724 0.0016005784
0.42700000000000005 -0.03039848 0.04765824 -0.01326484 -0.0104235 -0.0042525497 0.02009996 0.025221966 0.0026769415
0.4275 -0.03028963 0.04537728 -0.01377167 -0.009764831 -0.0036289361 0.02111172 0.02654995 0.0037647858
0.428 -0.03017242 0.04315422 -0.01426831 -0.009096195999999999 -0.003013893 0.022091143 0.027857892 0.004857041
0.4285 -0.03004691 0.04098762 -0.01475482 -0.008417786 -0.0024092896 0.02303531 0.029140607 0.0059490874
0.429 -0.02991321 0.03887609 -0.01523129 -0.0077297880000000005 -0.0018151626 0.023943134 0.03039664 0.00703872
0.4295 -0.02977139 0.03681827 -0.015697799999999998 -0.0070323830000000006 -0.0012324369 0.024814755 0.03162635 0.008125
0.43 -0.02962154 0.03481283 -0.01615441 -0.006325746 -0.00066067465 0.02565176 0.032830022 0.009207174
0.4305 -0.02946375 0.0328585 -0.01660121 -0.00561005 -9.98918e-05 0.02645573 0.03400916 0.0102849305
0.431 -0.02929809 0.03095403 -0.01703828 -0.004885461 0.00044999737 0.027228199 0.03516507 0.011358693
0.4315 -0.02912464 0.02909825 -0.01746569 -0.004152128 0.0009892175 0.027970828 0.036299147 0.012428597
0.43200000000000005 -0.02894347 0.02729 -0.01788352 -0.003410205 0.0015180411 0.028685354 0.03741283 0.013494968
0.4325 -0.02875465 0.02552812 -0.01829186 -0.0026598459999999996 0.0020365613 0.029372953 0.038507268 0.014558159
0.433 -0.02855854 0.02381111 -0.01870998 -0.001902083 0.0025449526 0.030035347 0.03958314 0.0156181455
0.4335 -0.02835925 0.02213293 -0.01920593 -0.001147157 0.0030432737 0.030673087 0.04064159 0.016675338
0.434 -0.02815623 0.02049279 -0.01967412 -0.0003885191 0.0035317475 0.031287253 0.04168319 0.017730013
0.4345 -0.02794612 0.018893 -0.02008919 0.00037984559999999995 0.0040104 0.031878784 0.042708397 0.018781863
0.435 -0.02772719 0.01733504 -0.02046149 0.001159099 0.0044792183 0.032448202 0.04371772 0.019831456
0.4355 -0.02749885 0.01581921 -0.02080487 0.001948927 0.0049383296 0.032996126 0.044711515 0.020878509
0.436 -0.02726142 0.01434491 -0.02112963 0.002748602 0.0053878278 0.03352326 0.045689814 0.021923214
0.4365 -0.02701554 0.01291109 -0.02144222 0.00355744 0.0058277054 0.034029797 0.046652734 0.022965133
0.43700000000000006 -0.02676189 0.01151647 -0.02174624 0.004374876 0.006257944 0.0345165 0.04760071 0.024004817
0.4375 -0.02650098 0.01015975 -0.02204352 0.005200449 0.006678507 0.034983233 0.048533604 0.02504186
0.43799999999999994 -0.02623319 0.008839639 -0.0223348 0.006033775999999999 0.0070896423 0.03543093 0.04945153 0.02607616
0.4385 -0.02595879 0.007554951999999999 -0.02262029 0.006874535 0.00749108 0.03585946 0.050354287 0.02710773
0.439 -0.02567793 0.006304584 -0.02289989 0.0077224369999999995 0.007882984 0.036269456 0.0512421 0.02813641
0.4395 -0.02539075 0.005087541 -0.02317339 0.008577179 0.008265227 0.036660857 0.052114926 0.029162314
0.44 -0.02509734 0.0039028759999999996 -0.02344053 0.009438561 0.008638017 0.03703422 0.052972853 0.030185178
0.4405 -0.02479773 0.002749696 -0.0237011 0.01030644 0.009001242 0.03738992 0.053815745 0.03120483
0.441 -0.02449197 0.001627164 -0.0239549 0.01118066 0.00935486 0.03772787 0.0546434 0.032221433
0.4415 -0.0241801 0.0005344934 -0.02420176 0.0120611 0.009698969 0.038048625 0.055455968 0.033234544
0.442 -0.02386217 -0.0005290777 -0.02444158 0.01294764 0.010033518 0.03835225 0.05625353 0.034244403
0.4425 -0.02353825 -0.00156425 -0.02467429 0.01384014 0.010358477 0.038639247 0.05703588 0.035250805
0.44299999999999995 -0.02320841 -0.002571576 -0.02489984 0.01473804 0.010673966 0.038909785 0.057802923 0.03625339
0.4435 -0.0228737 -0.003550432 -0.025118900000000003 0.01563405 0.01097982 0.039164007 0.058554947 0.037252508
0.444 -0.02253483 -0.0045020220000000005 -0.02533155 0.01653192 0.011276238 0.03940238 0.059291586 0.03824771
0.4445 -0.02219059 -0.005427693000000001 -0.02553696 0.01743669 0.011563111 0.0396251 0.060012966 0.039239097
0.445 -0.02184181 -0.006327343000000001 -0.02573674 0.01834261 0.0118404515 0.039832376 0.06071913 0.04022653
0.4455 -0.02148916 -0.00720204 -0.02593066 0.01925059 0.01210832 0.0400246 0.06141003 0.041209936
0.446 -0.02113065 -0.008053124 -0.026116700000000003 0.02016662 0.012366692 0.040201753 0.062085494 0.042189267
0.4465 -0.0207652 -0.008881376 -0.026294400000000002 0.02109191 0.01261566 0.040364556 0.062745735 0.043164324
0.447 -0.02039276 -0.009687316 -0.02646404 0.02202594 0.012855059 0.04051297 0.06339061 0.044135086
0.4475 -0.0200137 -0.01047135 -0.02662607 0.02296789 0.0130850915 0.040647328 0.0640202 0.04510162
0.44799999999999995 -0.01962848 -0.01123386 -0.02678087 0.02391702 0.013305578 0.040767737 0.064634465 0.046063717
0.4485 -0.01923751 -0.011975200000000002 -0.02692874 0.02487272 0.013516769 0.040874794 0.06523351 0.047021333
0.449 -0.01884107 -0.01269574 -0.02706988 0.02583449 0.013718534 0.040968575 0.06581718 0.047974445
0.4495 -0.01843941 -0.01339586 -0.02720445 0.02680191 0.013910944 0.0410494 0.06638549 0.048922762
0.45 -0.01803268 -0.01407595 -0.02733256 0.02777466 0.0140939 0.041117482 0.06693853 0.049866557
0.4505 -0.01762099 -0.01473641 -0.0274543 0.02875247 0.014267556 0.04117304 0.06747638 0.05080568
0.451 -0.01720444 -0.01537764 -0.02756975 0.02973511 0.014431968 0.041216537 0.0679989 0.05173994
0.4515 -0.0167831 -0.01600003 -0.02767898 0.0307224 0.014586983 0.04124807 0.068506226 0.052669417
0.452 -0.01635705 -0.01660398 -0.02778205 0.03171419 0.014732782 0.04126791 0.068998255 0.053593956
0.4525 -0.01592632 -0.01718989 -0.02787904 0.03271034 0.014869314 0.041276418 0.069475144 0.054513555
0.45299999999999996 -0.015491 -0.01775815 -0.02797 0.033710699999999996 0.014996624 0.041273654 0.06993697 0.05542832
0.4535 -0.01505115 -0.01830915 -0.02805502 0.03471516 0.015114786 0.04126008 0.07038358 0.056338012
0.45399999999999996 -0.01460679 -0.01884327 -0.02813415 0.03572364 0.015223663 0.04123596 0.070815034 0.057242516
0.4545 -0.01415799 -0.01936088 -0.02820746 0.0367361 0.0153235365 0.04120139 0.07123162 0.05814215
0.455 -0.01370478 -0.01986233 -0.02827501 0.03775245 0.015414106 0.04115659 0.07163316 0.059036635
0.4555 -0.01324722 -0.020347999999999998 -0.02833688 0.03877263 0.015495768 0.041102074 0.07201968 0.0599259
0.456 -0.01278537 -0.02081822 -0.02839312 0.03979659 0.015568266 0.041037947 0.07239121 0.060809884
0.4565 -0.01231927 -0.02127334 -0.02844381 0.04082426 0.015631799 0.040964305 0.07274806 0.06168901
0.457 -0.011849 -0.02171369 -0.02848901 0.04185558 0.015686316 0.0408817 0.07309008 0.06256267
0.4575 -0.01137459 -0.02213959 -0.02852879 0.0428905 0.015731974 0.04079009 0.073417336 0.063431285
0.45799999999999996 -0.01089605 -0.02250079 -0.02856217 0.04392966 0.015768556 0.040690072 0.07372977 0.06429441
0.4585 -0.01041334 -0.02281009 -0.02858781 0.04497268 0.01579626 0.040581435 0.07402769 0.065152526
0.45899999999999996 -0.009926691 -0.02310548 -0.02860703 0.04601878 0.015815224 0.04046458 0.07431112 0.066005245
0.4595 -0.009436208 -0.02340325 -0.02862108 0.04706793 0.015825335 0.040340126 0.07457993 0.06685262
0.46 -0.008941928 -0.02370882 -0.02863068 0.04812018 0.015826639 0.040207736 0.07483438 0.067694806
0.4605 -0.008443874 -0.02402216 -0.02863616 0.04917555 0.01581919 0.04006788 0.07507458 0.06853172
0.461 -0.007942071 -0.02434079 -0.0286376 0.05023405 0.01580308 0.03992098 0.075300336 0.0693634
0.4615 -0.007436555 -0.02466145 -0.02863498 0.05129568 0.015778318 0.03976699 0.07551187 0.070189655
0.462 -0.006927361999999999 -0.02498086 -0.02862823 0.05236042 0.015744945 0.0396062 0.07570948 0.07101074
0.4625 -0.006414715 -0.02529593 -0.02861732 0.05342656 0.01570299 0.039438933 0.075893044 0.071826555
0.46299999999999997 -0.005901469 -0.02560305 -0.02860336 0.05448253 0.015652511 0.039265454 0.076062635 0.07263711
0.4635 -0.0053875730000000005 -0.02590127 -0.02858608 0.05553722 0.015593594 0.03908571 0.076218486 0.07344254
0.46399999999999997 -0.00487019 -0.02619004 -0.02856412 0.05659783 0.0155261755 0.03890004 0.07636058 0.07424258
0.4645 -0.004347883 -0.02646869 -0.02853698 0.05766556 0.01545045 0.03870888 0.07648888 0.07503739
0.465 -0.003820508 -0.02673668 -0.02850475 0.05873987 0.015366275 0.038512036 0.076603845 0.07582717
0.4655 -0.0032884470000000003 -0.02699365 -0.02846765 0.05981998 0.015273904 0.038310096 0.07670544 0.076611824
0.466 -0.0027522490000000004 -0.02723877 -0.02842594 0.0609063 0.015173223 0.038103133 0.076793596 0.077391356
0.4665 -0.002212257 -0.02747162 -0.02837985 0.06199805 0.015064489 0.03789126 0.07686867 0.07816565
0.467 -0.0016682420000000001 -0.02769305 -0.02832943 0.06309318 0.0149474945 0.037674874 0.07693057 0.078935005
0.4675 -0.0011204639999999998 -0.02790364 -0.02827472 0.06419144 0.014822479 0.037453867 0.07697958 0.07969934
0.46799999999999997 -0.0005693609 -0.02810374 -0.02821582 0.06529272 0.014689444 0.037228703 0.07701579 0.0804586
0.4685 -1.526606e-05 -0.02829364 -0.028152800000000002 0.06639692 0.014548365 0.03699948 0.0770392 0.08121303
0.469 0.0005416468 -0.02847354 -0.02808575 0.06750394 0.014399424 0.03676649 0.07705012 0.0819624
0.4695 0.001101344 -0.02864365 -0.02801471 0.0686137 0.0142426435 0.03652972 0.07704871 0.082707115
0.47 0.00166382 -0.02880418 -0.02793975 0.06972613 0.014078032 0.036289513 0.077034816 0.08344675
0.4705 0.002229067 -0.02895538 -0.02786092 0.07084112 0.0139057245 0.036046237 0.07700877 0.08418171
0.47100000000000003 0.002797074 -0.029097500000000002 -0.02777828 0.07195862 0.013725711 0.03579952 0.07697083 0.08491208
0.4715 0.003367834 -0.02923081 -0.02769186 0.07307855 0.013538105 0.03555017 0.076921105 0.085637696
0.47200000000000003 0.003941334 -0.02935555 -0.02760174 0.07420086 0.013342913 0.03529782 0.07685955 0.08635874
0.4725 0.00451756 -0.02947198 -0.02750795 0.07532549 0.013140287 0.035043053 0.0767865 0.087075256
0.473 0.005096493 -0.02958033 -0.02741054 0.07645239 0.012930147 0.03478583 0.07670197 0.08778709
0.4735 0.005678109000000001 -0.02968084 -0.02730957 0.07758153 0.01271278 0.03452632 0.07660638 0.08849477
0.474 0.0062623819999999995 -0.02977372 -0.02720508 0.07871287 0.012488008 0.03426472 0.07649965 0.08919793
0.4745 0.006849284000000001 -0.02985918 -0.02709712 0.07984636 0.012256118 0.03400135 0.07638213 0.08989682
0.475 0.007438783000000001 -0.02993743 -0.02698573 0.08098198 0.012017043 0.033736132 0.07625379 0.090591505
0.4755 0.008030848 -0.03000865 -0.02687098 0.08211969 0.011770859 0.033469394 0.07611499 0.09128199
0.47600000000000003 0.008625445 -0.03007303 -0.02675289 0.08325946 0.011517694 0.03320112 0.07596585 0.09196846
0.4765 0.009222528 -0.03013072 -0.02663152 0.08439825 0.011257624 0.03293162 0.07580655 0.09265083
0.47700000000000004 0.00982192 -0.03018191 -0.02650692 0.08553144 0.01099072 0.03266103 0.07563718 0.09332921
0.4775 0.01042353 -0.03022674 -0.02637914 0.08666793 0.010716978 0.032389432 0.07545806 0.09400371
0.478 0.01102743 -0.03026536 -0.02624822 0.08780894 0.010436474 0.03211704 0.075269416 0.094674505
0.4785 0.01163367 -0.03029792 -0.0261142 0.08895396 0.010149509 0.031843662 0.075071394 0.09534157
0.479 0.01224224 -0.03032456 -0.02597714 0.09010244 0.00985593 0.031570047 0.07486421 0.096004866
0.4795 0.012853100000000001 -0.03034542 -0.02583708 0.09125394 0.009555882 0.03129579 0.07464796 0.096664675
0.48 0.01346627 -0.03036063 -0.02569406 0.09240816 0.009249411 0.031021357 0.074423015 0.09732107
0.4805 0.01408168 -0.03037029 -0.0255481 0.09356484 0.008936684 0.030746683 0.07418944 0.09797398
0.48100000000000004 0.01469944 -0.03037448 -0.02539924 0.09472383 0.008617712 0.030471846 0.07394765 0.09862362
0.4815 0.01531956 -0.03037332 -0.02524752 0.09588499 0.008292677 0.030197263 0.073697716 0.099270016
0.48200000000000004 0.01594198 -0.03036692 -0.02509296 0.09704818 0.0079615 0.02992288 0.07343981 0.09991312
0.4825 0.0165666 -0.03035542 -0.02493563 0.09821331 0.00762448 0.029648654 0.07317425 0.10055328
0.483 0.01719336 -0.03033891 -0.02477555 0.09938029 0.007281425 0.029375002 0.07290132 0.10119036
0.4835 0.01782221 -0.03031751 -0.02461277 0.10054910000000002 0.006932672 0.02910173 0.07262115 0.101824716
0.484 0.01845309 -0.03029133 -0.02444732 0.10171960000000001 0.006578249 0.028829232 0.07233393 0.102455914
0.4845 0.01908596 -0.03026046 -0.02427925 0.10289169999999999 0.006218196 0.028557457 0.072040245 0.10308467
0.485 0.0197208 -0.03022501 -0.02410859 0.10406549999999999 0.0058526555 0.028286502 0.07173985 0.103710674
0.4855 0.02035763 -0.03018505 -0.02393537 0.10524100000000002 0.005481627 0.028016403 0.07143332 0.104334064
0.486 0.02099648 -0.03014069 -0.02375964 0.10641800000000001 0.0051053674 0.027747326 0.071120754 0.10495504
0.4865 0.02163729 -0.03009201 -0.02358142 0.10759660000000001 0.0047238227 0.027479462 0.070802435 0.10557349
0.48700000000000004 0.02227996 -0.03003909 -0.02340076 0.1087767 0.0043371366 0.027212732 0.07047874 0.10618988
0.4875 0.02292444 -0.02998202 -0.02321768 0.10995839999999998 0.003945493 0.02694732 0.070149675 0.10680385
0.488 0.02357069 -0.02992087 -0.02303223 0.11114149999999999 0.003548834 0.02668336 0.069815636 0.10741555
0.4885 0.02421867 -0.02985572 -0.02284443 0.1123261 0.0031473571 0.026420772 0.06947698 0.108025365
0.489 0.02486837 -0.02978666 -0.02265432 0.1135121 0.0027410644 0.026159734 0.0691338 0.108633034
0.4895 0.02551979 -0.02971375 -0.02246192 0.1146995 0.0023302445 0.025900334 0.06878638 0.10923898
0.49 0.02617291 -0.02963707 -0.02226729 0.1158883 0.0019147862 0.025642328 0.068435185 0.10984301
0.4905 0.02682769 -0.02955669 -0.02207043 0.1170785 0.0014950465 0.025386333 0.068080276 0.11044517
0.491 0.02748391 -0.02947271 -0.02187143 0.11826969999999999 0.001070796 0.02513209 0.06772193 0.11104566
0.4915 0.0281414 -0.02938521 -0.02167034 0.11946199999999998 0.00064238254 0.02487982 0.067360476 0.11164456
0.49200000000000005 0.02880031 -0.02929426 -0.02146717 0.12065530000000001 0.0002097513 0.024629101 0.066996284 0.11224192
0.4925 0.0294608 -0.02919993 -0.02126192 0.1218499 -0.00022675563 0.024380572 0.06662951 0.112837896
0.493 0.03012295 -0.02910226 -0.0210546 0.12304580000000001 -0.0006673327 0.024133898 0.06626062 0.11343244
0.4935 0.03078675 -0.02900132 -0.02084523 0.124243 -0.0011115717 0.023889378 0.065889485 0.11402563
0.494 0.0314522 -0.02889716 -0.02063384 0.12544149999999998 -0.0015597804 0.023646705 0.065516576 0.114617296
0.4945 0.03211925 -0.02878983 -0.02042046 0.1266412 -0.0020112437 0.023406476 0.06514224 0.11520792
0.495 0.03278788 -0.02867938 -0.02020512 0.1278422 -0.0024667238 0.023168042 0.064766705 0.11579729
0.4955 0.03345805 -0.02856587 -0.01998784 0.1290445 -0.0029250486 0.022931978 0.06439036 0.11638565
0.496 0.03412974 -0.02844935 -0.01976866 0.1302481 -0.00338714 0.022698045 0.06401327 0.116972774
0.4965 0.03480291 -0.02832988 -0.0195476 0.13145279999999998 -0.0038520498 0.022466287 0.0636359 0.117558986
0.49700000000000005 0.03547754 -0.02820751 -0.0193247 0.1326588 -0.0043203696 0.022236817 0.06325852 0.11814403
0.4975 0.03615361 -0.028082299999999998 -0.01909997 0.133866 -0.0047914195 0.022009611 0.062881105 0.118728384
0.498 0.03683108 -0.02795428 -0.01887345 0.13507439999999998 -0.005265636 0.021784477 0.06250448 0.119311705
0.4985 0.03750995 -0.02782352 -0.01864515 0.13628389999999999 -0.0057423194 0.02156189 0.062128358 0.119894266
0.499 0.03819019 -0.02769006 -0.01841511 0.13749470000000003 -0.006221988 0.021341227 0.06175339 0.12047573
0.4995 0.03887177 -0.02755395 -0.01818335 0.1387065 -0.006703938 0.021122977 0.06137962 0.121056706
