1.339666843414306641e-01 1.210324466228485107e-01
1.266703307628631592e-01 1.131926178932189941e-01
1.187701523303985596e-01 1.057733669877052307e-01
1.113420426845550537e-01 9.904228150844573975e-02
1.046512722969055176e-01 9.289318323135375977e-02
9.855512529611587524e-02 8.725645393133163452e-02
9.295444935560226440e-02 8.209748566150665283e-02
8.779364079236984253e-02 7.739087194204330444e-02
8.303427696228027344e-02 7.311078906059265137e-02
7.864437252283096313e-02 6.922959536314010620e-02
7.459595054388046265e-02 6.571860611438751221e-02
7.086464762687683105e-02 6.254902482032775879e-02
6.742922961711883545e-02 5.969266965985298157e-02
6.427092105150222778e-02 5.712269246578216553e-02
6.137273088097572327e-02 5.481375753879547119e-02
5.871865898370742798e-02 5.274203419685363770e-02
5.629318952560424805e-02 5.088507756590843201e-02
5.408087745308876038e-02 4.922168329358100891e-02
5.206624045968055725e-02 4.773190245032310486e-02
5.023373290896415710e-02 4.639698937535285950e-02
4.856788367033004761e-02 4.519947990775108337e-02
4.705350846052169800e-02 4.412331432104110718e-02
4.567594453692436218e-02 4.315383732318878174e-02
4.442125186324119568e-02 4.227792471647262573e-02
4.327645897865295410e-02 4.148396477103233337e-02
4.222974181175231934e-02 4.076189920306205750e-02
4.127053916454315186e-02 4.010311141610145569e-02
4.038956388831138611e-02 3.950033336877822876e-02
3.957877680659294128e-02 3.894741088151931763e-02
3.883124142885208130e-02 3.843915089964866638e-02
3.814097866415977478e-02 3.797109425067901611e-02
3.750278428196907043e-02 3.753934428095817566e-02
3.691203147172927856e-02 3.714042901992797852e-02
3.636457398533821106e-02 3.677120432257652283e-02
3.585658594965934753e-02 3.642876446247100830e-02
3.538452833890914917e-02 3.611043840646743774e-02
3.494506701827049255e-02 3.581371903419494629e-02
3.453505784273147583e-02 3.553627803921699524e-02
3.415153175592422485e-02 3.527595847845077515e-02
3.379169851541519165e-02 3.503078967332839966e-02
3.345292806625366211e-02 3.479896113276481628e-02
3.313281014561653137e-02 3.457887470722198486e-02
3.282910585403442383e-02 3.436914831399917603e-02
3.253983333706855774e-02 3.416858986020088196e-02
3.226323425769805908e-02 3.397621959447860718e-02
3.199778869748115540e-02 3.379128873348236084e-02
3.174224123358726501e-02 3.361321985721588135e-02
3.149555623531341553e-02 3.344160690903663635e-02
3.125694021582603455e-02 3.327617794275283813e-02
3.102578781545162201e-02 3.311674669384956360e-02
3.080165944993495941e-02 3.296320885419845581e-02
3.058425337076187134e-02 3.281546756625175476e-02
3.037334606051445007e-02 3.267341852188110352e-02
3.016877174377441406e-02 3.253692761063575745e-02
2.997039817273616791e-02 3.240580856800079346e-02
2.977807074785232544e-02 3.227980807423591614e-02
2.959163859486579895e-02 3.215865790843963623e-02
2.941091358661651611e-02 3.204201161861419678e-02
2.923568151891231537e-02 3.192951530218124390e-02
2.906571887433528900e-02 3.182080760598182678e-02
2.890078164637088776e-02 3.171553090214729309e-02
2.874062582850456238e-02 3.161336854100227356e-02
2.858500927686691284e-02 3.151401504874229431e-02
2.843371219933032990e-02 3.141722455620765686e-02
2.828653529286384583e-02 3.132278472185134888e-02
2.814328856766223907e-02 3.123053535819053650e-02
2.800381556153297424e-02 3.114033117890357971e-02
2.786795608699321747e-02 3.105206228792667389e-02
2.773557044565677643e-02 3.096563369035720825e-02
2.760652452707290649e-02 3.088095039129257202e-02
2.748067677021026611e-02 3.079794347286224365e-02
2.735789492726325989e-02 3.071652166545391083e-02
2.723803371191024780e-02 3.063660301268100739e-02
2.712094970047473907e-02 3.055810555815696716e-02
2.700650319457054138e-02 3.048094548285007477e-02
2.689454890787601471e-02 3.040504828095436096e-02
2.678496018052101135e-02 3.033034130930900574e-02
2.667761221528053284e-02 3.025676310062408447e-02
2.657239325344562531e-02 3.018426522612571716e-02
2.646920830011367798e-02 3.011279366910457611e-02
2.636797167360782623e-02 3.004233166575431824e-02
2.626860700547695160e-02 2.997283264994621277e-02
2.617105469107627869e-02 2.990429289638996124e-02
2.607524767518043518e-02 2.983669750392436981e-02
2.598114684224128723e-02 2.977003157138824463e-02
2.588870003819465637e-02 2.970430254936218262e-02
2.579786069691181183e-02 2.963949553668498993e-02
2.570858784019947052e-02 2.957562915980815887e-02
2.562083676457405090e-02 2.951270528137683868e-02
2.553456835448741913e-02 2.945074439048767090e-02
2.544973976910114288e-02 2.938977442681789398e-02
2.536631561815738678e-02 2.932979725301265717e-02
2.528424933552742004e-02 2.927084639668464661e-02
2.520351484417915344e-02 2.921295724809169769e-02
2.512407489120960236e-02 2.915614284574985504e-02
2.504589781165122986e-02 2.910042740404605865e-02
2.496895566582679749e-02 2.904582582414150238e-02
2.489321865141391754e-02 2.899234555661678314e-02
2.481866069138050079e-02 2.893999405205249786e-02
2.474526129662990570e-02 2.888875082135200500e-02
2.467299252748489380e-02 2.883860468864440918e-02
2.460182271897792816e-02 2.878952398896217346e-02
2.453174628317356110e-02 2.874147333204746246e-02
2.446272782981395721e-02 2.869439683854579926e-02
2.439474873244762421e-02 2.864824607968330383e-02
2.432778850197792053e-02 2.860296890139579773e-02
2.426183223724365234e-02 2.855849824845790863e-02
2.419684827327728271e-02 2.851477079093456268e-02
2.413282357156276703e-02 2.847172878682613373e-02
2.406973391771316528e-02 2.842930890619754791e-02
2.400756441056728363e-02 2.838746272027492523e-02
2.394629083573818207e-02 2.834613621234893799e-02
2.388589456677436829e-02 2.830530330538749695e-02
2.382635883986949921e-02 2.826491743326187134e-02
2.376766316592693329e-02 2.822496555745601654e-02
2.370979264378547668e-02 2.818543091416358948e-02
2.365273050963878632e-02 2.814630419015884399e-02
2.359646372497081757e-02 2.810758724808692932e-02
2.354097552597522736e-02 2.806928753852844238e-02
2.348624914884567261e-02 2.803141437470912933e-02
2.343227155506610870e-02 2.799398824572563171e-02
2.337903529405593872e-02 2.795701846480369568e-02
2.332651242613792419e-02 2.792052365839481354e-02
2.327470108866691589e-02 2.788451872766017914e-02
2.322358638048171997e-02 2.784901484847068787e-02
2.317315153777599335e-02 2.781402505934238434e-02
2.312338538467884064e-02 2.777955308556556702e-02
2.307427674531936646e-02 2.774560824036598206e-02
2.302580513060092926e-02 2.771218307316303253e-02
2.297796681523323059e-02 2.767928130924701691e-02
2.293074131011962891e-02 2.764688804745674133e-02
2.288412302732467651e-02 2.761499583721160889e-02
2.283809892833232880e-02 2.758359350264072418e-02
2.279265224933624268e-02 2.755265869200229645e-02
2.274777740240097046e-02 2.752218581736087799e-02
2.270346134901046753e-02 2.749215438961982727e-02
2.265969105064868927e-02 2.746254205703735352e-02
2.261645905673503876e-02 2.743333764374256134e-02
2.257375046610832214e-02 2.740452624857425690e-02
2.253155782818794250e-02 2.737608551979064941e-02
2.248987182974815369e-02 2.734800986945629120e-02
2.244867943227291107e-02 2.732027880847454071e-02
2.240797132253646851e-02 2.729288674890995026e-02
2.236773632466793060e-02 2.726581506431102753e-02
2.232796698808670044e-02 2.723906002938747406e-02
2.228865027427673340e-02 2.721260674297809601e-02
2.224978059530258179e-02 2.718645706772804260e-02
2.221134491264820099e-02 2.716059051454067230e-02
2.217333577573299408e-02 2.713500335812568665e-02
2.213574200868606567e-02 2.710969559848308563e-02
2.209855429828166962e-02 2.708465605974197388e-02
2.206176705658435822e-02 2.705988101661205292e-02
2.202536910772323608e-02 2.703536301851272583e-02
2.198935300111770630e-02 2.701109647750854492e-02
2.195370756089687347e-02 2.698707580566406250e-02
2.191842347383499146e-02 2.696329914033412933e-02
2.188349887728691101e-02 2.693975903093814850e-02
2.184891887009143829e-02 2.691645175218582153e-02
2.181467972695827484e-02 2.689337730407714844e-02
2.178077027201652527e-02 2.687052637338638306e-02
2.174718305468559265e-02 2.684789337217807770e-02
2.171391248703002930e-02 2.682548202574253082e-02
2.168095111846923828e-02 2.680327370762825012e-02
2.164828777313232422e-02 2.678127773106098175e-02
2.161591872572898865e-02 2.675948105752468109e-02
2.158383466303348541e-02 2.673788182437419891e-02
2.155202627182006836e-02 2.671647071838378906e-02
2.152049355208873749e-02 2.669524587690830231e-02
2.148922346532344818e-02 2.667419053614139557e-02
2.145820856094360352e-02 2.665330469608306885e-02
2.142744511365890503e-02 2.663258276879787445e-02
2.139692753553390503e-02 2.661200799047946930e-02
2.136664465069770813e-02 2.659158594906330109e-02
2.133659273386001587e-02 2.657129801809787750e-02
2.130676247179508209e-02 2.655114047229290009e-02
2.127715200185775757e-02 2.653110399842262268e-02
2.124775014817714691e-02 2.651118114590644836e-02
2.121855504810810089e-02 2.649137005209922791e-02
2.118955738842487335e-02 2.647166699171066284e-02
2.116075530648231506e-02 2.645206637680530548e-02
2.113213576376438141e-02 2.643255889415740967e-02
2.110369876027107239e-02 2.641314640641212463e-02
2.107543312013149261e-02 2.639381960034370422e-02
2.104733884334564209e-02 2.637457847595214844e-02
2.101940847933292389e-02 2.635541744530200958e-02
2.099163271486759186e-02 2.633633650839328766e-02
2.096400968730449677e-02 2.631732821464538574e-02
2.093653194606304169e-02 2.629840001463890076e-02
2.090919576585292816e-02 2.627954445779323578e-02
2.088199183344841003e-02 2.626074850559234619e-02
2.085492014884948730e-02 2.624201960861682892e-02
2.082796953618526459e-02 2.622335590422153473e-02
2.080113813281059265e-02 2.620474249124526978e-02
2.077442035079002380e-02 2.618619054555892944e-02
2.074781060218811035e-02 2.616768889129161835e-02
2.072130516171455383e-02 2.614923007786273956e-02
2.069489471614360809e-02 2.613081596791744232e-02
2.066857554018497467e-02 2.611244283616542816e-02
2.064234949648380280e-02 2.609410323202610016e-02
2.061620168387889862e-02 2.607579343020915985e-02
2.059013396501541138e-02 2.605751343071460724e-02
2.056413888931274414e-02 2.603925764560699463e-02
2.053821086883544922e-02 2.602101676166057587e-02
2.051234804093837738e-02 2.600279450416564941e-02
2.048654295504093170e-02 2.598458342254161835e-02
2.046079374849796295e-02 2.596637792885303497e-02
2.043509297072887421e-02 2.594817429780960083e-02
2.040943875908851624e-02 2.592997439205646515e-02
2.038382738828659058e-02 2.591176144778728485e-02
2.035825513303279877e-02 2.589354291558265686e-02
2.033271268010139465e-02 2.587530761957168579e-02
2.030720189213752747e-02 2.585704997181892395e-02
2.028171718120574951e-02 2.583876252174377441e-02
2.025625668466091156e-02 2.582044713199138641e-02
2.023081108927726746e-02 2.580209076404571533e-02
2.020538039505481720e-02 2.578368224203586578e-02
2.017995901405811310e-02 2.576522529125213623e-02
2.015454322099685669e-02 2.574670501053333282e-02
2.012912929058074951e-02 2.572810649871826172e-02
2.010370790958404541e-02 2.570943348109722137e-02
2.007828094065189362e-02 2.569067291915416718e-02
2.005283720791339874e-02 2.567181363701820374e-02
2.002737298607826233e-02 2.565285377204418182e-02
2.000188268721103668e-02 2.563378587365150452e-02
1.997635513544082642e-02 2.561459876596927643e-02
1.995079033076763153e-02 2.559530921280384064e-02
1.992517709732055664e-02 2.557590417563915253e-02
1.989951543509960175e-02 2.555638737976551056e-02
1.987378858029842377e-02 2.553677372634410858e-02
1.984799839556217194e-02 2.551706880331039429e-02
1.982213743031024933e-02 2.549728378653526306e-02
1.979620009660720825e-02 2.547743916511535645e-02
1.977018639445304871e-02 2.545754052698612213e-02
1.974408514797687531e-02 2.543761208653450012e-02
1.971789821982383728e-02 2.541766129434108734e-02
1.969161443412303925e-02 2.539770118892192841e-02
1.966523192822933197e-02 2.537774108350276947e-02
1.963874511420726776e-02 2.535778842866420746e-02
1.961214840412139893e-02 2.533784694969654083e-02
1.958543621003627777e-02 2.531790174543857574e-02
1.955859363079071045e-02 2.529796957969665527e-02
1.953162252902984619e-02 2.527803741395473480e-02
1.950450986623764038e-02 2.525807730853557587e-02
1.947725005447864532e-02 2.523809485137462616e-02
1.944983005523681641e-02 2.521807327866554260e-02
1.942224800586700439e-02 2.519799582660198212e-02
1.939449273049831390e-02 2.517784200608730316e-02
1.936655864119529724e-02 2.515760809183120728e-02
1.933843083679676056e-02 2.513727359473705292e-02
1.931010372936725616e-02 2.511683665215969086e-02
1.928156986832618713e-02 2.509628236293792725e-02
1.925281621515750885e-02 2.507560327649116516e-02
1.922383159399032593e-02 2.505480870604515076e-02
1.919460669159889221e-02 2.503389678895473480e-02
1.916512474417686462e-02 2.501287683844566345e-02
1.913537643849849701e-02 2.499176003038883209e-02
1.910534314811229706e-02 2.497056685388088226e-02
1.907501742243766785e-02 2.494931034743785858e-02
1.904437877237796783e-02 2.492801286280155182e-02
1.901341602206230164e-02 2.490669302642345428e-02
1.898210868239402771e-02 2.488536015152931213e-02
1.895044185221195221e-02 2.486402541399002075e-02
1.891839690506458282e-02 2.484269626438617706e-02
1.888594962656497955e-02 2.482136338949203491e-02
1.885308697819709778e-02 2.480002492666244507e-02
1.881978288292884827e-02 2.477866224944591522e-02
1.878601312637329102e-02 2.475725673139095306e-02
1.875175349414348602e-02 2.473578788340091705e-02
1.871697604656219482e-02 2.471424825489521027e-02
1.868165284395217896e-02 2.469262108206748962e-02
1.864575408399105072e-02 2.467090077698230743e-02
1.860924623906612396e-02 2.464909106492996216e-02
1.857209205627441406e-02 2.462719753384590149e-02
1.853425428271293640e-02 2.460524626076221466e-02
1.849569007754325867e-02 2.458325214684009552e-02
1.845635659992694855e-02 2.456125244498252869e-02
1.841620728373527527e-02 2.453926205635070801e-02
1.837518811225891113e-02 2.451730705797672272e-02
1.833323761820793152e-02 2.449540793895721436e-02
1.829029805958271027e-02 2.447357401251792908e-02
1.824630610644817352e-02 2.445181459188461304e-02
1.820118166506290436e-02 2.443013712763786316e-02
1.815484650433063507e-02 2.440855652093887329e-02
1.810721494257450104e-02 2.438708581030368805e-02
1.805818267166614532e-02 2.436574921011924744e-02
1.800765469670295715e-02 2.434460073709487915e-02
1.795550435781478882e-02 2.432367950677871704e-02
1.790160313248634338e-02 2.430303767323493958e-02
1.784580759704113007e-02 2.428275346755981445e-02
1.778795756399631500e-02 2.426289021968841553e-02
1.772787235677242279e-02 2.424352802336215973e-02
1.766535080969333649e-02 2.422476373612880707e-02
1.760016754269599915e-02 2.420671470463275909e-02
1.753208041191101074e-02 2.418951503932476044e-02
1.746080070734024048e-02 2.417337335646152496e-02
1.738601550459861755e-02 2.415852062404155731e-02
1.730737276375293732e-02 2.414523437619209290e-02
1.722447760403156281e-02 2.413384988903999329e-02
1.713689044117927551e-02 2.412477508187294006e-02
1.704413071274757385e-02 2.411847934126853943e-02
1.694567501544952393e-02 2.411556616425514221e-02
1.684096455574035645e-02 2.411676384508609772e-02
1.672944054007530212e-02 2.412298321723937988e-02
1.661057956516742706e-02 2.413532324135303497e-02
1.648399978876113892e-02 2.415513060986995697e-02
1.634960249066352844e-02 2.418403699994087219e-02
1.620787940919399261e-02 2.422414906322956085e-02
1.606037653982639313e-02 2.427819371223449707e-02
1.591054163873195648e-02 2.434933558106422424e-02
1.576502434909343719e-02 2.443984895944595337e-02
1.563543267548084259e-02 2.454580366611480713e-02
1.553926058113574982e-02 2.464224025607109070e-02
1.549420598894357681e-02 2.465962246060371399e-02
1.549252588301897049e-02 2.450028993189334869e-02
1.546878181397914886e-02 2.415238879621028900e-02
1.536890584975481033e-02 2.373436838388442993e-02
1.525218505412340164e-02 2.335740439593791962e-02
1.518662553280591965e-02 2.304292470216751099e-02
1.516546029597520828e-02 2.276003174483776093e-02
1.514607202261686325e-02 2.250626496970653534e-02
1.510267332196235657e-02 2.232373133301734924e-02
1.503840181976556778e-02 2.224625833332538605e-02
1.496996171772480011e-02 2.226727828383445740e-02
1.491830404847860336e-02 2.233614958822727203e-02
1.489453576505184174e-02 2.235604822635650635e-02
1.487303152680397034e-02 2.224345877766609192e-02
1.481452491134405136e-02 2.203523553907871246e-02
1.473557390272617340e-02 2.182685211300849915e-02
1.467406004667282104e-02 2.168031409382820129e-02
1.463196426630020142e-02 2.161218784749507904e-02
1.459128130227327347e-02 2.160116471350193024e-02
1.453959941864013672e-02 2.161622233688831329e-02
1.447756029665470123e-02 2.164425887167453766e-02
1.441828906536102295e-02 2.167449705302715302e-02
1.437409780919551849e-02 2.168229408562183380e-02
1.433642860502004623e-02 2.164719626307487488e-02
1.428721752017736435e-02 2.156501449644565582e-02
1.423037704080343246e-02 2.145942673087120056e-02
1.418104860931634903e-02 2.135170251131057739e-02
1.414048764854669571e-02 2.125771343708038330e-02
1.410049479454755783e-02 2.119638398289680481e-02
1.405494380742311478e-02 2.116981148719787598e-02
1.400487497448921204e-02 2.115620672702789307e-02
1.395711395889520645e-02 2.112010866403579712e-02
1.391504518687725067e-02 2.102799341082572937e-02
1.387325115501880646e-02 2.088794857263565063e-02
1.382690388709306717e-02 2.074099518358707428e-02
1.378007233142852783e-02 2.061214670538902283e-02
1.373815909028053284e-02 2.050426416099071503e-02
1.369837671518325806e-02 2.040675655007362366e-02
1.365524251013994217e-02 2.033340185880661011e-02
1.361046452075242996e-02 2.028935961425304413e-02
1.356891449540853500e-02 2.024627663195133209e-02
1.353046111762523651e-02 2.017039991915225983e-02
1.349014136940240860e-02 2.005707100033760071e-02
1.344862394034862518e-02 1.995017752051353455e-02
1.341013796627521515e-02 1.987102627754211426e-02
1.337287016212940216e-02 1.982842944562435150e-02
1.333407405763864517e-02 1.979224570095539093e-02
1.329528354108333588e-02 1.976611651480197906e-02
1.325909234583377838e-02 1.972614228725433350e-02
1.322362106293439865e-02 1.969904825091362000e-02
1.318699773401021957e-02 1.964001916348934174e-02
1.315174717456102371e-02 1.962232589721679688e-02
1.311834435909986496e-02 1.955187134444713593e-02
1.308516412973403931e-02 1.960078254342079163e-02
1.305315829813480377e-02 1.950730942189693451e-02
1.302640419453382492e-02 1.964281499385833740e-02
1.300692278891801834e-02 1.941648498177528381e-02
1.300601474940776825e-02 1.967486366629600525e-02
1.299297530204057693e-02 1.933938078582286835e-02
1.297197304666042328e-02 1.948322355747222900e-02
1.288056466728448868e-02 1.940461620688438416e-02
1.283629797399044037e-02 1.928366534411907196e-02
1.284588780254125595e-02 1.952091604471206665e-02
1.282208133488893509e-02 1.924015022814273834e-02
1.276885624974966049e-02 1.924903504550457001e-02
1.271863747388124466e-02 1.930548623204231262e-02
1.271183602511882782e-02 1.909997314214706421e-02
1.270123478025197983e-02 1.921059563755989075e-02
1.264656055718660355e-02 1.916132308542728424e-02
1.261429302394390106e-02 1.904666051268577576e-02
1.260872464627027512e-02 1.917486637830734253e-02
1.257894281297922134e-02 1.901156641542911530e-02
1.253758650273084641e-02 1.897397823631763458e-02
1.251321099698543549e-02 1.905171945691108704e-02
1.249904651194810867e-02 1.890003122389316559e-02
1.247187051922082901e-02 1.894586347043514252e-02
1.243683416396379471e-02 1.895787380635738373e-02
1.241681631654500961e-02 1.884138956665992737e-02
1.240093354135751724e-02 1.891184039413928986e-02
1.237120199948549271e-02 1.882928796112537384e-02
1.234164554625749588e-02 1.878487505018711090e-02
1.232207007706165314e-02 1.885196380317211151e-02
1.230260729789733887e-02 1.874733343720436096e-02
1.227671373635530472e-02 1.876626163721084595e-02
1.225010864436626434e-02 1.876802369952201843e-02
1.222983933985233307e-02 1.867399364709854126e-02
1.221088413149118423e-02 1.871695555746555328e-02
1.218669582158327103e-02 1.864990592002868652e-02
1.216170471161603928e-02 1.862430572509765625e-02
1.214052457362413406e-02 1.865488104522228241e-02
1.212133280932903290e-02 1.856757886707782745e-02
1.210017409175634384e-02 1.859157159924507141e-02
1.207650452852249146e-02 1.854373142123222351e-02
1.205421984195709229e-02 1.849623955786228180e-02
1.203439757227897644e-02 1.851827464997768402e-02
1.201475784182548523e-02 1.844528503715991974e-02
1.199375558644533157e-02 1.846138760447502136e-02
1.197177916765213013e-02 1.842117868363857269e-02
1.195063255727291107e-02 1.838577352464199066e-02
1.193077489733695984e-02 1.839407719671726227e-02
1.191142573952674866e-02 1.832693070173263550e-02
1.189168542623519897e-02 1.834483630955219269e-02
1.187113206833600998e-02 1.829554140567779541e-02
1.185050327330827713e-02 1.828805543482303619e-02
1.183033641427755356e-02 1.827088557183742523e-02
1.181079819798469543e-02 1.823078654706478119e-02
1.179167069494724274e-02 1.823986507952213287e-02
1.177263259887695312e-02 1.818326488137245178e-02
1.175351627171039581e-02 1.820139400660991669e-02
1.173415221273899078e-02 1.814839430153369904e-02
1.171477977186441422e-02 1.815989427268505096e-02
1.169539801776409149e-02 1.811310648918151855e-02
1.167615223675966263e-02 1.811440289020538330e-02
1.165702473372220993e-02 1.807701028883457184e-02
1.163805369287729263e-02 1.807148568332195282e-02
1.161919534206390381e-02 1.804194040596485138e-02
1.160044688731431961e-02 1.803387701511383057e-02
1.158180087804794312e-02 1.800365559756755829e-02
1.156325079500675201e-02 1.799509301781654358e-02
1.154479663819074631e-02 1.796073839068412781e-02
1.152648590505123138e-02 1.796096190810203552e-02
1.150838099420070648e-02 1.791491732001304626e-02
1.149073243141174316e-02 1.794134080410003662e-02
1.147405058145523071e-02 1.786140725016593933e-02
1.146026886999607086e-02 1.796032860875129700e-02
1.145285367965698242e-02 1.781183853745460510e-02
1.146847195923328400e-02 1.813462004065513611e-02
1.151345204561948776e-02 1.794485561549663544e-02
1.168243214488029480e-02 1.829853467643260956e-02
1.162173505872488022e-02 1.782185398042201996e-02
1.154995150864124298e-02 1.780488900840282440e-02
1.134388148784637451e-02 1.805096119642257690e-02
1.142288930714130402e-02 1.796950399875640869e-02
1.162055321037769318e-02 1.797839812934398651e-02
1.136365439742803574e-02 1.784779317677021027e-02
1.128610875457525253e-02 1.775460317730903625e-02
1.141565572470426559e-02 1.790511235594749451e-02
1.132687553763389587e-02 1.767286099493503571e-02
1.122348196804523468e-02 1.765993610024452209e-02
1.125884987413883209e-02 1.789496280252933502e-02
1.127051189541816711e-02 1.761254668235778809e-02
1.121736504137516022e-02 1.761771179735660553e-02
1.116274576634168625e-02 1.778518222272396088e-02
1.119801960885524750e-02 1.756514050066471100e-02
1.121711079031229019e-02 1.759100705385208130e-02
1.112254150211811066e-02 1.772624626755714417e-02
1.113830227404832840e-02 1.754971593618392944e-02
1.119036879390478134e-02 1.759238354861736298e-02
1.111119985580444336e-02 1.760352402925491333e-02
1.107915397733449936e-02 1.745404675602912903e-02
1.110779121518135071e-02 1.755892857909202576e-02
1.108989119529724121e-02 1.745784096419811249e-02
1.102190185338258743e-02 1.741588488221168518e-02
1.101980265229940414e-02 1.752560958266258240e-02
1.103982329368591309e-02 1.736947149038314819e-02
1.099533494561910629e-02 1.742596179246902466e-02
1.096182037144899368e-02 1.740291714668273926e-02
1.095977518707513809e-02 1.731630787253379822e-02
1.095395907759666443e-02 1.744000241160392761e-02
1.092696189880371094e-02 1.731202751398086548e-02
1.089708786457777023e-02 1.728165708482265472e-02
1.088783610612154007e-02 1.739965192973613739e-02
1.088490430265665054e-02 1.724451966583728790e-02
1.086463313549757004e-02 1.726508140563964844e-02
1.083887275308370590e-02 1.729507744312286377e-02
1.082864869385957718e-02 1.720553264021873474e-02
1.081972755491733551e-02 1.726728491485118866e-02
1.080914959311485291e-02 1.719642058014869690e-02
1.078891381621360779e-02 1.718044094741344452e-02
1.076183654367923737e-02 1.717233285307884216e-02
1.075527817010879517e-02 1.713314466178417206e-02
1.074659731239080429e-02 1.718835905194282532e-02
1.072947215288877487e-02 1.710298098623752594e-02
1.071758847683668137e-02 1.713138446211814880e-02
1.069173403084278107e-02 1.710655353963375092e-02
1.067592762410640717e-02 1.705999486148357391e-02
1.066859439015388489e-02 1.710273325443267822e-02
1.065333373844623566e-02 1.703182607889175415e-02
1.064168289303779602e-02 1.706847362220287323e-02
1.062745321542024612e-02 1.701083406805992126e-02
1.060921326279640198e-02 1.704090833663940430e-02
1.059175096452236176e-02 1.698906160891056061e-02
1.057767495512962341e-02 1.700103469192981720e-02
1.056019682437181473e-02 1.696883514523506165e-02
1.054419577121734619e-02 1.695519685745239258e-02
1.053073816001415253e-02 1.694995537400245667e-02
1.051632501184940338e-02 1.692194119095802307e-02
1.050121150910854340e-02 1.692586950957775116e-02
1.048781163990497589e-02 1.689242571592330933e-02
1.047631260007619858e-02 1.692005433142185211e-02
1.046631485223770142e-02 1.686703413724899292e-02
1.046524476259946823e-02 1.699009351432323456e-02
1.048100180923938751e-02 1.700724102556705475e-02
1.058570481836795807e-02 1.726694405078887939e-02
1.065592654049396515e-02 1.750419475138187408e-02
1.103123649954795837e-02 1.718284375965595245e-02
1.067473180592060089e-02 1.682577654719352722e-02
1.044290885329246521e-02 1.683510467410087585e-02
1.043734699487686157e-02 1.724421605467796326e-02
1.064045727252960205e-02 1.723983511328697205e-02
1.077857241034507751e-02 1.702799461781978607e-02
1.040771789848804474e-02 1.692762412130832672e-02
1.042023953050374985e-02 1.690278388559818268e-02
1.047603040933609009e-02 1.726546697318553925e-02
1.053200475871562958e-02 1.758013851940631866e-02
1.083827856928110123e-02 1.712928526103496552e-02
1.054004300385713577e-02 1.808983087539672852e-02
1.106856577098369598e-02 1.734827086329460144e-02
1.072996389120817184e-02 1.760795526206493378e-02
1.089988742023706436e-02 1.675701513886451721e-02
1.029129512608051300e-02 1.806154102087020874e-02
1.124058291316032410e-02 1.697999238967895508e-02
1.046125963330268860e-02 1.790769957005977631e-02
1.115161553025245667e-02 1.698031276464462280e-02
1.046768482774496078e-02 1.758348010480403900e-02
1.070957910269498825e-02 1.686695031821727753e-02
1.027523353695869446e-02 1.690855436027050018e-02
1.043290831148624420e-02 1.690082252025604248e-02
1.043738145381212234e-02 1.664405502378940582e-02
1.019253116101026535e-02 1.720192842185497284e-02
1.048044115304946899e-02 1.648275554180145264e-02
1.017168071120977402e-02 1.681386493146419525e-02
1.042525656521320343e-02 1.652823947370052338e-02
1.021088846027851105e-02 1.667708344757556915e-02
1.019234489649534225e-02 1.694666221737861633e-02
1.027396973222494125e-02 1.645352505147457123e-02
1.014681998640298843e-02 1.659573428332805634e-02
1.023138687014579773e-02 1.648999191820621490e-02
1.012224890291690826e-02 1.666021719574928284e-02
1.016600150614976883e-02 1.656407117843627930e-02
1.010134723037481308e-02 1.645345985889434814e-02
1.010039169341325760e-02 1.644500717520713806e-02
1.012701727449893951e-02 1.633593998849391937e-02
1.001730654388666153e-02 1.665545441210269928e-02
1.011021342128515244e-02 1.633755117654800415e-02
1.003283821046352386e-02 1.631560735404491425e-02
1.002382766455411911e-02 1.633020862936973572e-02
1.002247352153062820e-02 1.631164923310279846e-02
1.000041328370571136e-02 1.646037027239799500e-02
1.000382192432880402e-02 1.629209518432617188e-02
9.946737438440322876e-03 1.630295626819133759e-02
9.986690245568752289e-03 1.628453657031059265e-02
9.936124086380004883e-03 1.633184216916561127e-02
9.935427457094192505e-03 1.626369543373584747e-02
9.920828044414520264e-03 1.624576374888420105e-02
9.913031011819839478e-03 1.621208526194095612e-02
9.900568053126335144e-03 1.621405966579914093e-02
9.871837683022022247e-03 1.629883609712123871e-02
9.886591695249080658e-03 1.619076915085315704e-02
9.861145168542861938e-03 1.621049828827381134e-02
9.858817793428897858e-03 1.617412082850933075e-02
9.828340262174606323e-03 1.619490422308444977e-02
9.833477437496185303e-03 1.618828997015953064e-02
9.814665652811527252e-03 1.615648530423641205e-02
9.810362942516803741e-03 1.615927368402481079e-02
9.790539741516113281e-03 1.617659442126750946e-02
9.782633744180202484e-03 1.615031249821186066e-02
9.772881865501403809e-03 1.615240424871444702e-02
9.764837101101875305e-03 1.611996814608573914e-02
9.753360413014888763e-03 1.612938754260540009e-02
9.738953784108161926e-03 1.611330546438694000e-02
9.727952070534229279e-03 1.609953306615352631e-02
9.716884233057498932e-03 1.610902324318885803e-02
9.709310717880725861e-03 1.609179750084877014e-02
9.699409827589988708e-03 1.611159928143024445e-02
9.691072627902030945e-03 1.607751846313476562e-02
9.680413641035556793e-03 1.608827710151672363e-02
9.669930674135684967e-03 1.606296375393867493e-02
9.658575057983398438e-03 1.607467792928218842e-02
9.647363796830177307e-03 1.605301909148693085e-02
9.636977687478065491e-03 1.605805940926074982e-02
9.625769220292568207e-03 1.603913493454456329e-02
9.616555646061897278e-03 1.604615710675716400e-02
9.605711326003074646e-03 1.602836698293685913e-02
9.598800912499427795e-03 1.604161225259304047e-02
9.590837173163890839e-03 1.601346395909786224e-02
9.592186659574508667e-03 1.607088372111320496e-02
9.601499885320663452e-03 1.606858521699905396e-02
9.653118439018726349e-03 1.624280214309692383e-02
9.745141491293907166e-03 1.637840084731578827e-02
1.001949794590473175e-02 1.650718599557876587e-02
1.003025844693183899e-02 1.632446050643920898e-02
9.965227916836738586e-03 1.598127000033855438e-02
9.572931565344333649e-03 1.621465198695659637e-02
9.705941192805767059e-03 1.654757000505924225e-02
1.004794891923666000e-02 1.634998433291912079e-02
9.728990495204925537e-03 1.603504270315170288e-02
9.491061791777610779e-03 1.607021689414978027e-02
9.560422971844673157e-03 1.631519757211208344e-02
9.715892374515533447e-03 1.625387184321880341e-02
9.773751720786094666e-03 1.605689339339733124e-02
9.516110643744468689e-03 1.599636115133762360e-02
9.461720474064350128e-03 1.612625271081924438e-02
9.608577005565166473e-03 1.619508303701877594e-02
9.581162594258785248e-03 1.600844040513038635e-02
9.466202929615974426e-03 1.596444100141525269e-02
9.412380866706371307e-03 1.606354117393493652e-02
9.486225433647632599e-03 1.603290624916553497e-02
9.531086310744285583e-03 1.594801247119903564e-02
9.424246847629547119e-03 1.586885750293731689e-02
9.373540990054607391e-03 1.589999347925186157e-02
9.421242401003837585e-03 1.598850451409816742e-02
9.450679644942283630e-03 1.593512482941150665e-02
9.431048296391963959e-03 1.589046046137809753e-02
9.357122704386711121e-03 1.585039310157299042e-02
9.330192580819129944e-03 1.586419902741909027e-02
9.355466812849044800e-03 1.590554788708686829e-02
9.368219412863254547e-03 1.585252769291400909e-02
9.345633909106254578e-03 1.582962647080421448e-02
9.302667342126369476e-03 1.583611778914928436e-02
9.290919639170169830e-03 1.585493795573711395e-02
9.307017549872398376e-03 1.589776761829853058e-02
9.317168034613132477e-03 1.586980000138282776e-02
9.313827380537986755e-03 1.584977842867374420e-02
9.282988496124744415e-03 1.579924300312995911e-02
9.254017844796180725e-03 1.580048911273479462e-02
9.237274527549743652e-03 1.582612842321395874e-02
9.237595833837985992e-03 1.583295874297618866e-02
9.245616383850574493e-03 1.585507765412330627e-02
9.246110916137695312e-03 1.583196409046649933e-02
9.241838939487934113e-03 1.580897904932498932e-02
9.223335422575473785e-03 1.577633619308471680e-02
9.204067289829254150e-03 1.577112823724746704e-02
9.184471331536769867e-03 1.576367206871509552e-02
9.170467033982276917e-03 1.576691120862960815e-02
9.162208996713161469e-03 1.577274687588214874e-02
9.158308617770671844e-03 1.576201431453227997e-02
9.158449247479438782e-03 1.576461456716060638e-02
9.162761270999908447e-03 1.577337644994258881e-02
9.178495965898036957e-03 1.579162664711475372e-02
9.196792729198932648e-03 1.583663187921047211e-02
9.241768158972263336e-03 1.586525700986385345e-02
9.265063330531120300e-03 1.593380048871040344e-02
9.325314313173294067e-03 1.587860099971294403e-02
9.283792227506637573e-03 1.586223207414150238e-02
9.244269691407680511e-03 1.574570685625076294e-02
9.137273766100406647e-03 1.570872589945793152e-02
9.073466062545776367e-03 1.572749949991703033e-02
9.063638746738433838e-03 1.578478515148162842e-02
9.102957323193550110e-03 1.589068584144115448e-02
9.211525321006774902e-03 1.601470261812210083e-02
9.357624687254428864e-03 1.630444079637527466e-02
9.672286920249462128e-03 1.598839089274406433e-02
9.434128180146217346e-03 1.571423560380935669e-02
9.125248529016971588e-03 1.572198234498500824e-02
9.114817716181278229e-03 1.601463556289672852e-02
9.324848651885986328e-03 1.619963534176349640e-02
9.394247084856033325e-03 1.579084247350692749e-02
9.081450290977954865e-03 1.565589010715484619e-02
8.991627953946590424e-03 1.585538685321807861e-02
9.149073623120784760e-03 1.596734300255775452e-02
9.281419217586517334e-03 1.602589711546897888e-02
9.399600327014923096e-03 1.578540913760662079e-02
9.130883961915969849e-03 1.562600955367088318e-02
8.961199782788753510e-03 1.571365073323249817e-02
9.052447974681854248e-03 1.584443077445030212e-02
9.127911180257797241e-03 1.580211706459522247e-02
9.061351418495178223e-03 1.557594444602727890e-02
8.933277800679206848e-03 1.561907492578029633e-02
8.967322297394275665e-03 1.577165164053440094e-02
9.076214395463466644e-03 1.572306267917156219e-02
9.058930911123752594e-03 1.572255790233612061e-02
9.006381966173648834e-03 1.559242513030767441e-02
8.909740485250949860e-03 1.553849596530199051e-02
8.882655762135982513e-03 1.563291996717453003e-02
8.916405029594898224e-03 1.560274511575698853e-02
8.934647776186466217e-03 1.558519434183835983e-02
8.914254605770111084e-03 1.553430780768394470e-02
8.862159214913845062e-03 1.551420241594314575e-02
8.846201002597808838e-03 1.555665023624897003e-02
8.869487792253494263e-03 1.559877209365367889e-02
8.894001133739948273e-03 1.563943549990653992e-02
8.914062753319740295e-03 1.557034905999898911e-02
8.893204852938652039e-03 1.559361536055803299e-02
8.866986259818077087e-03 1.548245083540678024e-02
8.820118382573127747e-03 1.550430897623300552e-02
8.795850910246372223e-03 1.552948914468288422e-02
8.799745701253414154e-03 1.551924273371696472e-02
8.816058747470378876e-03 1.561423018574714661e-02
8.835747838020324707e-03 1.551907323300838470e-02
8.831182494759559631e-03 1.557933352887630463e-02
8.830722421407699585e-03 1.550067309290170670e-02
8.806931786239147186e-03 1.551790442317724228e-02
8.786273188889026642e-03 1.548254117369651794e-02
8.759990334510803223e-03 1.549273077398538589e-02
8.740608580410480499e-03 1.545294933021068573e-02
8.725536055862903595e-03 1.546604465693235397e-02
8.715679869055747986e-03 1.542833819985389709e-02
8.709565736353397369e-03 1.543338503688573837e-02
8.706348948180675507e-03 1.546013355255126953e-02
8.707251399755477905e-03 1.543602626770734787e-02
8.715409785509109497e-03 1.555980648845434189e-02
8.747095242142677307e-03 1.548724994063377380e-02
8.799203671514987946e-03 1.578298397362232208e-02
8.940976113080978394e-03 1.562914438545703888e-02
8.997766301035881042e-03 1.584513485431671143e-02
9.066537022590637207e-03 1.546228304505348206e-02
8.830908685922622681e-03 1.539436168968677521e-02
8.669057860970497131e-03 1.546159479767084122e-02
8.700108155608177185e-03 1.564230024814605713e-02
8.866401389241218567e-03 1.610425487160682678e-02
9.215044789016246796e-03 1.593711040914058685e-02
9.272467344999313354e-03 1.601304672658443451e-02
9.263328276574611664e-03 1.533756684511899948e-02
8.717610500752925873e-03 1.554854586720466614e-02
8.866804651916027069e-03 1.609859243035316467e-02
9.218889288604259491e-03 1.555504184216260910e-02
8.781064301729202271e-03 1.543554104864597321e-02
8.640987798571586609e-03 1.576075516641139984e-02
8.934602141380310059e-03 1.570960320532321930e-02
8.970892056822776794e-03 1.562308985739946365e-02
8.840939030051231384e-03 1.532527431845664978e-02
8.585375733673572540e-03 1.542201545089483261e-02
8.643316105008125305e-03 1.578231900930404663e-02
8.884198963642120361e-03 1.555982790887355804e-02
8.792473003268241882e-03 1.534435898065567017e-02
8.606000803411006927e-03 1.527500338852405548e-02
8.578675799071788788e-03 1.534695550799369812e-02
8.693142794072628021e-03 1.544675324112176895e-02
8.677383884787559509e-03 1.527827419340610504e-02
8.537588641047477722e-03 1.532871089875698090e-02
8.531454019248485565e-03 1.544400490820407867e-02
8.633458055555820465e-03 1.540868822485208511e-02
8.694292046129703522e-03 1.547568943351507187e-02
8.697094395756721497e-03 1.518314797431230545e-02
8.539709262549877167e-03 1.522296573966741562e-02
8.506949990987777710e-03 1.538743451237678528e-02
8.599338121712207794e-03 1.532646361738443375e-02
8.598825894296169281e-03 1.540652662515640259e-02
8.533308282494544983e-03 1.517642475664615631e-02
8.467756211757659912e-03 1.526264194399118423e-02
8.484899066388607025e-03 1.531628705561161041e-02
8.530640974640846252e-03 1.527549698948860168e-02
8.539062924683094025e-03 1.546055637300014496e-02
8.539316244423389435e-03 1.520027033984661102e-02
8.476482704281806946e-03 1.528940722346305847e-02
8.437513373792171478e-03 1.517369970679283142e-02
8.425656706094741821e-03 1.515708584338426590e-02
8.440461941063404083e-03 1.531950384378433228e-02
8.456069976091384888e-03 1.514588948339223862e-02
8.438128978013992310e-03 1.533254422247409821e-02
8.424701169133186340e-03 1.514189317822456360e-02
8.393856696784496307e-03 1.518486812710762024e-02
8.377550169825553894e-03 1.516248751431703568e-02
8.372321724891662598e-03 1.510217133909463882e-02
8.375559933483600616e-03 1.524347253143787384e-02
8.385146036744117737e-03 1.508023962378501892e-02
8.381473831832408905e-03 1.524426694959402084e-02
8.379720151424407959e-03 1.507094129920005798e-02
8.363118395209312439e-03 1.518807094544172287e-02
8.352332748472690582e-03 1.508773956447839737e-02
8.340002037584781647e-03 1.514773536473512650e-02
8.332731202244758606e-03 1.511017419397830963e-02
8.328245952725410461e-03 1.514018513262271881e-02
8.328828960657119751e-03 1.511709298938512802e-02
8.334023877978324890e-03 1.517036557197570801e-02
8.352664299309253693e-03 1.512217428535223007e-02
8.376214653253555298e-03 1.529625244438648224e-02
8.430521003901958466e-03 1.515988726168870926e-02
8.465831167995929718e-03 1.551746018230915070e-02
8.555785752832889557e-03 1.517518889158964157e-02
8.513545617461204529e-03 1.541431155055761337e-02
8.490236476063728333e-03 1.507541071623563766e-02
8.359980769455432892e-03 1.511240378022193909e-02
8.275293745100498199e-03 1.508583687245845795e-02
8.241270668804645538e-03 1.507227029651403427e-02
8.259627968072891235e-03 1.528535131365060806e-02
8.339067921042442322e-03 1.523419842123985291e-02
8.492852561175823212e-03 1.588541269302368164e-02
8.914835751056671143e-03 1.562111824750900269e-02
8.991015143692493439e-03 1.551848743110895157e-02
8.838187903165817261e-03 1.504919584840536118e-02
8.346770890057086945e-03 1.533542200922966003e-02
8.721020072698593140e-03 1.565406285226345062e-02
8.848002180457115173e-03 1.503136940300464630e-02
8.267067372798919678e-03 1.520574651658535004e-02
8.442563004791736603e-03 1.608287356793880463e-02
9.171318262815475464e-03 1.591419428586959839e-02
9.151007048785686493e-03 1.572730578482151031e-02
8.980673737823963165e-03 1.498006284236907959e-02
8.259931579232215881e-03 1.545143779367208481e-02
8.749406784772872925e-03 1.559771224856376648e-02
8.773254230618476868e-03 1.504874881356954575e-02
8.301464840769767761e-03 1.554736960679292679e-02
8.812353946268558502e-03 1.545833703130483627e-02
8.609482087194919586e-03 1.494333799928426743e-02
8.213471621274948120e-03 1.569037698209285736e-02
8.825366385281085968e-03 1.613616012036800385e-02
9.315012022852897644e-03 1.502129808068275452e-02
8.310003206133842468e-03 1.538508571684360504e-02
8.527769707143306732e-03 1.554173324257135391e-02
8.822469972074031830e-03 1.488702092319726944e-02
8.247517980635166168e-03 1.559650618582963943e-02
8.783099241554737091e-03 1.512028463184833527e-02
8.402800187468528748e-03 1.495252083986997604e-02
8.383795619010925293e-03 1.574544422328472137e-02
8.763528428971767426e-03 1.507200021296739578e-02
8.262150920927524567e-03 1.493101660162210464e-02
8.360081352293491364e-03 1.593719422817230225e-02
8.780924603343009949e-03 1.502250507473945618e-02
8.235618472099304199e-03 1.502079050987958908e-02
8.559874258935451508e-03 1.587375253438949585e-02
8.698462508618831635e-03 1.529175695031881332e-02
8.291113190352916718e-03 1.518878899514675140e-02
8.800454437732696533e-03 1.501557603478431702e-02
8.207002654671669006e-03 1.554456166923046112e-02
8.436559699475765228e-03 1.483826898038387299e-02
8.197532966732978821e-03 1.492663286626338959e-02
8.290045894682407379e-03 1.546329539269208908e-02
8.354214020073413849e-03 1.513108238577842712e-02
8.196002803742885590e-03 1.505720056593418121e-02
8.461322635412216187e-03 1.484895031899213791e-02
8.077394217252731323e-03 1.523941010236740112e-02
8.268315345048904419e-03 1.472434867173433304e-02
8.083360269665718079e-03 1.473555620759725571e-02
8.201325312256813049e-03 1.495131663978099823e-02
8.140463382005691528e-03 1.493631303310394287e-02
8.136654272675514221e-03 1.465756259858608246e-02
8.131085895001888275e-03 1.464429963380098343e-02
8.051730692386627197e-03 1.496238447725772858e-02
8.132812567055225372e-03 1.469780318439006805e-02
8.019875735044479370e-03 1.462599914520978928e-02
8.117919787764549255e-03 1.476669497787952423e-02
8.032518438994884491e-03 1.483660843223333359e-02
8.052299730479717255e-03 1.456551346927881241e-02
8.032276295125484467e-03 1.457663252949714661e-02
8.001877926290035248e-03 1.482529565691947937e-02
8.036606013774871826e-03 1.464760396629571915e-02
7.976001128554344177e-03 1.456856727600097656e-02
8.023280650377273560e-03 1.475536543875932693e-02
7.984313182532787323e-03 1.476320158690214157e-02
7.982674986124038696e-03 1.457035634666681290e-02
7.989208213984966278e-03 1.465469039976596832e-02
7.948414422571659088e-03 1.478430815041065216e-02
7.972555235028266907e-03 1.460140384733676910e-02
7.946490310132503510e-03 1.458445750176906586e-02
7.938763126730918884e-03 1.474842336028814316e-02
7.946585305035114288e-03 1.463531330227851868e-02
7.921658456325531006e-03 1.455843076109886169e-02
7.934329099953174591e-03 1.472726743668317795e-02
7.921041920781135559e-03 1.466678176075220108e-02
7.904306985437870026e-03 1.455227937549352646e-02
7.918071933090686798e-03 1.470196712762117386e-02
7.901612669229507446e-03 1.465605758130550385e-02
7.892020978033542633e-03 1.453875098377466202e-02
7.897969335317611694e-03 1.464601885527372360e-02
7.878558710217475891e-03 1.463434752076864243e-02
7.873792201280593872e-03 1.453169714659452438e-02
7.878718897700309753e-03 1.462090574204921722e-02
7.862403988838195801e-03 1.462822686880826950e-02
7.855670526623725891e-03 1.452198345214128494e-02
7.856573909521102905e-03 1.462190411984920502e-02
7.844372652471065521e-03 1.460818760097026825e-02
7.837107405066490173e-03 1.452154852449893951e-02
7.838571444153785706e-03 1.463206484913825989e-02
7.830595597624778748e-03 1.456756331026554108e-02
7.820587605237960815e-03 1.452444493770599365e-02
7.820037193596363068e-03 1.461261603981256485e-02
7.813894189894199371e-03 1.455394458025693893e-02
7.802679669111967087e-03 1.452610455453395844e-02
7.799908984452486038e-03 1.461645960807800293e-02
7.797395344823598862e-03 1.453785877674818039e-02
7.787700742483139038e-03 1.453641057014465332e-02
7.781683932989835739e-03 1.460954267531633377e-02
7.780174259096384048e-03 1.450863201171159744e-02
7.774244528263807297e-03 1.457204297184944153e-02
7.767210248857736588e-03 1.454946398735046387e-02
7.763952482491731644e-03 1.452965103089809418e-02
7.763273082673549652e-03 1.454753708094358444e-02
7.761401589959859848e-03 1.457838900387287140e-02
7.763688452541828156e-03 1.449804101139307022e-02
7.775763515383005142e-03 1.471491716802120209e-02
7.814367301762104034e-03 1.453828718513250351e-02
7.874007336795330048e-03 1.497645583003759384e-02
8.041881024837493896e-03 1.477848179638385773e-02
8.190162479877471924e-03 1.538705639541149139e-02
8.472368121147155762e-03 1.468447595834732056e-02
8.166117593646049500e-03 1.463375240564346313e-02
7.836477831006050110e-03 1.451867539435625076e-02
7.812368683516979218e-03 1.465985085815191269e-02
8.039713837206363678e-03 1.535409502685070038e-02
8.297365158796310425e-03 1.475102826952934265e-02
8.110737428069114685e-03 1.484057307243347168e-02
7.987347431480884552e-03 1.457463577389717102e-02
7.783925626426935196e-03 1.446203794330358505e-02
7.686984259635210037e-03 1.453526597470045090e-02
7.711086422204971313e-03 1.455937046557664871e-02
7.797625847160816193e-03 1.469452679157257080e-02
7.885141298174858093e-03 1.452042255550622940e-02
7.849341258406639099e-03 1.466478127986192703e-02
7.792256306856870651e-03 1.438016071915626526e-02
7.689956575632095337e-03 1.441238727420568466e-02
7.647390943020582199e-03 1.447605621069669724e-02
7.667223922908306122e-03 1.437649410218000412e-02
7.720574736595153809e-03 1.469029579311609268e-02
7.815080694854259491e-03 1.449465937912464142e-02
7.857483811676502228e-03 1.471974048763513565e-02
7.934867404401302338e-03 1.446404680609703064e-02
7.851243950426578522e-03 1.453443337231874466e-02
7.742121815681457520e-03 1.425626873970031738e-02
7.640796713531017303e-03 1.437904965132474899e-02
7.646424695849418640e-03 1.450219284743070602e-02
7.720789406448602676e-03 1.441750209778547287e-02
7.806432433426380157e-03 1.503242179751396179e-02
7.980931550264358521e-03 1.457528956234455109e-02
7.969612255692481995e-03 1.485503092408180237e-02
8.051909506320953369e-03 1.446212455630302429e-02
7.826994173228740692e-03 1.432080194354057312e-02
7.626510690897703171e-03 1.436883211135864258e-02
7.680059876292943954e-03 1.446490176022052765e-02
7.797542028129100800e-03 1.465253625065088272e-02
7.807518821209669113e-03 1.430680416524410248e-02
7.682820316404104233e-03 1.453170459717512131e-02
7.610600441694259644e-03 1.430139504373073578e-02
7.559971418231725693e-03 1.431458257138729095e-02
7.574614603072404861e-03 1.456372532993555069e-02
7.656259927898645401e-03 1.429465506225824356e-02
7.729047443717718124e-03 1.465779729187488556e-02
7.801561150699853897e-03 1.428772695362567902e-02
7.685487158596515656e-03 1.419244706630706787e-02
7.572369184345006943e-03 1.427957136183977127e-02
7.547556888312101364e-03 1.423927303403615952e-02
7.626124657690525055e-03 1.454139128327369690e-02
7.758111692965030670e-03 1.443784683942794800e-02
7.823902182281017303e-03 1.478790584951639175e-02
7.976651191711425781e-03 1.440640445798635483e-02
7.890079170465469360e-03 1.460511889308691025e-02
7.763890083879232407e-03 1.411741971969604492e-02
7.541300263255834579e-03 1.417689956724643707e-02
7.575680501759052277e-03 1.455715950578451157e-02
7.736932951956987381e-03 1.424969173967838287e-02
7.710111327469348907e-03 1.449985057115554810e-02
7.621301803737878799e-03 1.420636009424924850e-02
7.498536724597215652e-03 1.418067328631877899e-02
7.472137454897165298e-03 1.437508407980203629e-02
7.500422652810811996e-03 1.417912915349006653e-02
7.552073802798986435e-03 1.443555485457181931e-02
7.634508423507213593e-03 1.424771547317504883e-02
7.638444658368825912e-03 1.427381299436092377e-02
7.585095241665840149e-03 1.409238018095493317e-02
7.474801503121852875e-03 1.413832884281873703e-02
7.449738215655088425e-03 1.417557336390018463e-02
7.504299748688936234e-03 1.419324614107608795e-02
7.571527268737554550e-03 1.453537028282880783e-02
7.688567973673343658e-03 1.426568441092967987e-02
7.747658528387546539e-03 1.478524319827556610e-02
7.885261438786983490e-03 1.422504894435405731e-02
7.731152232736349106e-03 1.422061771154403687e-02
7.542385719716548920e-03 1.405393984168767929e-02
7.431335281580686569e-03 1.408968307077884674e-02
7.537304889410734177e-03 1.445292681455612183e-02
7.667959667742252350e-03 1.416346430778503418e-02
7.609994616359472275e-03 1.439489144831895828e-02
7.545199710875749588e-03 1.408014819025993347e-02
7.443160284310579300e-03 1.413813326507806778e-02
7.389768958091735840e-03 1.408750191330909729e-02
7.366154342889785767e-03 1.401531975716352463e-02
7.367010693997144699e-03 1.412542443722486496e-02
7.383463904261589050e-03 1.399889215826988220e-02
7.398163434118032455e-03 1.412958372384309769e-02
7.407514844089746475e-03 1.400229521095752716e-02
7.395941298454999924e-03 1.409552805125713348e-02
7.382222916930913925e-03 1.397114060819149017e-02
7.363143842667341232e-03 1.407758984714746475e-02
7.351733278483152390e-03 1.394504215568304062e-02
7.342655211687088013e-03 1.407274603843688965e-02
7.338852155953645706e-03 1.392863132059574127e-02
7.336576003581285477e-03 1.407637167721986771e-02
7.343253120779991150e-03 1.392457168549299240e-02
7.355577312409877777e-03 1.414898689836263657e-02
7.389781065285205841e-03 1.394345983862876892e-02
7.429123856127262115e-03 1.434775814414024353e-02
7.521959021687507629e-03 1.401983294636011124e-02
7.579638622701168060e-03 1.458870992064476013e-02
7.705970667302608490e-03 1.405605766922235489e-02
7.630375679582357407e-03 1.429624669253826141e-02
7.537298370152711868e-03 1.389411184936761856e-02
7.356228772550821304e-03 1.393276639282703400e-02
7.274600211530923843e-03 1.401504687964916229e-02
7.313174661248922348e-03 1.403261907398700714e-02
7.449484430253505707e-03 1.464540418237447739e-02
7.786153350025415421e-03 1.456199027597904205e-02
8.168895728886127472e-03 1.567534543573856354e-02
8.833271451294422150e-03 1.422516815364360809e-02
7.891041226685047150e-03 1.393894851207733154e-02
7.504594977945089340e-03 1.474485732614994049e-02
8.179312571883201599e-03 1.395350787788629532e-02
7.629978004842996597e-03 1.413230597972869873e-02
