1.728468090295791626e-01 9.705097973346710205e-02
9.105618298053741455e-02 4.967277124524116516e-02
4.269805178046226501e-02 4.491195082664489746e-02
3.885994851589202881e-02 3.991509974002838135e-02
3.531001135706901550e-02 3.158629313111305237e-02
2.838791534304618835e-02 2.738425321877002716e-02
2.512352541089057922e-02 2.775390632450580597e-02
2.568120136857032776e-02 2.830784209072589874e-02
2.583911456167697906e-02 2.749921940267086029e-02
2.443377859890460968e-02 2.637328207492828369e-02
2.272480726242065430e-02 2.576601877808570862e-02
2.160962857306003571e-02 2.583609335124492645e-02
2.123950049281120300e-02 2.635649405419826508e-02
2.136400900781154633e-02 2.697970345616340637e-02
2.162631973624229431e-02 2.740819752216339111e-02
2.174569666385650635e-02 2.748741209506988525e-02
2.160331234335899353e-02 2.722103334963321686e-02
2.123845741152763367e-02 2.672315947711467743e-02
2.078263461589813232e-02 2.614296041429042816e-02
2.037515863776206970e-02 2.559786662459373474e-02
2.009727247059345245e-02 2.513996325433254242e-02
1.994755864143371582e-02 2.476323395967483521e-02
1.986392587423324585e-02 2.443813905119895935e-02
1.977384462952613831e-02 2.414536476135253906e-02
1.963739469647407532e-02 2.388668619096279144e-02
1.945705339312553406e-02 2.367236837744712830e-02
1.925674080848693848e-02 2.350270748138427734e-02
1.905409991741180420e-02 2.336197160184383392e-02
1.884805969893932343e-02 2.322871610522270203e-02
1.862611621618270874e-02 2.309169992804527283e-02
1.837965101003646851e-02 2.295773848891258240e-02
1.811300404369831085e-02 2.284669131040573120e-02
1.784085668623447418e-02 2.277789264917373657e-02
1.757762581110000610e-02 2.275549434125423431e-02
1.732568442821502686e-02 2.276064082980155945e-02
1.707004010677337646e-02 2.275793068110942841e-02
1.678646542131900787e-02 2.271440625190734863e-02
1.646057516336441040e-02 2.261361107230186462e-02
1.609941013157367706e-02 2.244814112782478333e-02
1.571918092668056488e-02 2.219895273447036743e-02
1.531942002475261688e-02 2.182826213538646698e-02
1.487213000655174255e-02 2.130198292434215546e-02
1.434163842350244522e-02 2.062575146555900574e-02
1.371911354362964630e-02 1.985612697899341583e-02
1.303471345454454422e-02 1.907299831509590149e-02
1.233234908431768417e-02 1.837248727679252625e-02
1.165689434856176376e-02 1.796090975403785706e-02
1.115369703620672226e-02 1.811843551695346832e-02
1.114221848547458649e-02 1.774203404784202576e-02
1.101278048008680344e-02 1.648223027586936951e-02
1.046286989003419876e-02 1.535316742956638336e-02
9.940841235220432281e-03 1.388317719101905823e-02
9.063277393579483032e-03 1.252736337482929230e-02
8.291394449770450592e-03 1.139656640589237213e-02
7.767169736325740814e-03 1.019962225109338760e-02
6.959434598684310913e-03 1.003416441380977631e-02
6.592106539756059647e-03 1.096863206475973129e-02
7.131842896342277527e-03 9.442984126508235931e-03
6.592187564820051193e-03 9.834538213908672333e-03
7.016282528638839722e-03 9.681168943643569946e-03
8.799252100288867950e-03 8.853049948811531067e-03
8.236927911639213562e-03 8.870628662407398224e-03
8.619640022516250610e-03 9.284608997404575348e-03
8.776270784437656403e-03 9.315919131040573120e-03
7.803668268024921417e-03 1.028916612267494202e-02
8.083839900791645050e-03 9.506177157163619995e-03
6.711648777127265930e-03 9.593356400728225708e-03
6.644460838288068771e-03 9.746793657541275024e-03
5.874797701835632324e-03 1.053609419614076614e-02
5.823866464197635651e-03 1.065179705619812012e-02
5.561297293752431870e-03 1.078433822840452194e-02
6.057295482605695724e-03 9.526420384645462036e-03
5.196350160986185074e-03 8.852678351104259491e-03
5.225875880569219589e-03 8.200840093195438385e-03
5.185526330024003983e-03 7.908041588962078094e-03
5.467755254358053207e-03 8.313062600791454315e-03
5.991501733660697937e-03 7.412025239318609238e-03
4.912865348160266876e-03 8.117769844830036163e-03
5.424766335636377335e-03 7.593795191496610641e-03
4.710823763161897659e-03 7.753233425319194794e-03
4.819128196686506271e-03 7.987122982740402222e-03
4.803339485079050064e-03 8.249049074947834015e-03
4.527719225734472275e-03 8.774418383836746216e-03
4.650808870792388916e-03 8.678917773067951202e-03
4.419645760208368301e-03 8.447060361504554749e-03
4.376204218715429306e-03 8.021493442356586456e-03
4.069561604410409927e-03 7.634887006133794785e-03
4.124088212847709656e-03 6.937880069017410278e-03
3.986219875514507294e-03 6.477701477706432343e-03
3.953348379582166672e-03 6.311143282800912857e-03
3.830749541521072388e-03 6.228181999176740646e-03
3.799230558797717094e-03 6.020503584295511246e-03
3.639250993728637695e-03 6.028834264725446701e-03
3.575890325009822845e-03 6.032134406268596649e-03
3.586045466363430023e-03 5.942036863416433334e-03
3.490379313006997108e-03 5.903912242501974106e-03
3.473148448392748833e-03 5.744551774114370346e-03
3.376148873940110207e-03 5.641932133585214615e-03
3.353285137563943863e-03 5.460442043840885162e-03
3.224781481549143791e-03 5.449366290122270584e-03
3.225464606657624245e-03 5.474661942571401596e-03
3.178034443408250809e-03 5.436102859675884247e-03
3.086569020524621010e-03 5.452034529298543930e-03
3.095626831054687500e-03 5.458322819322347641e-03
3.012991510331630707e-03 5.345425568521022797e-03
2.908164868131279945e-03 5.328048020601272583e-03
2.908624010160565376e-03 5.266651511192321777e-03
2.865576650947332382e-03 5.191289819777011871e-03
2.783358097076416016e-03 5.156621802598237991e-03
2.759913913905620575e-03 5.092872772365808487e-03
2.719847485423088074e-03 4.986901767551898956e-03
2.633672440424561501e-03 4.854531027376651764e-03
2.559047657996416092e-03 4.762907978147268295e-03
2.534199273213744164e-03 4.647495690733194351e-03
2.511398866772651672e-03 4.599517211318016052e-03
2.450082218274474144e-03 4.502793308347463608e-03
2.379619283601641655e-03 4.441177938133478165e-03
2.316311001777648926e-03 4.395490046590566635e-03
2.275499049574136734e-03 4.350892268121242523e-03
2.242536516860127449e-03 4.335707984864711761e-03
2.207783982157707214e-03 4.277187399566173553e-03
2.170716179534792900e-03 4.223946481943130493e-03
2.135881921276450157e-03 4.131039604544639587e-03
2.108408138155937195e-03 4.166102502495050430e-03
2.122633391991257668e-03 4.186388105154037476e-03
2.213686471804976463e-03 4.772985354065895081e-03
2.822752110660076141e-03 4.807811696082353592e-03
3.143117064610123634e-03 5.724714603275060654e-03
4.048781935125589371e-03 3.888475010171532631e-03
2.129521686583757401e-03 4.895387217402458191e-03
3.254687413573265076e-03 5.682172253727912903e-03
3.927121870219707489e-03 4.231763072311878204e-03
2.170184394344687462e-03 6.114298477768898010e-03
4.539836198091506958e-03 5.301580764353275299e-03
3.210140625014901161e-03 5.321675911545753479e-03
3.282257821410894394e-03 4.485043231397867203e-03
2.715232782065868378e-03 4.411225207149982452e-03
2.571842633187770844e-03 4.776364658027887344e-03
2.616093261167407036e-03 4.865953233093023300e-03
2.607073402032256126e-03 4.318533930927515030e-03
2.110373694449663162e-03 4.602893255650997162e-03
2.425122307613492012e-03 4.526856821030378342e-03
2.121166558936238289e-03 4.748856183141469955e-03
2.397655975073575974e-03 4.065930377691984177e-03
1.782238599844276905e-03 4.420366138219833374e-03
2.329731825739145279e-03 4.015831276774406433e-03
1.734042307361960411e-03 4.449705127626657486e-03
2.083605853840708733e-03 4.203696735203266144e-03
1.771641313098371029e-03 4.048080649226903915e-03
1.803497551009058952e-03 4.063664469867944717e-03
1.792483380995690823e-03 4.013661760836839676e-03
1.611179322935640812e-03 4.252656362950801849e-03
1.800477970391511917e-03 3.724633716046810150e-03
1.456571626476943493e-03 3.846592037007212639e-03
1.735620317049324512e-03 3.587581915780901909e-03
1.403941540047526360e-03 3.855087561532855034e-03
1.609932282008230686e-03 3.521371399983763695e-03
1.398238237015902996e-03 3.496208926662802696e-03
1.481519546359777451e-03 3.460020758211612701e-03
1.384892500936985016e-03 3.523140447214245796e-03
1.370770274661481380e-03 3.492515999823808670e-03
1.369128236547112465e-03 3.367321100085973740e-03
1.288718078285455704e-03 3.401851747184991837e-03
1.321847434155642986e-03 3.347813850268721581e-03
1.255205483175814152e-03 3.367673140019178391e-03
1.265057711862027645e-03 3.289563814178109169e-03
1.207299530506134033e-03 3.245740896090865135e-03
1.222049235366284847e-03 3.234096569940447807e-03
1.161485677585005760e-03 3.303335513919591904e-03
1.185095403343439102e-03 3.161289962008595467e-03
1.121645211242139339e-03 3.163605462759733200e-03
1.129824318923056126e-03 3.229911439120769501e-03
1.106726238504052162e-03 3.180668223649263382e-03
1.086588832549750805e-03 3.132165409624576569e-03
1.068715821020305157e-03 3.138378029689192772e-03
1.045541022904217243e-03 3.122134134173393250e-03
1.054963911883533001e-03 3.069811034947633743e-03
1.003345474600791931e-03 3.029114333912730217e-03
1.016622525639832020e-03 2.990270033478736877e-03
9.773763595148921013e-04 3.042829921469092369e-03
9.892546804621815681e-04 2.942547202110290527e-03
9.651751606725156307e-04 2.955566393211483955e-03
9.480434237048029900e-04 2.927649300545454025e-03
9.429340134374797344e-04 2.885012188926339149e-03
9.106040815822780132e-04 2.844202099367976189e-03
9.133315179497003555e-04 2.837251638993620872e-03
8.923800196498632431e-04 2.809508470818400383e-03
8.776761824265122414e-04 2.771947998553514481e-03
8.784048841334879398e-04 2.771548461169004440e-03
8.569916826672852039e-04 2.745558740571141243e-03
8.542539435438811779e-04 2.747586462646722794e-03
8.602589368820190430e-04 2.737802919000387192e-03
8.761609788052737713e-04 2.890479750931262970e-03
9.644243982620537281e-04 3.027859143912792206e-03
1.187755144201219082e-03 3.481370862573385239e-03
1.518461271189153194e-03 3.493527881801128387e-03
1.630439772270619869e-03 2.772580599412322044e-03
9.842554572969675064e-04 2.805567113682627678e-03
9.667025296948850155e-04 2.888240152969956398e-03
1.083565759472548962e-03 2.690225839614868164e-03
1.000023912638425827e-03 2.868263283744454384e-03
1.042629941366612911e-03 2.570807700976729393e-03
8.302196511067450047e-04 2.735525835305452347e-03
1.122745568864047527e-03 2.786773955449461937e-03
9.855773532763123512e-04 2.680478617548942566e-03
9.082948672585189342e-04 2.568324562162160873e-03
8.934621000662446022e-04 2.920570783317089081e-03
1.035378314554691315e-03 2.642427338287234306e-03
8.205952472053468227e-04 2.625827910378575325e-03
7.873072754591703415e-04 2.876218874007463455e-03
9.525312343612313271e-04 2.570565557107329369e-03
8.046459406614303589e-04 2.634145319461822510e-03
7.812838885001838207e-04 2.582234097644686699e-03
7.476707687601447105e-04 2.522144000977277756e-03
8.296633604913949966e-04 2.521156799048185349e-03
7.048415136523544788e-04 2.565066097304224968e-03
7.244290318340063095e-04 2.468128921464085579e-03
7.055993191897869110e-04 2.592686796560883522e-03
7.217780803330242634e-04 2.551970072090625763e-03
6.690897862426936626e-04 2.529818564653396606e-03
6.558886379934847355e-04 2.552860649302601814e-03
6.888512871228158474e-04 2.419873839244246483e-03
6.421663565561175346e-04 2.469717524945735931e-03
6.485902122221887112e-04 2.371370792388916016e-03
6.113471463322639465e-04 2.335583791136741638e-03
6.480704178102314472e-04 2.409219043329358101e-03
6.281108944676816463e-04 2.352297538891434669e-03
6.067217909730970860e-04 2.339498605579137802e-03
5.962598370388150215e-04 2.387710846960544586e-03
5.896829534322023392e-04 2.384691033512353897e-03
6.140657351352274418e-04 2.389448229223489761e-03
5.864420672878623009e-04 2.296060789376497269e-03
5.790326977148652077e-04 2.309200586751103401e-03
5.564810708165168762e-04 2.280716784298419952e-03
5.469736643135547638e-04 2.245118375867605209e-03
5.550899077206850052e-04 2.292864257469773293e-03
5.471747135743498802e-04 2.265901304781436920e-03
5.572741501964628696e-04 2.315166173502802849e-03
5.468605668283998966e-04 2.249992452561855316e-03
5.403621471486985683e-04 2.324646571651101112e-03
5.432073376141488552e-04 2.212541410699486732e-03
5.256229778751730919e-04 2.261751331388950348e-03
5.284442449919879436e-04 2.187959384173154831e-03
5.161954904906451702e-04 2.249052515253424644e-03
5.136664258316159248e-04 2.168702660128474236e-03
5.102143622934818268e-04 2.249050652608275414e-03
5.092468345537781715e-04 2.184069948270916939e-03
5.184502806514501572e-04 2.305446192622184753e-03
5.388911813497543335e-04 2.197163179516792297e-03
5.738576292060315609e-04 2.496744273230433464e-03
7.009326945990324020e-04 2.273395657539367676e-03
7.570045418106019497e-04 2.742411568760871887e-03
9.443816961720585823e-04 2.332923933863639832e-03
8.539194241166114807e-04 2.525006188079714775e-03
7.629246101714670658e-04 2.100234152749180794e-03
5.248256493359804153e-04 2.113457070663571358e-03
4.531747836153954268e-04 2.357345540076494217e-03
5.600936128757894039e-04 2.280581742525100708e-03
6.899271975271403790e-04 2.716472605243325233e-03
8.509913459420204163e-04 2.189151942729949951e-03
6.716448115184903145e-04 2.186800120398402214e-03
4.854787839576601982e-04 2.143142279237508774e-03
4.591826582327485085e-04 2.127947052940726280e-03
5.717894528061151505e-04 2.440170384943485260e-03
6.625623791478574276e-04 2.100232988595962524e-03
5.476755322888493538e-04 2.142683137208223343e-03
4.271060461178421974e-04 2.212631283327937126e-03
4.486847028601914644e-04 2.142832847312092781e-03
5.362717201933264732e-04 2.375502604991197586e-03
6.003890302963554859e-04 2.003991510719060898e-03
4.987366846762597561e-04 2.010620199143886566e-03
4.093098687008023262e-04 2.124960068613290787e-03
4.455718444660305977e-04 2.062945161014795303e-03
5.129954079166054726e-04 2.306190319359302521e-03
5.548286717385053635e-04 2.022688975557684898e-03
4.820270114578306675e-04 2.086027525365352631e-03
3.965835203416645527e-04 2.104094251990318298e-03
4.015085578430444002e-04 2.022084780037403107e-03
4.480775969568639994e-04 2.218936337158083916e-03
5.123395239934325218e-04 1.950484467670321465e-03
4.647654423024505377e-04 2.031057840213179588e-03
3.935658314730972052e-04 2.023638924583792686e-03
3.779761900659650564e-04 1.984546193853020668e-03
4.004058428108692169e-04 2.172094769775867462e-03
4.565383424051105976e-04 1.978916581720113754e-03
4.477211332414299250e-04 2.128234831616282463e-03
4.172715707682073116e-04 1.972823403775691986e-03
3.725699789356440306e-04 1.961002824828028679e-03
3.472765092737972736e-04 1.987122232094407082e-03
3.630022983998060226e-04 1.913134939968585968e-03
3.700659144669771194e-04 2.059896243736147881e-03
3.870959626510739326e-04 1.934498199261724949e-03
3.787867899518460035e-04 2.032530494034290314e-03
3.683711984194815159e-04 1.918654656037688255e-03
3.532057162374258041e-04 1.974361715838313103e-03
3.349690523464232683e-04 1.927756937220692635e-03
3.298252704553306103e-04 1.909745740704238415e-03
3.218004130758345127e-04 1.918688416481018066e-03
3.244685649406164885e-04 1.886510290205478668e-03
3.242230450268834829e-04 1.964664319530129433e-03
3.302966360934078693e-04 1.886632526293396950e-03
3.378604305908083916e-04 1.998343272134661674e-03
3.565479128155857325e-04 1.876050955615937710e-03
3.782122512347996235e-04 2.106406027451157570e-03
4.294321988709270954e-04 1.942585338838398457e-03
4.897051840089261532e-04 2.369695343077182770e-03
6.525669014081358910e-04 2.058628713712096214e-03
7.063865778036415577e-04 2.535522449761629105e-03
7.906418759375810623e-04 2.007438568398356438e-03
5.930847837589681149e-04 2.084514359012246132e-03
4.206148150842636824e-04 1.861781696788966656e-03
3.045841294806450605e-04 1.874144305475056171e-03
3.409044584259390831e-04 2.203802810981869698e-03
4.673339426517486572e-04 1.989123644307255745e-03
5.261018523015081882e-04 2.294496167451143265e-03
5.432097241282463074e-04 1.865297905169427395e-03
3.854993556160479784e-04 1.873387955129146576e-03
2.981670841109007597e-04 1.974968239665031433e-03
3.452787932474166155e-04 1.870353706181049347e-03
4.190513573121279478e-04 2.130416221916675568e-03
4.460554628167301416e-04 1.852688379585742950e-03
3.563269274309277534e-04 1.911846688017249107e-03
2.863375120796263218e-04 1.949956524185836315e-03
3.007885825354605913e-04 1.846908009611070156e-03
3.532794362399727106e-04 2.035076497122645378e-03
3.971438563894480467e-04 1.780750462785363197e-03
3.527895605657249689e-04 1.855631242506206036e-03
2.897948725149035454e-04 1.830615568906068802e-03
2.701547928154468536e-04 1.814804039895534515e-03
3.005550242960453033e-04 1.988334814086556435e-03
3.449067589826881886e-04 1.816129544749855995e-03
3.595248272176831961e-04 1.959569985046982765e-03
3.354375949129462242e-04 1.784224179573357105e-03
2.858293009921908379e-04 1.818841905333101749e-03
2.606948837637901306e-04 1.812834525480866432e-03
2.581454464234411716e-04 1.760078477673232555e-03
2.782004885375499725e-04 1.887188758701086044e-03
2.976172836497426033e-04 1.771123730577528477e-03
2.947910106740891933e-04 1.891299965791404247e-03
2.876789076253771782e-04 1.770444912835955620e-03
2.701055491343140602e-04 1.820780220441520214e-03
2.555829414632171392e-04 1.754362252540886402e-03
2.442663826514035463e-04 1.764995162375271320e-03
2.390266163274645805e-04 1.784610562026500702e-03
2.412768808426335454e-04 1.739451428875327110e-03
2.457149967085570097e-04 1.807912020012736320e-03
2.544186136219650507e-04 1.730895950458943844e-03
2.600607986096292734e-04 1.840610522776842117e-03
2.684151695575565100e-04 1.734832185320556164e-03
2.756505855359137058e-04 1.865986268967390060e-03
2.935703378170728683e-04 1.727332477457821369e-03
3.057070425711572170e-04 1.915713655762374401e-03
3.328916791360825300e-04 1.751478179357945919e-03
3.420512657612562180e-04 1.980372006073594093e-03
3.798036777880042791e-04 1.775074983015656471e-03
3.826923493761569262e-04 2.017879392951726913e-03
4.089270660188049078e-04 1.767981913872063160e-03
3.727448347490280867e-04 1.936405547894537449e-03
3.448772768024355173e-04 1.720572239719331264e-03
2.844014379661530256e-04 1.788582652807235718e-03
2.414210757706314325e-04 1.714421319775283337e-03
2.178223658120259643e-04 1.712818513624370098e-03
2.189212536904960871e-04 1.793806441128253937e-03
2.374508330831304193e-04 1.715428894385695457e-03
2.612558891996741295e-04 1.868992578238248825e-03
2.900510735344141722e-04 1.710553886368870735e-03
2.981730212923139334e-04 1.864578574895858765e-03
3.029981453437358141e-04 1.688422402366995811e-03
2.778522903099656105e-04 1.786789856851100922e-03
2.546411997172981501e-04 1.667396747507154942e-03
2.277587627759203315e-04 1.714866608381271362e-03
2.108786138705909252e-04 1.682095695286989212e-03
2.027679438469931483e-04 1.678841770626604557e-03
2.018990053329616785e-04 1.710415119305253029e-03
2.067439490929245949e-04 1.658562221564352512e-03
2.165173791581764817e-04 1.751947798766195774e-03
2.340161736356094480e-04 1.660640002228319645e-03
2.545775496400892735e-04 1.835762406699359417e-03
2.949480258394032717e-04 1.706957467831671238e-03
3.344048454891890287e-04 1.999606611207127571e-03
4.234710359014570713e-04 1.802078681066632271e-03
4.709866479970514774e-04 2.175164874643087387e-03
5.727910902351140976e-04 1.823685830458998680e-03
5.042254342697560787e-04 1.993030076846480370e-03
4.229742626193910837e-04 1.664774725213646889e-03
2.664854400791227818e-04 1.673518330790102482e-03
1.942534872796386480e-04 1.766221830621361732e-03
2.290655393153429031e-04 1.718498650006949902e-03
3.134415601380169392e-04 2.012470271438360214e-03
3.905521298293024302e-04 1.730198622681200504e-03
3.492363903205841780e-04 1.826938823796808720e-03
2.721460186876356602e-04 1.636756351217627525e-03
1.981604145839810371e-04 1.622389070689678192e-03
2.044102147920057178e-04 1.780102378688752651e-03
2.614868280943483114e-04 1.655344734899699688e-03
2.840284723788499832e-04 1.807216671295464039e-03
2.667325898073613644e-04 1.635842141695320606e-03
2.106426691170781851e-04 1.648986595682799816e-03
1.817276061046868563e-04 1.671041129156947136e-03
1.930608123075217009e-04 1.606371719390153885e-03
2.230874088127166033e-04 1.749036950059235096e-03
2.470292965881526470e-04 1.616727677173912525e-03
2.316395257366821170e-04 1.701871166005730629e-03
2.052910567726939917e-04 1.616338384337723255e-03
1.807220978662371635e-04 1.615707180462777615e-03
1.739742583595216274e-04 1.649833633564412594e-03
1.840248296502977610e-04 1.599209965206682682e-03
1.985243143280968070e-04 1.704316469840705395e-03
2.104511077050119638e-04 1.608322723768651485e-03
2.087820757878944278e-04 1.685593975707888603e-03
2.015905629377812147e-04 1.586076570674777031e-03
1.858299801824614406e-04 1.621539355255663395e-03
1.733223907649517059e-04 1.596695976331830025e-03
1.666811876930296421e-04 1.601507188752293587e-03
1.664170558797195554e-04 1.634891494177281857e-03
1.707292540231719613e-04 1.589148887433111668e-03
1.774850534275174141e-04 1.652093720622360706e-03
1.857746101450175047e-04 1.572094392031431198e-03
1.920750801218673587e-04 1.661087386310100555e-03
2.006553404498845339e-04 1.569094369187951088e-03
2.040597028099000454e-04 1.681626075878739357e-03
2.120510616805404425e-04 1.578595140017569065e-03
2.133050875272601843e-04 1.700311317108571529e-03
2.227936929557472467e-04 1.580219366587698460e-03
2.261281770188361406e-04 1.720308908261358738e-03
2.427523577352985740e-04 1.587279373779892921e-03
2.482912095729261637e-04 1.754022436216473579e-03
2.663721679709851742e-04 1.601531635969877243e-03
2.615377015899866819e-04 1.755338511429727077e-03
2.650826354511082172e-04 1.587014179676771164e-03
2.424140402581542730e-04 1.699415734037756920e-03
2.247755037387832999e-04 1.563575002364814281e-03
1.958450593519955873e-04 1.629383885301649570e-03
1.745894696796312928e-04 1.560508157126605511e-03
1.586036523804068565e-04 1.575844478793442249e-03
1.512736780568957329e-04 1.574254361912608147e-03
1.512838352937251329e-04 1.547447638586163521e-03
1.565665152156725526e-04 1.603346783667802811e-03
1.653962826821953058e-04 1.543815829791128635e-03
1.749643415678292513e-04 1.638168934732675552e-03
1.882004289655014873e-04 1.548172091133892536e-03
1.986747811315581203e-04 1.672315178439021111e-03
2.170960215153172612e-04 1.557191484607756138e-03
2.291053824592381716e-04 1.719803083688020706e-03
2.572195080574601889e-04 1.581349410116672516e-03
2.706730447243899107e-04 1.784600201062858105e-03
3.064702905248850584e-04 1.610061503015458584e-03
3.072281251661479473e-04 1.812623231671750546e-03
3.255981719121336937e-04 1.601025578565895557e-03
2.911561750806868076e-04 1.736305188387632370e-03
2.621914318297058344e-04 1.551056629978120327e-03
2.058259269688278437e-04 1.605224213562905788e-03
1.647045428398996592e-04 1.544854952953755856e-03
1.432320568710565567e-04 1.541773905046284199e-03
1.461628853576257825e-04 1.611127285286784172e-03
1.655767846386879683e-04 1.541102654300630093e-03
1.867743849288672209e-04 1.662588096223771572e-03
2.048974711215123534e-04 1.536351279355585575e-03
2.016530488617718220e-04 1.631110790185630322e-03
1.919404312502592802e-04 1.511860056780278683e-03
1.687942421995103359e-04 1.558310701511800289e-03
1.502539525972679257e-04 1.510872738435864449e-03
1.385102223139256239e-04 1.516503165476024151e-03
1.361263421131297946e-04 1.542743993923068047e-03
1.409589312970638275e-04 1.504491781815886497e-03
1.501429505879059434e-04 1.581270014867186546e-03
1.632655621506273746e-04 1.506211236119270325e-03
1.750536321196705103e-04 1.619456335902214050e-03
1.918226334964856505e-04 1.517220400273799896e-03
2.004211419261991978e-04 1.655197120271623135e-03
2.173576358472928405e-04 1.530838315375149250e-03
2.200450253440067172e-04 1.677563996054232121e-03
2.327794063603505492e-04 1.536078518256545067e-03
2.259730390505865216e-04 1.669476274400949478e-03
2.263179339934140444e-04 1.524933031760156155e-03
2.067970490315929055e-04 1.623007585294544697e-03
1.907728001242503524e-04 1.506636501289904118e-03
1.664777810219675303e-04 1.561145647428929806e-03
1.480847131460905075e-04 1.501975231803953648e-03
1.345335040241479874e-04 1.516230171546339989e-03
1.283192686969414353e-04 1.515515847131609917e-03
1.282145094592124224e-04 1.492547453381121159e-03
1.325383491348475218e-04 1.536006457172334194e-03
1.398685999447479844e-04 1.482672174461185932e-03
1.478584890719503164e-04 1.558372518047690392e-03
1.576695503899827600e-04 1.483437023125588894e-03
1.651074562687426805e-04 1.585834193974733353e-03
1.770490343915298581e-04 1.492345822043716908e-03
1.855758600868284702e-04 1.625110278837382793e-03
2.052984054898843169e-04 1.509524066932499409e-03
2.186002238886430860e-04 1.683913404121994972e-03
2.515490341465920210e-04 1.537447213195264339e-03
2.641132450662553310e-04 1.741810003295540810e-03
2.978162956424057484e-04 1.552616013213992119e-03
2.839075459633022547e-04 1.721056760288774967e-03
2.776471956167370081e-04 1.521023921668529510e-03
2.261436020489782095e-04 1.603227457962930202e-03
1.826606312533840537e-04 1.493578194640576839e-03
1.438784383935853839e-04 1.509018824435770512e-03
1.284416357520967722e-04 1.535293296910822392e-03
1.340246526524424553e-04 1.488172099925577641e-03
1.506807748228311539e-04 1.593056367710232735e-03
1.711908844299614429e-04 1.486118067987263203e-03
1.772078976500779390e-04 1.587545615620911121e-03
1.772518589859828353e-04 1.471146242693066597e-03
1.611130574019625783e-04 1.529913162812590599e-03
1.457697508158162236e-04 1.469481620006263256e-03
1.326980564044788480e-04 1.485394663177430630e-03
1.277822011616080999e-04 1.494483323767781258e-03
1.294053072342649102e-04 1.467597670853137970e-03
1.346974459011107683e-04 1.523098908364772797e-03
1.431890996173024178e-04 1.461480977013707161e-03
1.486042456235736609e-04 1.542562036775052547e-03
1.564483100082725286e-04 1.459463848732411861e-03
1.570368476677685976e-04 1.552759087644517422e-03
1.612488704267889261e-04 1.462137559428811073e-03
1.598297385498881340e-04 1.560512697324156761e-03
1.645650918362662196e-04 1.473076292313635349e-03
1.670972997089847922e-04 1.576072303578257561e-03
1.783564366633072495e-04 1.493490766733884811e-03
1.871478016255423427e-04 1.606340752914547920e-03
2.058925892924889922e-04 1.516418764367699623e-03
2.126756735378876328e-04 1.628791796974837780e-03
2.241923793917521834e-04 1.510610221885144711e-03
2.102801809087395668e-04 1.601294148713350296e-03
1.970119046745821834e-04 1.470794086344540119e-03
1.719583233352750540e-04 1.557480194605886936e-03
1.617912203073501587e-04 1.456327969208359718e-03
1.589892199262976646e-04 1.547310384921729565e-03
1.693708909442648292e-04 1.457720994949340820e-03
1.659314148128032684e-04 1.518811914138495922e-03
1.567185972817242146e-04 1.437018159776926041e-03
1.356165885226801038e-04 1.488589798100292683e-03
1.239763805642724037e-04 1.448582625016570091e-03
1.233079674420878291e-04 1.493527321144938469e-03
1.278973504668101668e-04 1.456447294913232327e-03
1.265178871108219028e-04 1.467501744627952576e-03
1.192591662402264774e-04 1.437689177691936493e-03
1.112186582759022713e-04 1.450883923098444939e-03
1.093282553483732045e-04 1.444297842681407928e-03
1.128188596339896321e-04 1.454367302358150482e-03
1.160298925242386758e-04 1.441627740859985352e-03
1.148033770732581615e-04 1.440536347217857838e-03
1.104467883124016225e-04 1.429835218004882336e-03
1.069075224222615361e-04 1.439905609004199505e-03
1.068469064193777740e-04 1.436032820492982864e-03
1.092844977392815053e-04 1.450369018130004406e-03
1.114434271585196257e-04 1.432299264706671238e-03
1.116511848522350192e-04 1.453090808354318142e-03
1.118590080295689404e-04 1.421057153493165970e-03
1.152331606135703623e-04 1.484470092691481113e-03
1.273734378628432751e-04 1.434164121747016907e-03
1.531626912765204906e-04 1.606860314495861530e-03
2.175876434193924069e-04 1.548943459056317806e-03
3.297435177955776453e-04 2.084688981994986534e-03
6.342062843032181263e-04 2.053814008831977844e-03
9.445068426430225372e-04 3.128898562863469124e-03
1.609632628969848156e-03 2.242152113467454910e-03
1.176598132587969303e-03 1.905824989080429077e-03
5.287589738145470619e-04 1.563792815431952477e-03
2.150357177015393972e-04 1.816562493331730366e-03
6.417469121515750885e-04 2.503381343558430672e-03
8.978522964753210545e-04 1.609353465028107166e-03
3.123424539808183908e-04 1.574004068970680237e-03
2.735474554356187582e-04 2.256756881251931190e-03
6.529533420689404011e-04 1.572073553688824177e-03
3.203085216227918863e-04 1.483090571127831936e-03
1.877274917205795646e-04 1.943532959558069706e-03
4.439025942701846361e-04 1.506402040831744671e-03
2.349674759898334742e-04 1.489449758082628250e-03
1.802595797926187515e-04 1.858586329035460949e-03
3.430043288972228765e-04 1.503759995102882385e-03
1.917155022965744138e-04 1.483911881223320961e-03
1.738276769174262881e-04 1.721391920000314713e-03
2.691357512958347797e-04 1.457347068935632706e-03
1.546829880680888891e-04 1.464323024265468121e-03
1.703877642285078764e-04 1.675686682574450970e-03
2.350982686039060354e-04 1.475805998779833317e-03
1.384042261634021997e-04 1.472895382903516293e-03
1.536196214146912098e-04 1.651135273277759552e-03
2.033984492300078273e-04 1.483808388002216816e-03
1.350798993371427059e-04 1.478948630392551422e-03
1.473930169595405459e-04 1.623578253202140331e-03
1.834979484556242824e-04 1.464629545807838440e-03
1.276226103072986007e-04 1.454722136259078979e-03
1.347552315564826131e-04 1.576433656737208366e-03
1.671102072577923536e-04 1.453824108466506004e-03
1.234296069014817476e-04 1.458282931707799435e-03
1.249519700650125742e-04 1.573776011355221272e-03
1.537730859126895666e-04 1.460349420085549355e-03
1.240216224687173963e-04 1.447740360163152218e-03
1.150661119027063251e-04 1.514708390459418297e-03
1.367801160085946321e-04 1.424115616828203201e-03
1.211915005114860833e-04 1.432915800251066685e-03
1.097113636205904186e-04 1.490113325417041779e-03
1.251791691174730659e-04 1.431149314157664776e-03
1.204559957841411233e-04 1.451857853680849075e-03
1.072779923561029136e-04 1.474117627367377281e-03
1.132035977207124233e-04 1.432633958756923676e-03
1.170247778645716608e-04 1.461476902477443218e-03
1.080961010302416980e-04 1.449571456760168076e-03
1.053884479915723205e-04 1.423854962922632694e-03
1.114596816478297114e-04 1.459607155993580818e-03
1.090770965674892068e-04 1.435559475794434547e-03
1.022917131194844842e-04 1.430690754204988480e-03
1.053216547006741166e-04 1.469270791858434677e-03
1.082004528143443167e-04 1.435317448340356350e-03
1.028607730404473841e-04 1.437105354852974415e-03
1.008616454782895744e-04 1.456196187064051628e-03
1.038846748997457325e-04 1.426298869773745537e-03
1.030330386129207909e-04 1.439847052097320557e-03
9.960982424672693014e-05 1.439364859834313393e-03
9.945259080268442631e-05 1.421720953658223152e-03
1.012389548122882843e-04 1.442346721887588501e-03
1.002652643364854157e-04 1.427069189958274364e-03
9.769334428710862994e-05 1.424407935701310635e-03
9.784657595446333289e-05 1.439415966160595417e-03
9.899956057779490948e-05 1.417408930137753487e-03
9.789424802875146270e-05 1.423545647412538528e-03
9.624359518056735396e-05 1.423605135641992092e-03
9.616165334591642022e-05 1.413651858456432819e-03
9.684003453003242612e-05 1.429125550203025341e-03
9.644872625358402729e-05 1.418327563442289829e-03
9.510201198281720281e-05 1.419435953721404076e-03
9.463175229029729962e-05 1.426651258952915668e-03
9.501727618044242263e-05 1.413888880051672459e-03
9.491600940236821771e-05 1.422016066499054432e-03
9.413752559339627624e-05 1.414745813235640526e-03
9.340820543002337217e-05 1.411131815984845161e-03
9.333972411695867777e-05 1.418728032149374485e-03
9.349147876491770148e-05 1.409272896125912666e-03
9.314934141002595425e-05 1.415668288245797157e-03
9.253524331143125892e-05 1.412005163729190826e-03
9.212562144966796041e-05 1.407733885571360588e-03
9.205566311720758677e-05 1.413203077390789986e-03
9.205075912177562714e-05 1.405135262757539749e-03
9.175738523481413722e-05 1.410152530297636986e-03
9.131126716965809464e-05 1.407404895871877670e-03
9.098627924686297774e-05 1.404907437972724438e-03
9.086299542104825377e-05 1.409165095537900925e-03
9.083787153940647840e-05 1.403052941896021366e-03
9.071124804904684424e-05 1.408004784025251865e-03
9.052563837030902505e-05 1.404415932483971119e-03
9.048364154295995831e-05 1.404066104441881180e-03
9.082274482352659106e-05 1.406342373229563236e-03
9.183531074086204171e-05 1.404083450324833393e-03
9.408361802343279123e-05 1.413401798345148563e-03
9.886034968076273799e-05 1.420109416358172894e-03
1.095144252758473158e-04 1.444886787794530392e-03
1.316677371505647898e-04 1.493136980570852757e-03
1.808831293601542711e-04 1.572395325638353825e-03
2.624730113893747330e-04 1.717144972644746304e-03
4.034502489957958460e-04 1.727565773762762547e-03
4.375101125333458185e-04 1.658707042224705219e-03
3.510222886689007282e-04 1.412293058820068836e-03
1.390763500239700079e-04 1.532580354250967503e-03
1.713009551167488098e-04 1.636131084524095058e-03
2.785214746836572886e-04 1.508006942458450794e-03
1.741581509122624993e-04 1.409639720804989338e-03
1.041112409438937902e-04 1.461174339056015015e-03
1.964721741387620568e-04 1.491460832767188549e-03
1.623994321562349796e-04 1.399295986630022526e-03
1.084601390175521374e-04 1.495150616392493248e-03
1.682265283307060599e-04 1.435527461580932140e-03
1.238490804098546505e-04 1.394110149703919888e-03
1.045459721353836358e-04 1.446805428713560104e-03
1.494359312346205115e-04 1.386230811476707458e-03
1.102552632801234722e-04 1.432063640095293522e-03
1.198509344249032438e-04 1.408154144883155823e-03
1.295457186643034220e-04 1.406053313985466957e-03
9.691551531432196498e-05 1.401787623763084412e-03
1.150232928921468556e-04 1.392993610352277756e-03
1.088605422410182655e-04 1.381144858896732330e-03
9.284111729357391596e-05 1.410363009199500084e-03
1.109619843191467226e-04 1.401921734213829041e-03
9.797389793675392866e-05 1.387794734910130501e-03
9.828677139012143016e-05 1.426294678822159767e-03
1.088130447897128761e-04 1.367991790175437927e-03
9.471281373407691717e-05 1.393066835589706898e-03
1.011705389828421175e-04 1.380450092256069183e-03
1.002528879325836897e-04 1.384167699143290520e-03
9.134641004493460059e-05 1.365337520837783813e-03
9.794553625397384167e-05 1.382400398142635822e-03
9.286621934734284878e-05 1.364392112009227276e-03
8.947558671934530139e-05 1.374075538478791714e-03
9.442966256756335497e-05 1.368177821859717369e-03
8.843487739795818925e-05 1.372094382531940937e-03
8.884153066901490092e-05 1.361033879220485687e-03
9.120026516029611230e-05 1.359528396278619766e-03
8.648807852296158671e-05 1.366115990094840527e-03
8.827970304992049932e-05 1.360314316116273403e-03
8.885784336598590016e-05 1.362724113278090954e-03
8.569428609916940331e-05 1.362305483780801296e-03
8.755474846111610532e-05 1.362860901281237602e-03
8.752934081712737679e-05 1.353491563349962234e-03
8.551606151740998030e-05 1.370305428281426430e-03
8.725197403691709042e-05 1.358675188384950161e-03
8.730700210435315967e-05 1.375411171466112137e-03
8.658479782752692699e-05 1.359541085548698902e-03
8.898196392692625523e-05 1.381652662530541420e-03
9.092269465327262878e-05 1.348564401268959045e-03
9.362919081468135118e-05 1.398243941366672516e-03
1.019422779791057110e-04 1.354958047159016132e-03
1.134962585638277233e-04 1.452136086300015450e-03
1.372264814563095570e-04 1.394667080603539944e-03
1.756234123604372144e-04 1.599724520929157734e-03
2.554961247369647026e-04 1.529459725134074688e-03
3.547949017956852913e-04 1.958336448296904564e-03
5.693921120837330818e-04 1.797114615328609943e-03
6.797210662625730038e-04 2.268461976200342178e-03
8.610095246694982052e-04 1.690914388746023178e-03
5.784007953479886055e-04 1.585613936185836792e-03
2.663001359906047583e-04 1.365476287901401520e-03
9.764086280483752489e-05 1.459920895285904408e-03
2.446587022859603167e-04 1.906987628899514675e-03
4.550931043922901154e-04 1.547128660604357719e-03
3.399456327315419912e-04 1.504246727563440800e-03
1.425947557436302304e-04 1.456145080737769604e-03
1.184260618174448609e-04 1.463172840885818005e-03
2.474049106240272522e-04 1.645623589865863323e-03
2.592650416772812605e-04 1.380659639835357666e-03
1.185961737064644694e-04 1.384804490953683853e-03
1.244244049303233624e-04 1.606300938874483109e-03
2.208976511610671878e-04 1.410067896358668804e-03
1.768920483300462365e-04 1.400929293595254421e-03
9.675112960394471884e-05 1.442116335965692997e-03
1.198943355120718479e-04 1.390135963447391987e-03
1.660692214500159025e-04 1.468160538934171200e-03
1.339228329015895724e-04 1.381865353323519230e-03
9.020598372444510460e-05 1.375758554786443710e-03
1.194685246446169913e-04 1.494356780312955379e-03
1.468509872211143374e-04 1.372808590531349182e-03
1.111100937123410404e-04 1.383695518597960472e-03
8.868734585121273994e-05 1.448155497200787067e-03
1.117119754781015217e-04 1.380234840326011181e-03
1.230055058840662241e-04 1.416194485500454903e-03
1.013452565530315042e-04 1.372418366372585297e-03
8.730711851967498660e-05 1.355998450890183449e-03
1.022032229229807854e-04 1.433516736142337322e-03
1.114048500312492251e-04 1.370551297441124916e-03
9.613287693355232477e-05 1.379062072373926640e-03
8.552490180591121316e-05 1.402426511049270630e-03
9.399965347256511450e-05 1.355568529106676579e-03
1.013030778267420828e-04 1.389388344250619411e-03
9.386127931065857410e-05 1.357557252049446106e-03
8.452588372165337205e-05 1.355987391434609890e-03
8.786498074186965823e-05 1.399285276420414448e-03
9.466905612498521805e-05 1.357340835966169834e-03
9.166970266960561275e-05 1.376033760607242584e-03
8.448195148957893252e-05 1.372809056192636490e-03
8.363592496607452631e-05 1.358039327897131443e-03
8.811730367597192526e-05 1.390167279168963432e-03
8.939883991843089461e-05 1.357018831185996532e-03
8.519568655174225569e-05 1.365339965559542179e-03
8.196761336876079440e-05 1.372239552438259125e-03
8.331402204930782318e-05 1.354772131890058517e-03
8.578567212680354714e-05 1.381015521474182606e-03
8.519311086274683475e-05 1.359336893074214458e-03
8.222321048378944397e-05 1.364974537864327431e-03
8.078694372670724988e-05 1.374250859953463078e-03
8.195709233405068517e-05 1.356890425086021423e-03
8.330628043040633202e-05 1.375013729557394981e-03
8.269085810752585530e-05 1.357815577648580074e-03
8.077573147602379322e-05 1.362457871437072754e-03
7.981891394592821598e-05 1.369584118947386742e-03
8.039488602662459016e-05 1.357807079330086708e-03
8.123403677018359303e-05 1.372547121718525887e-03
8.108401380013674498e-05 1.356663648039102554e-03
8.000086381798610091e-05 1.361265080049633980e-03
7.907957478892058134e-05 1.361300935968756676e-03
7.894819282228127122e-05 1.354940934106707573e-03
7.936706242617219687e-05 1.366112497635185719e-03
7.964007818372920156e-05 1.354975393041968346e-03
7.933439337648451328e-05 1.363652176223695278e-03
7.867722160881385207e-05 1.358143752440810204e-03
7.811829709680750966e-05 1.357709639705717564e-03
7.796537101967260242e-05 1.361032016575336456e-03
7.811791874701157212e-05 1.352643012069165707e-03
7.825386273907497525e-05 1.360216294415295124e-03
7.816230936441570520e-05 1.351761049591004848e-03
7.782304601278156042e-05 1.357398228719830513e-03
7.742309389868751168e-05 1.353770261630415916e-03
7.713271043030545115e-05 1.353242434561252594e-03
7.701152208028361201e-05 1.355730579234659672e-03
7.701574941165745258e-05 1.350318198092281818e-03
7.703429582761600614e-05 1.356396242044866085e-03
7.698158879065886140e-05 1.349366037175059319e-03
7.682327122893184423e-05 1.354140462353825569e-03
7.659290713490918279e-05 1.349144964478909969e-03
7.635192014276981354e-05 1.351437065750360489e-03
7.615257345605641603e-05 1.350905280560255051e-03
7.601398101542145014e-05 1.349786412902176380e-03
7.592726615257561207e-05 1.351825543679296970e-03
7.586702122353017330e-05 1.347443438135087490e-03
7.581176760140806437e-05 1.350863836705684662e-03
7.574258779641240835e-05 1.346046105027198792e-03
7.564599218312650919e-05 1.350415404886007309e-03
7.552503666374832392e-05 1.345947268418967724e-03
7.538578938692808151e-05 1.349504804238677025e-03
7.524187822127714753e-05 1.345636788755655289e-03
7.509841088904067874e-05 1.347935991361737251e-03
7.496042235288769007e-05 1.345306634902954102e-03
7.482989894924685359e-05 1.346487086266279221e-03
7.470751006621867418e-05 1.345030497759580612e-03
7.459373591700568795e-05 1.345048192888498306e-03
7.448619726346805692e-05 1.344635034911334515e-03
7.438351167365908623e-05 1.343736774288117886e-03
7.428481330862268806e-05 1.344080781564116478e-03
7.418895256705582142e-05 1.342513132840394974e-03
7.409579848172143102e-05 1.343496143817901611e-03
7.400649337796494365e-05 1.341152470558881760e-03
7.392170664388686419e-05 1.342838979326188564e-03
7.384403579635545611e-05 1.339686219580471516e-03
7.377594738500192761e-05 1.342681585811078548e-03
7.372459367616102099e-05 1.338440808467566967e-03
7.369925879174843431e-05 1.343370182439684868e-03
7.372054824372753501e-05 1.336735440418124199e-03
7.381760224234312773e-05 1.344717922620475292e-03
7.405598444165661931e-05 1.334298169240355492e-03
7.452944555552676320e-05 1.348518533632159233e-03
7.546611595898866653e-05 1.331995357759296894e-03
7.717958942521363497e-05 1.358866109512746334e-03
8.053462806856259704e-05 1.332577201537787914e-03
8.658636943437159061e-05 1.387885422445833683e-03
9.887517080642282963e-05 1.349978265352547169e-03
1.205605003633536398e-04 1.477262703701853752e-03
1.669003540882840753e-04 1.439528539776802063e-03
2.416659408481791615e-04 1.757007557898759842e-03
4.070801369380205870e-04 1.741616637445986271e-03
5.983475712127983570e-04 2.384086605161428452e-03
9.832605719566345215e-04 2.081855433061718941e-03
9.957158472388982773e-04 2.278839936479926109e-03
9.054582333192229271e-04 1.458340440876781940e-03
3.110530087724328041e-04 1.331357634626328945e-03
1.089730503736063838e-04 1.792173017747700214e-03
3.985859511885792017e-04 1.687321462668478489e-03
5.200714222155511379e-04 1.746923313476145267e-03
3.289396117907017469e-04 1.388782635331153870e-03
9.813890210352838039e-05 1.452859025448560715e-03
2.425958664389327168e-04 1.779048005118966103e-03
3.675905754789710045e-04 1.395642990246415138e-03
1.520605146652087569e-04 1.390646095387637615e-03
1.356691354885697365e-04 1.677989144809544086e-03
2.789931895677000284e-04 1.406869618222117424e-03
1.704496680758893490e-04 1.374939572997391224e-03
9.462235902901738882e-05 1.553456066176295280e-03
1.916268520290032029e-04 1.398462336510419846e-03
1.741568412398919463e-04 1.381595619022846222e-03
9.119767491938546300e-05 1.448878436349332333e-03
1.279713324038311839e-04 1.374837011098861694e-03
1.562897377880290151e-04 1.404431648552417755e-03
9.985342330764979124e-05 1.403225818648934364e-03
9.349468018626794219e-05 1.383699942380189896e-03
1.353041589027270675e-04 1.456019119359552860e-03
1.167677910416387022e-04 1.375659834593534470e-03
8.260536560555920005e-05 1.360971946269273758e-03
1.085499534383416176e-04 1.436018967069685459e-03
1.201572085847146809e-04 1.343737589195370674e-03
8.730209810892120004e-05 1.344939810223877430e-03
8.927633462008088827e-05 1.428175019100308418e-03
1.099719520425423980e-04 1.351268962025642395e-03
9.384634176967665553e-05 1.358495792374014854e-03
7.966981502249836922e-05 1.395765924826264381e-03
9.389378101332113147e-05 1.338051166385412216e-03
9.711289021652191877e-05 1.364538446068763733e-03
8.204080950235947967e-05 1.361184637062251568e-03
8.081592386588454247e-05 1.338963746093213558e-03
9.102941112359985709e-05 1.376010477542877197e-03
8.737374446354806423e-05 1.344884396530687809e-03
7.736277621006593108e-05 1.339924754574894905e-03
8.085770969046279788e-05 1.383095281198620796e-03
8.660431922180578113e-05 1.345171360298991203e-03
8.064356370596215129e-05 1.352798775769770145e-03
7.548524445155635476e-05 1.364391879178583622e-03
7.930680294521152973e-05 1.336754648946225643e-03
8.155865361914038658e-05 1.358156092464923859e-03
7.718889537500217557e-05 1.349210506305098534e-03
7.453978469129651785e-05 1.342930132523179054e-03
7.743142487015575171e-05 1.368579338304698467e-03
7.868139800848439336e-05 1.345268567092716694e-03
7.542537059634923935e-05 1.347075216472148895e-03
7.373611879302188754e-05 1.360343070700764656e-03
7.559207733720541000e-05 1.341010094620287418e-03
7.645915320608764887e-05 1.356386695988476276e-03
7.460014603566378355e-05 1.346893841400742531e-03
7.327648927457630634e-05 1.345083001069724560e-03
7.447403186233714223e-05 1.357732689939439297e-03
7.579656084999442101e-05 1.347440062090754509e-03
7.545330299763008952e-05 1.349570113234221935e-03
7.551896123914048076e-05 1.358306151814758778e-03
7.805131463101133704e-05 1.344305346719920635e-03
8.298772445414215326e-05 1.374840387143194675e-03
9.068329381989315152e-05 1.364418538287281990e-03
1.031899810186587274e-04 1.408900599926710129e-03
1.270660577574744821e-04 1.428083982318639755e-03
1.675888925092294812e-04 1.501968246884644032e-03
2.199697919422760606e-04 1.517614698968827724e-03
2.702545025385916233e-04 1.542917918413877487e-03
2.624857879709452391e-04 1.418864121660590172e-03
1.775644050212576985e-04 1.377247739583253860e-03
8.974526281235739589e-05 1.382806221954524517e-03
9.219745697919279337e-05 1.448008930310606956e-03
1.517401542514562607e-04 1.456674188375473022e-03
1.587572623975574970e-04 1.336320070549845695e-03
1.033998705679550767e-04 1.354571897536516190e-03
8.570337377022951841e-05 1.396699459291994572e-03
1.179328683065250516e-04 1.402878900989890099e-03
1.178763050120323896e-04 1.377139822579920292e-03
8.399767102673649788e-05 1.340541755780577660e-03
8.960514969658106565e-05 1.378045300953090191e-03
1.112303361878730357e-04 1.348753110505640507e-03
8.885433635441586375e-05 1.344260061159729958e-03
7.358702714554965496e-05 1.377160195261240005e-03
9.232281445292755961e-05 1.357630593702197075e-03
9.428829071111977100e-05 1.349972444586455822e-03
7.778892177157104015e-05 1.331605715677142143e-03
7.942584488773718476e-05 1.358558889478445053e-03
8.630657248431816697e-05 1.352800289168953896e-03
7.680934504605829716e-05 1.339396345429122448e-03
7.451156852766871452e-05 1.364262425340712070e-03
8.384675311390310526e-05 1.331714098341763020e-03
8.003811672097072005e-05 1.336099114269018173e-03
7.152229954954236746e-05 1.338023808784782887e-03
7.524224929511547089e-05 1.335217268206179142e-03
7.791434472892433405e-05 1.336608198471367359e-03
7.269699563039466739e-05 1.321261166594922543e-03
7.291082147276028991e-05 1.335684559307992458e-03
7.673756772419437766e-05 1.326516852714121342e-03
7.358429138548672199e-05 1.328882062807679176e-03
6.996637239353731275e-05 1.327456324361264706e-03
7.210754847619682550e-05 1.324252691119909286e-03
7.331963570322841406e-05 1.326568890362977982e-03
7.096605258993804455e-05 1.318929949775338173e-03
7.055280002532526851e-05 1.333705964498221874e-03
7.225662557175382972e-05 1.324046286754310131e-03
7.127619028324261308e-05 1.324813812971115112e-03
6.910731462994590402e-05 1.322410069406032562e-03
6.958906305953860283e-05 1.320403534919023514e-03
7.067366823321208358e-05 1.327481353655457497e-03
6.975908036110922694e-05 1.321970834396779537e-03
6.894215766806155443e-05 1.328268321231007576e-03
6.963744817767292261e-05 1.321092480793595314e-03
6.979099271120503545e-05 1.322358963079750538e-03
6.872624362586066127e-05 1.320118783041834831e-03
6.818510883022099733e-05 1.324248500168323517e-03
6.867601041449233890e-05 1.324767828918993473e-03
6.876148836454376578e-05 1.319816219620406628e-03
6.812823994550853968e-05 1.320657320320606232e-03
6.795791705371811986e-05 1.316114095970988274e-03
6.832678627688437700e-05 1.323067583143711090e-03
6.829225458204746246e-05 1.320133567787706852e-03
6.778391252737492323e-05 1.323689357377588749e-03
6.753442721674218774e-05 1.319519709795713425e-03
6.765959551557898521e-05 1.319416915066540241e-03
6.762511475244536996e-05 1.318211783654987812e-03
6.727373693138360977e-05 1.318848226219415665e-03
6.706570275127887726e-05 1.320113544352352619e-03
6.715923518640920520e-05 1.318113063462078571e-03
6.719342491123825312e-05 1.318114693276584148e-03
6.700669473502784967e-05 1.314902096055448055e-03
6.681992817902937531e-05 1.318351598456501961e-03
6.681012018816545606e-05 1.316170208156108856e-03
6.684963591396808624e-05 1.319304108619689941e-03
6.675488111795857549e-05 1.314501045271754265e-03
6.657548510702326894e-05 1.316415262408554554e-03
6.648288399446755648e-05 1.312833512201905251e-03
6.647957343375310302e-05 1.316722133196890354e-03
6.644919631071388721e-05 1.313542132265865803e-03
6.633851444348692894e-05 1.316772191785275936e-03
6.622438377235084772e-05 1.312030362896621227e-03
6.618411134695634246e-05 1.316077192313969135e-03
6.619588384637609124e-05 1.311186584644019604e-03
6.619405758101493120e-05 1.316873240284621716e-03
6.618082261411473155e-05 1.310343737713992596e-03
6.621063221246004105e-05 1.317357178777456284e-03
6.635498721152544022e-05 1.308538368903100491e-03
6.662979285465553403e-05 1.319404109381139278e-03
6.708706496283411980e-05 1.307172118686139584e-03
6.781340925954282284e-05 1.324420096352696419e-03
6.910316005814820528e-05 1.305852085351943970e-03
7.124178227968513966e-05 1.335139968432486057e-03
7.511994772357866168e-05 1.307976664975285530e-03
8.140109275700524449e-05 1.362600363790988922e-03
9.318528464064002037e-05 1.324988435953855515e-03
1.118385043810121715e-04 1.434533623978495598e-03
1.485380635131150484e-04 1.391068333759903908e-03
2.019022213062271476e-04 1.623698277398943901e-03
3.100687463302165270e-04 1.580030424520373344e-03
4.290672368369996548e-04 2.004448324441909790e-03
6.564977229572832584e-04 1.823035185225307941e-03
7.149652228690683842e-04 2.109741559252142906e-03
7.651498308405280113e-04 1.548159169033169746e-03
4.250146739650517702e-04 1.400041393935680389e-03
1.416913291905075312e-04 1.373895094729959965e-03
1.021459829644300044e-04 1.459491671994328499e-03
2.759985509328544140e-04 1.799025340005755424e-03
4.043711523991078138e-04 1.444204477593302727e-03
2.463825221639126539e-04 1.386528834700584412e-03
9.716969361761584878e-05 1.449524075724184513e-03
1.374151033814996481e-04 1.417961088009178638e-03
