0.0 -0.065 -0.065 -0.065 -0.065 -0.051610533 -0.051759966 -0.057067625 -0.06742308
0.0005 -0.065 -0.065 -0.065 -0.065 -0.055534873 -0.054128673 -0.05797324 -0.066743575
0.001 -0.065 -0.065 -0.065 -0.065 -0.05793739 -0.055926066 -0.058764365 -0.066184565
0.0015 -0.065 -0.065 -0.065 -0.065 -0.059438802 -0.057336103 -0.059470624 -0.06571821
0.002 -0.065 -0.065 -0.065 -0.065 -0.060392216 -0.05846834 -0.06010849 -0.06532687
0.0025 -0.065 -0.065 -0.065 -0.065 -0.0610065 -0.059397932 -0.06068884 -0.06499802
0.003 -0.065 -0.065 -0.065 -0.065 -0.061408512 -0.06017755 -0.061219584 -0.064721934
0.0035 -0.065 -0.065 -0.065 -0.065 -0.06167668 -0.06084449 -0.061706834 -0.06449062
0.004 -0.065 -0.065 -0.065 -0.065 -0.061860148 -0.06142554 -0.06215552 -0.064297326
0.0045 -0.065 -0.065 -0.065 -0.065 -0.06198999 -0.061940107 -0.06256976 -0.06413635
0.005 -0.065 -0.065 -0.065 -0.065 -0.062085964 -0.06240245 -0.062953025 -0.06400277
0.0055 -0.065 -0.065 -0.065 -0.065 -0.062160715 -0.06282316 -0.06330833 -0.0638924
0.006 -0.065 -0.065 -0.065 -0.065 -0.062222324 -0.063210204 -0.06363827 -0.063801676
0.0065 -0.065 -0.065 -0.065 -0.065 -0.062275954 -0.063569605 -0.06394514 -0.063727535
0.007 -0.065 -0.065 -0.065 -0.065 -0.06232489 -0.06390606 -0.06423095 -0.0636674
0.0075 -0.065 -0.065 -0.065 -0.065 -0.06237119 -0.064223126 -0.06449747 -0.06361907
0.008 -0.065 -0.065 -0.065 -0.065 -0.062416136 -0.06452365 -0.064746305 -0.06358066
0.0085 -0.065 -0.065 -0.065 -0.065 -0.06246049 -0.06480987 -0.064978875 -0.06355061
0.009 -0.065 -0.065 -0.065 -0.065 -0.062504694 -0.06508356 -0.06519644 -0.06352756
0.0095 -0.065 -0.065 -0.065 -0.065 -0.062548965 -0.06534615 -0.065400146 -0.06351039
0.01 -0.065 -0.065 -0.065 -0.065 -0.06259341 -0.06559877 -0.06559103 -0.06349813
0.0105 -0.065 -0.065 -0.065 -0.065 -0.06263803 -0.06584236 -0.06577003 -0.06348998
0.011 -0.065 -0.065 -0.065 -0.065 -0.062682785 -0.06607771 -0.065937996 -0.06348524
0.0115 -0.065 -0.065 -0.065 -0.065 -0.062727615 -0.06630544 -0.06609571 -0.06348334
0.012 -0.065 -0.065 -0.065 -0.065 -0.062772445 -0.066526055 -0.06624387 -0.0634838
0.0125 -0.065 -0.065 -0.065 -0.065 -0.062817186 -0.06674002 -0.06638314 -0.063486174
0.013 -0.065 -0.065 -0.065 -0.065 -0.06286176 -0.06694768 -0.066514105 -0.063490145
0.0135 -0.065 -0.065 -0.065 -0.065 -0.062906094 -0.06714934 -0.06663731 -0.063495405
0.014 -0.065 -0.065 -0.065 -0.065 -0.06295011 -0.06734527 -0.06675326 -0.0635017
0.0145 -0.065 -0.065 -0.065 -0.065 -0.06299375 -0.06753568 -0.066862434 -0.06350884
0.015 -0.065 -0.065 -0.065 -0.065 -0.063036956 -0.067720786 -0.06696525 -0.063516624
0.0155 -0.065 -0.065 -0.065 -0.065 -0.063079685 -0.06790073 -0.0670621 -0.06352492
0.016 -0.065 -0.065 -0.065 -0.065 -0.063121885 -0.06807566 -0.06715338 -0.0635336
0.0165 -0.065 -0.065 -0.065 -0.065 -0.06316352 -0.06824571 -0.067239396 -0.06354255
0.017 -0.065 -0.065 -0.065 -0.065 -0.06320456 -0.068411 -0.067320496 -0.063551694
0.0175 -0.065 -0.065 -0.065 -0.065 -0.06324499 -0.06857162 -0.06739696 -0.063560955
0.018 -0.065 -0.065 -0.065 -0.065 -0.063284785 -0.06872769 -0.067469075 -0.063570276
0.0185 -0.065 -0.065 -0.065 -0.065 -0.06332393 -0.06887926 -0.06753709 -0.0635796
0.019 -0.065 -0.065 -0.065 -0.065 -0.063362405 -0.06902644 -0.067601256 -0.06358888
0.0195 -0.065 -0.065 -0.065 -0.065 -0.06340021 -0.0691693 -0.067661785 -0.0635981
0.02 -0.065 -0.065 -0.065 -0.065 -0.06343733 -0.06930792 -0.06771889 -0.06360721
0.0205 -0.065 -0.065 -0.065 -0.065 -0.06347377 -0.06944236 -0.067772776 -0.063616194
0.021 -0.065 -0.065 -0.065 -0.065 -0.063509524 -0.06957269 -0.06782362 -0.063625045
0.0215 -0.065 -0.065 -0.065 -0.065 -0.063544594 -0.06969897 -0.067871585 -0.06363373
0.022 -0.065 -0.065 -0.065 -0.065 -0.06357897 -0.06982127 -0.06791685 -0.06364225
0.0225 -0.065 -0.065 -0.065 -0.065 -0.06361268 -0.06993966 -0.067959554 -0.06365059
0.023 -0.065 -0.065 -0.065 -0.065 -0.06364569 -0.07005419 -0.06799985 -0.063658744
0.0235 -0.065 -0.065 -0.065 -0.065 -0.06367804 -0.07016493 -0.06803786 -0.06366671
0.024 -0.065 -0.065 -0.065 -0.065 -0.06370972 -0.07027194 -0.06807372 -0.06367448
0.0245 -0.065 -0.065 -0.065 -0.065 -0.06374074 -0.07037528 -0.068107545 -0.06368205
0.025 -0.065 -0.065 -0.065 -0.065 -0.0637711 -0.070475005 -0.06813944 -0.06368942
0.0255 -0.065 -0.065 -0.065 -0.065 -0.06380081 -0.0705712 -0.06816952 -0.06369659
0.026 -0.065 -0.065 -0.065 -0.065 -0.06382989 -0.0706639 -0.068197876 -0.06370357
0.0265 -0.065 -0.065 -0.065 -0.065 -0.06385833 -0.07075317 -0.0682246 -0.06371035
0.027 -0.065 -0.065 -0.065 -0.065 -0.06388615 -0.07083906 -0.06824979 -0.06371692
0.0275 -0.065 -0.065 -0.065 -0.065 -0.063913345 -0.07092168 -0.068273515 -0.0637233
0.028 -0.065 -0.065 -0.065 -0.065 -0.063939944 -0.071001045 -0.068295866 -0.063729495
0.0285 -0.065 -0.065 -0.065 -0.065 -0.06396593 -0.07107723 -0.06831691 -0.06373549
0.029 -0.065 -0.065 -0.065 -0.065 -0.06399134 -0.07115029 -0.0683367 -0.063741304
0.0295 -0.065 -0.065 -0.065 -0.065 -0.06401616 -0.07122029 -0.06835534 -0.06374693
0.03 -0.065 -0.065 -0.065 -0.065 -0.06404041 -0.0712873 -0.06837285 -0.063752376
0.0305 -0.065 -0.065 -0.065 -0.065 -0.0640641 -0.07135135 -0.06838932 -0.06375764
0.031 -0.065 -0.065 -0.065 -0.065 -0.064087234 -0.07141254 -0.068404794 -0.06376273
0.0315 -0.065 -0.065 -0.065 -0.065 -0.064109825 -0.071470916 -0.06841932 -0.06376765
0.032 -0.065 -0.065 -0.065 -0.065 -0.06413187 -0.07152651 -0.06843296 -0.06377239
0.0325 -0.065 -0.065 -0.065 -0.065 -0.064153396 -0.07157943 -0.06844574 -0.06377696
0.033 -0.065 -0.065 -0.065 -0.065 -0.0641744 -0.071629696 -0.06845772 -0.06378138
0.0335 -0.065 -0.065 -0.065 -0.065 -0.06419489 -0.07167739 -0.06846895 -0.06378563
0.034 -0.065 -0.065 -0.065 -0.065 -0.06421488 -0.07172255 -0.06847945 -0.063789725
0.0345 -0.065 -0.065 -0.065 -0.065 -0.064234376 -0.07176526 -0.06848927 -0.06379367
0.035 -0.065 -0.065 -0.065 -0.065 -0.0642534 -0.07180555 -0.06849844 -0.06379746
0.0355 -0.065 -0.065 -0.065 -0.065 -0.06427193 -0.071843505 -0.06850699 -0.063801095
0.036 -0.065 -0.065 -0.065 -0.065 -0.064289995 -0.07187917 -0.068514965 -0.0638046
0.0365 -0.065 -0.065 -0.065 -0.065 -0.0643076 -0.07191259 -0.068522386 -0.06380794
0.037 -0.065 -0.065 -0.065 -0.065 -0.06432477 -0.071943834 -0.068529285 -0.06381116
0.0375 -0.065 -0.065 -0.065 -0.065 -0.06434148 -0.071972944 -0.06853569 -0.06381424
0.038 -0.065 -0.065 -0.065 -0.065 -0.06435776 -0.072 -0.06854162 -0.06381718
0.0385 -0.065 -0.065 -0.065 -0.065 -0.06437361 -0.072025016 -0.068547115 -0.06382
0.039 -0.065 -0.065 -0.065 -0.065 -0.06438905 -0.072048075 -0.06855218 -0.06382267
0.0395 -0.065 -0.065 -0.065 -0.065 -0.06440407 -0.07206922 -0.068556845 -0.063825235
0.04 -0.065 -0.065 -0.065 -0.065 -0.06441869 -0.0720885 -0.06856114 -0.06382767
0.0405 -0.065 -0.065 -0.065 -0.065 -0.06443292 -0.07210599 -0.06856506 -0.06382999
0.041 -0.065 -0.065 -0.065 -0.065 -0.06444675 -0.07212169 -0.06856865 -0.063832186
0.0415 -0.065 -0.065 -0.065 -0.065 -0.0644602 -0.0721357 -0.06857191 -0.063834265
0.042 -0.065 -0.065 -0.065 -0.065 -0.064473286 -0.072148055 -0.068574876 -0.06383624
0.0425 -0.065 -0.065 -0.065 -0.065 -0.064486 -0.072158776 -0.06857754 -0.0638381
0.043 -0.065 -0.065 -0.065 -0.065 -0.06449836 -0.07216793 -0.06857994 -0.06383986
0.0435 -0.065 -0.065 -0.065 -0.065 -0.06451036 -0.07217557 -0.06858207 -0.06384151
0.044 -0.065 -0.065 -0.065 -0.065 -0.06452202 -0.07218173 -0.06858397 -0.06384305
0.0445 -0.065 -0.065 -0.065 -0.065 -0.064533345 -0.072186455 -0.068585634 -0.063844495
0.045 -0.065 -0.065 -0.065 -0.065 -0.064544335 -0.07218979 -0.068587065 -0.06384585
0.0455 -0.065 -0.065 -0.065 -0.065 -0.064555004 -0.072191805 -0.0685883 -0.0638471
0.046 -0.065 -0.065 -0.065 -0.065 -0.064565346 -0.072192505 -0.06858933 -0.06384826
0.0465 -0.065 -0.065 -0.065 -0.065 -0.06457539 -0.07219194 -0.06859017 -0.06384933
0.047 -0.065 -0.065 -0.065 -0.065 -0.06458512 -0.07219016 -0.06859084 -0.063850306
0.0475 -0.065 -0.065 -0.065 -0.065 -0.06459455 -0.072187185 -0.06859134 -0.0638512
0.048 -0.065 -0.065 -0.065 -0.065 -0.064603694 -0.07218308 -0.068591684 -0.063852005
0.0485 -0.065 -0.065 -0.065 -0.065 -0.06461255 -0.072177865 -0.06859188 -0.06385273
0.049 -0.065 -0.065 -0.065 -0.065 -0.06462112 -0.0721716 -0.06859192 -0.06385337
0.0495 -0.065 -0.065 -0.065 -0.065 -0.06462943 -0.07216429 -0.06859185 -0.063853934
0.05 -0.065 -0.065 -0.065 -0.065 -0.06463746 -0.072156 -0.06859164 -0.06385442
0.0505 -0.065 -0.065 -0.065 -0.065 -0.06464523 -0.07214673 -0.06859131 -0.06385483
0.051 -0.065 -0.065 -0.065 -0.065 -0.06465274 -0.072136566 -0.06859087 -0.063855164
0.0515 -0.065 -0.065 -0.065 -0.065 -0.064660005 -0.072125494 -0.06859033 -0.063855425
0.052 -0.065 -0.065 -0.065 -0.065 -0.064667016 -0.07211356 -0.06858967 -0.06385562
0.0525 -0.065 -0.065 -0.065 -0.065 -0.0646738 -0.07210082 -0.068588935 -0.063855745
0.053 -0.065 -0.065 -0.065 -0.065 -0.06468034 -0.07208726 -0.0685881 -0.063855805
0.0535 -0.065 -0.065 -0.065 -0.065 -0.06468665 -0.07207297 -0.06858719 -0.063855805
0.054 -0.065 -0.065 -0.065 -0.065 -0.064692736 -0.072057925 -0.06858619 -0.06385574
0.0545 -0.065 -0.065 -0.065 -0.065 -0.06469861 -0.07204218 -0.06858512 -0.0638556
0.055 -0.065 -0.065 -0.065 -0.065 -0.064704254 -0.072025776 -0.06858398 -0.06385542
0.0555 -0.065 -0.065 -0.065 -0.065 -0.0647097 -0.0720087 -0.06858277 -0.06385517
0.056 -0.065 -0.065 -0.065 -0.065 -0.06471494 -0.07199102 -0.0685815 -0.063854866
0.0565 -0.065 -0.065 -0.065 -0.065 -0.064719975 -0.071972735 -0.068580166 -0.0638545
0.057 -0.065 -0.065 -0.065 -0.065 -0.06472482 -0.07195389 -0.06857879 -0.06385409
0.0575 -0.065 -0.065 -0.065 -0.065 -0.06472947 -0.07193449 -0.06857735 -0.06385362
0.058 -0.065 -0.065 -0.065 -0.065 -0.06473393 -0.07191459 -0.06857586 -0.06385311
0.0585 -0.065 -0.065 -0.065 -0.065 -0.064738214 -0.07189419 -0.06857433 -0.06385254
0.059 -0.065 -0.065 -0.065 -0.065 -0.06474232 -0.07187332 -0.06857276 -0.06385192
0.0595 -0.065 -0.065 -0.065 -0.065 -0.064746246 -0.071852 -0.06857114 -0.06385126
0.06 -0.065 -0.065 -0.065 -0.065 -0.06475001 -0.07183025 -0.06856949 -0.06385055
0.0605 -0.065 -0.065 -0.065 -0.065 -0.06475361 -0.0718081 -0.068567805 -0.0638498
0.061 -0.065 -0.065 -0.065 -0.065 -0.06475704 -0.07178558 -0.068566084 -0.06384901
0.0615 -0.065 -0.065 -0.065 -0.065 -0.06476032 -0.071762666 -0.06856433 -0.06384817
0.062 -0.065 -0.065 -0.065 -0.065 -0.06476344 -0.07173942 -0.06856256 -0.063847296
0.0625 -0.065 -0.065 -0.065 -0.065 -0.06476642 -0.07171587 -0.06856076 -0.06384638
0.063 -0.065 -0.065 -0.065 -0.065 -0.06476924 -0.07169199 -0.068558924 -0.063845426
0.0635 -0.065 -0.065 -0.065 -0.065 -0.06477193 -0.07166782 -0.06855707 -0.06384443
0.064 -0.065 -0.065 -0.065 -0.065 -0.064774476 -0.07164338 -0.06855519 -0.0638434
0.0645 -0.065 -0.065 -0.065 -0.065 -0.06477688 -0.071618706 -0.0685533 -0.06384234
0.065 -0.065 -0.065 -0.065 -0.065 -0.06477916 -0.07159378 -0.06855139 -0.063841246
0.0655 -0.065 -0.065 -0.065 -0.065 -0.06478131 -0.07156862 -0.068549454 -0.06384011
0.066 -0.065 -0.065 -0.065 -0.065 -0.064783335 -0.07154329 -0.06854751 -0.06383895
0.0665 -0.065 -0.065 -0.065 -0.065 -0.06478524 -0.071517736 -0.06854556 -0.06383776
0.067 -0.065 -0.065 -0.065 -0.065 -0.06478703 -0.071492046 -0.06854358 -0.06383654
0.0675 -0.065 -0.065 -0.065 -0.065 -0.0647887 -0.07146616 -0.068541594 -0.063835286
0.068 -0.065 -0.065 -0.065 -0.065 -0.06479025 -0.071440145 -0.0685396 -0.06383401
0.0685 -0.065 -0.065 -0.065 -0.065 -0.064791694 -0.07141401 -0.06853759 -0.06383271
0.069 -0.065 -0.065 -0.065 -0.065 -0.064793035 -0.07138773 -0.06853558 -0.063831374
0.0695 -0.065 -0.065 -0.065 -0.065 -0.06479427 -0.071361355 -0.068533555 -0.06383001
0.07 -0.065 -0.065 -0.065 -0.065 -0.064795405 -0.07133487 -0.06853153 -0.06382863
0.0705 -0.065 -0.065 -0.065 -0.065 -0.06479643 -0.071308315 -0.06852949 -0.06382723
0.071 -0.065 -0.065 -0.065 -0.065 -0.06479737 -0.07128169 -0.068527445 -0.0638258
0.0715 -0.065 -0.065 -0.065 -0.065 -0.06479822 -0.071255 -0.068525404 -0.063824356
0.072 -0.065 -0.065 -0.065 -0.065 -0.06479897 -0.07122825 -0.068523355 -0.06382288
0.0725 -0.065 -0.065 -0.065 -0.065 -0.064799644 -0.07120147 -0.0685213 -0.06382139
0.073 -0.065 -0.065 -0.065 -0.065 -0.064800225 -0.07117466 -0.06851924 -0.063819885
0.0735 -0.065 -0.065 -0.065 -0.065 -0.064800724 -0.07114783 -0.06851718 -0.06381835
0.074 -0.065 -0.065 -0.065 -0.065 -0.064801134 -0.07112098 -0.068515114 -0.06381681
0.0745 -0.065 -0.065 -0.065 -0.065 -0.06480147 -0.07109413 -0.06851304 -0.06381524
0.075 -0.065 -0.065 -0.065 -0.065 -0.06480174 -0.07106729 -0.06851099 -0.063813664
0.0755 -0.065 -0.065 -0.065 -0.065 -0.064801924 -0.07104045 -0.068508916 -0.06381206
0.076 -0.065 -0.065 -0.065 -0.065 -0.064802036 -0.07101366 -0.06850685 -0.06381045
0.0765 -0.065 -0.065 -0.065 -0.065 -0.06480208 -0.07098688 -0.068504795 -0.06380883
0.077 -0.065 -0.065 -0.065 -0.065 -0.064802065 -0.07096015 -0.06850273 -0.06380719
0.0775 -0.065 -0.065 -0.065 -0.065 -0.064801976 -0.07093345 -0.06850067 -0.063805535
0.078 -0.065 -0.065 -0.065 -0.065 -0.06480182 -0.07090682 -0.06849861 -0.063803874
0.0785 -0.065 -0.065 -0.065 -0.065 -0.0648016 -0.070880234 -0.068496555 -0.06380219
0.079 -0.065 -0.065 -0.065 -0.065 -0.064801335 -0.070853725 -0.0684945 -0.0638005
0.0795 -0.065 -0.065 -0.065 -0.065 -0.064801 -0.07082728 -0.06849245 -0.0637988
0.08 -0.065 -0.065 -0.065 -0.065 -0.06480061 -0.07080092 -0.06849039 -0.06379709
0.0805 -0.065 -0.065 -0.065 -0.065 -0.06480017 -0.07077463 -0.068488345 -0.063795365
0.081 -0.065 -0.065 -0.065 -0.065 -0.064799674 -0.07074845 -0.0684863 -0.06379364
0.0815 -0.065 -0.065 -0.065 -0.065 -0.06479913 -0.07072234 -0.06848426 -0.0637919
0.082 -0.065 -0.065 -0.065 -0.065 -0.064798534 -0.070696354 -0.06848222 -0.06379015
0.0825 -0.065 -0.065 -0.065 -0.065 -0.064797886 -0.070670456 -0.06848019 -0.0637884
0.083 -0.065 -0.065 -0.065 -0.065 -0.06479719 -0.07064466 -0.06847817 -0.06378663
0.0835 -0.065 -0.065 -0.065 -0.065 -0.06479646 -0.070618995 -0.06847614 -0.06378487
0.084 -0.065 -0.065 -0.065 -0.065 -0.06479568 -0.07059343 -0.06847412 -0.063783094
0.0845 -0.065 -0.065 -0.065 -0.065 -0.06479486 -0.070568 -0.0684721 -0.063781306
0.085 -0.065 -0.065 -0.065 -0.065 -0.064794 -0.07054268 -0.0684701 -0.06377952
0.0855 -0.065 -0.065 -0.065 -0.065 -0.064793095 -0.070517495 -0.068468094 -0.06377773
0.086 -0.065 -0.065 -0.065 -0.065 -0.064792156 -0.07049245 -0.0684661 -0.063775934
0.0865 -0.065 -0.065 -0.065 -0.065 -0.06479119 -0.07046753 -0.0684641 -0.06377413
0.087 -0.065 -0.065 -0.065 -0.065 -0.064790174 -0.07044275 -0.06846212 -0.06377233
0.0875 -0.065 -0.065 -0.065 -0.065 -0.06478913 -0.07041811 -0.06846014 -0.063770525
0.088 -0.065 -0.065 -0.065 -0.065 -0.06478806 -0.07039361 -0.06845816 -0.06376871
0.0885 -0.065 -0.065 -0.065 -0.065 -0.064786956 -0.07036927 -0.06845619 -0.0637669
0.089 -0.065 -0.065 -0.065 -0.065 -0.064785816 -0.070345074 -0.06845423 -0.063765086
0.0895 -0.065 -0.065 -0.065 -0.065 -0.064784646 -0.07032102 -0.06845227 -0.06376327
0.09 -0.065 -0.065 -0.065 -0.065 -0.064783454 -0.07029715 -0.06845032 -0.06376145
0.0905 -0.065 -0.065 -0.065 -0.065 -0.06478223 -0.070273414 -0.06844838 -0.06375963
0.091 -0.065 -0.065 -0.065 -0.065 -0.064780995 -0.07024984 -0.068446435 -0.063757814
0.0915 -0.065 -0.065 -0.065 -0.065 -0.06477972 -0.070226416 -0.068444505 -0.06375599
0.092 -0.065 -0.065 -0.065 -0.065 -0.064778425 -0.07020317 -0.06844258 -0.06375417
0.0925 -0.065 -0.065 -0.065 -0.065 -0.064777106 -0.07018007 -0.06844065 -0.063752346
0.093 -0.065 -0.065 -0.065 -0.065 -0.06477577 -0.07015715 -0.06843874 -0.06375053
0.0935 -0.065 -0.065 -0.065 -0.065 -0.06477442 -0.07013439 -0.06843684 -0.06374871
0.094 -0.065 -0.065 -0.065 -0.065 -0.06477304 -0.07011178 -0.06843494 -0.06374689
0.0945 -0.065 -0.065 -0.065 -0.065 -0.06477164 -0.07008938 -0.06843305 -0.06374508
0.095 -0.065 -0.065 -0.065 -0.065 -0.06477022 -0.07006712 -0.06843116 -0.06374326
0.0955 -0.065 -0.065 -0.065 -0.065 -0.06476879 -0.07004503 -0.068429284 -0.06374145
0.096 -0.065 -0.065 -0.065 -0.065 -0.064767346 -0.07002312 -0.06842741 -0.063739635
0.0965 -0.065 -0.065 -0.065 -0.065 -0.064765885 -0.07000138 -0.06842554 -0.063737825
0.097 -0.065 -0.065 -0.065 -0.065 -0.06476441 -0.06997982 -0.06842369 -0.06373602
0.0975 -0.065 -0.065 -0.065 -0.065 -0.06476291 -0.06995843 -0.06842184 -0.06373422
0.098 -0.065 -0.065 -0.065 -0.065 -0.0647614 -0.069937214 -0.06842 -0.063732415
0.0985 -0.065 -0.065 -0.065 -0.065 -0.06475989 -0.06991616 -0.06841816 -0.06373062
0.099 -0.065 -0.065 -0.065 -0.065 -0.06475835 -0.06989531 -0.068416335 -0.063728824
0.0995 -0.065 -0.065 -0.065 -0.065 -0.06475681 -0.069874614 -0.068414524 -0.063727036
0.1 -0.065 -0.065 -0.065 -0.065 -0.04199793 -0.06775306 -0.055570498 -0.037163872
0.1005 -0.05395411 -0.05424113 -0.0503403 -0.04905331 -0.033112973 -0.050618585 -0.04503558 -0.02259574
0.101 -0.03890795 -0.03747828 -0.03240716 -0.03278831 -0.02732284 -0.031513777 -0.034419 -0.011164658
0.1015 -0.02814193 -0.01790903 -0.01727841 -0.02045658 -0.02278306 -0.011522546 -0.023457091 -0.0012738109
0.102 -0.02069542 0.003178119 -0.004227219 -0.009795039 -0.01881592 0.00900783 -0.012131669 0.007707283
0.1025 -0.0150448 0.0250925 0.007807406 0.0001286696 -0.0151114315 0.029900376 -0.00048069656 0.01609081
0.103 -0.01028089 0.0474125 0.01940331 0.009585489 -0.01151216 0.051039014 0.011444449 0.024050996
0.1035 -0.005937762 0.06993615 0.03085921 0.0186779 -0.007934596 0.072336376 0.02359134 0.03169235
0.104 -0.00178744 0.09256156 0.04231596 0.02745464 -0.00433442 0.093721926 0.03591069 0.03908071
0.1045 0.002247947 0.1152241 0.05373037 0.03590317 -0.0006894767 0.11513612 0.048357613 0.04625894
0.105 0.006173272 0.1378681 0.06514498 0.04397101 0.0030094646 0.13652812 0.06089191 0.053255662
0.1055 0.01004466 0.1604401 0.07662013 0.05175869 0.006764058 0.15785381 0.073478 0.060090512
0.106 0.01390944 0.1828917 0.08816177 0.05932093 0.010571346 0.17907505 0.086084664 0.066777006
0.1065 0.01777463 0.2051775 0.09972897 0.06667168 0.014425892 0.20015872 0.09868471 0.073324844
0.107 0.02162822 0.2272565 0.1113051 0.07379875 0.018320952 0.22107628 0.11125469 0.07974106
0.1075 0.02547291 0.2490907 0.1228791 0.08072575 0.022249196 0.24180302 0.12377435 0.086030915
0.108 0.02931324 0.2706478 0.134441 0.08746946 0.02620316 0.26231784 0.13622645 0.092198506
0.1085 0.03314654 0.2919015 0.1459791 0.09403694 0.030175637 0.2826028 0.1485963 0.098247096
0.109 0.03696713 0.3124343 0.1574776 0.1004319 0.034159813 0.30264252 0.1608715 0.1041794
0.1095 0.04076905 0.3318113 0.1689008 0.1066564 0.038149323 0.32242423 0.17304166 0.10999781
0.11 0.04454797 0.3506541 0.1802432 0.112717 0.04213832 0.34193724 0.18509813 0.11570446
0.1105 0.04830111 0.3692651 0.1915119 0.1186187 0.04612154 0.3611726 0.19703388 0.12130143
0.111 0.0520266 0.3877729 0.2027119 0.1243664 0.050094176 0.38012317 0.20884296 0.12679052
0.1115 0.05572328 0.4062089 0.2138441 0.1299648 0.054051954 0.39878318 0.2205208 0.13217367
0.112 0.05939041 0.424555 0.2249059 0.1354189 0.05799104 0.41714802 0.23206359 0.13745272
0.1125 0.06302755 0.4427713 0.2358928 0.1407335 0.06190804 0.43521443 0.24346852 0.1426294
0.113 0.06663443 0.4608112 0.2467994 0.1459072 0.06579998 0.45297986 0.2547335 0.14770553
0.1135 0.07021071 0.4786304 0.2576206 0.1509458 0.06966421 0.47044262 0.2658569 0.15268286
0.114 0.07375616 0.4961907 0.2683517 0.1558612 0.07349838 0.48760185 0.27683768 0.15756318
0.1145 0.07727063 0.5134613 0.2789883 0.1606582 0.07730043 0.50445735 0.28767517 0.1623482
0.115 0.08075414 0.5304188 0.2895263 0.1653407 0.08106865 0.5210092 0.2983692 0.16703969
0.1155 0.08419939 0.5470457 0.2999613 0.1699053 0.08480148 0.5372583 0.30891985 0.1716394
0.116 0.08759454 0.5633286 0.3102875 0.1743514 0.08849749 0.55320585 0.31932735 0.17614895
0.1165 0.090956 0.579261 0.320505 0.1786939 0.09215565 0.5688533 0.3295924 0.18057014
0.117 0.09429381 0.5948416 0.330614 0.1829395 0.09577489 0.5842029 0.33971554 0.18490462
0.1175 0.09760871 0.6100723 0.3406131 0.1870861 0.09935434 0.59925634 0.3496977 0.18915398
0.118 0.1008762 0.6249548 0.3504918 0.1910754 0.10289332 0.6140164 0.35953987 0.19331987
0.1185 0.1040922 0.6394943 0.360248 0.1949488 0.10639125 0.6284856 0.36924306 0.19740392
0.119 0.1072797 0.6536994 0.3698906 0.198749 0.109847575 0.6426669 0.37880847 0.20140775
0.1195 0.1104494 0.6675795 0.3794235 0.2024867 0.11326195 0.6565633 0.38823736 0.2053328
0.12 0.1136016 0.6811439 0.3888463 0.2061625 0.116634026 0.67017806 0.39753082 0.2091807
0.1205 0.1167332 0.6944018 0.3981572 0.2097751 0.11996356 0.68351436 0.40669024 0.21295293
0.121 0.11984 0.7073618 0.4073548 0.2133231 0.12325035 0.696576 0.41571707 0.21665095
0.1215 0.1229189 0.7200324 0.416438 0.216806 0.1264943 0.70936644 0.4246125 0.22027625
0.122 0.125968 0.7324218 0.4254062 0.2202238 0.12969537 0.72188956 0.4333779 0.22383024
0.1225 0.1289829 0.7445375 0.4342586 0.2235679 0.13285352 0.7341491 0.44201472 0.22731434
0.123 0.1319381 0.7563843 0.442988 0.2267024 0.13596876 0.7461488 0.4505244 0.2307299
0.1235 0.134828 0.76797 0.4515957 0.2295728 0.13904124 0.757893 0.45890802 0.23407833
0.124 0.137682 0.7793027 0.4600885 0.2324538 0.14207104 0.7693857 0.4671675 0.23736091
0.1245 0.1405222 0.79039 0.4684708 0.2353647 0.1450583 0.78063095 0.47530365 0.24057896
0.125 0.1433522 0.8012392 0.4767436 0.2382883 0.14800328 0.7916329 0.48331833 0.24373378
0.1255 0.1461675 0.8118568 0.4849067 0.2412044 0.15090607 0.80239594 0.49121273 0.24682663
0.126 0.1489617 0.8222489 0.4929595 0.2438531 0.153767 0.81292415 0.49898815 0.24985875
0.1265 0.1517288 0.832421 0.5009015 0.2464207 0.15658636 0.8232221 0.5066463 0.25283134
0.127 0.1544651 0.8423772 0.5087306 0.2490344 0.1593644 0.833294 0.51418805 0.25574565
0.1275 0.1571698 0.8521225 0.5164472 0.2516867 0.16210148 0.84314394 0.5216153 0.25860274
0.128 0.1598441 0.8616628 0.5240549 0.2543572 0.16479786 0.8527767 0.5289291 0.2614038
0.1285 0.1624875 0.8710027 0.5315551 0.2567362 0.167454 0.86219656 0.5361311 0.26415002
0.129 0.1650902 0.8801468 0.5389477 0.2590714 0.17007022 0.8714076 0.5432225 0.26684254
0.1295 0.1676391 0.8890772 0.545286 0.2614595 0.17264692 0.8804145 0.55020446 0.2694823
0.13 0.1701525 0.8977716 0.5513828 0.2638907 0.17518452 0.88922143 0.55707884 0.27207047
0.1305 0.1726441 0.906258 0.5578106 0.2663438 0.17768341 0.89783263 0.56384647 0.27460802
0.131 0.1751029 0.9145641 0.5645398 0.2687797 0.18014409 0.9062525 0.5705092 0.27709603
0.1315 0.1775154 0.9227073 0.5714263 0.2711628 0.18256693 0.9144854 0.57706815 0.27953553
0.132 0.1798952 0.9306962 0.5780628 0.273511 0.18495242 0.92253524 0.5835245 0.28192747
0.1325 0.182228 0.9384943 0.5836788 0.2758464 0.18730102 0.9304062 0.58987993 0.28427285
0.133 0.1845372 0.9461022 0.589453 0.27817 0.18961322 0.9381027 0.5961356 0.28657252
0.1335 0.1868213 0.953549 0.5956235 0.2804496 0.1918895 0.9456285 0.60229295 0.28882754
0.134 0.189073 0.9608589 0.6020633 0.2826775 0.19413032 0.9529878 0.60835314 0.2910387
0.1345 0.1913092 0.9680465 0.6086183 0.28488 0.19633615 0.96018434 0.6143176 0.293207
0.135 0.1935351 0.9751181 0.6151746 0.2870631 0.19850753 0.96722215 0.6201876 0.29533327
0.1355 0.1957532 0.9820747 0.6216606 0.2892243 0.20064491 0.9741049 0.6259646 0.29741824
0.136 0.1979592 0.988915 0.6280361 0.2913597 0.20274879 0.9808363 0.6316497 0.29946297
0.1365 0.2001199 0.9956348 0.6342387 0.2934418 0.20481968 0.9874203 0.63724446 0.30146813
0.137 0.2022386 1.002228 0.6402856 0.2954728 0.20685808 0.99386036 0.64274985 0.30343455
0.1375 0.2043413 1.008697 0.6462179 0.2974748 0.20886444 1.0001599 0.64816743 0.30536312
0.138 0.2064339 1.015044 0.6520446 0.2994534 0.21083932 1.0063225 0.65349835 0.3072545
0.1385 0.2085139 1.021269 0.6577658 0.3014077 0.21278314 1.0123513 0.65874374 0.30910945
0.139 0.2105765 1.027374 0.663381 0.3033357 0.21469645 1.0182499 0.6639051 0.31092864
0.1395 0.2126171 1.03336 0.6688913 0.3052356 0.21657969 1.0240213 0.6689835 0.31271303
0.14 0.2146321 1.039227 0.6742983 0.3070938 0.21843337 1.0296687 0.67398024 0.31446314
0.1405 0.2166151 1.044972 0.6796014 0.3088878 0.22025792 1.0351951 0.6788965 0.3161797
0.141 0.2185666 1.050601 0.6848058 0.3106462 0.22205384 1.0406038 0.6837335 0.31786335
0.1415 0.2204922 1.056119 0.6899178 0.3123833 0.22382163 1.0458972 0.68849266 0.31951487
0.142 0.2223823 1.061527 0.6949393 0.3140784 0.22556166 1.0510787 0.69317484 0.32113492
0.1425 0.2242229 1.066829 0.6998679 0.3157202 0.22727449 1.0561508 0.6977812 0.32272393
0.143 0.2260377 1.072026 0.7047108 0.3173413 0.2289605 1.0611161 0.7023133 0.3242827
0.1435 0.2278401 1.07712 0.7094743 0.318951 0.23062013 1.0659773 0.7067718 0.32581186
0.144 0.2296327 1.082113 0.7141608 0.320549 0.23225383 1.0707371 0.71115804 0.32731193
0.1445 0.2314135 1.087008 0.7187715 0.322133 0.23386203 1.075398 0.71547335 0.32878357
0.145 0.2331707 1.091807 0.7233072 0.3236997 0.23544519 1.0799621 0.71971846 0.33022726
0.1455 0.2346516 1.096511 0.7277683 0.3252469 0.23700367 1.0844321 0.72389483 0.33164358
0.146 0.2360872 1.101122 0.7321548 0.3267733 0.23853786 1.0888102 0.72800326 0.33303314
0.1465 0.2376194 1.105643 0.7364686 0.3282787 0.24004824 1.0930986 0.73204494 0.33439648
0.147 0.2392427 1.110076 0.7407118 0.3297627 0.24153511 1.0972995 0.7360209 0.33573413
0.1475 0.2409199 1.114421 0.7448857 0.3312251 0.24299894 1.101415 0.73993224 0.33704662
0.148 0.2426172 1.118682 0.7489915 0.332666 0.24444012 1.1054472 0.74377996 0.33833432
0.1485 0.244311 1.12286 0.7530301 0.3340851 0.24585895 1.1093981 0.74756503 0.33959788
0.149 0.2459767 1.126954 0.7570005 0.3354629 0.24725582 1.1132697 0.7512884 0.34083778
0.1495 0.2475873 1.130959 0.7608958 0.3367803 0.24863113 1.1170636 0.7549513 0.34205443
0.15 0.2491626 1.134881 0.7647225 0.3380745 0.23927538 1.1230221 0.7500328 0.333654
0.1505 0.2396828 1.127972 0.7538307 0.323425 0.23117273 1.1180501 0.7437382 0.3242978
0.151 0.2261952 1.114993 0.7396055 0.3084513 0.22435193 1.1038318 0.7363525 0.31437463
0.1515 0.2169537 1.099137 0.7280311 0.2973722 0.21856774 1.0847172 0.72832674 0.3043872
0.152 0.2109952 1.081687 0.7184313 0.2879305 0.2135398 1.0640594 0.7199858 0.29466194
0.1525 0.2067941 1.063291 0.7097988 0.2792123 0.20907389 1.0433207 0.71147954 0.28532594
0.153 0.2034383 1.044304 0.7015375 0.270932 0.20505075 1.0229127 0.7028639 0.27640575
0.1535 0.2004747 1.024948 0.6933634 0.2629963 0.2013887 1.0028964 0.69416255 0.2678945
0.154 0.1976916 1.005376 0.6851584 0.2553663 0.19802308 0.983255 0.6853905 0.25977618
0.1545 0.1949925 0.9857004 0.6768814 0.2480197 0.19489893 0.9639636 0.6765603 0.25203216
0.155 0.1923336 0.9660113 0.6685247 0.2409395 0.19196871 0.9450002 0.6676837 0.24464224
0.1555 0.1896951 0.9463807 0.660094 0.2341116 0.18919136 0.92634666 0.6587718 0.23758565
0.156 0.1870683 0.9268669 0.6516 0.2275228 0.18653174 0.9079875 0.64983505 0.23084126
0.1565 0.1844491 0.9075177 0.6430539 0.2211607 0.1839602 0.88990986 0.6408834 0.22438811
0.157 0.1818134 0.8883695 0.6344293 0.2150015 0.18145214 0.8721028 0.63192606 0.21820559
0.1575 0.1791712 0.8694508 0.6257591 0.2090435 0.17898752 0.8545575 0.622972 0.21227394
0.158 0.1765456 0.8507889 0.6170884 0.2032846 0.1765505 0.837267 0.6140293 0.20657457
0.1585 0.1739406 0.8324053 0.608429 0.1977155 0.17412882 0.8202257 0.6051052 0.20108993
0.159 0.1713536 0.8143167 0.5997835 0.1923263 0.17171338 0.80342996 0.5962068 0.19580398
0.1595 0.1687814 0.7965349 0.5911539 0.187108 0.16929772 0.78687626 0.5873401 0.1907018
0.16 0.1662218 0.7790686 0.5825433 0.182052 0.16687758 0.77056295 0.5785106 0.18576996
0.1605 0.1636738 0.7619233 0.5739558 0.1771506 0.16445038 0.75448895 0.5697233 0.18099627
0.161 0.1611369 0.7451025 0.5653963 0.1723964 0.16201498 0.7386534 0.56098264 0.17636967
0.1615 0.1586113 0.7286075 0.5568699 0.1677827 0.15957129 0.72305644 0.5522929 0.17188032
0.162 0.1560975 0.7124384 0.5483813 0.1633031 0.15712 0.7076981 0.54365736 0.16751933
0.1625 0.1535961 0.6965941 0.5399355 0.1589517 0.15466242 0.6925789 0.5350797 0.16327882
0.163 0.1511078 0.6810724 0.5315368 0.1547228 0.1522001 0.67769885 0.5265627 0.15915164
0.1635 0.1486332 0.6658703 0.5231893 0.1506112 0.14973494 0.66305864 0.518109 0.15513146
0.164 0.1461729 0.6509842 0.5148969 0.146612 0.14726888 0.6486583 0.5097213 0.15121256
0.1645 0.1437276 0.6364099 0.5066629 0.1427205 0.14480396 0.6344978 0.50140184 0.14738978
0.165 0.1412977 0.6221429 0.4984905 0.1389322 0.14234205 0.6205772 0.4931525 0.14365849
0.1655 0.1388839 0.6081784 0.4903825 0.135243 0.1398851 0.60689604 0.48497546 0.14001453
0.166 0.1364865 0.5945111 0.4823417 0.1316491 0.13743496 0.59345394 0.47687232 0.1364542
0.1665 0.134106 0.5811358 0.4743702 0.1281465 0.13499328 0.58025026 0.468845 0.13297395
0.167 0.1317428 0.568047 0.4664703 0.1247319 0.13256161 0.56728363 0.46089476 0.12957071
0.1675 0.1293972 0.5552392 0.4586437 0.1214019 0.13014133 0.554553 0.45302308 0.12624155
0.168 0.1270696 0.5427068 0.4508923 0.1181533 0.12773378 0.5420569 0.44523126 0.12298389
0.1685 0.1247603 0.5304442 0.4432176 0.1149831 0.12534012 0.5297936 0.43752033 0.11979529
0.169 0.1224695 0.5184457 0.4356209 0.1118885 0.12296136 0.5177614 0.4298916 0.116673425
0.1695 0.1201975 0.5067058 0.4281034 0.1088667 0.120598525 0.5059582 0.42234594 0.1136163
0.17 0.1179446 0.4952189 0.4206661 0.1059152 0.11825241 0.49438187 0.4148841 0.110621914
0.1705 0.1157109 0.4839796 0.4133101 0.1030316 0.11592376 0.48303 0.40750715 0.10768841
0.171 0.1134966 0.4729824 0.406036 0.1002135 0.11361328 0.47190014 0.40021545 0.1048141
0.1715 0.1113019 0.462222 0.3988446 0.09745868 0.11132157 0.46098968 0.3930098 0.101997375
0.172 0.1091269 0.4516931 0.3917364 0.09476506 0.10904905 0.45029584 0.3858906 0.09923664
0.1725 0.1069718 0.4413906 0.3847119 0.09213062 0.106796265 0.4398158 0.3788582 0.09653044
0.173 0.1048367 0.4313093 0.3777714 0.08955345 0.10456362 0.42954677 0.37191322 0.093877435
0.1735 0.1027216 0.4214444 0.3709152 0.0870317 0.10235146 0.41948557 0.3650557 0.09127626
0.174 0.1006267 0.4117909 0.3641435 0.08456364 0.10016011 0.40962943 0.35828584 0.088725686
0.1745 0.09855196 0.402344 0.3574564 0.08214759 0.09798981 0.399975 0.35160375 0.08622445
0.175 0.09649752 0.3930991 0.350854 0.07978197 0.09584084 0.39051935 0.34500957 0.08377144
0.1755 0.0944634 0.3840516 0.3443361 0.07746524 0.0937134 0.38125908 0.3385031 0.081365466
0.176 0.09244963 0.375197 0.3379027 0.07519594 0.09160772 0.3721911 0.33208436 0.079005525
0.1765 0.09045622 0.366531 0.3315537 0.07297269 0.08952388 0.36331216 0.32575315 0.076690525
0.177 0.08848318 0.3580492 0.3252887 0.07079413 0.08746205 0.35461903 0.3195092 0.07441948
0.1775 0.0865305 0.3497475 0.3191076 0.06865899 0.08542234 0.34610826 0.31335226 0.07219136
0.178 0.08459817 0.3416217 0.3130101 0.06656603 0.08340484 0.33777684 0.3072819 0.07000533
0.1785 0.08268617 0.333668 0.3069956 0.06451408 0.08140965 0.32962137 0.30129793 0.067860365
0.179 0.08079447 0.3258824 0.301064 0.062502 0.07943678 0.3216386 0.2953997 0.065755635
0.1795 0.07892302 0.3182612 0.2952146 0.0605287 0.07748629 0.31382525 0.28958675 0.063690215
0.18 0.07707177 0.3108005 0.289447 0.05859314 0.07555826 0.30617812 0.28385857 0.061663315
0.1805 0.07524066 0.3034968 0.2837608 0.05669431 0.07365267 0.2986939 0.27821454 0.05967413
0.181 0.07342964 0.2963466 0.2781553 0.05483124 0.07176949 0.29136947 0.27265397 0.057721823
0.1815 0.07163862 0.2893463 0.2726299 0.05300301 0.06990875 0.28420165 0.2671764 0.055805646
0.182 0.06986754 0.2824927 0.2671841 0.05120871 0.0680704 0.2771872 0.26178092 0.053924814
0.1825 0.0681163 0.2757823 0.2618172 0.04944749 0.06625442 0.27032316 0.25646693 0.052078642
0.183 0.06638482 0.2692121 0.2565286 0.0477185 0.06446077 0.26360622 0.25123352 0.050266348
0.1835 0.06467299 0.2627789 0.2513176 0.04602096 0.062689394 0.25703362 0.24608004 0.04848727
0.184 0.06298073 0.2564796 0.2461835 0.04435407 0.060940202 0.250602 0.24100563 0.04674068
0.1845 0.06130791 0.2503112 0.2411255 0.04271711 0.059213113 0.24430862 0.23600951 0.045025952
0.185 0.05965443 0.2442707 0.236143 0.04110934 0.05750807 0.2381505 0.23109075 0.04334241
0.1855 0.05802018 0.2383555 0.2312353 0.03953007 0.055824947 0.23212463 0.2262485 0.041689396
0.186 0.05640503 0.2325626 0.2264015 0.03797863 0.054163646 0.2262282 0.22148186 0.040066317
0.1865 0.05480886 0.2268894 0.2216408 0.03645437 0.05252404 0.22045854 0.21678999 0.03847254
0.187 0.05323154 0.2213331 0.2169526 0.03495665 0.050906014 0.21481267 0.21217191 0.036907457
0.1875 0.05167295 0.2158913 0.212336 0.03348487 0.04930946 0.20928799 0.20762676 0.035370506
0.188 0.05013295 0.2105614 0.2077903 0.03203844 0.047734182 0.20388182 0.20315355 0.03386108
0.1885 0.0486114 0.2053409 0.2033146 0.03061679 0.046180066 0.19859144 0.19875136 0.032378636
0.189 0.04710816 0.2002274 0.1989081 0.02921936 0.04464696 0.19341442 0.19441932 0.030922621
0.1895 0.04562309 0.1952185 0.19457 0.02784563 0.043134693 0.18834804 0.19015639 0.029492505
0.19 0.04415605 0.190312 0.1902995 0.02649507 0.041643087 0.18338993 0.18596168 0.028087743
0.1905 0.04270689 0.1855057 0.1860958 0.02516718 0.040171955 0.17853759 0.18183419 0.026707806
0.191 0.04127547 0.1807972 0.1819581 0.02386147 0.038721155 0.17378868 0.17777309 0.025352225
0.1915 0.03986162 0.1761845 0.1778855 0.02257747 0.037290458 0.16914079 0.17377731 0.024020478
0.192 0.03846521 0.1716655 0.1738772 0.02131472 0.035879683 0.16459167 0.16984595 0.022712052
0.1925 0.03708608 0.1672381 0.1699324 0.02007277 0.034488644 0.16013908 0.1659781 0.021426521
0.193 0.03572407 0.1629004 0.1660503 0.01885119 0.033117104 0.15578078 0.1621728 0.020163395
0.1935 0.03437903 0.1586504 0.16223 0.01764957 0.03176489 0.15151463 0.15842912 0.018922202
0.194 0.0330508 0.1544862 0.1584708 0.01646748 0.030431796 0.14733854 0.15474615 0.017702527
0.1945 0.03173923 0.1504059 0.1547718 0.01530453 0.029117595 0.14325039 0.15112296 0.016503893
0.195 0.03044415 0.1464078 0.1511322 0.01416034 0.027822066 0.13924822 0.14755864 0.015325919
0.1955 0.02916541 0.14249 0.1475511 0.01303453 0.026544992 0.13533005 0.14405236 0.014168151
0.196 0.02790285 0.1386507 0.1440279 0.01192674 0.025286172 0.13149397 0.14060311 0.013030164
0.1965 0.02665631 0.1348885 0.1405616 0.0108366 0.024045352 0.12773803 0.13721009 0.011911586
0.197 0.02542562 0.1312014 0.1371515 0.009763774 0.02282231 0.12406045 0.13387239 0.010812029
0.1975 0.02421064 0.127588 0.1337968 0.008707923 0.021616835 0.12045944 0.1305892 0.009731084
0.198 0.02301119 0.1240467 0.1304967 0.007668719 0.020428713 0.11693321 0.12735964 0.008668378
0.1985 0.02182712 0.1205759 0.1272504 0.00664584 0.019257683 0.11348006 0.124182805 0.007623531
0.199 0.02065826 0.1171741 0.1240571 0.005638976 0.018103536 0.11009833 0.12105791 0.0065962076
0.1995 0.01950447 0.1138398 0.1209162 0.004647821 0.016966056 0.106786415 0.11798413 0.0055860355
0.2 0.01836557 0.1105717 0.1178267 0.00367208 0.036911737 0.1041543 0.12663424 0.02861572
0.2005 0.0282873 0.1181248 0.129446 0.01865875 0.045062285 0.11891276 0.13490084 0.042124584
0.201 0.04220791 0.1317374 0.1443804 0.03397064 0.05016486 0.13597128 0.14330867 0.05272992
0.2015 0.05183193 0.1482174 0.1566388 0.04535869 0.05395664 0.15391625 0.15198784 0.06183526
0.202 0.05815476 0.1662815 0.1669135 0.05510143 0.057109106 0.17233837 0.16094755 0.07002258
0.2025 0.06271465 0.1852832 0.1762166 0.064105 0.059942085 0.19105548 0.17016242 0.077590644
0.203 0.06642517 0.2048655 0.1851421 0.0726605 0.062624976 0.20996112 0.17959724 0.08471176
0.2035 0.06975079 0.2248071 0.1939751 0.08087807 0.06525256 0.22898087 0.18921545 0.09149304
0.204 0.07290568 0.2449551 0.2028333 0.08879971 0.06787892 0.24805695 0.19898203 0.098004565
0.2045 0.07598318 0.2651955 0.2117567 0.09644029 0.07053459 0.2671417 0.20886442 0.10429396
0.205 0.07902242 0.2854392 0.2207516 0.1038127 0.073235795 0.28619432 0.21883321 0.11039451
0.2055 0.08203925 0.3056145 0.2298113 0.1109382 0.0759899 0.3051793 0.22886193 0.1163301
0.206 0.08503981 0.3256631 0.2389244 0.1178287 0.07879868 0.32406554 0.23892689 0.12211813
0.2065 0.08802656 0.3455378 0.2480788 0.1244945 0.081660435 0.34282592 0.24900717 0.12777151
0.207 0.09100039 0.3652004 0.2572628 0.1309451 0.08457132 0.3614362 0.2590843 0.13330005
0.2075 0.0939613 0.3846204 0.2664652 0.1370781 0.08752622 0.37987554 0.26914203 0.13871129
0.208 0.09690885 0.4037732 0.275676 0.1429575 0.09051941 0.39812538 0.27916604 0.14401108
0.2085 0.09984269 0.4226396 0.2848857 0.1486909 0.093544856 0.4161699 0.2891441 0.14920406
0.209 0.1027625 0.4412047 0.2940861 0.1542786 0.09659654 0.4339952 0.29906544 0.15429415
0.2095 0.1056573 0.4594572 0.3032685 0.1595463 0.09966864 0.4515895 0.3089207 0.15928435
0.21 0.1085218 0.4773889 0.3124247 0.1646719 0.10275549 0.4689426 0.31870204 0.16417749
0.2105 0.1113711 0.494994 0.3215495 0.1697095 0.105851844 0.48604605 0.3284025 0.16897579
0.211 0.1142113 0.5122689 0.3306382 0.174641 0.108952865 0.50289285 0.3380164 0.1736814
0.2115 0.1170418 0.529212 0.3396853 0.1794712 0.112053916 0.51947695 0.3475388 0.1782961
0.212 0.1198604 0.5458232 0.3486858 0.1842013 0.115151 0.5357938 0.3569655 0.18282162
0.2125 0.1226651 0.5621036 0.3576349 0.1888281 0.11824021 0.5518394 0.3662932 0.18725963
0.213 0.1254542 0.5780552 0.3665284 0.1932398 0.121318266 0.5676114 0.37551895 0.19161166
0.2135 0.1282256 0.5936798 0.375362 0.197413 0.12438193 0.5831075 0.38464049 0.19587915
0.214 0.1309776 0.608982 0.3841321 0.2015268 0.12742855 0.59832656 0.39365593 0.20006351
0.2145 0.1336954 0.6239357 0.3915441 0.2055862 0.13045554 0.61326784 0.40256387 0.20416619
0.215 0.1363704 0.6385004 0.3985488 0.2095832 0.13346073 0.6279315 0.41136312 0.20818852
0.2155 0.1390227 0.6527128 0.4060917 0.2135142 0.13644211 0.6423178 0.420053 0.21213181
0.216 0.1416575 0.666615 0.4141628 0.2173699 0.139398 0.6564276 0.42863306 0.2159975
0.2165 0.1442588 0.6802342 0.42256 0.2211164 0.1423268 0.6702626 0.43710268 0.21978687
0.217 0.1468288 0.6935853 0.4311025 0.224754 0.14522712 0.683824 0.44546175 0.22350119
0.2175 0.1493633 0.7066778 0.4396665 0.2282835 0.14809787 0.69711417 0.45371068 0.22714172
0.218 0.151884 0.7195178 0.4481812 0.2317437 0.150938 0.71013516 0.46184927 0.23070984
0.2185 0.1544049 0.732108 0.4566076 0.2351458 0.15374658 0.7228899 0.46987796 0.23420681
0.219 0.1569094 0.7444483 0.4649218 0.238461 0.15652293 0.7353808 0.4777972 0.23763378
0.2195 0.159387 0.7565398 0.4731109 0.2416923 0.15926635 0.7476113 0.48560756 0.24099217
0.22 0.1618531 0.7683851 0.4811764 0.2448644 0.16197641 0.75958437 0.49330932 0.24428315
0.2205 0.1643135 0.7799868 0.4891217 0.2479836 0.1646526 0.7713033 0.50090367 0.247508
0.221 0.1667658 0.7913478 0.49695 0.2510492 0.16729464 0.78277194 0.50839096 0.25066793
0.2215 0.1692053 0.8024713 0.5046642 0.2540592 0.16990222 0.7939936 0.5157719 0.2537641
0.222 0.1716275 0.813361 0.5122671 0.2570123 0.17247526 0.8049723 0.5230475 0.2567978
0.2225 0.1740182 0.8240202 0.5197432 0.2598976 0.17501356 0.81571174 0.53021866 0.25977015
0.223 0.1763566 0.8344511 0.5270743 0.2626968 0.1775171 0.8262161 0.5372861 0.26268244
0.2235 0.1786703 0.8446578 0.5343095 0.2654352 0.17998593 0.8364894 0.544251 0.2655357
0.224 0.1809719 0.8546459 0.5414642 0.2681249 0.18242005 0.84653556 0.55111396 0.26833117
0.2245 0.1832614 0.8644206 0.5485374 0.2707656 0.1848196 0.8563588 0.55787635 0.27107
0.225 0.1855317 0.8739824 0.5555221 0.2733276 0.18718469 0.86596346 0.56453896 0.2737533
0.2255 0.1877769 0.8833384 0.5624139 0.2758265 0.18951552 0.8753536 0.57110274 0.27638215
0.226 0.1899992 0.8924958 0.569214 0.2782826 0.19181234 0.88453346 0.5775689 0.27895766
0.2265 0.192201 0.9014604 0.5759234 0.280701 0.19407535 0.8935075 0.5839383 0.28148097
0.227 0.1943824 0.9102372 0.5825419 0.2830808 0.19630484 0.9022796 0.59021205 0.283953
0.2275 0.1965424 0.9188303 0.5890696 0.2854202 0.19850111 0.91085416 0.5963913 0.28637493
0.228 0.1986598 0.9272437 0.5955024 0.2876853 0.20066448 0.9192355 0.60247713 0.2887478
0.2285 0.2007342 0.9354806 0.6018389 0.2898896 0.20279531 0.9274278 0.60847056 0.29107255
0.229 0.2027884 0.9435447 0.6080855 0.2920595 0.2048939 0.93543524 0.6143727 0.29335016
0.2295 0.2047758 0.9514399 0.6142459 0.294201 0.2069607 0.94326174 0.62018454 0.2955817
0.23 0.2065372 0.9591698 0.6203203 0.2963132 0.20899604 0.95091164 0.62590736 0.29776806
0.2305 0.2083248 0.9667383 0.6263086 0.2983947 0.21100028 0.9583889 0.631542 0.29991025
0.231 0.2102037 0.974149 0.6322117 0.3004441 0.21297394 0.96569765 0.63708997 0.3020091
0.2315 0.212153 0.9814055 0.6380303 0.3024599 0.21491729 0.97284174 0.6425521 0.30406576
0.232 0.2141383 0.9885111 0.6437652 0.3044416 0.21683083 0.9798249 0.64792955 0.30608082
0.2325 0.2161317 0.9954694 0.6494167 0.3063896 0.21871497 0.9866513 0.65322345 0.30805534
0.233 0.218115 1.002284 0.6549855 0.3083044 0.22057013 0.9933244 0.6584346 0.30999005
0.2335 0.2200773 1.008957 0.6604722 0.3101863 0.22239675 0.999848 0.6635646 0.311886
0.234 0.2220131 1.015492 0.6658773 0.3120356 0.22419517 1.0062257 0.66861427 0.31374383
0.2345 0.2239068 1.021885 0.6711981 0.313829 0.22596596 1.0124613 0.67358476 0.3155644
0.235 0.2257429 1.028142 0.6764303 0.3155563 0.22770946 1.018558 0.678477 0.3173486
0.2355 0.2275458 1.034267 0.681581 0.3172531 0.22942607 1.0245194 0.6832923 0.31909704
0.236 0.2293315 1.040268 0.6866561 0.3189312 0.23111628 1.0303488 0.6880316 0.32081056
0.2365 0.2311038 1.046148 0.6916575 0.3205916 0.23278041 1.0360492 0.6926961 0.32248992
0.237 0.2328609 1.05191 0.6965857 0.3222328 0.234419 1.0416244 0.6972867 0.3241359
0.2375 0.2346002 1.057556 0.7014406 0.3238526 0.23603241 1.0470771 0.70180464 0.3257491
0.238 0.2363188 1.063089 0.7062221 0.3254487 0.237621 1.0524102 0.7062508 0.32733035
0.2385 0.238005 1.068508 0.7109205 0.3270012 0.23918526 1.057627 0.7106263 0.32888013
0.239 0.2395998 1.073807 0.7154754 0.32846 0.24072553 1.0627303 0.7149323 0.33039927
0.2395 0.2411547 1.07899 0.7199496 0.3298883 0.2422422 1.0677228 0.71916956 0.33188856
0.24 0.2427125 1.084064 0.7243816 0.3312988 0.24373569 1.0726076 0.7233392 0.33334827
0.2405 0.2442798 1.089036 0.7287728 0.3327046 0.24520637 1.0773871 0.7274423 0.33477926
0.241 0.2458506 1.093911 0.7331154 0.3341076 0.24665461 1.082064 0.73147994 0.33618218
0.2415 0.2474166 1.098691 0.7374018 0.3355037 0.24808083 1.0866408 0.73545283 0.33755755
0.242 0.2489636 1.103378 0.7416135 0.3368889 0.24948524 1.09112 0.7393622 0.338906
0.2425 0.2504578 1.107972 0.745705 0.3382577 0.25086838 1.0955042 0.7432088 0.34022802
0.243 0.2519305 1.112473 0.749735 0.3396095 0.25223047 1.0997955 0.7469938 0.34152424
0.2435 0.2533987 1.116885 0.7537257 0.3409447 0.25357196 1.1039962 0.7507179 0.34279513
0.244 0.2548627 1.12121 0.7576741 0.3422627 0.25489312 1.1081089 0.75438225 0.3440414
0.2445 0.2563112 1.125451 0.7615725 0.3435591 0.2561943 1.1121352 0.75798774 0.34526342
0.245 0.2577228 1.129609 0.7654129 0.3448266 0.25747576 1.1160775 0.7615352 0.34646177
0.2455 0.2591137 1.133687 0.7691934 0.3460736 0.25873798 1.1199381 0.7650256 0.34763694
0.246 0.2604953 1.137685 0.7729142 0.3473037 0.25998116 1.1237186 0.76845974 0.3487894
0.2465 0.2618694 1.141603 0.7765753 0.3485009 0.26120558 1.127421 0.77183867 0.34991962
0.247 0.263233 1.14544 0.7801765 0.3496692 0.26241162 1.1310474 0.77516294 0.35102808
0.2475 0.2645834 1.1492 0.7837182 0.3508209 0.26359954 1.1345994 0.7784338 0.35211533
0.248 0.265919 1.152887 0.7871976 0.3519592 0.26476964 1.138079 0.7816518 0.35318166
0.2485 0.2672382 1.156495 0.7905146 0.3530734 0.2659222 1.141488 0.784818 0.35422766
0.249 0.268539 1.160022 0.7936423 0.3541651 0.26705748 1.1448276 0.78793293 0.3552537
0.2495 0.2698216 1.163469 0.7966504 0.3552468 0.26817575 1.1481001 0.7909976 0.35626012
0.25 0.2710864 1.166835 0.7996015 0.3563194 0.2584748 1.1536509 0.78579825 0.34767652
0.2505 0.2612893 1.159369 0.7878751 0.3414352 0.25004146 1.1479731 0.7791629 0.33811128
0.251 0.2474662 1.145838 0.7728695 0.3262095 0.24291982 1.1329792 0.7714038 0.32797927
0.2515 0.2378925 1.129438 0.7605753 0.3148821 0.2368731 1.1132017 0.7629922 0.31779844
0.252 0.231614 1.111453 0.7501743 0.3051987 0.23162045 1.0919951 0.75425756 0.30789334
0.2525 0.2270762 1.092485 0.7394063 0.2962294 0.2269613 1.0707614 0.74534804 0.2983846
0.253 0.2233753 1.072871 0.729195 0.287698 0.22276773 1.0498753 0.73631823 0.28929532
0.2535 0.2200865 1.052872 0.719776 0.2795195 0.21894993 1.0293839 0.7271928 0.28061736
0.254 0.2170031 1.032675 0.7108964 0.2716554 0.21543662 1.0092679 0.71798795 0.27233458
0.2545 0.2140241 1.012412 0.7022925 0.2640822 0.21216805 0.989503 0.7087178 0.26442885
0.255 0.2111001 0.9921784 0.6937848 0.256782 0.20909353 0.97006834 0.69939595 0.25688046
0.2555 0.2082066 0.9720456 0.6852711 0.2497395 0.20616977 0.9509469 0.6900346 0.24966918
0.256 0.2053317 0.9520674 0.6767018 0.2429409 0.20336069 0.9321248 0.68064624 0.2427742
0.2565 0.2024695 0.9322855 0.6680591 0.2363737 0.2006362 0.9135907 0.6712423 0.23617499
0.257 0.1996176 0.9127329 0.659343 0.230026 0.19797164 0.89533484 0.6618335 0.22985105
0.2575 0.1967753 0.8934357 0.6505624 0.223887 0.19534747 0.87734985 0.6524301 0.22378297
0.258 0.1939425 0.8744143 0.6417303 0.2179464 0.19274826 0.8596294 0.6430413 0.21795203
0.2585 0.1911197 0.855685 0.6328608 0.2121947 0.19016244 0.84216887 0.63367575 0.21234064
0.259 0.1883077 0.8372602 0.6239678 0.2066228 0.18758154 0.8249644 0.6243407 0.20693256
0.2595 0.1855072 0.8191493 0.6150641 0.2012224 0.18499969 0.80801404 0.61504346 0.20171268
0.26 0.1827192 0.8013593 0.6061616 0.1959855 0.18241327 0.7913157 0.6057899 0.19666745
0.2605 0.1799443 0.7838946 0.5972705 0.1909045 0.17982014 0.7748683 0.59658563 0.19178425
0.261 0.1771833 0.766758 0.5884002 0.1859726 0.17721969 0.7586712 0.5874352 0.18705185
0.2615 0.174437 0.7499509 0.5795587 0.1811831 0.17461212 0.74272424 0.5783428 0.18246013
0.262 0.171706 0.733473 0.5707534 0.1765297 0.17199843 0.72702706 0.5693122 0.17799988
0.2625 0.1689909 0.7173231 0.5619903 0.1720065 0.1693801 0.7115798 0.5603468 0.17366292
0.263 0.1662924 0.7014991 0.5532753 0.1676081 0.16675894 0.69638216 0.5514493 0.16944191
0.2635 0.163611 0.685998 0.5446132 0.1633291 0.16413681 0.68143433 0.5426225 0.16533017
0.264 0.1609473 0.6708164 0.5360084 0.1591646 0.16151585 0.666736 0.5338687 0.16132188
0.2645 0.1583015 0.65595 0.5274649 0.15511 0.15889807 0.6522869 0.52518994 0.15741159
0.265 0.1556743 0.6413945 0.5189861 0.1511608 0.15628545 0.63808626 0.5165881 0.15359457
0.2655 0.1530661 0.627145 0.5105752 0.1473128 0.15367988 0.6241332 0.5080649 0.14986648
0.266 0.1504771 0.6131964 0.5022349 0.143562 0.15108314 0.61042684 0.4996218 0.1462233
0.2665 0.1479079 0.5995434 0.4939678 0.1399049 0.1484969 0.5969661 0.49126047 0.14266156
0.267 0.1453586 0.5861807 0.485776 0.1363376 0.14592262 0.5837492 0.48298192 0.1391779
0.2675 0.1428296 0.5731028 0.4776615 0.132857 0.14336169 0.57077473 0.47478747 0.13576938
0.268 0.1403211 0.5603039 0.4696261 0.1294599 0.14081533 0.5580408 0.46667808 0.13243328
0.2685 0.1378335 0.5477786 0.4616714 0.1261431 0.13828467 0.5455456 0.45865488 0.12916707
0.269 0.1353669 0.5355212 0.4537986 0.1229038 0.13577068 0.53328633 0.45071864 0.12596834
0.2695 0.1329215 0.5235262 0.446009 0.1197393 0.13327427 0.52126116 0.44287014 0.122835025
0.27 0.1304976 0.5117879 0.4383036 0.116647 0.13079621 0.5094675 0.43511015 0.11976504
0.2705 0.1280952 0.5003008 0.4306834 0.1136244 0.12833722 0.4979026 0.4274392 0.11675662
0.271 0.1257146 0.4890596 0.4231491 0.1106691 0.12589787 0.48656365 0.41985777 0.11380777
0.2715 0.1233559 0.4780588 0.4157013 0.107779 0.12347874 0.47544804 0.41236648 0.11091702
0.272 0.1210191 0.4672932 0.4083405 0.1049518 0.121080294 0.4645525 0.40496555 0.10808268
0.2725 0.1187044 0.4567575 0.4010672 0.1021856 0.11870301 0.45387447 0.39765537 0.10530344
0.273 0.1164119 0.4464467 0.3938818 0.09947834 0.116347134 0.44341034 0.39043617 0.10257766
0.2735 0.1141416 0.4363557 0.3867843 0.09682827 0.114013106 0.4331573 0.38330814 0.099904135
0.274 0.1118936 0.4264795 0.379775 0.09423357 0.111701146 0.42311198 0.37627122 0.09728156
0.2745 0.1096679 0.4168135 0.372854 0.09169256 0.10941152 0.41327128 0.36932555 0.09470865
0.275 0.1074645 0.4073528 0.3660211 0.08920361 0.107144445 0.40363184 0.3624712 0.092184305
0.2755 0.1052835 0.3980928 0.3592764 0.08676518 0.10490012 0.39419043 0.35570782 0.089707345
0.276 0.1031248 0.389029 0.3526197 0.08437579 0.102678716 0.3849436 0.34903553 0.08727674
0.2765 0.1009885 0.380157 0.3460507 0.08203402 0.10048038 0.37588808 0.3424539 0.08489141
0.277 0.09887449 0.3714725 0.3395692 0.0797385 0.09830515 0.36702064 0.33596274 0.08255032
0.2775 0.09678277 0.3629712 0.3331749 0.07748794 0.096153185 0.35833788 0.3295617 0.08025251
0.278 0.0947133 0.354649 0.3268674 0.07528108 0.0940246 0.3498364 0.3232503 0.0779971
0.2785 0.09266603 0.3465019 0.3206463 0.07311672 0.09191939 0.34151298 0.3170283 0.07578312
0.279 0.0906409 0.3385259 0.3145112 0.07099371 0.08983761 0.33336422 0.3108951 0.073609665
0.2795 0.08863784 0.3307172 0.3084615 0.06891094 0.08777934 0.32538694 0.30485013 0.07147591
0.28 0.08665678 0.323072 0.3024967 0.06686734 0.085744545 0.31757778 0.29889297 0.06938097
0.2805 0.08469763 0.3155866 0.2966162 0.06486189 0.08373326 0.3099335 0.29302293 0.06732413
0.281 0.08276031 0.3082576 0.2908195 0.0628936 0.081745476 0.30245093 0.2872393 0.0653045
0.2815 0.08084471 0.3010813 0.2851058 0.06096153 0.07978116 0.29512677 0.2815415 0.06332137
0.282 0.07895075 0.2940543 0.2794747 0.05906475 0.07784027 0.2879579 0.27592877 0.06137395
0.2825 0.0770783 0.2871734 0.2739253 0.05720239 0.07592279 0.28094125 0.27040032 0.05946155
0.283 0.07522725 0.2804353 0.2684571 0.05537359 0.07402864 0.27407363 0.26495543 0.05758339
0.2835 0.07339749 0.2738367 0.2630692 0.05357755 0.072157785 0.26735198 0.25959334 0.05573885
0.284 0.07158889 0.2673746 0.2577609 0.05181345 0.0703101 0.26077327 0.25431317 0.05392719
0.2845 0.06980133 0.2610459 0.2525315 0.05008055 0.06848554 0.25433457 0.24911407 0.05214777
0.285 0.06803466 0.2548478 0.2473802 0.04837809 0.06668398 0.24803284 0.2439951 0.05039992
0.2855 0.06628876 0.2487772 0.2423062 0.04670538 0.064905316 0.24186534 0.23895556 0.048683025
0.286 0.06456347 0.2428314 0.2373087 0.04506172 0.06314944 0.23582903 0.23399433 0.04699643
0.2865 0.06285867 0.2370076 0.2323869 0.04344643 0.061416227 0.22992119 0.22911063 0.045339577
0.287 0.06117419 0.2313032 0.2275401 0.04185889 0.05970555 0.22413893 0.22430357 0.043711834
0.2875 0.05950989 0.2257154 0.2227673 0.04029846 0.05801725 0.21847966 0.21957213 0.04211261
0.288 0.05786561 0.2202418 0.2180677 0.03876453 0.05635118 0.2129407 0.21491536 0.04054136
0.2885 0.0562412 0.2148799 0.2134405 0.03725653 0.054707196 0.20751926 0.21033233 0.0389975
0.289 0.0546365 0.2096271 0.2088849 0.03577388 0.053085107 0.20221289 0.20582211 0.03748048
0.2895 0.05305134 0.2044811 0.2044 0.03431603 0.051484767 0.197019 0.20138365 0.03598976
0.29 0.05148557 0.1994396 0.1999849 0.03288246 0.049905974 0.19193506 0.19701606 0.03452485
0.2905 0.04993902 0.1945003 0.1956389 0.03147263 0.048348542 0.18695867 0.19271836 0.033085182
0.291 0.04841152 0.1896609 0.1913609 0.03008606 0.046812285 0.18208736 0.18848956 0.031670287
0.2915 0.04690291 0.1849193 0.1871503 0.02872225 0.045297023 0.17731893 0.1843287 0.030279651
0.292 0.04541301 0.1802734 0.1830061 0.02738073 0.04380251 0.17265087 0.18023483 0.02891279
0.2925 0.04394165 0.1757211 0.1789275 0.02606103 0.042328585 0.16808105 0.17620696 0.027569227
0.293 0.04248867 0.1712603 0.1749135 0.02476272 0.040875014 0.16360718 0.17224416 0.0262485
0.2935 0.04105388 0.1668891 0.1709635 0.02348536 0.03944158 0.15922719 0.16834548 0.024950147
0.294 0.03963712 0.1626055 0.1670765 0.02222853 0.038028065 0.15493888 0.16450994 0.02367372
0.2945 0.03823821 0.1584077 0.1632516 0.02099181 0.03663427 0.15074019 0.16073659 0.022418797
0.295 0.03685698 0.1542939 0.159488 0.0197748 0.035259906 0.14662907 0.15702453 0.021184906
0.2955 0.03549326 0.1502621 0.1557849 0.01857712 0.033904795 0.1426036 0.15337281 0.019971676
0.296 0.03414686 0.1463106 0.1521415 0.01739839 0.03256872 0.1386618 0.14978054 0.01877866
0.2965 0.03281761 0.1424378 0.1485569 0.01623824 0.03125142 0.13480179 0.14624679 0.017605469
0.297 0.03150533 0.138642 0.1450302 0.01509631 0.029952671 0.1310217 0.14277065 0.016451716
0.2975 0.03020985 0.1349214 0.1415607 0.01397225 0.028672222 0.1273197 0.13935122 0.015316986
0.298 0.028931 0.1312745 0.1381476 0.01286573 0.027409863 0.12369402 0.13598761 0.014200926
0.2985 0.0276686 0.1276997 0.13479 0.0117764 0.02616534 0.12014298 0.13267902 0.01310315
0.299 0.02642247 0.1241955 0.1314871 0.01070395 0.02493843 0.11666486 0.12942447 0.012023307
0.2995 0.02519244 0.1207604 0.1282381 0.009648062 0.023728888 0.11325802 0.12622318 0.010961026
0.3 0.02397833 0.1173929 0.1250423 0.008608425 0.04342742 0.11067489 0.13455538 0.033782393
0.3005 0.03382387 0.1248481 0.1365551 0.02352996 0.051463973 0.12535027 0.14268523 0.047202535
0.301 0.04765791 0.1383633 0.151379 0.0387692 0.056459125 0.1423432 0.15098803 0.057731777
0.3015 0.05720478 0.154747 0.1635346 0.05009226 0.06014679 0.16023135 0.15957029 0.066764385
0.302 0.06345514 0.1727161 0.1737108 0.05976716 0.06319836 0.1786012 0.16843377 0.074879676
0.3025 0.0679397 0.1916241 0.1829155 0.0687008 0.06593372 0.19726856 0.1775503 0.08237551
0.303 0.07158419 0.2111145 0.1917455 0.07719966 0.06852214 0.21612556 0.18688376 0.089423835
0.3035 0.0748489 0.230967 0.200485 0.0853634 0.07105826 0.23509729 0.19639745 0.0961318
0.304 0.07794343 0.2510292 0.2092512 0.09322146 0.07359597 0.2541256 0.2060565 0.10256958
0.3045 0.08095925 0.2711873 0.2180834 0.1008037 0.07616569 0.27316245 0.21582898 0.10878505
0.305 0.08393535 0.2913515 0.2269879 0.1081274 0.07878341 0.2921669 0.22568575 0.1148117
0.3055 0.08688848 0.3114499 0.2359582 0.1152046 0.08145632 0.3111033 0.23560089 0.12067363
0.306 0.08982567 0.3314241 0.2449833 0.122046 0.08418608 0.3299407 0.2455512 0.1263885
0.3065 0.09274964 0.3512266 0.2540509 0.1286618 0.086970806 0.3486517 0.25551605 0.13196942
0.307 0.09566138 0.370819 0.2631494 0.1350622 0.08980656 0.3672123 0.26547748 0.13742638
0.3075 0.09856027 0.3901701 0.2722677 0.1412103 0.0926881 0.38560146 0.2754196 0.14276706
0.308 0.1014316 0.4092552 0.2813944 0.1470196 0.09560959 0.4038008 0.28532842 0.14799748
0.3085 0.1042802 0.4280545 0.2905198 0.152665 0.09856494 0.42179447 0.29519188 0.15312243
0.309 0.1071183 0.4465527 0.2996371 0.1581625 0.101548 0.43956858 0.30499935 0.1581458
0.3095 0.1099491 0.4647384 0.3087389 0.1635262 0.104552835 0.45711142 0.31474197 0.16307084
0.31 0.1127719 0.4826034 0.3178183 0.1687606 0.10757375 0.4744128 0.3244117 0.16790023
0.3105 0.1155848 0.5001421 0.3268447 0.1738658 0.11060543 0.49146435 0.3340019 0.17263635
0.311 0.1183684 0.5173325 0.3352089 0.1786724 0.113642946 0.508259 0.343507 0.1772813
0.3115 0.121119 0.534158 0.3434914 0.183308 0.116681665 0.5247909 0.35292205 0.18183695
0.312 0.1238563 0.5506344 0.3520024 0.1878699 0.11971745 0.54105526 0.362243 0.186305
0.3125 0.1265863 0.5667665 0.3601734 0.1923462 0.12274641 0.55704856 0.37146652 0.19068702
0.313 0.1293066 0.5825434 0.3682606 0.1967378 0.12576512 0.57276803 0.38058972 0.1949846
0.3135 0.1320153 0.5979867 0.3766503 0.2010439 0.12877046 0.5882116 0.38961035 0.19919915
0.314 0.1347094 0.6131184 0.3852943 0.2052579 0.13175958 0.60337806 0.39852667 0.20333205
0.3145 0.1373677 0.6279514 0.3940694 0.2093476 0.13472995 0.61826694 0.4073372 0.20738466
0.315 0.1399925 0.6424937 0.4028743 0.2133227 0.13767935 0.6328781 0.41604072 0.21135838
0.3155 0.1425965 0.656749 0.4116434 0.2171836 0.14060576 0.64721197 0.42463648 0.21525438
0.316 0.1451691 0.6707211 0.4203382 0.2209432 0.1435074 0.6612696 0.43312395 0.21907409
0.3165 0.1477231 0.6844126 0.4289395 0.2246245 0.14638273 0.6750523 0.44150275 0.22281875
0.317 0.1502587 0.6978245 0.4374364 0.2282112 0.14923038 0.68856174 0.44977278 0.22648953
0.3175 0.1527685 0.7109589 0.4458216 0.2317014 0.15204908 0.7018001 0.45793402 0.2300878
0.318 0.1552691 0.7238197 0.4540978 0.2351224 0.15483789 0.7147696 0.46598655 0.23361473
0.3185 0.1577674 0.736411 0.4622687 0.2384817 0.15759584 0.72747284 0.47393095 0.23707159
0.319 0.1602607 0.7487371 0.4703363 0.2417796 0.16032222 0.7399126 0.48176712 0.24045964
0.3195 0.1627438 0.7608022 0.4783018 0.2450143 0.1630164 0.7520921 0.48949617 0.24378009
0.32 0.1652117 0.7726108 0.4861665 0.2481849 0.16567779 0.7640145 0.49711806 0.24703406
0.3205 0.1676587 0.7841677 0.493928 0.2512889 0.16830601 0.775683 0.50463384 0.2502228
0.321 0.1700558 0.7954762 0.5015481 0.2543012 0.1709007 0.7871015 0.512044 0.25334764
0.3215 0.1724184 0.80654 0.5090627 0.2572365 0.1734616 0.7982735 0.51934946 0.25640953
0.322 0.1747663 0.8173651 0.5164991 0.260114 0.17598857 0.80920273 0.5265508 0.2594098
0.3225 0.1771025 0.8279561 0.523859 0.2629301 0.17848144 0.8198932 0.5336491 0.2623496
0.323 0.1794196 0.8383153 0.5311344 0.2656611 0.18094024 0.83034873 0.5406451 0.26523006
0.3235 0.1817145 0.8484512 0.5383221 0.2683326 0.18336491 0.8405737 0.54753965 0.26805228
0.324 0.1839895 0.8583713 0.5454216 0.270959 0.18575552 0.85057193 0.5543337 0.27081746
0.3245 0.1862457 0.8680815 0.5524324 0.2735429 0.18811218 0.86034757 0.56102836 0.2735266
0.325 0.1884824 0.8775868 0.5593533 0.2760833 0.19043508 0.86990494 0.5676243 0.27618098
0.3255 0.1906985 0.8868919 0.5661838 0.2785789 0.1927243 0.87924826 0.5741228 0.27878153
0.326 0.192878 0.896001 0.5729208 0.2810029 0.19498014 0.8883818 0.5805248 0.2813294
0.3265 0.1950106 0.9049178 0.5795605 0.2833539 0.19720282 0.8973096 0.58683115 0.28382558
0.327 0.1971192 0.9136463 0.5861085 0.2856628 0.1993926 0.9060361 0.59304315 0.2862712
0.3275 0.1990918 0.9221905 0.592569 0.2879388 0.2015498 0.9145655 0.5991617 0.28866726
0.328 0.2009094 0.9305546 0.5989422 0.2901816 0.20367475 0.9229022 0.6051878 0.2910148
0.3285 0.2027888 0.9387428 0.6052283 0.2923899 0.20576774 0.93105024 0.61112267 0.2933147
0.329 0.2047554 0.9467589 0.6114281 0.2945629 0.20782916 0.9390136 0.6169674 0.295568
0.3295 0.2067809 0.9546069 0.617542 0.2966996 0.20985939 0.9467968 0.6227227 0.2977758
0.33 0.208832 0.9622907 0.6235703 0.2987988 0.2118588 0.9544039 0.62839013 0.29993892
0.3305 0.2108844 0.9698138 0.6295133 0.3008609 0.21382777 0.9618386 0.6339704 0.30205822
0.331 0.2129226 0.97718 0.6353715 0.3028865 0.21576668 0.96910536 0.6394648 0.30413473
0.3315 0.2149377 0.9843928 0.6411454 0.3048762 0.21767597 0.9762078 0.6448744 0.30616933
0.332 0.2169254 0.9914545 0.6468354 0.3068306 0.21955605 0.9831499 0.6502002 0.30816293
0.3325 0.2188738 0.9983639 0.6524393 0.3087311 0.22140731 0.9899355 0.6554434 0.3101163
0.333 0.2207641 1.005124 0.6579525 0.31056 0.22323017 0.99656844 0.6606049 0.31203032
0.3335 0.2226191 1.011742 0.663381 0.3123534 0.22502513 1.0030522 0.66568595 0.31390595
0.334 0.2244564 1.018225 0.668731 0.3141252 0.2267925 1.0093907 0.6706876 0.31574392
0.3345 0.2262804 1.024575 0.6740048 0.315877 0.2285328 1.0155876 0.67561096 0.31754488
0.335 0.2280898 1.030796 0.6792026 0.3176074 0.23024641 1.0216459 0.68045706 0.31930983
0.3355 0.2298817 1.036891 0.6843245 0.3193145 0.2319337 1.0275693 0.68522704 0.3210395
0.336 0.2316536 1.042863 0.6893703 0.3209962 0.23359515 1.0333612 0.6899217 0.3227346
0.3365 0.2333875 1.048711 0.6943206 0.3226293 0.23523115 1.0390247 0.6945423 0.32439584
0.337 0.2350322 1.054428 0.6991296 0.3241692 0.23684211 1.0445633 0.69908994 0.32602394
0.3375 0.2366437 1.06002 0.7038654 0.3256799 0.23842843 1.0499798 0.7035658 0.32761973
0.338 0.2382588 1.065496 0.7085566 0.3271767 0.23999052 1.0552775 0.7079705 0.32918376
0.3385 0.2398821 1.07086 0.713202 0.3286589 0.24152876 1.060459 0.71230537 0.33071673
0.339 0.2415073 1.076119 0.717794 0.3301348 0.24304356 1.0655277 0.7165714 0.33221942
0.3395 0.2431263 1.081274 0.7223254 0.3316023 0.24453531 1.070486 0.72076946 0.33369225
0.34 0.244733 1.086328 0.7267918 0.3330575 0.24600436 1.0753368 0.7249007 0.33513606
0.3405 0.2463089 1.091283 0.7311662 0.3344971 0.24745111 1.0800828 0.72896594 0.33655137
0.341 0.2478319 1.096137 0.7354242 0.3359167 0.24887587 1.0847267 0.73296636 0.3379389
0.3415 0.2493378 1.100892 0.7396255 0.3373168 0.25027907 1.0892708 0.7369028 0.33929914
0.342 0.2508394 1.105552 0.743785 0.3386981 0.25166106 1.0937179 0.74077636 0.34063268
0.3425 0.2523347 1.11012 0.7478982 0.3400595 0.25302216 1.0980703 0.7445879 0.34194005
0.343 0.2537987 1.114597 0.7519562 0.3413908 0.2543627 1.1023302 0.7483383 0.3432219
0.3435 0.2552358 1.118987 0.7559537 0.3426974 0.2556831 1.1065 0.75202864 0.34447873
0.344 0.2566611 1.12329 0.7598899 0.3439849 0.25698355 1.110582 0.7556599 0.3457111
0.3445 0.2580793 1.127508 0.7637645 0.3452526 0.2582645 1.1145782 0.75923276 0.34691948
0.345 0.2594883 1.131641 0.7675772 0.3464827 0.25952622 1.1184908 0.7627482 0.34810442
0.3455 0.2608848 1.135687 0.7713277 0.3476878 0.26076904 1.122322 0.76620716 0.3492664
0.346 0.2622666 1.139653 0.7750166 0.3488767 0.26199323 1.1260735 0.7696105 0.35040593
0.3465 0.2636323 1.143539 0.7786168 0.3500497 0.2631991 1.1297475 0.77295905 0.35152346
0.347 0.2649802 1.147339 0.7820191 0.3511928 0.26438698 1.1333456 0.77625376 0.35261935
0.3475 0.2663092 1.151054 0.7852562 0.3523197 0.2655571 1.1368697 0.7794953 0.35369432
0.348 0.2676197 1.154681 0.7883993 0.3534366 0.26670977 1.1403219 0.78268474 0.35474855
0.3485 0.2689124 1.158226 0.7915005 0.3545432 0.2678453 1.1437036 0.78582275 0.35578263
0.349 0.2701878 1.161694 0.7945879 0.3556383 0.26896384 1.1470164 0.78891015 0.35679698
0.3495 0.2714464 1.165093 0.7976722 0.3567213 0.27006578 1.1502625 0.7919477 0.3577919
0.35 0.2726885 1.168427 0.8007542 0.3577913 0.26035398 1.1556661 0.78678936 0.34921134
0.3505 0.2628487 1.160914 0.787933 0.3428901 0.25190452 1.1500036 0.7802026 0.3396567
0.351 0.2489498 1.147267 0.7714323 0.3276321 0.24476816 1.1350652 0.77248865 0.32953382
0.3515 0.2393092 1.130712 0.7582973 0.3162739 0.23871566 1.1153005 0.7641126 0.3193565
0.352 0.2329836 1.112572 0.7478032 0.3065639 0.23346658 1.0940658 0.7554041 0.30945134
0.3525 0.2284449 1.093519 0.7387053 0.2975865 0.22881745 1.0727876 0.7465132 0.29994166
0.353 0.2247736 1.073919 0.7302079 0.289054 0.22463728 1.0518534 0.7374963 0.2908517
0.3535 0.2215093 1.053995 0.7218967 0.2808712 0.22083412 1.0313145 0.72837865 0.2821738
0.354 0.2184355 1.033893 0.7135785 0.2729987 0.21733527 1.0111513 0.7191771 0.27389175
0.3545 0.2154532 1.013725 0.7051736 0.265414 0.21407984 0.99133885 0.7099062 0.26598728
0.355 0.2125169 0.9935716 0.6966575 0.2581002 0.21101649 0.97185624 0.7005797 0.25844055
0.3555 0.2096058 0.9735009 0.6880312 0.2510426 0.20810165 0.9526866 0.69121087 0.2512312
0.356 0.2067107 0.9535663 0.6793066 0.244228 0.20529886 0.9338161 0.6818124 0.24433835
0.3565 0.2038273 0.9338116 0.6705 0.2376441 0.20257786 0.915233 0.672396 0.23774107
0.357 0.2009542 0.9142724 0.6616282 0.2312793 0.19991432 0.89692825 0.6629732 0.23141904
0.3575 0.1980911 0.8949776 0.6527077 0.225123 0.19728868 0.8788943 0.6535546 0.2253526
0.358 0.1952381 0.8759504 0.6437533 0.2191651 0.19468586 0.86112523 0.64414984 0.21952294
0.3585 0.1923959 0.8572089 0.6347786 0.2133961 0.19209458 0.8436168 0.63476753 0.21391247
0.359 0.1895652 0.8387675 0.6257956 0.2078071 0.1895066 0.82636535 0.62541574 0.20850475
0.3595 0.1867467 0.8206369 0.6168152 0.2023897 0.18691638 0.80936867 0.6161015 0.20328481
0.36 0.1839412 0.8028251 0.6078469 0.197136 0.18432054 0.7926254 0.6068311 0.19823895
0.3605 0.1811493 0.7853375 0.598899 0.1920386 0.1817173 0.7761343 0.59761006 0.19335468
0.361 0.1783719 0.7681773 0.5899793 0.1870904 0.17910619 0.7598951 0.58844346 0.18862067
0.3615 0.1756095 0.7513464 0.5810944 0.1822849 0.1764876 0.7439074 0.57933503 0.1840268
0.362 0.1728627 0.7348448 0.5722504 0.1776158 0.17386268 0.7281712 0.57028925 0.17956397
0.3625 0.1701323 0.7186716 0.5634526 0.1730772 0.1712331 0.7126866 0.561309 0.17522399
0.363 0.1674187 0.7028247 0.5547059 0.1686637 0.16860071 0.69745344 0.5523973 0.1709996
0.3635 0.1647225 0.6873013 0.5460147 0.1643698 0.16596752 0.68247175 0.54355675 0.16688406
0.364 0.1620441 0.6720979 0.5373829 0.1601908 0.16333568 0.66774106 0.53478956 0.16287164
0.3645 0.159384 0.6572104 0.5288142 0.1561218 0.16070722 0.65326095 0.52609813 0.15895693
0.365 0.1567427 0.6426343 0.5203116 0.1521585 0.15808415 0.639031 0.517484 0.15513515
0.3655 0.1541205 0.6283648 0.511878 0.1482967 0.1554684 0.6250502 0.5089491 0.15140201
0.366 0.1515179 0.6143969 0.5035161 0.1445325 0.15286171 0.6113177 0.5004948 0.14775363
0.3665 0.1489351 0.6007251 0.4952282 0.140862 0.15026574 0.5978319 0.49212253 0.14418636
0.367 0.1463725 0.5873442 0.4870164 0.1372817 0.14768192 0.58459127 0.4838335 0.14069697
0.3675 0.1438303 0.5742484 0.4788826 0.1337883 0.14511167 0.5715945 0.47562903 0.13728255
0.368 0.1413089 0.5614323 0.4708285 0.1303785 0.14255615 0.55883926 0.46750998 0.13394037
0.3685 0.1388085 0.5488901 0.4628555 0.1270493 0.14001653 0.5463236 0.45947748 0.13066788
0.369 0.1363292 0.5366162 0.4549649 0.1237978 0.13749368 0.5340454 0.45153213 0.12746279
0.3695 0.1338714 0.5246051 0.447158 0.1206213 0.13498856 0.5220019 0.44367495 0.124322936
0.37 0.1314352 0.5128511 0.4394356 0.1175172 0.1325019 0.51019084 0.43590638 0.12124629
0.3705 0.1290207 0.5013487 0.4317988 0.114483 0.13003431 0.49860927 0.42822713 0.118231
0.371 0.1266281 0.4900925 0.4242482 0.1115164 0.12758651 0.48725453 0.42063773 0.11527529
0.3715 0.1242576 0.479077 0.4167845 0.108615 0.12515897 0.47612378 0.41313857 0.112377524
0.372 0.1219092 0.468297 0.4094081 0.1057768 0.122752115 0.46521387 0.40572998 0.10953611
0.3725 0.119583 0.4577472 0.4021195 0.1029997 0.12036635 0.45452178 0.3984123 0.106749564
0.373 0.1172791 0.4474225 0.394919 0.1002818 0.11800212 0.44404438 0.39118576 0.10401651
0.3735 0.1149976 0.4373178 0.3878067 0.09762119 0.115659684 0.43377846 0.3840505 0.1013356
0.374 0.1127386 0.4274283 0.3807829 0.09501613 0.11333932 0.42372096 0.37700662 0.09870556
0.3745 0.110502 0.4177491 0.3738476 0.0924649 0.11104126 0.4138683 0.37005407 0.09612514
0.375 0.1082878 0.4082755 0.3670007 0.08996589 0.10876571 0.40421736 0.36319274 0.093593165
0.3755 0.1060962 0.3990028 0.3602421 0.08751755 0.10651289 0.39476487 0.3564227 0.091108516
0.376 0.103927 0.3899266 0.3535718 0.0851184 0.1042829 0.38550723 0.3497436 0.08867018
0.3765 0.1017803 0.3810423 0.3469894 0.082767 0.102075934 0.37644145 0.3431554 0.08627699
0.377 0.09965611 0.3723456 0.3404947 0.080462 0.099892065 0.36756384 0.33665767 0.08392808
0.3775 0.09755431 0.3638324 0.3340875 0.07820209 0.09773144 0.3588712 0.33025014 0.08162239
0.378 0.09547489 0.3554985 0.3277672 0.07598602 0.09559408 0.35036027 0.32393238 0.079358995
0.3785 0.0934178 0.3473398 0.3215335 0.07381258 0.09348008 0.3420275 0.317704 0.07713702
0.379 0.09138297 0.3393525 0.315386 0.07168061 0.09138948 0.3338698 0.31156453 0.07495555
0.3795 0.08937034 0.3315325 0.309324 0.06958901 0.08932231 0.32588375 0.30551338 0.07281372
0.38 0.08737984 0.3238763 0.3033472 0.0675367 0.087278575 0.318066 0.29955006 0.070710704
0.3805 0.08541137 0.3163801 0.2974549 0.06552267 0.085258305 0.31041336 0.2936738 0.068645686
0.381 0.08346484 0.3090403 0.2916465 0.06354592 0.083261505 0.3029226 0.2878841 0.06661792
0.3815 0.08154017 0.3018534 0.2859214 0.06160549 0.08128813 0.29559043 0.2821802 0.064626604
0.382 0.07963724 0.2948161 0.2802789 0.05970048 0.07933813 0.28841385 0.27656147 0.06267099
0.3825 0.07775594 0.2879249 0.2747184 0.05782999 0.07741152 0.2813895 0.2710271 0.060750365
0.383 0.07589617 0.2811766 0.2692392 0.05599318 0.07550819 0.27451435 0.26557627 0.058863983
0.3835 0.07405779 0.2745681 0.2638404 0.05418923 0.07362811 0.26778546 0.26020828 0.057011195
0.384 0.07224069 0.2680961 0.2585215 0.05241734 0.071771204 0.26119962 0.25492224 0.05519128
0.3845 0.07044473 0.2617578 0.2532815 0.05067674 0.06993738 0.25475386 0.24971732 0.05340358
0.385 0.06866978 0.2555501 0.2481198 0.04896669 0.06812656 0.24844536 0.2445926 0.051647484
0.3855 0.0669157 0.2494701 0.2430356 0.04728649 0.066338584 0.2422711 0.23954743 0.04992234
0.386 0.06518234 0.243515 0.2380281 0.04563543 0.06457339 0.2362282 0.23458049 0.04822748
0.3865 0.06346957 0.237682 0.2330964 0.04401285 0.06283085 0.2303139 0.22969124 0.04656236
0.387 0.06177723 0.2319685 0.2282398 0.04241811 0.061110806 0.22452538 0.22487855 0.044926338
0.3875 0.06010517 0.2263719 0.2234573 0.04085058 0.059413154 0.2188599 0.22014156 0.043318868
0.388 0.05845323 0.2208895 0.2187483 0.03930964 0.057737727 0.2133148 0.21547931 0.041739374
0.3885 0.05682126 0.2155189 0.2141117 0.03779472 0.056084353 0.20788747 0.21089092 0.040187277
0.389 0.05520909 0.2102575 0.2095469 0.03630524 0.054452892 0.20257527 0.20637527 0.038662046
0.3895 0.05361657 0.2051031 0.2050529 0.03484066 0.052843165 0.19737573 0.2019315 0.037163116
0.39 0.05204353 0.2000533 0.2006288 0.03340044 0.051254977 0.19228622 0.19755864 0.035689995
0.3905 0.05048981 0.1951058 0.1962739 0.03198405 0.04968818 0.18730436 0.19325575 0.03424216
0.391 0.04895523 0.1902583 0.1919873 0.030591 0.048142556 0.18242776 0.18902181 0.0328191
0.3915 0.04743962 0.1855087 0.1877681 0.0292208 0.04661792 0.17765407 0.1848559 0.03142032
0.392 0.04594282 0.1808549 0.1836154 0.02787296 0.045114066 0.17298093 0.18075702 0.030045338
0.3925 0.04446466 0.1762948 0.1795284 0.02654704 0.043630797 0.16840616 0.1767242 0.028693683
0.393 0.04300495 0.1718264 0.1755062 0.02524258 0.042167883 0.16392751 0.17275654 0.02736488
0.3935 0.04156353 0.1674477 0.1715481 0.02395915 0.04072513 0.15954274 0.16885297 0.02605848
0.394 0.04014023 0.1631567 0.167653 0.02269633 0.039302308 0.15524979 0.16501266 0.024774015
0.3945 0.03873486 0.1589515 0.1638203 0.02145369 0.037899207 0.15104663 0.16123465 0.02351109
0.395 0.03734725 0.1548304 0.160049 0.02023085 0.036515582 0.14693113 0.15751794 0.022269227
0.3955 0.03597723 0.1507915 0.1563382 0.01902741 0.035151247 0.14290133 0.15386166 0.021048047
0.396 0.03462461 0.146833 0.1526872 0.01784299 0.033805903 0.13895535 0.15026486 0.019847102
0.3965 0.03328923 0.1429532 0.1490951 0.01667723 0.032479387 0.13509119 0.1467266 0.018666014
0.397 0.0319709 0.1391505 0.1455612 0.01552976 0.03117143 0.13130708 0.14324607 0.017504364
0.3975 0.03066945 0.1354231 0.1420844 0.01440023 0.029881824 0.12760122 0.13982233 0.01636181
0.398 0.0293847 0.1317696 0.1386641 0.0132883 0.028610293 0.123971745 0.13645446 0.01523792
0.3985 0.02811647 0.1281882 0.1352995 0.01219364 0.027356643 0.12041697 0.1331416 0.014132366
0.399 0.02686459 0.1246775 0.1319897 0.01111593 0.026120607 0.11693524 0.12988292 0.01304476
0.3995 0.02562889 0.121236 0.1287339 0.01005484 0.024901982 0.11352487 0.12667751 0.0119747445
0.4 0.02440919 0.1178622 0.1255313 0.009010073 0.023700524 0.11018425 0.123524606 0.010921985
0.4005 0.0232053 0.1145546 0.1223812 0.007981324 0.022515956 0.10691179 0.1204233 0.009886153
0.401 0.02201707 0.1113119 0.1192827 0.0069683 0.021348115 0.10370597 0.11737275 0.008866906
0.4015 0.0208443 0.1081327 0.1162352 0.005970714 0.020196732 0.1005653 0.11437224 0.007863909
0.402 0.01968684 0.1050157 0.1132377 0.004988286 0.01906157 0.09748836 0.1114209 0.006876856
0.4025 0.01854451 0.1019595 0.1102897 0.004020743 0.01794241 0.094473556 0.10851796 0.005905442
0.403 0.01741714 0.09896289 0.1073903 0.003067819 0.016839024 0.0915197 0.10566263 0.0049493685
0.4035 0.01630455 0.09602459 0.1045387 0.002129252 0.015751168 0.08862525 0.10285416 0.004008293
0.404 0.01520658 0.09314338 0.1017343 0.001204788 0.01467865 0.08578904 0.10009174 0.0030819774
0.4045 0.01412305 0.09031808 0.09897636 0.0002941787 0.013621222 0.083009645 0.09737468 0.0021701157
0.405 0.01305381 0.0875475 0.09626409 -0.0006028196 0.0125786625 0.08028586 0.094702214 0.0012724325
0.4055 0.01199868 0.0848305 0.09359683 -0.001486444 0.011550769 0.07761647 0.09207362 0.000388667
0.406 0.01095749 0.08216598 0.09097386 -0.002356928 0.010537308 0.07500021 0.08948821 -0.00048144907
0.4065 0.009930084 0.07955283 0.08839449 -0.003214498 0.009538081 0.07243593 0.08694525 -0.0013381913
0.407 0.008916296 0.07698999 0.08585804 -0.004059376 0.008552857 0.06992248 0.084444016 -0.0021817908
0.4075 0.007915964 0.07447642 0.08336383 -0.00489178 0.0075814463 0.06745875 0.081983894 -0.0030125082
0.408 0.006928925 0.07201108 0.08091119 -0.005711922 0.006623637 0.06504369 0.0795642 -0.003830567
0.4085 0.005955019 0.069593 0.07849947 -0.006520011 0.005679231 0.06267619 0.07718423 -0.004636213
0.409 0.004994087 0.06722117 0.07612801 -0.007316249 0.004748024 0.060355175 0.07484335 -0.0054296926
0.4095 0.004045972 0.06489466 0.07379617 -0.008100837 0.003829807 0.05807971 0.07254091 -0.0062112063
0.41 0.003110516 0.06261253 0.07150332 -0.00887397 0.0029243976 0.055848714 0.070276305 -0.0069809854
0.4105 0.002187564 0.06037386 0.06924882 -0.009635838 0.002031602 0.05366129 0.06804888 -0.0077392384
0.411 0.001276963 0.05817776 0.06703207 -0.01038663 0.0011512339 0.051516462 0.065858066 -0.008486178
0.4115 0.0003785595 0.05602336 0.06485244 -0.01112653 0.000283096 0.049413312 0.06370322 -0.009222012
0.412 -0.0005077979 0.0539098 0.06270934 -0.01185571 -0.0005729869 0.047350977 0.061583757 -0.009946924
0.4125 -0.001382259 0.05183625 0.06060218 -0.01257435 -0.0014171973 0.04532853 0.059499115 -0.010661125
0.413 -0.002244973 0.04980188 0.05853038 -0.01328263 -0.002249714 0.04334515 0.057448693 -0.011364806
0.4135 -0.003096087 0.04780591 0.05649334 -0.01398071 -0.0030707158 0.041399974 0.055431947 -0.012058154
0.414 -0.003935747 0.04584754 0.05449051 -0.01466876 -0.0038803704 0.03949219 0.053448275 -0.012741365
0.4145 -0.004764097 0.04392601 0.05252133 -0.01534694 -0.004678849 0.037621018 0.051497206 -0.01341458
0.415 -0.005581281 0.04204058 0.05058524 -0.01601541 -0.0054663047 0.03578571 0.049578182 -0.014077999
0.4155 -0.00638744 0.0401905 0.0486817 -0.01667432 -0.006242931 0.033985417 0.047690615 -0.014731787
0.416 -0.007182716 0.03837508 0.04681017 -0.01732383 -0.0070088655 0.032219484 0.045834042 -0.015376113
0.4165 -0.007967247 0.03659359 0.04497013 -0.01796409 -0.0077642836 0.030487128 0.04400792 -0.016011141
0.417 -0.00874117 0.03484536 0.04316104 -0.01859524 -0.008509334 0.028787702 0.042211764 -0.016637024
0.4175 -0.009504623 0.03312972 0.04138241 -0.01921743 -0.009244163 0.027120449 0.040445067 -0.017253917
0.418 -0.01025774 0.03144601 0.03963371 -0.0198308 -0.009968933 0.02548474 0.038707368 -0.017861988
0.4185 -0.01100065 0.02979358 0.03791446 -0.0204355 -0.010683786 0.023879912 0.036998153 -0.018461365
0.419 -0.0117335 0.02817182 0.03622417 -0.02103164 -0.011388879 0.022305302 0.035316966 -0.019052211
0.4195 -0.0124564 0.0265801 0.03456235 -0.02161938 -0.012084346 0.020760298 0.033663325 -0.019634657
0.42 -0.01316949 0.02501783 0.03292852 -0.02219884 -0.012770325 0.019244287 0.032036826 -0.020208843
0.4205 -0.0138729 0.02348441 0.03132222 -0.02277014 -0.013446961 0.017756693 0.030436963 -0.020774916
0.421 -0.01456675 0.02197926 0.02974298 -0.02333342 -0.014114397 0.016296867 0.028863296 -0.021332994
0.4215 -0.01525118 0.02050184 0.02819036 -0.0238888 -0.014772758 0.014864266 0.027315423 -0.021883223
0.422 -0.01592629 0.01905157 0.0266639 -0.0244364 -0.015422184 0.013458353 0.025792927 -0.022425722
0.4225 -0.01659222 0.01762793 0.02516316 -0.02497634 -0.016062785 0.012078568 0.024295337 -0.022960618
0.423 -0.01724908 0.01623039 0.02368772 -0.02550874 -0.01669471 0.010724347 0.022822268 -0.023488041
0.4235 -0.017897 0.01485842 0.02223714 -0.02603371 -0.017318089 0.009395216 0.021373332 -0.024008103
0.424 -0.01853609 0.01351152 0.02081101 -0.02655137 -0.01793303 0.008090626 0.01994808 -0.024520934
0.4245 -0.01916648 0.0121892 0.01940891 -0.02706182 -0.018539658 0.006810095 0.018546164 -0.02502662
0.425 -0.01978827 0.01089097 0.01803043 -0.02756518 -0.019138098 0.0055531375 0.017167188 -0.025525302
0.4255 -0.02040157 0.009616357 0.01667518 -0.02806156 -0.019728467 0.004319284 0.015810773 -0.026017092
0.426 -0.02100651 0.008364895 0.01534277 -0.02855105 -0.020310882 0.0031080507 0.014476515 -0.02650208
0.4265 -0.0216032 0.007136131 0.0140328 -0.02903377 -0.020885447 0.0019189902 0.013164081 -0.026980393
0.427 -0.02219174 0.005929618 0.01274489 -0.02950982 -0.021452282 0.0007516369 0.011873081 -0.027452119
0.4275 -0.02277224 0.004744922 0.01147868 -0.02997928 -0.022011504 -0.00039441139 0.0106031895 -0.027917366
0.428 -0.02334481 0.003581615 0.01023379 -0.03044227 -0.02256321 -0.0015195906 0.00935404 -0.02837624
0.4285 -0.02390956 0.00243928 0.009009852 -0.03089888 -0.023107514 -0.0026243292 0.00812529 -0.028828826
0.429 -0.02446659 0.001317508 0.007806521 -0.03134921 -0.023644514 -0.0037090257 0.0069165975 -0.029275235
0.4295 -0.02501601 0.0002158981 0.006623441 -0.03179334 -0.024174318 -0.004774064 0.0057276413 -0.02971555
0.43 -0.02555791 -0.0008659408 0.005460268 -0.03223138 -0.024697026 -0.005819872 0.004558079 -0.030149873
0.4305 -0.02609241 -0.001928393 0.004316662 -0.0326634 -0.025212742 -0.0068467744 0.003407605 -0.030578293
0.431 -0.02661959 -0.002971834 0.003192289 -0.0330895 -0.025721563 -0.00785521 0.0022759028 -0.031000897
0.4315 -0.02713956 -0.003996631 0.002086822 -0.03350977 -0.026223581 -0.008845486 0.0011626445 -0.031417772
0.432 -0.02765242 -0.005003146 0.0009999369 -0.03392428 -0.0267189 -0.009818003 6.753206e-05 -0.031829007
0.4325 -0.02815825 -0.00599173 -6.868307e-05 -0.03433314 -0.0272076 -0.010773081 -0.0010097213 -0.03223468
0.433 -0.02865717 -0.00696273 -0.00111935 -0.03473641 -0.027689783 -0.01171108 -0.0020694323 -0.032634884
0.4335 -0.02914925 -0.007916483 -0.002152371 -0.03513418 -0.028165547 -0.012632318 -0.0031118914 -0.033029698
0.434 -0.0296346 -0.008853321 -0.003168049 -0.03552654 -0.028634977 -0.013537124 -0.004137356 -0.0334192
0.4345 -0.0301133 -0.009773568 -0.004166678 -0.03591355 -0.029098148 -0.014425822 -0.005146146 -0.033803467
0.435 -0.03058544 -0.01067754 -0.005148552 -0.0362953 -0.029555162 -0.015298732 -0.0061385073 -0.03418258
0.4355 -0.03105112 -0.01156555 -0.006113958 -0.03667186 -0.030006105 -0.016156156 -0.007114727 -0.034556612
0.436 -0.03151042 -0.01243791 -0.007063176 -0.03704331 -0.030451048 -0.016998384 -0.008075073 -0.034925636
0.4365 -0.03196343 -0.01329491 -0.007996485 -0.03740972 -0.030890089 -0.017825726 -0.009019796 -0.035289727
0.437 -0.03241024 -0.01413684 -0.008914158 -0.03777117 -0.031323303 -0.018638458 -0.009949185 -0.03564896
0.4375 -0.03285092 -0.01496399 -0.009816461 -0.03812772 -0.03175077 -0.01943687 -0.010863461 -0.0360034
0.438 -0.03328557 -0.01577664 -0.01070366 -0.03847945 -0.03217257 -0.020221237 -0.011762891 -0.036353126
0.4385 -0.03371426 -0.01657507 -0.01157601 -0.03882642 -0.03258878 -0.020991813 -0.012647718 -0.036698196
0.439 -0.03413708 -0.01735954 -0.01243377 -0.03916871 -0.03299947 -0.02174886 -0.013518177 -0.037038684
0.4395 -0.0345541 -0.01813032 -0.01327719 -0.03950638 -0.033404738 -0.022492684 -0.014374524 -0.03737465
0.44 -0.03496542 -0.01888767 -0.01410651 -0.0398395 -0.033804633 -0.023223467 -0.015216973 -0.03770616
0.4405 -0.03537109 -0.01963183 -0.01492197 -0.04016813 -0.03419925 -0.02394151 -0.016045753 -0.03803328
0.441 -0.03577121 -0.02036307 -0.01572382 -0.04049233 -0.03458865 -0.02464702 -0.01686111 -0.038356077
0.4415 -0.03616585 -0.02108161 -0.01651229 -0.04081218 -0.0349729 -0.02534027 -0.017663252 -0.038674608
0.442 -0.03655508 -0.02178771 -0.0172876 -0.04112772 -0.035352077 -0.026021473 -0.01845241 -0.03898893
0.4425 -0.03693898 -0.02248158 -0.01804999 -0.04143902 -0.035726257 -0.026690844 -0.019228779 -0.03929911
0.443 -0.03731762 -0.02316347 -0.01879967 -0.04174615 -0.036095496 -0.027348649 -0.019992586 -0.039605208
0.4435 -0.03769108 -0.02383359 -0.01953686 -0.04204916 -0.03645987 -0.02799505 -0.020744037 -0.03990727
0.444 -0.03805941 -0.02449216 -0.02026178 -0.0423481 -0.036819443 -0.028630313 -0.021483328 -0.040205367
0.4445 -0.03842271 -0.0251394 -0.02097463 -0.04264304 -0.037174273 -0.029254608 -0.022210672 -0.040499542
0.445 -0.03878102 -0.02577552 -0.02167563 -0.04293403 -0.03752443 -0.029868167 -0.022926256 -0.04078985
0.4455 -0.03913443 -0.02640073 -0.02236497 -0.04322114 -0.03786998 -0.03047118 -0.023630286 -0.041076362
0.446 -0.039483 -0.02701522 -0.02304286 -0.0435044 -0.038210988 -0.031063844 -0.024322947 -0.041359115
0.4465 -0.0398268 -0.0276192 -0.0237095 -0.04378388 -0.03854751 -0.031646337 -0.025004426 -0.04163817
0.447 -0.04016589 -0.02821287 -0.02436507 -0.04405963 -0.0388796 -0.03221888 -0.025674907 -0.04191357
0.4475 -0.04050034 -0.0287964 -0.02500976 -0.0443317 -0.039207336 -0.032781634 -0.026334576 -0.04218537
0.448 -0.04083021 -0.02936999 -0.02564377 -0.04460014 -0.039530765 -0.03333478 -0.02698361 -0.042453624
0.4485 -0.04115557 -0.02993382 -0.02626727 -0.04486501 -0.039849944 -0.033878524 -0.027622173 -0.04271838
0.449 -0.04147647 -0.03048806 -0.02688044 -0.04512635 -0.04016494 -0.034413006 -0.028250458 -0.04297968
0.4495 -0.04179298 -0.03103291 -0.02748347 -0.04538421 -0.040475793 -0.034938406 -0.028868625 -0.043237574
0.45 -0.04210516 -0.03156852 -0.02807652 -0.04563864 -0.040782582 -0.03545492 -0.02947684 -0.043492123
0.4505 -0.04241308 -0.03209507 -0.02865977 -0.04588969 -0.041085336 -0.035962675 -0.030075269 -0.04374335
0.451 -0.04271677 -0.03261272 -0.02923338 -0.04613741 -0.041384127 -0.03646183 -0.03066408 -0.043991312
0.4515 -0.04301632 -0.03312163 -0.02979753 -0.04638183 -0.041679002 -0.036952585 -0.031243421 -0.044236057
0.452 -0.04331177 -0.03362197 -0.03035236 -0.04662302 -0.041970026 -0.037435055 -0.031813458 -0.044477627
0.4525 -0.04360318 -0.03411389 -0.03089804 -0.046861 -0.042257234 -0.037909396 -0.032374337 -0.044716056
0.453 -0.0438906 -0.03459754 -0.03143473 -0.04709584 -0.042540677 -0.038375773 -0.0329262 -0.044951394
0.4535 -0.0441741 -0.03507307 -0.03196258 -0.04732756 -0.042820416 -0.03883432 -0.033469226 -0.04518369
0.454 -0.04445372 -0.03554063 -0.03248174 -0.04755621 -0.043096498 -0.039285168 -0.034003533 -0.04541298
0.4545 -0.04472953 -0.03600036 -0.03299236 -0.04778184 -0.043368973 -0.03972849 -0.03452928 -0.045639306
0.455 -0.04500156 -0.03645241 -0.03349458 -0.04800449 -0.043637883 -0.04016438 -0.0350466 -0.045862697
0.4555 -0.04526988 -0.03689691 -0.03398856 -0.04822419 -0.043903284 -0.040593017 -0.035555635 -0.046083212
0.456 -0.04553453 -0.037334 -0.03447442 -0.04844099 -0.04416522 -0.041014504 -0.03605651 -0.046300873
0.4565 -0.04579558 -0.03776381 -0.03495231 -0.04865492 -0.04442373 -0.041428976 -0.036549382 -0.046515726
0.457 -0.04605305 -0.03818647 -0.03542236 -0.04886604 -0.044678874 -0.041836556 -0.037034363 -0.046727814
0.4575 -0.04630702 -0.03860211 -0.03588472 -0.04907436 -0.04493069 -0.042237375 -0.0375116 -0.046937168
0.458 -0.04655751 -0.03901086 -0.0363395 -0.04927995 -0.045179218 -0.042631555 -0.037981205 -0.047143828
0.4585 -0.04680459 -0.03941284 -0.03678683 -0.04948282 -0.045424514 -0.04301921 -0.038443316 -0.04734782
0.459 -0.0470483 -0.03980817 -0.03722685 -0.04968302 -0.045666605 -0.04340047 -0.038898047 -0.0475492
0.4595 -0.04728869 -0.04019697 -0.03765968 -0.04988059 -0.04590554 -0.04377543 -0.039345525 -0.047747985
0.46 -0.04752579 -0.04057935 -0.03808545 -0.05007555 -0.04614137 -0.044144206 -0.039785862 -0.04794421
0.4605 -0.04775967 -0.04095544 -0.03850426 -0.05026795 -0.046374127 -0.04450692 -0.04021918 -0.048137918
0.461 -0.04799036 -0.04132533 -0.03891624 -0.05045782 -0.046603855 -0.044863664 -0.040645592 -0.04832914
0.4615 -0.0482179 -0.04168914 -0.0393215 -0.0506452 -0.046830587 -0.04521456 -0.041065224 -0.048517913
0.462 -0.04844234 -0.04204698 -0.03972017 -0.05083011 -0.04705438 -0.045559704 -0.041478172 -0.048704267
0.4625 -0.04866373 -0.04239896 -0.04011235 -0.0510126 -0.047275256 -0.045899197 -0.04188455 -0.048888225
0.463 -0.0488821 -0.04274517 -0.04049814 -0.05119269 -0.04749327 -0.04623315 -0.042284474 -0.049069833
0.4635 -0.0490975 -0.04308572 -0.04087767 -0.05137042 -0.047708448 -0.046561647 -0.042678036 -0.049249116
0.464 -0.04930997 -0.04342071 -0.04125103 -0.05154582 -0.047920827 -0.04688479 -0.043065354 -0.0494261
0.4645 -0.04951954 -0.04375023 -0.04161834 -0.05171892 -0.04813045 -0.04720268 -0.04344652 -0.049600825
0.465 -0.04972626 -0.04407439 -0.04197968 -0.05188976 -0.04833735 -0.047515396 -0.043821637 -0.04977332
0.4655 -0.04993018 -0.04439327 -0.04233517 -0.05205835 -0.048541572 -0.047823038 -0.04419081 -0.049943604
0.466 -0.05013131 -0.04470697 -0.0426849 -0.05222474 -0.048743136 -0.048125684 -0.044554126 -0.05011172
0.4665 -0.05032972 -0.04501557 -0.04302897 -0.05238895 -0.04894209 -0.04842344 -0.044911694 -0.050277688
0.467 -0.05052543 -0.04531918 -0.04336748 -0.05255101 -0.049138464 -0.04871638 -0.045263603 -0.050441533
0.4675 -0.05071847 -0.04561787 -0.04370052 -0.05271096 -0.04933229 -0.049004577 -0.045609936 -0.050603297
0.468 -0.0509089 -0.04591172 -0.04402817 -0.05286881 -0.04952361 -0.049288154 -0.045950804 -0.050762996
0.4685 -0.05109674 -0.04620084 -0.04435054 -0.0530246 -0.04971245 -0.049567156 -0.046286274 -0.05092066
0.469 -0.05128202 -0.04648529 -0.04466772 -0.05317836 -0.04989884 -0.049841657 -0.04661645 -0.05107632
0.4695 -0.0514648 -0.04676515 -0.04497978 -0.05333011 -0.050082825 -0.05011177 -0.046941407 -0.051229995
0.47 -0.05164509 -0.04704051 -0.04528681 -0.05347988 -0.05026442 -0.050377548 -0.047261253 -0.05138172
0.4705 -0.05182293 -0.04731145 -0.04558891 -0.05362769 -0.050443675 -0.05063907 -0.04757605 -0.051531512
0.471 -0.05199836 -0.04757804 -0.04588614 -0.05377358 -0.050620608 -0.05089639 -0.047885876 -0.0516794
0.4715 -0.05217142 -0.04784035 -0.04617861 -0.05391757 -0.050795257 -0.05114962 -0.048190832 -0.05182541
0.472 -0.05234212 -0.04809846 -0.04646637 -0.05405968 -0.05096765 -0.0513988 -0.04849098 -0.05196957
0.4725 -0.05251051 -0.04835244 -0.04674952 -0.05419993 -0.05113781 -0.051644012 -0.04878641 -0.052111894
0.473 -0.05267662 -0.04860237 -0.04702813 -0.05433837 -0.051305775 -0.051885314 -0.049077194 -0.05225241
0.4735 -0.05284048 -0.0488483 -0.04730228 -0.05447499 -0.05147157 -0.052122787 -0.049363405 -0.05239115
0.474 -0.05300212 -0.04909032 -0.04757204 -0.05460985 -0.05163522 -0.05235649 -0.049645126 -0.052528128
0.4745 -0.05316158 -0.04932848 -0.04783749 -0.05474294 -0.05179677 -0.052586496 -0.04992243 -0.05266337
0.475 -0.05331887 -0.04956285 -0.04809869 -0.05487431 -0.05195623 -0.052812863 -0.050195377 -0.0527969
0.4755 -0.05347403 -0.0497935 -0.04835572 -0.05500397 -0.052113637 -0.053035647 -0.050464045 -0.05292874
0.476 -0.0536271 -0.0500205 -0.04860865 -0.05513194 -0.05226901 -0.053254906 -0.05072851 -0.05305891
0.4765 -0.05377809 -0.05024389 -0.04885755 -0.05525825 -0.052422382 -0.05347073 -0.05098883 -0.053187437
0.477 -0.05392704 -0.05046375 -0.04910248 -0.05538292 -0.052573785 -0.053683136 -0.051245082 -0.053314336
0.4775 -0.05407398 -0.05068013 -0.04934351 -0.05550597 -0.052723233 -0.05389219 -0.05149732 -0.053439625
0.478 -0.05421893 -0.0508931 -0.0495807 -0.05562743 -0.052870754 -0.054097988 -0.051745612 -0.053563334
0.4785 -0.05436192 -0.0511027 -0.04981413 -0.05574731 -0.053016383 -0.05430055 -0.051990036 -0.053685483
0.479 -0.05450298 -0.05130901 -0.05004384 -0.05586563 -0.053160135 -0.05449994 -0.052230638 -0.05380609
0.4795 -0.05464214 -0.05151206 -0.05026991 -0.05598242 -0.053302042 -0.0546962 -0.05246749 -0.05392517
0.48 -0.05477942 -0.05171193 -0.0504924 -0.05609769 -0.05344212 -0.0548894 -0.052700654 -0.054042757
0.4805 -0.05491484 -0.05190865 -0.05071135 -0.05621147 -0.053580403 -0.055079576 -0.05293018 -0.05415885
0.481 -0.05504844 -0.05210229 -0.05092685 -0.05632378 -0.053716905 -0.055266798 -0.053156134 -0.054273486
0.4815 -0.05518023 -0.05229289 -0.05113893 -0.05643463 -0.053851653 -0.055451114 -0.053378567 -0.054386675
0.482 -0.05531025 -0.05248051 -0.05134765 -0.05654405 -0.053984668 -0.05563255 -0.05359755 -0.05449844
0.4825 -0.05543851 -0.0526652 -0.05155308 -0.05665205 -0.054115985 -0.05581117 -0.053813126 -0.054608796
0.483 -0.05556505 -0.052847 -0.05175527 -0.05675865 -0.05424561 -0.05598701 -0.05402535 -0.05471776
0.4835 -0.05568988 -0.05302597 -0.05195426 -0.05686387 -0.05437357 -0.056160145 -0.05423428 -0.054825358
0.484 -0.05581302 -0.05320215 -0.05215012 -0.05696774 -0.054499894 -0.056330588 -0.054439977 -0.054931596
0.4845 -0.05593451 -0.05337558 -0.05234289 -0.05707025 -0.054624595 -0.056498393 -0.054642484 -0.055036504
0.485 -0.05605437 -0.05354632 -0.05253263 -0.05717145 -0.0547477 -0.056663636 -0.054841843 -0.05514009
0.4855 -0.05617261 -0.05371441 -0.05271939 -0.05727133 -0.054869227 -0.056826297 -0.055038128 -0.055242375
0.486 -0.05628925 -0.05387988 -0.05290321 -0.05736993 -0.054989204 -0.056986477 -0.05523137 -0.055343375
0.4865 -0.05640433 -0.0540428 -0.05308414 -0.05746725 -0.05510764 -0.05714419 -0.055421628 -0.055443108
0.487 -0.05651786 -0.05420319 -0.05326224 -0.05756332 -0.055224564 -0.05729947 -0.05560894 -0.055541586
0.4875 -0.05662987 -0.0543611 -0.05343754 -0.05765814 -0.05533999 -0.057452384 -0.055793367 -0.05563883
0.488 -0.05674037 -0.05451657 -0.0536101 -0.05775174 -0.055453934 -0.057602953 -0.055974945 -0.055734858
0.4885 -0.05684938 -0.05466964 -0.05377996 -0.05784414 -0.05556643 -0.057751216 -0.05615373 -0.055829678
0.489 -0.05695693 -0.05482035 -0.05394715 -0.05793534 -0.055677485 -0.057897206 -0.05632975 -0.055923305
0.4895 -0.05706304 -0.05496874 -0.05411174 -0.05802536 -0.05578712 -0.05804098 -0.056503065 -0.056015767
0.49 -0.05716772 -0.05511484 -0.05427375 -0.05811423 -0.055895355 -0.05818254 -0.05667371 -0.056107067
0.4905 -0.05727099 -0.0552587 -0.05443324 -0.05820194 -0.056002207 -0.05832197 -0.056841735 -0.056197226
0.491 -0.05737288 -0.05540035 -0.05459024 -0.05828853 -0.056107707 -0.05845927 -0.05700718 -0.056286253
0.4915 -0.0574734 -0.05553983 -0.0547448 -0.05837401 -0.056211848 -0.058594488 -0.05717008 -0.05637417
0.492 -0.05757257 -0.05567717 -0.05489694 -0.05845838 -0.056314666 -0.05872766 -0.05733048 -0.056460984
0.4925 -0.05767042 -0.05581241 -0.05504673 -0.05854166 -0.056416173 -0.058858808 -0.05748842 -0.056546714
0.493 -0.05776695 -0.05594558 -0.05519418 -0.05862387 -0.056516387 -0.05898798 -0.057643943 -0.05663137
0.4935 -0.05786219 -0.05607671 -0.05533934 -0.05870503 -0.05661532 -0.059115183 -0.057797078 -0.05671497
0.494 -0.05795615 -0.05620585 -0.05548225 -0.05878514 -0.056712996 -0.05924048 -0.05794787 -0.056797527
0.4945 -0.05804885 -0.05633301 -0.05562294 -0.05886422 -0.056809425 -0.059363868 -0.058096357 -0.056879047
0.495 -0.05814031 -0.05645824 -0.05576146 -0.05894228 -0.05690463 -0.059485406 -0.058242574 -0.056959555
0.4955 -0.05823055 -0.05658156 -0.05589783 -0.05901934 -0.056998625 -0.059605137 -0.05838656 -0.05703906
0.496 -0.05831958 -0.05670301 -0.05603208 -0.0590954 -0.057091426 -0.059723046 -0.05852835 -0.05711757
0.4965 -0.05840742 -0.05682262 -0.05616427 -0.05917049 -0.057183046 -0.059839193 -0.058667976 -0.057195097
0.497 -0.05849408 -0.0569404 -0.05629441 -0.05924462 -0.0572735 -0.059953596 -0.058805473 -0.057271667
0.4975 -0.05857959 -0.05705641 -0.05642254 -0.05931779 -0.057362806 -0.060066294 -0.058940873 -0.057347275
0.498 -0.05866395 -0.05717066 -0.0565487 -0.05939002 -0.057450976 -0.060177293 -0.059074216 -0.057421945
0.4985 -0.05874719 -0.05728318 -0.05667291 -0.05946132 -0.057538025 -0.060286656 -0.059205532 -0.057495683
0.499 -0.05882931 -0.05739399 -0.05679521 -0.05953171 -0.057623975 -0.060394365 -0.059334844 -0.057568505
0.4995 -0.05891033 -0.05750314 -0.05691563 -0.05960119 -0.057708833 -0.060500484 -0.059462197 -0.05764042
0.5 -0.05899028 -0.05761064 -0.05703419 -0.05966979 -0.057792615 -0.060605023 -0.05958762 -0.057711437
