0.0 -0.065 -0.065 -0.065 -0.065 -0.051610533 -0.051759966 -0.057067625 -0.06742308
0.0005 -0.065 -0.065 -0.065 -0.065 -0.055534873 -0.054128673 -0.05797324 -0.066743575
0.001 -0.065 -0.065 -0.065 -0.065 -0.05793739 -0.055926066 -0.058764365 -0.066184565
0.0015 -0.065 -0.065 -0.065 -0.065 -0.059438802 -0.057336103 -0.059470624 -0.06571821
0.002 -0.065 -0.065 -0.065 -0.065 -0.060392216 -0.05846834 -0.06010849 -0.06532687
0.0025 -0.065 -0.065 -0.065 -0.065 -0.0610065 -0.059397932 -0.06068884 -0.06499802
0.003 -0.065 -0.065 -0.065 -0.065 -0.061408512 -0.06017755 -0.061219584 -0.064721934
0.0035 -0.065 -0.065 -0.065 -0.065 -0.06167668 -0.06084449 -0.061706834 -0.06449062
0.004 -0.065 -0.065 -0.065 -0.065 -0.061860148 -0.06142554 -0.06215552 -0.064297326
0.0045 -0.065 -0.065 -0.065 -0.065 -0.06198999 -0.061940107 -0.06256976 -0.06413635
0.005 -0.065 -0.065 -0.065 -0.065 -0.062085964 -0.06240245 -0.062953025 -0.06400277
0.0055 -0.065 -0.065 -0.065 -0.065 -0.062160715 -0.06282316 -0.06330833 -0.0638924
0.006 -0.065 -0.065 -0.065 -0.065 -0.062222324 -0.063210204 -0.06363827 -0.063801676
0.0065 -0.065 -0.065 -0.065 -0.065 -0.062275954 -0.063569605 -0.06394514 -0.063727535
0.007 -0.065 -0.065 -0.065 -0.065 -0.06232489 -0.06390606 -0.06423095 -0.0636674
0.0075 -0.065 -0.065 -0.065 -0.065 -0.06237119 -0.064223126 -0.06449747 -0.06361907
0.008 -0.065 -0.065 -0.065 -0.065 -0.062416136 -0.06452365 -0.064746305 -0.06358066
0.0085 -0.065 -0.065 -0.065 -0.065 -0.06246049 -0.06480987 -0.064978875 -0.06355061
0.009 -0.065 -0.065 -0.065 -0.065 -0.062504694 -0.06508356 -0.06519644 -0.06352756
0.0095 -0.065 -0.065 -0.065 -0.065 -0.062548965 -0.06534615 -0.065400146 -0.06351039
0.01 -0.065 -0.065 -0.065 -0.065 -0.06259341 -0.06559877 -0.06559103 -0.06349813
0.0105 -0.065 -0.065 -0.065 -0.065 -0.06263803 -0.06584236 -0.06577003 -0.06348998
0.011 -0.065 -0.065 -0.065 -0.065 -0.062682785 -0.06607771 -0.065937996 -0.06348524
0.0115 -0.065 -0.065 -0.065 -0.065 -0.062727615 -0.06630544 -0.06609571 -0.06348334
0.012 -0.065 -0.065 -0.065 -0.065 -0.062772445 -0.066526055 -0.06624387 -0.0634838
0.0125 -0.065 -0.065 -0.065 -0.065 -0.062817186 -0.06674002 -0.06638314 -0.063486174
0.013 -0.065 -0.065 -0.065 -0.065 -0.06286176 -0.06694768 -0.066514105 -0.063490145
0.0135 -0.065 -0.065 -0.065 -0.065 -0.062906094 -0.06714934 -0.06663731 -0.063495405
0.014 -0.065 -0.065 -0.065 -0.065 -0.06295011 -0.06734527 -0.06675326 -0.0635017
0.0145 -0.065 -0.065 -0.065 -0.065 -0.06299375 -0.06753568 -0.066862434 -0.06350884
0.015 -0.065 -0.065 -0.065 -0.065 -0.063036956 -0.067720786 -0.06696525 -0.063516624
0.0155 -0.065 -0.065 -0.065 -0.065 -0.063079685 -0.06790073 -0.0670621 -0.06352492
0.016 -0.065 -0.065 -0.065 -0.065 -0.063121885 -0.06807566 -0.06715338 -0.0635336
0.0165 -0.065 -0.065 -0.065 -0.065 -0.06316352 -0.06824571 -0.067239396 -0.06354255
0.017 -0.065 -0.065 -0.065 -0.065 -0.06320456 -0.068411 -0.067320496 -0.063551694
0.0175 -0.065 -0.065 -0.065 -0.065 -0.06324499 -0.06857162 -0.06739696 -0.063560955
0.018 -0.065 -0.065 -0.065 -0.065 -0.063284785 -0.06872769 -0.067469075 -0.063570276
0.0185 -0.065 -0.065 -0.065 -0.065 -0.06332393 -0.06887926 -0.06753709 -0.0635796
0.019 -0.065 -0.065 -0.065 -0.065 -0.063362405 -0.06902644 -0.067601256 -0.06358888
0.0195 -0.065 -0.065 -0.065 -0.065 -0.06340021 -0.0691693 -0.067661785 -0.0635981
0.02 -0.065 -0.065 -0.065 -0.065 -0.06343733 -0.06930792 -0.06771889 -0.06360721
0.0205 -0.065 -0.065 -0.065 -0.065 -0.06347377 -0.06944236 -0.067772776 -0.063616194
0.021 -0.065 -0.065 -0.065 -0.065 -0.063509524 -0.06957269 -0.06782362 -0.063625045
0.0215 -0.065 -0.065 -0.065 -0.065 -0.063544594 -0.06969897 -0.067871585 -0.06363373
0.022 -0.065 -0.065 -0.065 -0.065 -0.06357897 -0.06982127 -0.06791685 -0.06364225
0.0225 -0.065 -0.065 -0.065 -0.065 -0.06361268 -0.06993966 -0.067959554 -0.06365059
0.023 -0.065 -0.065 -0.065 -0.065 -0.06364569 -0.07005419 -0.06799985 -0.063658744
0.0235 -0.065 -0.065 -0.065 -0.065 -0.06367804 -0.07016493 -0.06803786 -0.06366671
0.024 -0.065 -0.065 -0.065 -0.065 -0.06370972 -0.07027194 -0.06807372 -0.06367448
0.0245 -0.065 -0.065 -0.065 -0.065 -0.06374074 -0.07037528 -0.068107545 -0.06368205
0.025 -0.065 -0.065 -0.065 -0.065 -0.0637711 -0.070475005 -0.06813944 -0.06368942
0.0255 -0.065 -0.065 -0.065 -0.065 -0.06380081 -0.0705712 -0.06816952 -0.06369659
0.026 -0.065 -0.065 -0.065 -0.065 -0.06382989 -0.0706639 -0.068197876 -0.06370357
0.0265 -0.065 -0.065 -0.065 -0.065 -0.06385833 -0.07075317 -0.0682246 -0.06371035
0.027 -0.065 -0.065 -0.065 -0.065 -0.06388615 -0.07083906 -0.06824979 -0.06371692
0.0275 -0.065 -0.065 -0.065 -0.065 -0.063913345 -0.07092168 -0.068273515 -0.0637233
0.028 -0.065 -0.065 -0.065 -0.065 -0.063939944 -0.071001045 -0.068295866 -0.063729495
0.0285 -0.065 -0.065 -0.065 -0.065 -0.06396593 -0.07107723 -0.06831691 -0.06373549
0.029 -0.065 -0.065 -0.065 -0.065 -0.06399134 -0.07115029 -0.0683367 -0.063741304
0.0295 -0.065 -0.065 -0.065 -0.065 -0.06401616 -0.07122029 -0.06835534 -0.06374693
0.03 -0.065 -0.065 -0.065 -0.065 -0.06404041 -0.0712873 -0.06837285 -0.063752376
0.0305 -0.065 -0.065 -0.065 -0.065 -0.0640641 -0.07135135 -0.06838932 -0.06375764
0.031 -0.065 -0.065 -0.065 -0.065 -0.064087234 -0.07141254 -0.068404794 -0.06376273
0.0315 -0.065 -0.065 -0.065 -0.065 -0.064109825 -0.071470916 -0.06841932 -0.06376765
0.032 -0.065 -0.065 -0.065 -0.065 -0.06413187 -0.07152651 -0.06843296 -0.06377239
0.0325 -0.065 -0.065 -0.065 -0.065 -0.064153396 -0.07157943 -0.06844574 -0.06377696
0.033 -0.065 -0.065 -0.065 -0.065 -0.0641744 -0.071629696 -0.06845772 -0.06378138
0.0335 -0.065 -0.065 -0.065 -0.065 -0.06419489 -0.07167739 -0.06846895 -0.06378563
0.034 -0.065 -0.065 -0.065 -0.065 -0.06421488 -0.07172255 -0.06847945 -0.063789725
0.0345 -0.065 -0.065 -0.065 -0.065 -0.064234376 -0.07176526 -0.06848927 -0.06379367
0.035 -0.065 -0.065 -0.065 -0.065 -0.0642534 -0.07180555 -0.06849844 -0.06379746
0.0355 -0.065 -0.065 -0.065 -0.065 -0.06427193 -0.071843505 -0.06850699 -0.063801095
0.036 -0.065 -0.065 -0.065 -0.065 -0.064289995 -0.07187917 -0.068514965 -0.0638046
0.0365 -0.065 -0.065 -0.065 -0.065 -0.0643076 -0.07191259 -0.068522386 -0.06380794
0.037 -0.065 -0.065 -0.065 -0.065 -0.06432477 -0.071943834 -0.068529285 -0.06381116
0.0375 -0.065 -0.065 -0.065 -0.065 -0.06434148 -0.071972944 -0.06853569 -0.06381424
0.038 -0.065 -0.065 -0.065 -0.065 -0.06435776 -0.072 -0.06854162 -0.06381718
0.0385 -0.065 -0.065 -0.065 -0.065 -0.06437361 -0.072025016 -0.068547115 -0.06382
0.039 -0.065 -0.065 -0.065 -0.065 -0.06438905 -0.072048075 -0.06855218 -0.06382267
0.0395 -0.065 -0.065 -0.065 -0.065 -0.06440407 -0.07206922 -0.068556845 -0.063825235
0.04 -0.065 -0.065 -0.065 -0.065 -0.06441869 -0.0720885 -0.06856114 -0.06382767
0.0405 -0.065 -0.065 -0.065 -0.065 -0.06443292 -0.07210599 -0.06856506 -0.06382999
0.041 -0.065 -0.065 -0.065 -0.065 -0.06444675 -0.07212169 -0.06856865 -0.063832186
0.0415 -0.065 -0.065 -0.065 -0.065 -0.0644602 -0.0721357 -0.06857191 -0.063834265
0.042 -0.065 -0.065 -0.065 -0.065 -0.064473286 -0.072148055 -0.068574876 -0.06383624
0.0425 -0.065 -0.065 -0.065 -0.065 -0.064486 -0.072158776 -0.06857754 -0.0638381
0.043 -0.065 -0.065 -0.065 -0.065 -0.06449836 -0.07216793 -0.06857994 -0.06383986
0.0435 -0.065 -0.065 -0.065 -0.065 -0.06451036 -0.07217557 -0.06858207 -0.06384151
0.044 -0.065 -0.065 -0.065 -0.065 -0.06452202 -0.07218173 -0.06858397 -0.06384305
0.0445 -0.065 -0.065 -0.065 -0.065 -0.064533345 -0.072186455 -0.068585634 -0.063844495
0.045 -0.065 -0.065 -0.065 -0.065 -0.064544335 -0.07218979 -0.068587065 -0.06384585
0.0455 -0.065 -0.065 -0.065 -0.065 -0.064555004 -0.072191805 -0.0685883 -0.0638471
0.046 -0.065 -0.065 -0.065 -0.065 -0.064565346 -0.072192505 -0.06858933 -0.06384826
0.0465 -0.065 -0.065 -0.065 -0.065 -0.06457539 -0.07219194 -0.06859017 -0.06384933
0.047 -0.065 -0.065 -0.065 -0.065 -0.06458512 -0.07219016 -0.06859084 -0.063850306
0.0475 -0.065 -0.065 -0.065 -0.065 -0.06459455 -0.072187185 -0.06859134 -0.0638512
0.048 -0.065 -0.065 -0.065 -0.065 -0.064603694 -0.07218308 -0.068591684 -0.063852005
0.0485 -0.065 -0.065 -0.065 -0.065 -0.06461255 -0.072177865 -0.06859188 -0.06385273
0.049 -0.065 -0.065 -0.065 -0.065 -0.06462112 -0.0721716 -0.06859192 -0.06385337
0.0495 -0.065 -0.065 -0.065 -0.065 -0.06462943 -0.07216429 -0.06859185 -0.063853934
0.05 -0.065 -0.065 -0.065 -0.065 -0.06463746 -0.072156 -0.06859164 -0.06385442
0.0505 -0.065 -0.065 -0.065 -0.065 -0.06464523 -0.07214673 -0.06859131 -0.06385483
0.051 -0.065 -0.065 -0.065 -0.065 -0.06465274 -0.072136566 -0.06859087 -0.063855164
0.0515 -0.065 -0.065 -0.065 -0.065 -0.064660005 -0.072125494 -0.06859033 -0.063855425
0.052 -0.065 -0.065 -0.065 -0.065 -0.064667016 -0.07211356 -0.06858967 -0.06385562
0.0525 -0.065 -0.065 -0.065 -0.065 -0.0646738 -0.07210082 -0.068588935 -0.063855745
0.053 -0.065 -0.065 -0.065 -0.065 -0.06468034 -0.07208726 -0.0685881 -0.063855805
0.0535 -0.065 -0.065 -0.065 -0.065 -0.06468665 -0.07207297 -0.06858719 -0.063855805
0.054 -0.065 -0.065 -0.065 -0.065 -0.064692736 -0.072057925 -0.06858619 -0.06385574
0.0545 -0.065 -0.065 -0.065 -0.065 -0.06469861 -0.07204218 -0.06858512 -0.0638556
0.055 -0.065 -0.065 -0.065 -0.065 -0.064704254 -0.072025776 -0.06858398 -0.06385542
0.0555 -0.065 -0.065 -0.065 -0.065 -0.0647097 -0.0720087 -0.06858277 -0.06385517
0.056 -0.065 -0.065 -0.065 -0.065 -0.06471494 -0.07199102 -0.0685815 -0.063854866
0.0565 -0.065 -0.065 -0.065 -0.065 -0.064719975 -0.071972735 -0.068580166 -0.0638545
0.057 -0.065 -0.065 -0.065 -0.065 -0.06472482 -0.07195389 -0.06857879 -0.06385409
0.0575 -0.065 -0.065 -0.065 -0.065 -0.06472947 -0.07193449 -0.06857735 -0.06385362
0.058 -0.065 -0.065 -0.065 -0.065 -0.06473393 -0.07191459 -0.06857586 -0.06385311
0.0585 -0.065 -0.065 -0.065 -0.065 -0.064738214 -0.07189419 -0.06857433 -0.06385254
0.059 -0.065 -0.065 -0.065 -0.065 -0.06474232 -0.07187332 -0.06857276 -0.06385192
0.0595 -0.065 -0.065 -0.065 -0.065 -0.064746246 -0.071852 -0.06857114 -0.06385126
0.06 -0.065 -0.065 -0.065 -0.065 -0.06475001 -0.07183025 -0.06856949 -0.06385055
0.0605 -0.065 -0.065 -0.065 -0.065 -0.06475361 -0.0718081 -0.068567805 -0.0638498
0.061 -0.065 -0.065 -0.065 -0.065 -0.06475704 -0.07178558 -0.068566084 -0.06384901
0.0615 -0.065 -0.065 -0.065 -0.065 -0.06476032 -0.071762666 -0.06856433 -0.06384817
0.062 -0.065 -0.065 -0.065 -0.065 -0.06476344 -0.07173942 -0.06856256 -0.063847296
0.0625 -0.065 -0.065 -0.065 -0.065 -0.06476642 -0.07171587 -0.06856076 -0.06384638
0.063 -0.065 -0.065 -0.065 -0.065 -0.06476924 -0.07169199 -0.068558924 -0.063845426
0.0635 -0.065 -0.065 -0.065 -0.065 -0.06477193 -0.07166782 -0.06855707 -0.06384443
0.064 -0.065 -0.065 -0.065 -0.065 -0.064774476 -0.07164338 -0.06855519 -0.0638434
0.0645 -0.065 -0.065 -0.065 -0.065 -0.06477688 -0.071618706 -0.0685533 -0.06384234
0.065 -0.065 -0.065 -0.065 -0.065 -0.06477916 -0.07159378 -0.06855139 -0.063841246
0.0655 -0.065 -0.065 -0.065 -0.065 -0.06478131 -0.07156862 -0.068549454 -0.06384011
0.066 -0.065 -0.065 -0.065 -0.065 -0.064783335 -0.07154329 -0.06854751 -0.06383895
0.0665 -0.065 -0.065 -0.065 -0.065 -0.06478524 -0.071517736 -0.06854556 -0.06383776
0.067 -0.065 -0.065 -0.065 -0.065 -0.06478703 -0.071492046 -0.06854358 -0.06383654
0.0675 -0.065 -0.065 -0.065 -0.065 -0.0647887 -0.07146616 -0.068541594 -0.063835286
0.068 -0.065 -0.065 -0.065 -0.065 -0.06479025 -0.071440145 -0.0685396 -0.06383401
0.0685 -0.065 -0.065 -0.065 -0.065 -0.064791694 -0.07141401 -0.06853759 -0.06383271
0.069 -0.065 -0.065 -0.065 -0.065 -0.064793035 -0.07138773 -0.06853558 -0.063831374
0.0695 -0.065 -0.065 -0.065 -0.065 -0.06479427 -0.071361355 -0.068533555 -0.06383001
0.07 -0.065 -0.065 -0.065 -0.065 -0.064795405 -0.07133487 -0.06853153 -0.06382863
0.0705 -0.065 -0.065 -0.065 -0.065 -0.06479643 -0.071308315 -0.06852949 -0.06382723
0.071 -0.065 -0.065 -0.065 -0.065 -0.06479737 -0.07128169 -0.068527445 -0.0638258
0.0715 -0.065 -0.065 -0.065 -0.065 -0.06479822 -0.071255 -0.068525404 -0.063824356
0.072 -0.065 -0.065 -0.065 -0.065 -0.06479897 -0.07122825 -0.068523355 -0.06382288
0.0725 -0.065 -0.065 -0.065 -0.065 -0.064799644 -0.07120147 -0.0685213 -0.06382139
0.073 -0.065 -0.065 -0.065 -0.065 -0.064800225 -0.07117466 -0.06851924 -0.063819885
0.0735 -0.065 -0.065 -0.065 -0.065 -0.064800724 -0.07114783 -0.06851718 -0.06381835
0.074 -0.065 -0.065 -0.065 -0.065 -0.064801134 -0.07112098 -0.068515114 -0.06381681
0.0745 -0.065 -0.065 -0.065 -0.065 -0.06480147 -0.07109413 -0.06851304 -0.06381524
0.075 -0.065 -0.065 -0.065 -0.065 -0.06480174 -0.07106729 -0.06851099 -0.063813664
0.0755 -0.065 -0.065 -0.065 -0.065 -0.064801924 -0.07104045 -0.068508916 -0.06381206
0.076 -0.065 -0.065 -0.065 -0.065 -0.064802036 -0.07101366 -0.06850685 -0.06381045
0.0765 -0.065 -0.065 -0.065 -0.065 -0.06480208 -0.07098688 -0.068504795 -0.06380883
0.077 -0.065 -0.065 -0.065 -0.065 -0.064802065 -0.07096015 -0.06850273 -0.06380719
0.0775 -0.065 -0.065 -0.065 -0.065 -0.064801976 -0.07093345 -0.06850067 -0.063805535
0.078 -0.065 -0.065 -0.065 -0.065 -0.06480182 -0.07090682 -0.06849861 -0.063803874
0.0785 -0.065 -0.065 -0.065 -0.065 -0.0648016 -0.070880234 -0.068496555 -0.06380219
0.079 -0.065 -0.065 -0.065 -0.065 -0.064801335 -0.070853725 -0.0684945 -0.0638005
0.0795 -0.065 -0.065 -0.065 -0.065 -0.064801 -0.07082728 -0.06849245 -0.0637988
0.08 -0.065 -0.065 -0.065 -0.065 -0.06480061 -0.07080092 -0.06849039 -0.06379709
0.0805 -0.065 -0.065 -0.065 -0.065 -0.06480017 -0.07077463 -0.068488345 -0.063795365
0.081 -0.065 -0.065 -0.065 -0.065 -0.064799674 -0.07074845 -0.0684863 -0.06379364
0.0815 -0.065 -0.065 -0.065 -0.065 -0.06479913 -0.07072234 -0.06848426 -0.0637919
0.082 -0.065 -0.065 -0.065 -0.065 -0.064798534 -0.070696354 -0.06848222 -0.06379015
0.0825 -0.065 -0.065 -0.065 -0.065 -0.064797886 -0.070670456 -0.06848019 -0.0637884
0.083 -0.065 -0.065 -0.065 -0.065 -0.06479719 -0.07064466 -0.06847817 -0.06378663
0.0835 -0.065 -0.065 -0.065 -0.065 -0.06479646 -0.070618995 -0.06847614 -0.06378487
0.084 -0.065 -0.065 -0.065 -0.065 -0.06479568 -0.07059343 -0.06847412 -0.063783094
0.0845 -0.065 -0.065 -0.065 -0.065 -0.06479486 -0.070568 -0.0684721 -0.063781306
0.085 -0.065 -0.065 -0.065 -0.065 -0.064794 -0.07054268 -0.0684701 -0.06377952
0.0855 -0.065 -0.065 -0.065 -0.065 -0.064793095 -0.070517495 -0.068468094 -0.06377773
0.086 -0.065 -0.065 -0.065 -0.065 -0.064792156 -0.07049245 -0.0684661 -0.063775934
0.0865 -0.065 -0.065 -0.065 -0.065 -0.06479119 -0.07046753 -0.0684641 -0.06377413
0.087 -0.065 -0.065 -0.065 -0.065 -0.064790174 -0.07044275 -0.06846212 -0.06377233
0.0875 -0.065 -0.065 -0.065 -0.065 -0.06478913 -0.07041811 -0.06846014 -0.063770525
0.088 -0.065 -0.065 -0.065 -0.065 -0.06478806 -0.07039361 -0.06845816 -0.06376871
0.0885 -0.065 -0.065 -0.065 -0.065 -0.064786956 -0.07036927 -0.06845619 -0.0637669
0.089 -0.065 -0.065 -0.065 -0.065 -0.064785816 -0.070345074 -0.06845423 -0.063765086
0.0895 -0.065 -0.065 -0.065 -0.065 -0.064784646 -0.07032102 -0.06845227 -0.06376327
0.09 -0.065 -0.065 -0.065 -0.065 -0.064783454 -0.07029715 -0.06845032 -0.06376145
0.0905 -0.065 -0.065 -0.065 -0.065 -0.06478223 -0.070273414 -0.06844838 -0.06375963
0.091 -0.065 -0.065 -0.065 -0.065 -0.064780995 -0.07024984 -0.068446435 -0.063757814
0.0915 -0.065 -0.065 -0.065 -0.065 -0.06477972 -0.070226416 -0.068444505 -0.06375599
0.092 -0.065 -0.065 -0.065 -0.065 -0.064778425 -0.07020317 -0.06844258 -0.06375417
0.0925 -0.065 -0.065 -0.065 -0.065 -0.064777106 -0.07018007 -0.06844065 -0.063752346
0.093 -0.065 -0.065 -0.065 -0.065 -0.06477577 -0.07015715 -0.06843874 -0.06375053
0.0935 -0.065 -0.065 -0.065 -0.065 -0.06477442 -0.07013439 -0.06843684 -0.06374871
0.094 -0.065 -0.065 -0.065 -0.065 -0.06477304 -0.07011178 -0.06843494 -0.06374689
0.0945 -0.065 -0.065 -0.065 -0.065 -0.06477164 -0.07008938 -0.06843305 -0.06374508
0.095 -0.065 -0.065 -0.065 -0.065 -0.06477022 -0.07006712 -0.06843116 -0.06374326
0.0955 -0.065 -0.065 -0.065 -0.065 -0.06476879 -0.07004503 -0.068429284 -0.06374145
0.096 -0.065 -0.065 -0.065 -0.065 -0.064767346 -0.07002312 -0.06842741 -0.063739635
0.0965 -0.065 -0.065 -0.065 -0.065 -0.064765885 -0.07000138 -0.06842554 -0.063737825
0.097 -0.065 -0.065 -0.065 -0.065 -0.06476441 -0.06997982 -0.06842369 -0.06373602
0.0975 -0.065 -0.065 -0.065 -0.065 -0.06476291 -0.06995843 -0.06842184 -0.06373422
0.098 -0.065 -0.065 -0.065 -0.065 -0.0647614 -0.069937214 -0.06842 -0.063732415
0.0985 -0.065 -0.065 -0.065 -0.065 -0.06475989 -0.06991616 -0.06841816 -0.06373062
0.099 -0.065 -0.065 -0.065 -0.065 -0.06475835 -0.06989531 -0.068416335 -0.063728824
0.0995 -0.065 -0.065 -0.065 -0.065 -0.06475681 -0.069874614 -0.068414524 -0.063727036
0.1 -0.065 -0.065 -0.065 -0.065 -0.06473499 -0.06989427 -0.06840496 -0.06371128
0.1005 -0.06495845 -0.0649554 -0.06493943 -0.06493368 -0.06451947 -0.07024929 -0.06831546 -0.06355297
0.101 -0.06476983 -0.06476719 -0.06470129 -0.06468842 -0.06420596 -0.07037024 -0.06811204 -0.06324628
0.1015 -0.06445138 -0.06439593 -0.06429705 -0.06430224 -0.063825786 -0.07021421 -0.06779054 -0.06280634
0.102 -0.06404303 -0.06382072 -0.06375165 -0.06380187 -0.06339475 -0.06979478 -0.06734986 -0.062247023
0.1025 -0.06356985 -0.06302987 -0.06308012 -0.06319848 -0.06292175 -0.06912628 -0.066788994 -0.061579157
0.103 -0.06304464 -0.06201652 -0.06228941 -0.0624978 -0.062411554 -0.068219006 -0.066106945 -0.060811095
0.1035 -0.06247358 -0.0607766 -0.0613822 -0.06170385 -0.061866336 -0.06707989 -0.06530273 -0.059949342
0.104 -0.06185963 -0.05930789 -0.06035924 -0.06082002 -0.06128667 -0.065713555 -0.0643755 -0.05899904
0.1045 -0.06120427 -0.05760944 -0.05922055 -0.05984945 -0.060672164 -0.06412329 -0.06332458 -0.057964355
0.105 -0.06050831 -0.05568132 -0.05796589 -0.05879504 -0.06002192 -0.06231143 -0.062149413 -0.056848723
0.1055 -0.05977224 -0.0535244 -0.05659504 -0.05765957 -0.059334777 -0.060279857 -0.060849626 -0.055655047
0.106 -0.05899546 -0.0511396 -0.05510615 -0.0564449 -0.058609545 -0.05803021 -0.05942497 -0.054385833
0.1065 -0.0581744 -0.04852565 -0.05349352 -0.05515083 -0.057845052 -0.05556405 -0.05787533 -0.0530433
0.107 -0.05731369 -0.04568513 -0.05176502 -0.05378135 -0.05704025 -0.05288288 -0.056200713 -0.05162943
0.1075 -0.05641626 -0.04262386 -0.04992385 -0.05234126 -0.056194242 -0.049988396 -0.054401245 -0.050146054
0.108 -0.05548244 -0.03934503 -0.04796982 -0.05083363 -0.055306263 -0.046882316 -0.052477147 -0.048594847
0.1085 -0.05451179 -0.0358519 -0.04590214 -0.04926075 -0.054375745 -0.04356651 -0.05042877 -0.0469774
0.109 -0.0535038 -0.03214952 -0.04372035 -0.04762395 -0.05340223 -0.040042974 -0.0482565 -0.045295212
0.1095 -0.05245815 -0.02824209 -0.04142436 -0.04592458 -0.05238544 -0.036313824 -0.045960855 -0.043549716
0.11 -0.05137475 -0.02413329 -0.03901442 -0.04416415 -0.051325195 -0.0323813 -0.04354241 -0.04174228
0.1105 -0.05025371 -0.0198266 -0.03649102 -0.0423442 -0.05022145 -0.028247718 -0.041001815 -0.03987425
0.111 -0.04909524 -0.01532544 -0.0338548 -0.04046626 -0.049074274 -0.02391554 -0.038339823 -0.037946902
0.1115 -0.04789961 -0.01063323 -0.03110652 -0.03853187 -0.047883824 -0.01938729 -0.035557203 -0.035961505
0.112 -0.04666714 -0.005753425 -0.02824699 -0.03654249 -0.04665032 -0.014665537 -0.032654814 -0.03391929
0.1125 -0.04539811 -0.0006874495 -0.02523721 -0.03449942 -0.045374088 -0.009753 -0.029633585 -0.031821456
0.113 -0.04409144 0.004558549 -0.02211091 -0.0324025 -0.0440555 -0.004652381 -0.026494501 -0.029669203
0.1135 -0.04274659 0.009961022 -0.01890094 -0.0302532 -0.04269499 0.0006335564 -0.023238538 -0.027463675
0.114 -0.04136667 0.01551255 -0.01560706 -0.02805485 -0.041293025 0.006101992 -0.019866787 -0.025206022
0.1145 -0.03995285 0.02121738 -0.01222051 -0.02580894 -0.039850123 0.011750113 -0.016380336 -0.022897363
0.115 -0.03850527 0.0270823 -0.008733866 -0.02351653 -0.038366854 0.017575026 -0.012780335 -0.020538826
0.1155 -0.0370238 0.03311265 -0.005142941 -0.02117857 -0.036843784 0.02357383 -0.00906796 -0.018131487
0.116 -0.0355084 0.03931106 -0.001446131 -0.01879603 -0.035281546 0.02974362 -0.0052444227 -0.015676443
0.1165 -0.03395916 0.04567759 0.00235663 -0.01637007 -0.033680767 0.03608147 -0.0013109781 -0.013174765
0.117 -0.03237803 0.05221057 0.006264674 -0.01390471 -0.032042086 0.042584453 0.0027311035 -0.010627508
0.1175 -0.03076609 0.05890653 0.01027501 -0.01139953 -0.030366194 0.049249645 0.0068805516 -0.008035712
0.118 -0.02912147 0.065761 0.01438623 -0.008853271 -0.028653763 0.056074094 0.011136018 -0.0054004267
0.1185 -0.02744522 0.07276489 0.01844528 -0.006272898 -0.026905477 0.063054904 0.015496202 -0.0027226657
0.119 -0.02574013 0.07990804 0.02257087 -0.003661601 -0.025122035 0.07018915 0.019959755 -3.4347177e-06
0.1195 -0.02400396 0.0871896 0.02685341 -0.001011554 -0.023304135 0.077473894 0.024525285 0.0027562454
0.12 -0.02223533 0.09460874 0.03128353 0.001679152 -0.02145248 0.08490622 0.029191434 0.0055553988
0.1205 -0.02043413 0.1021634 0.0358424 0.004409896 -0.019567765 0.09248327 0.033956833 0.008393049
0.121 -0.01859965 0.1098507 0.04051699 0.00717957 -0.01765071 0.10020214 0.03882008 0.011268213
0.1215 -0.01673173 0.1176676 0.04529819 0.009986889 -0.015702 0.10806002 0.043779805 0.01417993
0.122 -0.01483104 0.1256109 0.05017913 0.0128306 -0.013722334 0.11605401 0.048834562 0.017127275
0.1225 -0.01290142 0.1336759 0.05506136 0.01570369 -0.011712398 0.124181345 0.05398296 0.020109288
0.123 -0.01094856 0.1418567 0.06000754 0.01860173 -0.00967288 0.1324391 0.059223585 0.02312503
0.1235 -0.008971151 0.1501515 0.06507345 0.02151119 -0.0076044537 0.14082466 0.06455511 0.026173614
0.124 -0.006974073 0.1585602 0.0702589 0.02443252 -0.005507756 0.1493352 0.069976084 0.029254153
0.1245 -0.004948785 0.1670804 0.07555846 0.0273902 -0.0033834986 0.15796795 0.07548508 0.032365702
0.125 -0.002889279 0.1757099 0.08096289 0.03038933 -0.0012322776 0.16672027 0.08108075 0.03550741
0.1255 -0.00079745 0.1844475 0.08646268 0.0334308 0.000945244 0.1755894 0.08676168 0.038678408
0.126 0.001314785 0.193292 0.09204385 0.03650119 0.0031484514 0.18457276 0.092526555 0.041877836
0.1265 0.003447698 0.2022399 0.09770142 0.03959594 0.00537676 0.1936677 0.09837398 0.04510486
0.127 0.005613504 0.2112877 0.1034391 0.04272461 0.0076295584 0.20287162 0.104302585 0.04835865
0.1275 0.007816249 0.2204329 0.1092564 0.0458894 0.009906277 0.21218194 0.11031106 0.051638395
0.128 0.01005281 0.2293106 0.1151465 0.04908731 0.012206338 0.22159615 0.11639807 0.054943286
0.1285 0.01231323 0.2377492 0.1210887 0.0523127 0.014529198 0.2311118 0.12256226 0.058272526
0.129 0.01460086 0.246205 0.1270869 0.05556845 0.016874302 0.24072626 0.12880231 0.06162533
0.1295 0.01691904 0.2548774 0.1331515 0.05885467 0.019241143 0.2504371 0.13511698 0.06500095
0.13 0.0192676 0.2638413 0.1392897 0.06217027 0.02162921 0.260242 0.14150487 0.068398654
0.1305 0.02164498 0.2731064 0.1455045 0.06551399 0.024038006 0.2701384 0.14796484 0.07181765
0.131 0.02404946 0.2826506 0.1517965 0.06888461 0.026467081 0.28012413 0.1544955 0.075257316
0.1315 0.02647966 0.2924393 0.1581645 0.07228106 0.02891596 0.29019672 0.1610957 0.078716874
0.132 0.02893456 0.3024354 0.1646066 0.07570238 0.031384174 0.3003539 0.16776413 0.082195655
0.1325 0.03141343 0.312604 0.1711206 0.07914774 0.03387132 0.31059325 0.17449957 0.08569294
0.133 0.03391592 0.3229148 0.1777043 0.08261646 0.036377 0.3209127 0.18130082 0.08920817
0.1335 0.03644124 0.333343 0.1843554 0.08610676 0.03890075 0.33130974 0.1881666 0.09274061
0.134 0.03897782 0.3438689 0.1910699 0.08960028 0.04144222 0.3417823 0.19509575 0.09628968
0.1345 0.04152737 0.3544763 0.1978458 0.09310624 0.04400103 0.35232818 0.20208704 0.09985472
0.135 0.0441007 0.3651531 0.2046843 0.09663637 0.04657684 0.3629452 0.20913932 0.103435144
0.1355 0.04670221 0.3758904 0.2115854 0.1001931 0.049169246 0.37363118 0.21625128 0.10703038
0.136 0.04933174 0.3866821 0.2185479 0.1037756 0.051777963 0.38438395 0.22342184 0.110639825
0.1365 0.05198753 0.3975238 0.2255703 0.1073824 0.054402623 0.3952014 0.23064986 0.11426298
0.137 0.05466772 0.4084127 0.2326512 0.1110123 0.057042953 0.40608138 0.237934 0.11789921
0.1375 0.05737077 0.4193469 0.2397892 0.114664 0.059698608 0.41702178 0.24527311 0.12154801
0.138 0.06009557 0.4303252 0.2469833 0.1183366 0.06236932 0.4280205 0.25266615 0.12520894
0.1385 0.06284133 0.4413473 0.2542324 0.1220251 0.06505479 0.4390755 0.2601116 0.12888138
0.139 0.06560735 0.4524128 0.2615355 0.1257256 0.067754716 0.45018458 0.26760846 0.13256489
0.1395 0.06839318 0.4635217 0.2688918 0.1294463 0.07046884 0.46134576 0.2751555 0.13625897
0.14 0.07119642 0.4746735 0.2763002 0.1331852 0.07319689 0.47255692 0.28275144 0.13996315
0.1405 0.07400354 0.4858659 0.2837572 0.1369328 0.0759386 0.48381594 0.29039502 0.14367694
0.141 0.07682344 0.4970983 0.2912629 0.1406975 0.0786937 0.4951208 0.29808506 0.14739987
0.1415 0.07966686 0.5083713 0.2988191 0.1444829 0.08146192 0.5064695 0.30582014 0.15113159
0.142 0.08253488 0.5196856 0.3064254 0.1482845 0.084243 0.5178598 0.31359902 0.15487151
0.1425 0.08540815 0.5310405 0.3140747 0.1520577 0.0870367 0.52928966 0.32142046 0.15861931
0.143 0.08828691 0.5424355 0.3217639 0.15582 0.08984277 0.540757 0.32928303 0.16237456
0.1435 0.09118723 0.5538722 0.3295002 0.159608 0.09266089 0.5522597 0.33718532 0.16613673
0.144 0.09411681 0.5653522 0.337287 0.1634299 0.09549087 0.5637956 0.34512603 0.1699055
0.1445 0.09707571 0.5768765 0.3451238 0.1672841 0.09833239 0.5753628 0.3531037 0.17368047
0.145 0.100061 0.5884455 0.3530088 0.1711672 0.1011852 0.5869589 0.36111686 0.17746115
0.1455 0.1030693 0.6000594 0.3609403 0.1750755 0.10404904 0.598582 0.3691641 0.18124719
0.146 0.1060977 0.6117176 0.3689166 0.1790059 0.106923625 0.6102297 0.37724388 0.18503816
0.1465 0.1091441 0.6234197 0.3769362 0.182956 0.10980864 0.62189996 0.38535455 0.1888337
0.147 0.1122075 0.6351654 0.3849983 0.1869243 0.1127038 0.6335907 0.39349473 0.19263335
0.1475 0.1152718 0.6469524 0.3930982 0.1908776 0.11560878 0.6452995 0.40166268 0.19643669
0.148 0.1183318 0.6587793 0.4012321 0.1948248 0.118523285 0.65702426 0.40985683 0.20024337
0.1485 0.1214073 0.6706467 0.4094056 0.1987922 0.12144704 0.66876274 0.41807547 0.20405297
0.149 0.1245082 0.6825549 0.4176213 0.2027855 0.124379665 0.6805128 0.42631698 0.20786507
0.1495 0.1276336 0.6945038 0.425879 0.2067109 0.1273208 0.69227207 0.43457952 0.21167924
0.15 0.1307637 0.706493 0.4341757 0.2104817 0.13026227 0.70402104 0.44284716 0.21548404
0.1505 0.1338628 0.7184771 0.4424493 0.2142602 0.1331346 0.7156008 0.45099056 0.21918152
0.151 0.1368378 0.7303564 0.4505833 0.2178492 0.13594842 0.7270093 0.4590152 0.22278084
0.1515 0.1397075 0.7420893 0.4585863 0.2211856 0.13871175 0.7382443 0.4669255 0.22628959
0.152 0.1425096 0.753654 0.4664836 0.2245138 0.14143072 0.7493045 0.47472495 0.22971387
0.1525 0.145266 0.7650389 0.4742913 0.2278486 0.14411004 0.7601881 0.4824162 0.23305891
0.153 0.1479867 0.7762368 0.4820159 0.2311809 0.14675319 0.77089447 0.49000144 0.23632894
0.1535 0.1506769 0.7872434 0.4896592 0.2344939 0.14936282 0.7814229 0.49748254 0.23952772
0.154 0.1533387 0.798056 0.4972211 0.2377739 0.15194084 0.7917729 0.50486106 0.2426583
0.1545 0.1559732 0.8086722 0.5047007 0.2408127 0.15448862 0.8019445 0.5121382 0.24572356
0.155 0.1585799 0.8190905 0.512097 0.2436988 0.15700726 0.81193787 0.51931524 0.24872567
0.1555 0.1611574 0.8293093 0.5191529 0.2466007 0.15949734 0.8217531 0.5263933 0.2516669
0.156 0.1636966 0.8392923 0.525276 0.2495087 0.16195935 0.831391 0.53337306 0.25454903
0.1565 0.1661851 0.8490396 0.5315281 0.2523932 0.16439357 0.8408525 0.5402557 0.25737375
0.157 0.1686392 0.8585782 0.5381287 0.2552466 0.16680013 0.85013866 0.54704213 0.26014268
0.1575 0.17105 0.8679293 0.5449363 0.2580383 0.1691791 0.8592508 0.55373317 0.2628572
0.158 0.1734129 0.8770759 0.5508304 0.2607705 0.17153047 0.86819005 0.5603296 0.26551855
0.1585 0.1757404 0.8860029 0.556701 0.2634506 0.1738542 0.8769584 0.56683224 0.2681281
0.159 0.1780596 0.8947404 0.5629915 0.2660995 0.17615023 0.8855572 0.5732422 0.27068692
0.1595 0.1803758 0.9033154 0.5696166 0.2687125 0.17841844 0.8939885 0.5795599 0.27319616
0.16 0.1826618 0.9117418 0.5764052 0.2712541 0.18065885 0.9022545 0.5857867 0.27565688
0.1605 0.1849207 0.9200274 0.5832257 0.2737481 0.18287136 0.9103571 0.59192324 0.27806997
0.161 0.1871708 0.9281745 0.5899978 0.2762102 0.1850559 0.9182988 0.5979706 0.28043652
0.1615 0.1894157 0.9361825 0.5966755 0.2786417 0.18721248 0.9260815 0.60392934 0.2827574
0.162 0.1916514 0.9440494 0.6032354 0.2810395 0.18934117 0.93370783 0.60980076 0.28503364
0.1625 0.1938726 0.951771 0.609668 0.2834007 0.19144191 0.94118017 0.61558557 0.28726596
0.163 0.1960681 0.9593463 0.6159607 0.2857175 0.19351473 0.9485011 0.62128466 0.2894554
0.1635 0.1982065 0.9667741 0.6220781 0.2879633 0.19555978 0.9556731 0.62689924 0.29160273
0.164 0.2003145 0.9740542 0.6280758 0.29016 0.19757707 0.9626987 0.63243 0.29370868
0.1645 0.2024099 0.981189 0.6339815 0.292323 0.19956683 0.96958053 0.63787794 0.29577416
0.165 0.2044951 0.988181 0.6397991 0.294455 0.20152913 0.9763214 0.64324415 0.2977999
0.1655 0.2065665 0.9950329 0.6455272 0.296555 0.20346414 0.9829236 0.64852965 0.2997868
0.166 0.208619 1.001747 0.6511644 0.2986214 0.205372 0.98939 0.6537351 0.30173546
0.1665 0.210648 1.008322 0.6567092 0.3006336 0.20725305 0.99572325 0.6588618 0.30364674
0.167 0.2126465 1.014759 0.6621594 0.302581 0.20910735 1.001926 0.6639105 0.3055213
0.1675 0.2146164 1.021064 0.6675196 0.3044923 0.21093522 1.0080007 0.6688825 0.30735987
0.168 0.2165626 1.027241 0.6727944 0.3063786 0.21273686 1.0139501 0.6737785 0.30916333
0.1685 0.2184864 1.033294 0.6779861 0.3082384 0.21451254 1.0197769 0.6785996 0.3109321
0.169 0.2203652 1.039225 0.6830915 0.3100352 0.2162625 1.0254834 0.6833466 0.31266707
0.1695 0.2222041 1.045036 0.6881113 0.3117883 0.2179871 1.0310724 0.6880207 0.31436878
0.17 0.2240247 1.050731 0.6930524 0.3135212 0.21968655 1.0365462 0.6926228 0.31603795
0.1705 0.2258352 1.05631 0.697919 0.3152383 0.2213612 1.0419073 0.6971539 0.31767523
0.171 0.2275742 1.061778 0.7027123 0.3169384 0.22301127 1.0471585 0.701615 0.31928122
0.1715 0.2290627 1.067135 0.7074321 0.3186188 0.22463717 1.0523016 0.70600694 0.32085657
0.172 0.2305804 1.072385 0.7120784 0.3202765 0.2262391 1.0573397 0.71033055 0.32240194
0.1725 0.2322 1.07753 0.7166526 0.3219108 0.22781746 1.0622745 0.7145871 0.32391787
0.173 0.2338995 1.082572 0.7211562 0.3235213 0.22937246 1.0671085 0.7187775 0.32540488
0.1735 0.2356412 1.087513 0.72559 0.3251079 0.2309045 1.0718441 0.72290254 0.32686365
0.174 0.2373949 1.092355 0.7299551 0.3266703 0.23241387 1.0764834 0.72696316 0.32829475
0.1745 0.2391401 1.097101 0.734252 0.3282084 0.23390089 1.0810285 0.7309603 0.32969868
0.175 0.2408651 1.101753 0.7384816 0.3297222 0.23536588 1.0854818 0.734895 0.3310761
0.1755 0.2425535 1.10631 0.7426427 0.3311923 0.23680915 1.0898451 0.7387681 0.33242732
0.176 0.2441833 1.110768 0.7467283 0.3325997 0.23823102 1.0941204 0.7425805 0.3337531
0.1765 0.2457771 1.115133 0.7507449 0.3339814 0.23963182 1.09831 0.746333 0.33505392
0.177 0.247353 1.119412 0.7546996 0.3353517 0.24101181 1.1024157 0.75002664 0.33633018
0.1775 0.2489154 1.123608 0.758595 0.3367118 0.24237134 1.1064394 0.7536622 0.3375824
0.178 0.2504633 1.127725 0.7624315 0.3380601 0.24371068 1.1103829 0.75724065 0.33881116
0.1785 0.2519937 1.131763 0.7662093 0.3393937 0.24503015 1.114248 0.7607627 0.34001684
0.179 0.2535041 1.135724 0.7699283 0.3407103 0.2463301 1.1180367 0.76422924 0.3412
0.1795 0.2549934 1.13961 0.7735886 0.3420094 0.24761073 1.1217508 0.7676413 0.34236097
0.18 0.2564472 1.143417 0.7771868 0.3432505 0.24887241 1.1253916 0.77099943 0.34350032
0.1805 0.257843 1.147143 0.7807061 0.3444158 0.25011545 1.128961 0.7743048 0.34461844
0.181 0.2591731 1.150789 0.7841016 0.3455506 0.25134006 1.1324608 0.77755773 0.34571576
0.1815 0.260489 1.154358 0.7874411 0.3466873 0.25254655 1.1358923 0.7807594 0.34679276
0.182 0.2617939 1.157855 0.7907188 0.3478292 0.25373518 1.1392571 0.7839105 0.34784973
0.1825 0.2630826 1.161283 0.793935 0.3489706 0.25490627 1.1425568 0.78701174 0.3488872
0.183 0.2643826 1.164644 0.7971374 0.3501096 0.25606012 1.1457928 0.79006404 0.3499055
0.1835 0.2656926 1.167944 0.8003261 0.3512431 0.2571969 1.1489667 0.7930681 0.350905
0.184 0.2670044 1.171184 0.8034889 0.3523685 0.25831696 1.1520796 0.7960246 0.3518862
0.1845 0.2683106 1.174366 0.8066148 0.3534839 0.25942054 1.155133 0.7989343 0.35284936
0.185 0.2696019 1.177491 0.8096964 0.3545857 0.26050785 1.1581284 0.801798 0.35379493
0.1855 0.2708533 1.18056 0.8127275 0.3556629 0.2615792 1.161067 0.8046164 0.35472316
0.186 0.2720771 1.183573 0.815707 0.3567228 0.26263478 1.1639498 0.80739015 0.35563445
0.1865 0.2732902 1.186528 0.8186364 0.3577553 0.26367489 1.1667786 0.8101199 0.35652924
0.187 0.2744963 1.189423 0.8215166 0.3587614 0.26469973 1.169554 0.8128066 0.3574078
0.1875 0.275694 1.192263 0.8243483 0.3597548 0.26570955 1.1722776 0.8154507 0.35827047
0.188 0.2768814 1.19505 0.8271321 0.360739 0.26670462 1.1749502 0.81805295 0.3591175
0.1885 0.278056 1.197784 0.8298293 0.3617114 0.26768517 1.1775734 0.8206139 0.35994923
0.189 0.2792153 1.200458 0.8323321 0.3626579 0.26865134 1.180148 0.82313454 0.36076605
0.1895 0.280358 1.20307 0.8346858 0.3635939 0.2696034 1.1826749 0.82561505 0.3615682
0.19 0.2814842 1.205622 0.8369644 0.3645244 0.27054155 1.1851554 0.8280564 0.362356
0.1905 0.2825945 1.208117 0.8392192 0.3654485 0.2714661 1.1875904 0.8304592 0.36312973
0.191 0.2836893 1.210557 0.8414773 0.366365 0.27237716 1.1899809 0.83282375 0.36388975
0.1915 0.284769 1.212945 0.8437479 0.3672725 0.273275 1.192328 0.8351509 0.36463618
0.192 0.2858339 1.215289 0.8460308 0.3681706 0.27415973 1.1946324 0.83744144 0.36536944
0.1925 0.2868812 1.217587 0.8478961 0.3690565 0.2750317 1.1968952 0.8396956 0.3660897
0.193 0.287869 1.219779 0.8483256 0.369912 0.27589095 1.1991173 0.8419141 0.36679733
0.1935 0.2888277 1.221861 0.8491177 0.3707542 0.2767378 1.2012993 0.84409755 0.3674925
0.194 0.2897893 1.223882 0.8506457 0.3715902 0.27757236 1.2034423 0.8462464 0.3681755
0.1945 0.2907583 1.225876 0.8527296 0.3724195 0.27839494 1.2055473 0.8483614 0.36884654
0.195 0.2917299 1.227865 0.8551321 0.3732408 0.27920556 1.2076147 0.85044295 0.36950588
0.1955 0.2926661 1.22985 0.8576386 0.3740325 0.2800045 1.2096455 0.8524915 0.37015378
0.196 0.2935271 1.231827 0.8601187 0.3747723 0.2807919 1.2116405 0.85450786 0.37079042
0.1965 0.2943784 1.23379 0.8625808 0.3755002 0.28156802 1.2136004 0.8564922 0.3714161
0.197 0.2952485 1.235739 0.8650106 0.3762311 0.28233305 1.2155261 0.85844535 0.3720309
0.1975 0.296138 1.237674 0.8673895 0.3769662 0.283087 1.217418 0.8603677 0.37263525
0.198 0.2970305 1.239589 0.8697044 0.3776843 0.2838302 1.219277 0.8622597 0.3732292
0.1985 0.2979101 1.241481 0.871947 0.3783741 0.28456268 1.2211038 0.8641218 0.37381303
0.199 0.2987809 1.243348 0.8741205 0.3790609 0.2852847 1.2228991 0.8659547 0.3743869
0.1995 0.2996462 1.245191 0.8762303 0.3797522 0.28599647 1.2246633 0.8677584 0.374951
0.2 0.3005059 1.247008 0.8782814 0.3804469 0.27558133 1.2309412 0.8618374 0.3661195
0.2005 0.2903149 1.238038 0.8656225 0.3651915 0.26659623 1.2239653 0.85423833 0.3561703
0.201 0.2761063 1.223035 0.8496372 0.3495961 0.2590613 1.207046 0.8454292 0.3456509
0.2015 0.2661508 1.205188 0.8363087 0.337904 0.2526864 1.1858058 0.83599734 0.33515626
0.202 0.2594941 1.185784 0.8249667 0.3278647 0.24716447 1.1636178 0.82628524 0.32499564
0.2025 0.2546118 1.165471 0.8146091 0.3185642 0.24228735 1.1416036 0.8164232 0.31525803
0.203 0.2505905 1.144608 0.8046425 0.3097154 0.23791935 1.119982 0.80645615 0.3059495
0.2035 0.2469749 1.123414 0.7947847 0.3012231 0.23396073 1.0987543 0.7964059 0.2970562
0.204 0.2435519 1.102042 0.7849185 0.2930475 0.23033132 1.0778929 0.7862887 0.28856003
0.2045 0.2402239 1.080604 0.7750035 0.2851656 0.2269644 1.0573734 0.7761187 0.28044176
0.205 0.2369461 1.059188 0.7650322 0.2775598 0.22380428 1.0371763 0.7659089 0.27268183
0.2055 0.2336984 1.037865 0.7550109 0.2702152 0.2208045 1.0172852 0.7556717 0.26525992
0.206 0.2304712 1.016692 0.7449501 0.2631184 0.21792649 0.9976877 0.74541813 0.2581557
0.2065 0.2272606 0.9957168 0.7348618 0.2562568 0.21513842 0.9783727 0.735159 0.25134903
0.207 0.224065 0.9749764 0.7247578 0.2496188 0.21241479 0.9593312 0.72490436 0.24482022
0.2075 0.2208838 0.9545013 0.7146491 0.2431938 0.20973502 0.94055665 0.7146632 0.23855011
0.208 0.2177174 0.9343155 0.7045459 0.2369714 0.20708318 0.9220433 0.7044444 0.23252048
0.2085 0.214566 0.9144381 0.6944574 0.2309422 0.20444714 0.9037869 0.6942555 0.22671427
0.209 0.2114303 0.8948835 0.6843923 0.225097 0.20181796 0.88578445 0.68410385 0.22111546
0.2095 0.208311 0.8756626 0.6743581 0.2194276 0.1991893 0.8680338 0.67399544 0.21570913
0.21 0.2052087 0.8567832 0.664362 0.2139259 0.19655713 0.85053337 0.6639362 0.21048178
0.2105 0.202124 0.8382505 0.6544104 0.2085844 0.19391893 0.8332825 0.65393126 0.20542087
0.211 0.1990577 0.8200675 0.6445092 0.203396 0.19127369 0.81628096 0.64398515 0.2005152
0.2115 0.1960102 0.8022354 0.6346637 0.198354 0.18862133 0.7995289 0.6341019 0.19575448
0.212 0.1929823 0.7847541 0.6248788 0.1934523 0.1859625 0.78302634 0.6242854 0.19112943
0.2125 0.1899743 0.7676219 0.615159 0.1886847 0.18329847 0.7667737 0.61453855 0.18663175
0.213 0.1869869 0.7508364 0.6055083 0.1840458 0.18063076 0.7507715 0.60486466 0.18225393
0.2135 0.1840205 0.7343943 0.5959303 0.1795302 0.17796116 0.73501974 0.5952661 0.17798905
0.214 0.1810755 0.7182916 0.5864284 0.1751328 0.1752916 0.7195192 0.5857457 0.1738312
0.2145 0.1781524 0.7025238 0.5770056 0.1708491 0.17262395 0.70426935 0.5763052 0.16977467
0.215 0.1752515 0.6870859 0.5676647 0.1666743 0.16996013 0.6892704 0.566947 0.16581461
0.2155 0.1723733 0.6719726 0.5584081 0.1626044 0.16730203 0.67452204 0.5576729 0.16194646
0.216 0.169518 0.6571785 0.549238 0.1586353 0.1646513 0.66002357 0.5484845 0.1581661
0.2165 0.166686 0.6426977 0.5401564 0.1547632 0.16200955 0.6457743 0.5393833 0.15446979
0.217 0.1638774 0.6285244 0.5311651 0.1509845 0.15937836 0.6317735 0.5303711 0.15085413
0.2175 0.1610927 0.6146527 0.5222656 0.1472957 0.15675898 0.61801946 0.521449 0.14731593
0.218 0.158332 0.6010766 0.5134594 0.1436936 0.15415272 0.6045112 0.5126184 0.14385244
0.2185 0.1555954 0.58779 0.5047476 0.1401751 0.15156065 0.59124684 0.5038804 0.14046086
0.219 0.1528833 0.574787 0.4961314 0.1367373 0.14898375 0.57822466 0.49523574 0.13713883
0.2195 0.1501957 0.5620616 0.4876115 0.1333773 0.14642298 0.56544274 0.48668575 0.133884
0.22 0.1475328 0.5496078 0.4791889 0.1300926 0.14387909 0.552899 0.4782312 0.13069429
0.2205 0.1448948 0.5374199 0.470864 0.1268806 0.14135276 0.540591 0.4698727 0.1275677
0.221 0.1422817 0.5254919 0.4626375 0.1237389 0.13884465 0.52851605 0.46161103 0.124502316
0.2215 0.1396936 0.5138182 0.4545097 0.1206651 0.13635536 0.51667213 0.4534468 0.121496454
0.222 0.1371307 0.5023933 0.446481 0.1176572 0.13388531 0.5050563 0.44538057 0.11854842
0.2225 0.1345929 0.4912115 0.4385514 0.114713 0.13143493 0.49366578 0.43741274 0.11565666
0.223 0.1320803 0.4802675 0.4307212 0.1118305 0.12900463 0.4824979 0.42954364 0.11281969
0.2235 0.1295929 0.469556 0.4229904 0.1090078 0.12659477 0.4715496 0.42177358 0.110036075
0.224 0.1271308 0.4590717 0.4153588 0.1062432 0.12420556 0.4608178 0.41410267 0.107304454
0.2245 0.1246939 0.4488096 0.4078263 0.1035348 0.12183732 0.4502996 0.40653113 0.10462357
0.225 0.1222822 0.4387646 0.4003928 0.100881 0.11949022 0.4399918 0.39905888 0.10199219
0.2255 0.1198958 0.4289319 0.3930579 0.09828022 0.11716455 0.4298912 0.391686 0.0994091
0.226 0.1175345 0.4193067 0.3858213 0.09573094 0.1148604 0.4199947 0.3844123 0.096873194
0.2265 0.1151984 0.4098844 0.3786826 0.09323168 0.11257796 0.41029906 0.37723774 0.09438336
0.227 0.1128873 0.4006604 0.3716415 0.09078104 0.11031735 0.4008011 0.37016192 0.0919386
0.2275 0.1106012 0.3916301 0.3646972 0.08837768 0.1080787 0.39149743 0.36318472 0.08953783
0.228 0.10834 0.3827894 0.3578495 0.08602031 0.105862066 0.38238478 0.35630557 0.08718009
0.2285 0.1061037 0.3741338 0.3510975 0.08370768 0.10366759 0.37345996 0.34952423 0.08486447
0.229 0.1038922 0.3656593 0.3444408 0.08143861 0.10149528 0.3647198 0.3428401 0.08259006
0.2295 0.1017053 0.3573618 0.3378787 0.07921194 0.09934528 0.35616082 0.33625287 0.08035591
0.23 0.09954289 0.3492373 0.3314104 0.07702658 0.097217575 0.34777996 0.32976177 0.07816124
0.2305 0.09740493 0.341282 0.3250353 0.07488146 0.095112234 0.3395737 0.3233662 0.076005206
0.231 0.09529128 0.333492 0.3187526 0.07277557 0.093029246 0.33153903 0.3170655 0.07388699
0.2315 0.0932018 0.3258638 0.3125615 0.07070792 0.09096865 0.32367256 0.3108589 0.071805805
0.232 0.09113636 0.3183936 0.3064612 0.06867755 0.08893047 0.31597123 0.30474573 0.06976092
0.2325 0.08909482 0.311078 0.300451 0.06668356 0.08691469 0.3084318 0.29872516 0.06775156
0.233 0.08707703 0.3039135 0.2945298 0.06472507 0.084921315 0.30105108 0.29279634 0.06577705
0.2335 0.08508284 0.2968968 0.288697 0.06280121 0.08295031 0.29382595 0.28695846 0.06383668
0.234 0.08311209 0.2900247 0.2829516 0.06091117 0.08100167 0.28675333 0.28121054 0.061929733
0.2345 0.08116463 0.2832938 0.2772926 0.05905416 0.07907532 0.27983004 0.27555168 0.0600556
0.235 0.0792403 0.2767011 0.2717194 0.0572294 0.077171296 0.27305323 0.26998106 0.058213636
0.2355 0.07733892 0.2702435 0.2662307 0.05543615 0.07528947 0.26641977 0.2644975 0.05640319
0.236 0.07546033 0.2639181 0.2608259 0.0536737 0.07342984 0.2599267 0.25910017 0.054623663
0.2365 0.07360436 0.257722 0.2555039 0.05194134 0.07159233 0.25357118 0.253788 0.052874453
0.237 0.07177081 0.2516523 0.2502638 0.05023842 0.06977688 0.24735025 0.24855998 0.051155
0.2375 0.06995953 0.2457062 0.2451047 0.04856426 0.067983374 0.2412611 0.24341509 0.04946471
0.238 0.06817032 0.239881 0.2400255 0.04691825 0.06621179 0.2353009 0.23835227 0.04780303
0.2385 0.066403 0.2341742 0.2350254 0.04529977 0.06446198 0.22946683 0.23337042 0.046169437
0.239 0.06465738 0.2285831 0.2301033 0.04370823 0.06273386 0.22375631 0.22846854 0.04456334
0.2395 0.06293328 0.2231051 0.2252584 0.04214305 0.06102733 0.21816646 0.22364551 0.042984292
0.24 0.0612305 0.2177379 0.2204896 0.04060368 0.059342247 0.21269475 0.21890023 0.04143174
0.2405 0.05954886 0.212479 0.215796 0.03908957 0.05767854 0.20733866 0.21423164 0.03990519
0.241 0.05788816 0.207326 0.2111766 0.03760019 0.05603603 0.20209552 0.20963868 0.03840416
0.2415 0.0562482 0.2022768 0.2066304 0.03613504 0.05441461 0.19696292 0.20512024 0.036928155
0.242 0.0546288 0.1973289 0.2021565 0.03469362 0.05281413 0.19193836 0.20067525 0.035476714
0.2425 0.05302975 0.1924804 0.197754 0.03327544 0.051234443 0.18701948 0.19630262 0.034049384
0.243 0.05145087 0.1877289 0.1934218 0.03188005 0.049675394 0.18220384 0.19200131 0.032645717
0.2435 0.04989194 0.1830724 0.1891591 0.03050697 0.04813682 0.17748919 0.1877702 0.03126522
0.244 0.04835278 0.1785089 0.1849648 0.02915578 0.046618585 0.17287326 0.18360825 0.029907525
0.2445 0.04683319 0.1740363 0.180838 0.02782603 0.045120474 0.16835378 0.17951441 0.02857218
0.245 0.04533296 0.1696528 0.1767779 0.02651731 0.04364234 0.16392861 0.17548761 0.027258739
0.2455 0.0438519 0.1653564 0.1727834 0.0252292 0.042183984 0.15959561 0.17152683 0.02596683
0.246 0.04238981 0.1611452 0.1688536 0.02396132 0.04074527 0.15535271 0.16763107 0.02469603
0.2465 0.0409465 0.1570175 0.1649876 0.02271326 0.03932594 0.15119784 0.1637992 0.023445949
0.247 0.03952176 0.1529714 0.1611845 0.02148467 0.03792585 0.147129 0.16003034 0.022216193
0.2475 0.03811539 0.1490052 0.1574433 0.02027515 0.03654481 0.1431443 0.1563234 0.021006398
0.248 0.03672721 0.1451172 0.1537633 0.01908437 0.03518259 0.13924178 0.15267745 0.019816175
0.2485 0.035357 0.1413058 0.1501434 0.01791196 0.033839006 0.13541958 0.14909147 0.018645138
0.249 0.03400458 0.1375694 0.1465828 0.01675759 0.032513846 0.13167585 0.1455645 0.017492965
0.2495 0.03266975 0.1339062 0.1430806 0.01562092 0.031206917 0.12800886 0.14209558 0.016359262
0.25 0.03135231 0.1303149 0.139636 0.01450163 0.029917981 0.12441683 0.13868378 0.015243717
0.2505 0.03005207 0.1267938 0.136248 0.0133994 0.028646838 0.12089804 0.13532817 0.014145963
0.251 0.02876884 0.1233416 0.1329159 0.01231392 0.027393285 0.11745088 0.1320278 0.013065688
0.2515 0.02750242 0.1199567 0.1296387 0.0112449 0.02615713 0.114073694 0.12878186 0.012002535
0.252 0.02625262 0.1166377 0.1264157 0.01019202 0.02493811 0.110764965 0.12558934 0.01095622
0.2525 0.02501925 0.1133833 0.123246 0.009155015 0.023736041 0.10752308 0.12244949 0.009926401
0.253 0.02380212 0.1101921 0.1201288 0.008133593 0.022550698 0.10434657 0.119361326 0.008912772
0.2535 0.02260104 0.1070628 0.1170632 0.007127481 0.021381866 0.10123393 0.1163241 0.007915035
0.254 0.02141582 0.103994 0.1140486 0.00613641 0.020229343 0.09818369 0.113336876 0.006932892
0.2545 0.02024628 0.1009846 0.111084 0.005160118 0.019092914 0.09519453 0.110398844 0.00596606
0.255 0.01909223 0.09803323 0.1081687 0.004198347 0.01797232 0.0922651 0.1075093 0.005014248
0.2555 0.01795349 0.09513875 0.105302 0.003250847 0.016867403 0.089394 0.104667306 0.0040771663
0.256 0.01682987 0.09229998 0.1024831 0.002317371 0.015777923 0.08657992 0.10187219 0.0031545535
0.2565 0.0157212 0.08951574 0.09971111 0.00139768 0.014703672 0.08382164 0.09912309 0.002246149
0.257 0.01462729 0.0867849 0.09698543 0.0004915383 0.0136444345 0.08111791 0.09641929 0.0013516694
0.2575 0.01354796 0.08410638 0.09430527 -0.0004012839 0.012600001 0.07846752 0.09376004 0.0004708618
0.258 0.01248303 0.08147907 0.09166993 -0.001281012 0.011570174 0.07586928 0.09114458 -0.00039649755
0.2585 0.01143234 0.07890194 0.08907867 -0.002147866 0.010554735 0.07332207 0.088572204 -0.0012506917
0.259 0.01039571 0.07637393 0.08653079 -0.003002061 0.009553481 0.07082468 0.086042166 -0.0020919442
0.2595 0.00937295 0.07389405 0.08402558 -0.00384381 0.008566234 0.06837617 0.083553836 -0.0029204935
0.26 0.008363906 0.07146131 0.08156238 -0.004673318 0.0075927414 0.06597535 0.08110644 -0.003736563
0.2605 0.007368402 0.06907473 0.07914048 -0.005490788 0.0066328496 0.06362119 0.07869932 -0.0045403987
0.261 0.00638627 0.06673338 0.07675922 -0.006296419 0.005686328 0.0613127 0.076331824 -0.005332209
0.2615 0.005417342 0.06443632 0.07441794 -0.007090404 0.004753012 0.05904894 0.07400331 -0.006112203
0.262 0.004461452 0.06218266 0.07211599 -0.007872935 0.0038327053 0.05682883 0.07171309 -0.0068806075
0.2625 0.003518438 0.0599715 0.06985273 -0.008644198 0.002925191 0.054651488 0.06946056 -0.00763762
0.263 0.002588135 0.05780199 0.06762752 -0.009404376 0.0020303056 0.05251607 0.067245096 -0.008383442
0.2635 0.001670383 0.05567327 0.06543973 -0.01015365 0.00114787 0.050421532 0.06506608 -0.009118274
0.264 0.0007650225 0.05358452 0.06328875 -0.01089219 0.0002776794 0.048367124 0.06292289 -0.00984231
0.2645 -0.0001281045 0.05153493 0.06117397 -0.01162017 -0.00058043003 0.04635193 0.060814954 -0.010555733
0.265 -0.001009154 0.0495237 0.0590948 -0.01233777 -0.0014266409 0.044375088 0.058741674 -0.011258747
0.2655 -0.001878282 0.04755006 0.05705065 -0.01304514 -0.0022611357 0.04243583 0.056702465 -0.011951521
0.266 -0.002735641 0.04561325 0.05504093 -0.01374245 -0.0030840896 0.040533353 0.054696783 -0.012634236
0.2665 -0.003581382 0.04371253 0.05306507 -0.01442985 -0.003895659 0.038666856 0.052724056 -0.013307057
0.267 -0.004415656 0.04184717 0.05112252 -0.01510752 -0.0046960227 0.03683561 0.050783746 -0.013970174
0.2675 -0.005238611 0.04001646 0.04921271 -0.01577559 -0.0054853484 0.03503887 0.048875317 -0.014623728
0.268 -0.006050394 0.03821971 0.04733509 -0.01643421 -0.0062637813 0.033275895 0.046998233 -0.015267901
0.2685 -0.006851151 0.03645623 0.04548914 -0.01708355 -0.0070315003 0.031546008 0.04515197 -0.015902847
0.269 -0.007641025 0.03472536 0.04367432 -0.01772373 -0.0077886544 0.029848516 0.04333604 -0.016528714
0.2695 -0.008420158 0.03302645 0.04189011 -0.01835491 -0.008535396 0.028182704 0.041549906 -0.017145663
0.27 -0.009188692 0.03135886 0.04013599 -0.01897722 -0.00927189 0.02654798 0.03979311 -0.017753847
0.2705 -0.009946765 0.02972197 0.03841147 -0.0195908 -0.009998281 0.024943657 0.038065135 -0.018353395
0.271 -0.01069451 0.02811516 0.03671603 -0.02019579 -0.0107147135 0.023369126 0.03636551 -0.018944457
0.2715 -0.01143208 0.02653784 0.0350492 -0.02079231 -0.011421334 0.021823775 0.034693792 -0.019527182
0.272 -0.01215959 0.02498942 0.03341048 -0.0213805 -0.012118287 0.02030702 0.033049494 -0.020101704
0.2725 -0.01287718 0.02346934 0.03179941 -0.02196048 -0.012805723 0.018818215 0.031432144 -0.020668142
0.273 -0.01358498 0.02197702 0.03021552 -0.02253238 -0.013483763 0.017356858 0.029841319 -0.021226652
0.2735 -0.01428312 0.02051193 0.02865834 -0.02309632 -0.014152572 0.01592236 0.028276578 -0.021777343
0.274 -0.01497173 0.01907352 0.02712744 -0.02365242 -0.01481225 0.0145141855 0.026737489 -0.022320352
0.2745 -0.01565094 0.01766127 0.02562235 -0.02420081 -0.015462954 0.013131805 0.025223613 -0.022855792
0.275 -0.01632087 0.01627466 0.02414264 -0.02474159 -0.016104806 0.011774704 0.023734555 -0.023383796
0.2755 -0.01698165 0.0149132 0.02268788 -0.02527488 -0.016737938 0.010442346 0.022269867 -0.02390448
0.276 -0.01763339 0.01357639 0.02125766 -0.0258008 -0.01736248 0.009134226 0.020829186 -0.024417955
0.2765 -0.01827623 0.01226375 0.01985154 -0.02631945 -0.017978542 0.007849906 0.019412078 -0.024924334
0.277 -0.01891027 0.0109748 0.01846912 -0.02683094 -0.018586252 0.0065888725 0.018018164 -0.025423735
0.2775 -0.01953564 0.009709077 0.01711 -0.02733539 -0.019185742 0.0053506643 0.016647056 -0.025916267
0.278 -0.02015245 0.008466139 0.01577378 -0.02783289 -0.019777117 0.004134875 0.015298389 -0.026402019
0.2785 -0.02076083 0.007245536 0.01446007 -0.02832354 -0.020360498 0.0029409975 0.013971791 -0.026881121
0.279 -0.02136087 0.006046836 0.01316849 -0.02880746 -0.020935994 0.0017686076 0.012666874 -0.027353667
0.2795 -0.0219527 0.004869613 0.01189865 -0.02928473 -0.021503728 0.0006173104 0.01138331 -0.027819749
0.28 -0.02253642 0.003713452 0.01065019 -0.02975547 -0.022063795 -0.0005133301 0.010120735 -0.028279476
0.2805 -0.02311215 0.002577945 0.009422736 -0.03021975 -0.022616334 -0.0016237162 0.008878782 -0.028732944
0.281 -0.02368 0.001462692 0.008215937 -0.03067769 -0.023161415 -0.002714239 0.0076571107 -0.029180236
0.2815 -0.02424006 0.0003673049 0.007029437 -0.03112936 -0.023699168 -0.003785327 0.006455399 -0.029621474
0.282 -0.02479245 -0.0007086006 0.005862889 -0.03157487 -0.02422969 -0.0048373006 0.005273316 -0.030056722
0.2825 -0.02533727 -0.001765399 0.004715951 -0.0320143 -0.024753083 -0.0058705695 0.0041105263 -0.03048608
0.283 -0.02587462 -0.002803456 0.003588287 -0.03244774 -0.025269452 -0.0068854764 0.002966717 -0.030909639
0.2835 -0.02640461 -0.003823132 0.002479567 -0.03287529 -0.025778897 -0.007882405 0.0018415675 -0.031327486
0.284 -0.02692733 -0.004824779 0.001389466 -0.03329701 -0.026281508 -0.008861668 0.0007347688 -0.031739697
0.2845 -0.02744289 -0.00580874 0.0003176665 -0.033713 -0.026777381 -0.009823658 -0.0003539808 -0.03214636
0.285 -0.02795137 -0.006775354 -0.0007361467 -0.03412335 -0.027266622 -0.010768648 -0.0014249757 -0.032547563
0.2855 -0.02845289 -0.007724951 -0.001772282 -0.03452813 -0.027749313 -0.011697028 -0.0024785325 -0.032943387
0.286 -0.02894753 -0.008657856 -0.002791041 -0.03492742 -0.028225545 -0.012609053 -0.0035149045 -0.033333898
0.2865 -0.02943538 -0.009574384 -0.003792724 -0.03532131 -0.02869542 -0.01350509 -0.0045344047 -0.033719186
0.287 -0.02991655 -0.01047485 -0.004777623 -0.03570986 -0.029159017 -0.014385413 -0.0055373013 -0.034099326
0.2875 -0.03039112 -0.01135955 -0.005746025 -0.03609317 -0.029616427 -0.015250344 -0.006523881 -0.03447439
0.288 -0.03085918 -0.01222879 -0.006698215 -0.03647129 -0.030067738 -0.01610015 -0.007494401 -0.034844454
0.2885 -0.03132082 -0.01308286 -0.00763447 -0.03684431 -0.030513028 -0.016935144 -0.008449122 -0.035209585
0.289 -0.03177613 -0.01392204 -0.008555063 -0.0372123 -0.030952387 -0.017755598 -0.009388331 -0.03556986
0.2895 -0.03222519 -0.01474662 -0.009460265 -0.03757533 -0.0313859 -0.018561784 -0.010312252 -0.035925347
0.29 -0.0326681 -0.01555687 -0.01035034 -0.03793347 -0.03181363 -0.01935397 -0.011221178 -0.036276117
0.2905 -0.03310493 -0.01635306 -0.01122554 -0.03828679 -0.03223568 -0.020132426 -0.012115322 -0.036622226
0.291 -0.03353578 -0.01713545 -0.01208613 -0.03863537 -0.032652117 -0.02089741 -0.012994941 -0.036963765
0.2915 -0.03396071 -0.01790431 -0.01293236 -0.03897926 -0.033063017 -0.021649178 -0.013860296 -0.037300777
0.292 -0.03437982 -0.01865987 -0.01376448 -0.03931853 -0.033468474 -0.022387981 -0.014711596 -0.03763333
0.2925 -0.03479319 -0.0194024 -0.01458272 -0.03965325 -0.033868544 -0.023114055 -0.015549079 -0.037961505
0.293 -0.03520088 -0.02013214 -0.01538732 -0.03998348 -0.0342633 -0.02382762 -0.016372986 -0.038285337
0.2935 -0.03560299 -0.02084932 -0.01617853 -0.04030929 -0.034652825 -0.024528962 -0.017183539 -0.038604908
0.294 -0.03599959 -0.02155417 -0.01695656 -0.04063073 -0.03503719 -0.025218267 -0.017980952 -0.03892027
0.2945 -0.03639075 -0.02224694 -0.01772165 -0.04094788 -0.03541646 -0.025895767 -0.01876545 -0.039231487
0.295 -0.03677654 -0.02292783 -0.01847402 -0.04126079 -0.03579071 -0.026561677 -0.019537233 -0.039538607
0.2955 -0.03715706 -0.02359706 -0.01921388 -0.04156951 -0.036160015 -0.027216222 -0.020296525 -0.039841697
0.296 -0.03753235 -0.02425487 -0.01994145 -0.04187411 -0.036524426 -0.02785962 -0.021043532 -0.04014081
0.2965 -0.03790251 -0.02490145 -0.02065694 -0.04217465 -0.03688402 -0.028492045 -0.021778446 -0.040436003
0.297 -0.03826759 -0.02553701 -0.02136056 -0.04247118 -0.037238862 -0.029113732 -0.022501487 -0.040727332
0.2975 -0.03862767 -0.02616175 -0.02205251 -0.04276376 -0.03758902 -0.029724851 -0.023212824 -0.04101484
0.298 -0.03898282 -0.02677588 -0.022733 -0.04305244 -0.03793455 -0.030325618 -0.023912678 -0.04129859
0.2985 -0.03933311 -0.02737959 -0.02340221 -0.04333728 -0.03827552 -0.030916233 -0.024601232 -0.041578636
0.299 -0.0396786 -0.02797306 -0.02406034 -0.04361833 -0.038612 -0.03149684 -0.025278658 -0.041855026
0.2995 -0.04001936 -0.02855649 -0.02470758 -0.04389565 -0.038944036 -0.032067664 -0.025945164 -0.04212781
0.3 -0.04035545 -0.02913006 -0.02534412 -0.04416928 -0.039271694 -0.03262886 -0.026600895 -0.04239703
0.3005 -0.04068695 -0.02969395 -0.02597015 -0.04443927 -0.039595034 -0.033180628 -0.027246073 -0.042662747
0.301 -0.04101391 -0.03024834 -0.02658583 -0.04470568 -0.039914116 -0.033723097 -0.027880844 -0.042925008
0.3015 -0.04133639 -0.03079339 -0.02719135 -0.04496856 -0.040229 -0.034256462 -0.028505389 -0.043183856
0.302 -0.04165446 -0.03132928 -0.02778689 -0.04522796 -0.04053974 -0.034780893 -0.029119872 -0.043439336
0.3025 -0.04196818 -0.03185617 -0.0283726 -0.04548392 -0.040846393 -0.035296556 -0.029724473 -0.043691497
0.303 -0.04227761 -0.03237423 -0.02894867 -0.04573648 -0.041149013 -0.035803597 -0.030319326 -0.043940388
0.3035 -0.04258281 -0.03288362 -0.02951525 -0.04598571 -0.041447658 -0.03630216 -0.030904623 -0.04418605
0.304 -0.04288384 -0.03338449 -0.03007251 -0.04623164 -0.041742377 -0.036792435 -0.031480506 -0.04442852
0.3045 -0.04318075 -0.03387699 -0.03062061 -0.04647432 -0.04203322 -0.03727455 -0.032047134 -0.044667855
0.305 -0.0434736 -0.03436128 -0.0311597 -0.04671379 -0.04232025 -0.037748627 -0.03260466 -0.044904087
0.3055 -0.04376245 -0.03483751 -0.03168993 -0.04695009 -0.04260351 -0.038214855 -0.033153236 -0.045137264
0.306 -0.04404736 -0.03530581 -0.03221147 -0.04718328 -0.042883053 -0.03867335 -0.033693 -0.04536742
0.3065 -0.04432837 -0.03576634 -0.03272445 -0.04741339 -0.043158937 -0.03912424 -0.034224115 -0.045594603
0.307 -0.04460555 -0.03621922 -0.03322902 -0.04764047 -0.0434312 -0.039567675 -0.0347467 -0.045818858
0.3075 -0.04487894 -0.0366646 -0.03372533 -0.04786456 -0.043699898 -0.04000381 -0.035260927 -0.04604021
0.308 -0.0451486 -0.03710261 -0.03421352 -0.04808569 -0.04396507 -0.040432736 -0.035766907 -0.04625871
0.3085 -0.04541457 -0.03753339 -0.03469372 -0.04830391 -0.044226773 -0.040854596 -0.036264792 -0.046474393
0.309 -0.04567692 -0.03795705 -0.03516607 -0.04851925 -0.044485055 -0.041269515 -0.036754705 -0.046687294
0.3095 -0.04593569 -0.03837373 -0.03563071 -0.04873177 -0.044739958 -0.04167764 -0.03723678 -0.046897456
0.31 -0.04619093 -0.03878355 -0.03608776 -0.04894149 -0.044991523 -0.042079054 -0.037711147 -0.047104906
0.3105 -0.04644269 -0.03918663 -0.03653736 -0.04914845 -0.0452398 -0.042473897 -0.038177934 -0.047309697
0.311 -0.04669102 -0.0395831 -0.03697962 -0.0493527 -0.045484833 -0.04286225 -0.038637266 -0.047511846
0.3115 -0.04693596 -0.03997306 -0.03741468 -0.04955426 -0.045726657 -0.043244287 -0.039089262 -0.047711395
0.312 -0.04717757 -0.04035664 -0.03784267 -0.04975317 -0.04596533 -0.043620095 -0.039534047 -0.047908388
0.3125 -0.04741588 -0.04073394 -0.03826368 -0.04994948 -0.046200883 -0.043989766 -0.03997174 -0.04810285
0.313 -0.04765095 -0.04110507 -0.03867786 -0.05014321 -0.046433363 -0.044353418 -0.040402457 -0.04829481
0.3135 -0.04788281 -0.04147015 -0.0390853 -0.0503344 -0.04666281 -0.04471116 -0.040826306 -0.04848431
0.314 -0.04811152 -0.04182929 -0.03948614 -0.05052309 -0.046889268 -0.045063093 -0.041243408 -0.048671383
0.3145 -0.04833711 -0.04218257 -0.03988047 -0.0507093 -0.047112767 -0.045409303 -0.04165387 -0.048856054
0.315 -0.04855964 -0.04253011 -0.04026841 -0.05089308 -0.047333356 -0.045749925 -0.042057805 -0.049038365
0.3155 -0.04877914 -0.04287201 -0.04065006 -0.05107445 -0.04755107 -0.04608502 -0.042455312 -0.049218338
0.316 -0.04899565 -0.04320837 -0.04102554 -0.05125344 -0.047765948 -0.046414714 -0.042846505 -0.04939601
0.3165 -0.04920922 -0.04353928 -0.04139494 -0.0514301 -0.04797803 -0.04673909 -0.04323148 -0.049571402
0.317 -0.04941988 -0.04386483 -0.04175838 -0.05160445 -0.048187345 -0.047058247 -0.04361034 -0.049744558
0.3175 -0.04962768 -0.04418513 -0.04211594 -0.05177651 -0.048393942 -0.04737225 -0.04398319 -0.0499155
0.318 -0.04983266 -0.04450025 -0.04246773 -0.05194633 -0.048597854 -0.047681212 -0.04435014 -0.050084256
0.3185 -0.05003485 -0.0448103 -0.04281385 -0.05211394 -0.04879911 -0.047985204 -0.044711255 -0.050250858
0.319 -0.0502343 -0.04511535 -0.04315439 -0.05227935 -0.04899775 -0.048284315 -0.045066662 -0.050415337
0.3195 -0.05043103 -0.0454155 -0.04348945 -0.05244261 -0.04919381 -0.04857865 -0.04541644 -0.050577715
0.32 -0.0506251 -0.04571083 -0.04381912 -0.05260374 -0.04938732 -0.048868284 -0.045760676 -0.05073802
0.3205 -0.05081653 -0.04600143 -0.04414348 -0.05276276 -0.04957832 -0.049153287 -0.04609949 -0.050896287
0.321 -0.05100537 -0.04628736 -0.04446263 -0.05291971 -0.049766846 -0.049433738 -0.046432927 -0.051052533
0.3215 -0.05119164 -0.04656872 -0.04477666 -0.05307462 -0.049952917 -0.049709715 -0.046761107 -0.051206794
0.322 -0.05137539 -0.04684559 -0.04508565 -0.05322751 -0.05013658 -0.049981296 -0.0470841 -0.051359087
0.3225 -0.05155665 -0.04711803 -0.04538969 -0.05337841 -0.05031786 -0.050248567 -0.047402 -0.051509444
0.323 -0.05173545 -0.04738613 -0.04568886 -0.05352735 -0.05049679 -0.05051159 -0.04771488 -0.051657885
0.3235 -0.05191183 -0.04764996 -0.04598323 -0.05367434 -0.050673403 -0.05077044 -0.048022836 -0.051804442
0.324 -0.05208581 -0.04790959 -0.0462729 -0.05381943 -0.050847724 -0.05102518 -0.048325934 -0.051949132
0.3245 -0.05225745 -0.04816509 -0.04655794 -0.05396263 -0.051019788 -0.051275894 -0.048624262 -0.05209199
0.325 -0.05242675 -0.04841654 -0.04683842 -0.05410396 -0.051189624 -0.051522635 -0.048917897 -0.052233025
0.3255 -0.05259377 -0.04866401 -0.04711443 -0.05424346 -0.051357266 -0.0517655 -0.049206916 -0.052372277
0.326 -0.05275853 -0.04890755 -0.04738604 -0.05438115 -0.051522736 -0.05200452 -0.04949139 -0.05250976
0.3265 -0.05292105 -0.04914724 -0.04765332 -0.05451705 -0.051686063 -0.05223979 -0.0497714 -0.052645497
0.327 -0.05308138 -0.04938314 -0.04791634 -0.05465118 -0.051847287 -0.052471343 -0.05004701 -0.05277951
0.3275 -0.05323954 -0.04961533 -0.04817518 -0.05478358 -0.052006423 -0.05269927 -0.050318304 -0.05291183
0.328 -0.05339557 -0.04984385 -0.04842991 -0.05491425 -0.052163504 -0.052923627 -0.050585344 -0.05304247
0.3285 -0.05354948 -0.05006877 -0.04868058 -0.05504324 -0.052318554 -0.05314444 -0.050848193 -0.053171456
0.329 -0.05370132 -0.05029015 -0.04892728 -0.05517054 -0.052471604 -0.053361814 -0.051106922 -0.05329881
0.3295 -0.0538511 -0.05050806 -0.04917006 -0.0552962 -0.052622676 -0.053575784 -0.05136161 -0.053424556
0.33 -0.05399886 -0.05072254 -0.049409 -0.05542023 -0.0527718 -0.0537864 -0.051612306 -0.0535487
0.3305 -0.05414463 -0.05093367 -0.04964415 -0.05554266 -0.052919 -0.05399374 -0.051859092 -0.053671286
0.331 -0.05428843 -0.05114149 -0.04987558 -0.05566349 -0.053064305 -0.05419786 -0.052102014 -0.053792313
0.3315 -0.05443029 -0.05134605 -0.05010335 -0.05578276 -0.053207733 -0.054398794 -0.05234115 -0.053911813
0.332 -0.05457023 -0.05154742 -0.05032752 -0.05590049 -0.053349316 -0.054596595 -0.052576553 -0.054029807
0.3325 -0.05470829 -0.05174565 -0.05054815 -0.0560167 -0.053489074 -0.054791335 -0.052808285 -0.054146305
0.333 -0.05484449 -0.05194078 -0.0507653 -0.0561314 -0.053627033 -0.054983057 -0.053036407 -0.054261334
0.3335 -0.05497885 -0.05213288 -0.05097903 -0.05624462 -0.05376322 -0.0551718 -0.05326098 -0.054374915
0.334 -0.05511141 -0.05232199 -0.05118939 -0.05635637 -0.053897653 -0.055357616 -0.05348205 -0.054487057
0.3345 -0.05524217 -0.05250816 -0.05139644 -0.05646668 -0.054030355 -0.05554057 -0.053699687 -0.054597795
0.335 -0.05537118 -0.05269144 -0.05160024 -0.05657557 -0.054161347 -0.055720698 -0.05391394 -0.054707125
0.3355 -0.05549845 -0.05287187 -0.05180083 -0.05668304 -0.054290663 -0.055898055 -0.054124866 -0.054815084
0.336 -0.05562401 -0.05304952 -0.05199827 -0.05678913 -0.05441831 -0.05607267 -0.054332513 -0.05492168
0.3365 -0.05574787 -0.05322441 -0.05219261 -0.05689385 -0.054544322 -0.056244597 -0.054536942 -0.055026934
0.337 -0.05587007 -0.0533966 -0.05238391 -0.05699722 -0.054668717 -0.056413885 -0.0547382 -0.05513087
0.3375 -0.05599063 -0.05356613 -0.0525722 -0.05709925 -0.054791514 -0.05658057 -0.054936342 -0.05523349
0.338 -0.05610957 -0.05373304 -0.05275755 -0.05719996 -0.05491274 -0.056744684 -0.05513141 -0.055334818
0.3385 -0.05622691 -0.05389738 -0.05294001 -0.05729938 -0.0550324 -0.056906298 -0.055323463 -0.055434875
0.339 -0.05634267 -0.05405919 -0.05311961 -0.05739752 -0.05515053 -0.057065446 -0.055512547 -0.05553367
0.3395 -0.05645688 -0.05421852 -0.0532964 -0.05749438 -0.055267148 -0.05722214 -0.05569871 -0.055631228
0.34 -0.05656955 -0.05437539 -0.05347044 -0.05759001 -0.055382274 -0.057376463 -0.055882 -0.05572756
0.3405 -0.05668071 -0.05452986 -0.05364176 -0.05768439 -0.055495918 -0.057528418 -0.056062456 -0.05582268
0.341 -0.05679038 -0.05468196 -0.05381041 -0.05777757 -0.055608112 -0.057678055 -0.056240123 -0.055916607
0.3415 -0.05689858 -0.05483173 -0.05397644 -0.05786954 -0.05571887 -0.057825435 -0.056415066 -0.056009352
0.342 -0.05700533 -0.05497921 -0.05413988 -0.05796032 -0.055828214 -0.05797055 -0.056587305 -0.056100942
0.3425 -0.05711064 -0.05512443 -0.05430078 -0.05804994 -0.05593615 -0.058113474 -0.05675689 -0.05619137
0.343 -0.05721455 -0.05526744 -0.05445919 -0.05813841 -0.056042712 -0.058254223 -0.056923874 -0.056280673
0.3435 -0.05731706 -0.05540826 -0.05461513 -0.05822573 -0.05614791 -0.058392845 -0.05708828 -0.056368858
0.344 -0.05741819 -0.05554694 -0.05476866 -0.05831193 -0.056251764 -0.05852935 -0.05725017 -0.056455933
0.3445 -0.05751798 -0.05568351 -0.05491981 -0.05839703 -0.05635429 -0.058663815 -0.05740957 -0.056541916
0.345 -0.05761642 -0.055818 -0.05506861 -0.05848103 -0.056455508 -0.058796246 -0.057566524 -0.056626827
0.3455 -0.05771355 -0.05595044 -0.05521512 -0.05856395 -0.056555435 -0.058926675 -0.057721075 -0.05671067
0.346 -0.05780938 -0.05608088 -0.05535936 -0.0586458 -0.05665409 -0.05905513 -0.057873257 -0.056793466
0.3465 -0.05790393 -0.05620934 -0.05550137 -0.0587266 -0.056751475 -0.059181657 -0.05802311 -0.05687523
0.347 -0.05799721 -0.05633585 -0.05564119 -0.05880636 -0.05684763 -0.05930629 -0.05817067 -0.056955967
0.3475 -0.05808924 -0.05646044 -0.05577885 -0.0588851 -0.056942552 -0.05942904 -0.058315974 -0.057035696
0.348 -0.05818005 -0.05658315 -0.05591439 -0.05896283 -0.057036266 -0.059549954 -0.058459055 -0.057114426
0.3485 -0.05826964 -0.05670401 -0.05604785 -0.05903955 -0.057128787 -0.05966905 -0.05859995 -0.057192173
0.349 -0.05835803 -0.05682305 -0.05617925 -0.0591153 -0.05722013 -0.05978637 -0.058738697 -0.05726895
0.3495 -0.05844524 -0.05694029 -0.05630863 -0.05919007 -0.057310317 -0.059901927 -0.05887533 -0.057344772
0.35 -0.05853129 -0.05705576 -0.05643602 -0.05926388 -0.05739935 -0.060015764 -0.059009884 -0.057419643
0.3505 -0.05861619 -0.05716949 -0.05656146 -0.05933674 -0.05748725 -0.060127903 -0.059142385 -0.057493582
0.351 -0.05869995 -0.05728152 -0.05668497 -0.05940867 -0.05757403 -0.060238358 -0.059272867 -0.057566598
0.3515 -0.0587826 -0.05739186 -0.05680659 -0.05947968 -0.05765971 -0.060347196 -0.059401363 -0.0576387
0.352 -0.05886415 -0.05750055 -0.05692635 -0.05954977 -0.0577443 -0.060454387 -0.05952791 -0.05770991
0.3525 -0.05894461 -0.0576076 -0.05704427 -0.05961897 -0.05782782 -0.06055999 -0.059652537 -0.05778023
0.353 -0.05902399 -0.05771306 -0.05716039 -0.05968728 -0.057910275 -0.06066404 -0.059775278 -0.05784967
0.3535 -0.05910232 -0.05781693 -0.05727474 -0.05975472 -0.05799169 -0.06076653 -0.059896152 -0.05791825
0.354 -0.0591796 -0.05791925 -0.05738734 -0.05982129 -0.058072068 -0.060867507 -0.060015194 -0.057985976
0.3545 -0.05925586 -0.05802004 -0.05749822 -0.059887 -0.058151424 -0.060967 -0.060132436 -0.058052856
0.355 -0.0593311 -0.05811933 -0.05760741 -0.05995188 -0.058229774 -0.061065014 -0.060247898 -0.058118906
0.3555 -0.05940533 -0.05821714 -0.05771494 -0.06001593 -0.058307134 -0.06116158 -0.060361624 -0.058184132
0.356 -0.05947858 -0.05831349 -0.05782083 -0.06007915 -0.05838351 -0.06125672 -0.060473625 -0.058248546
0.3565 -0.05955086 -0.05840841 -0.05792511 -0.06014157 -0.058458924 -0.06135047 -0.060583934 -0.058312163
0.357 -0.05962217 -0.05850191 -0.05802781 -0.06020318 -0.058533378 -0.06144282 -0.060692586 -0.05837499
0.3575 -0.05969253 -0.05859402 -0.05812894 -0.06026401 -0.058606897 -0.06153382 -0.060799595 -0.058437034
0.358 -0.05976196 -0.05868477 -0.05822854 -0.06032406 -0.05867948 -0.061623488 -0.060904995 -0.058498308
0.3585 -0.05983047 -0.05877417 -0.05832663 -0.06038334 -0.058751144 -0.06171184 -0.061008804 -0.05855882
0.359 -0.05989806 -0.05886225 -0.05842324 -0.06044186 -0.058821905 -0.061798897 -0.061111055 -0.058618583
0.3595 -0.05996476 -0.05894902 -0.05851838 -0.06049964 -0.058891773 -0.061884675 -0.061211765 -0.058677603
0.36 -0.06003057 -0.05903451 -0.05861208 -0.06055667 -0.05896076 -0.061969202 -0.06131096 -0.058735892
0.3605 -0.06009551 -0.05911873 -0.05870437 -0.06061298 -0.059028864 -0.062052492 -0.061408676 -0.05879346
0.361 -0.06015958 -0.05920171 -0.05879526 -0.06066857 -0.05909612 -0.062134568 -0.06150491 -0.05885031
0.3615 -0.06022281 -0.05928347 -0.05888478 -0.06072344 -0.059162524 -0.06221544 -0.061599717 -0.05890646
0.362 -0.0602852 -0.05936402 -0.05897295 -0.06077762 -0.05922809 -0.062295146 -0.061693095 -0.05896191
0.3625 -0.06034675 -0.05944338 -0.05905979 -0.0608311 -0.059292823 -0.062373683 -0.06178508 -0.059016675
0.363 -0.0604075 -0.05952157 -0.05914533 -0.0608839 -0.05935675 -0.06245108 -0.06187568 -0.05907076
0.3635 -0.06046743 -0.05959862 -0.05922957 -0.06093603 -0.059419867 -0.06252734 -0.061964933 -0.05912418
0.364 -0.06052657 -0.05967453 -0.05931255 -0.06098749 -0.05948219 -0.06260251 -0.06205285 -0.059176933
0.3645 -0.06058493 -0.05974933 -0.05939429 -0.06103829 -0.059543725 -0.06267658 -0.06213946 -0.05922904
0.365 -0.06064252 -0.05982303 -0.05947479 -0.06108845 -0.05960449 -0.062749594 -0.06222477 -0.059280496
0.3655 -0.06069934 -0.05989565 -0.05955409 -0.06113796 -0.059664484 -0.06282152 -0.06230881 -0.059331317
0.366 -0.06075541 -0.05996721 -0.0596322 -0.06118684 -0.05972373 -0.06289244 -0.0623916 -0.059381515
0.3665 -0.06081074 -0.06003772 -0.05970914 -0.0612351 -0.05978223 -0.06296233 -0.06247316 -0.05943109
0.367 -0.06086534 -0.0601072 -0.05978492 -0.06128275 -0.059839986 -0.063031204 -0.06255351 -0.059480052
0.3675 -0.06091921 -0.06017566 -0.05985958 -0.06132978 -0.059897024 -0.06309909 -0.062632665 -0.05952841
0.368 -0.06097237 -0.06024312 -0.05993311 -0.06137622 -0.059953347 -0.063165985 -0.062710635 -0.05957617
0.3685 -0.06102483 -0.0603096 -0.06000555 -0.06142206 -0.060008958 -0.06323193 -0.06278746 -0.059623342
0.369 -0.06107659 -0.06037511 -0.06007691 -0.06146732 -0.060063876 -0.06329694 -0.062863134 -0.05966993
0.3695 -0.06112767 -0.06043967 -0.0601472 -0.061512 -0.0601181 -0.06336099 -0.06293769 -0.059715945
0.37 -0.06117808 -0.06050329 -0.06021645 -0.06155611 -0.06017165 -0.06342414 -0.063011155 -0.059761394
0.3705 -0.06122782 -0.06056598 -0.06028466 -0.06159966 -0.06022452 -0.0634864 -0.06308352 -0.059806284
0.371 -0.0612769 -0.06062776 -0.06035186 -0.06164266 -0.06027673 -0.06354773 -0.063154824 -0.05985062
0.3715 -0.06132533 -0.06068865 -0.06041807 -0.0616851 -0.060328294 -0.06360822 -0.06322507 -0.059894405
0.372 -0.06137313 -0.06074865 -0.06048328 -0.06172701 -0.060379207 -0.06366783 -0.06329427 -0.059937656
0.3725 -0.06142029 -0.06080778 -0.06054753 -0.06176838 -0.060429484 -0.063726604 -0.06336246 -0.059980374
0.373 -0.06146683 -0.06086605 -0.06061083 -0.06180923 -0.060479127 -0.06378452 -0.063429646 -0.060022563
0.3735 -0.06151276 -0.06092348 -0.06067318 -0.06184956 -0.06052815 -0.06384162 -0.06349584 -0.060064234
0.374 -0.06155808 -0.06098008 -0.06073462 -0.06188937 -0.060576558 -0.063897915 -0.06356105 -0.06010539
0.3745 -0.06160281 -0.06103587 -0.06079514 -0.06192867 -0.06062437 -0.0639534 -0.06362532 -0.06014605
0.375 -0.06164694 -0.06109084 -0.06085477 -0.06196748 -0.06067157 -0.06400811 -0.063688636 -0.0601862
0.3755 -0.0616905 -0.06114503 -0.06091351 -0.06200579 -0.060718194 -0.06406203 -0.06375101 -0.06022586
0.376 -0.06173348 -0.06119843 -0.06097139 -0.06204362 -0.06076423 -0.0641152 -0.06381249 -0.06026503
0.3765 -0.06177589 -0.06125106 -0.06102842 -0.06208096 -0.060809694 -0.06416759 -0.06387306 -0.060303725
0.377 -0.06181774 -0.06130293 -0.0610846 -0.06211783 -0.060854584 -0.064219266 -0.06393274 -0.06034194
0.3775 -0.06185905 -0.06135406 -0.06113995 -0.06215423 -0.06089892 -0.0642702 -0.06399155 -0.060379684
0.378 -0.06189981 -0.06140446 -0.06119449 -0.06219016 -0.060942702 -0.06432043 -0.0640495 -0.06041697
0.3785 -0.06194003 -0.06145413 -0.06124823 -0.06222564 -0.060985938 -0.06436993 -0.0641066 -0.060453795
0.379 -0.06197973 -0.06150308 -0.06130118 -0.06226067 -0.061028637 -0.06441876 -0.064162865 -0.060490172
0.3795 -0.0620189 -0.06155134 -0.06135334 -0.06229525 -0.0610708 -0.06446689 -0.064218305 -0.060526103
0.38 -0.06205756 -0.0615989 -0.06140475 -0.06232939 -0.06111244 -0.06451435 -0.06427294 -0.060561594
0.3805 -0.06209571 -0.06164578 -0.06145539 -0.0623631 -0.06115356 -0.06456112 -0.06432678 -0.06059665
0.381 -0.06213335 -0.06169199 -0.0615053 -0.06239638 -0.061194174 -0.06460725 -0.06437983 -0.06063127
0.3815 -0.06217051 -0.06173754 -0.06155447 -0.06242924 -0.061234277 -0.064652726 -0.064432114 -0.060665473
0.382 -0.06220717 -0.06178244 -0.06160292 -0.06246168 -0.061273884 -0.06469758 -0.06448364 -0.060699254
0.3825 -0.06224335 -0.06182669 -0.06165067 -0.06249371 -0.061312996 -0.064741805 -0.06453441 -0.06073262
0.383 -0.06227906 -0.06187032 -0.06169771 -0.06252533 -0.061351627 -0.064785406 -0.06458445 -0.060765583
0.3835 -0.0623143 -0.06191332 -0.06174407 -0.06255655 -0.061389767 -0.06482838 -0.064633764 -0.06079814
0.384 -0.06234908 -0.06195571 -0.06178975 -0.06258738 -0.061427444 -0.064870775 -0.064682364 -0.060830303
0.3845 -0.0623834 -0.06199749 -0.06183476 -0.06261781 -0.06146465 -0.06491259 -0.06473025 -0.060862064
0.385 -0.06241727 -0.06203868 -0.06187912 -0.06264785 -0.06150139 -0.064953804 -0.06477745 -0.060893442
0.3855 -0.06245069 -0.06207929 -0.06192283 -0.06267752 -0.06153768 -0.064994454 -0.06482397 -0.060924437
0.386 -0.06248368 -0.06211932 -0.0619659 -0.06270681 -0.06157352 -0.06503454 -0.06486982 -0.06095505
0.3865 -0.06251623 -0.06215877 -0.06200835 -0.06273572 -0.06160891 -0.06507407 -0.064914994 -0.060985293
0.387 -0.06254836 -0.06219767 -0.06205018 -0.06276427 -0.06164387 -0.06511304 -0.06495952 -0.061015166
0.3875 -0.06258007 -0.06223602 -0.0620914 -0.06279246 -0.061678387 -0.06515148 -0.06500341 -0.061044674
0.388 -0.06261136 -0.06227382 -0.06213202 -0.06282029 -0.06171249 -0.06518939 -0.06504666 -0.061073825
0.3885 -0.06264224 -0.06231109 -0.06217206 -0.06284776 -0.061746158 -0.06522678 -0.06508929 -0.061102618
0.389 -0.06267272 -0.06234783 -0.06221151 -0.06287489 -0.061779417 -0.065263644 -0.06513131 -0.061131056
0.3895 -0.0627028 -0.06238405 -0.06225039 -0.06290168 -0.06181226 -0.0653 -0.065172724 -0.061159153
0.39 -0.06273248 -0.06241976 -0.06228871 -0.06292812 -0.0618447 -0.065335855 -0.06521354 -0.061186906
0.3905 -0.06276178 -0.06245496 -0.06232647 -0.06295423 -0.061876737 -0.0653712 -0.06525377 -0.06121432
0.391 -0.06279069 -0.06248967 -0.06236369 -0.06298001 -0.061908375 -0.065406084 -0.06529343 -0.0612414
0.3915 -0.06281922 -0.06252388 -0.06240036 -0.06300546 -0.061939627 -0.065440476 -0.06533252 -0.061268147
0.392 -0.06284739 -0.06255762 -0.06243651 -0.06303059 -0.06197049 -0.065474406 -0.065371044 -0.061294574
0.3925 -0.06287518 -0.06259087 -0.06247214 -0.0630554 -0.06200097 -0.065507844 -0.06540902 -0.061320674
0.393 -0.06290261 -0.06262366 -0.06250725 -0.06307989 -0.06203108 -0.06554085 -0.065446466 -0.06134646
0.3935 -0.06292968 -0.06265599 -0.06254186 -0.06310408 -0.06206081 -0.06557339 -0.06548336 -0.06137193
0.394 -0.0629564 -0.06268787 -0.06257596 -0.06312796 -0.06209018 -0.06560549 -0.065519735 -0.061397094
0.3945 -0.06298276 -0.06271929 -0.06260958 -0.06315153 -0.062119186 -0.06563716 -0.06555558 -0.06142195
0.395 -0.06300879 -0.06275027 -0.06264271 -0.06317481 -0.06214784 -0.065668374 -0.065590926 -0.061446503
0.3955 -0.06303447 -0.06278082 -0.06267537 -0.06319779 -0.06217613 -0.065699175 -0.06562576 -0.06147076
0.396 -0.06305982 -0.06281094 -0.06270755 -0.06322048 -0.062204078 -0.06572956 -0.065660104 -0.061494723
0.3965 -0.06308484 -0.06284064 -0.06273928 -0.06324289 -0.062231686 -0.06575951 -0.06569395 -0.06151839
0.397 -0.06310953 -0.06286992 -0.06277055 -0.06326501 -0.062258948 -0.06578907 -0.06572732 -0.061541773
0.3975 -0.0631339 -0.06289879 -0.06280137 -0.06328685 -0.062285878 -0.065818235 -0.065760225 -0.061564874
0.398 -0.06315795 -0.06292726 -0.06283175 -0.06330841 -0.062312476 -0.065846995 -0.06579265 -0.06158769
0.3985 -0.06318168 -0.06295533 -0.06286169 -0.06332971 -0.06233874 -0.065875374 -0.06582462 -0.061610237
0.399 -0.06320511 -0.062983 -0.06289121 -0.06335073 -0.062364694 -0.06590335 -0.065856144 -0.061632503
0.3995 -0.06322823 -0.06301029 -0.0629203 -0.06337148 -0.06239032 -0.065930955 -0.06588721 -0.0616545
0.4 -0.06325105 -0.0630372 -0.06294897 -0.06339198 -0.06241563 -0.0659582 -0.06591784 -0.061676234
0.4005 -0.06327358 -0.06306373 -0.06297724 -0.06341221 -0.062440634 -0.06598507 -0.06594805 -0.061697703
0.401 -0.06329581 -0.0630899 -0.0630051 -0.06343219 -0.062465332 -0.06601155 -0.06597781 -0.06171891
0.4015 -0.06331775 -0.0631157 -0.06303257 -0.06345191 -0.062489726 -0.0660377 -0.06600717 -0.061739862
0.402 -0.0633394 -0.06314113 -0.06305964 -0.06347139 -0.06251382 -0.06606348 -0.066036105 -0.06176056
0.4025 -0.06336077 -0.06316622 -0.06308633 -0.06349062 -0.06253762 -0.066088915 -0.06606463 -0.061781008
0.403 -0.06338187 -0.06319095 -0.06311264 -0.0635096 -0.062561125 -0.06611401 -0.06609276 -0.061801206
0.4035 -0.06340269 -0.06321534 -0.06313857 -0.06352835 -0.06258434 -0.066138774 -0.0661205 -0.061821163
0.404 -0.06342324 -0.0632394 -0.06316414 -0.06354686 -0.06260727 -0.0661632 -0.066147834 -0.06184088
0.4045 -0.06344352 -0.06326311 -0.06318934 -0.06356513 -0.06262993 -0.0661873 -0.06617479 -0.061860356
0.405 -0.06346353 -0.0632865 -0.06321418 -0.06358318 -0.062652305 -0.066211075 -0.066201374 -0.061879594
0.4055 -0.06348329 -0.06330957 -0.06323867 -0.06360099 -0.0626744 -0.06623454 -0.06622757 -0.061898604
0.406 -0.06350279 -0.06333231 -0.06326281 -0.06361859 -0.06269624 -0.066257685 -0.06625341 -0.06191738
0.4065 -0.06352204 -0.06335474 -0.06328661 -0.06363595 -0.062717795 -0.066280514 -0.06627888 -0.06193593
0.407 -0.06354103 -0.06337686 -0.06331007 -0.0636531 -0.0627391 -0.066303045 -0.066304006 -0.061954256
0.4075 -0.06355978 -0.06339867 -0.0633332 -0.06367003 -0.06276014 -0.06632527 -0.06632877 -0.061972365
0.408 -0.06357829 -0.06342018 -0.06335601 -0.06368675 -0.06278092 -0.06634718 -0.066353194 -0.06199025
0.4085 -0.06359655 -0.06344139 -0.06337849 -0.06370326 -0.06280145 -0.06636882 -0.06637727 -0.062007923
0.409 -0.06361458 -0.06346231 -0.06340065 -0.06371956 -0.06282172 -0.06639017 -0.06640101 -0.06202538
0.4095 -0.06363238 -0.06348294 -0.0634225 -0.06373565 -0.06284176 -0.06641122 -0.06642443 -0.06204263
0.41 -0.06364994 -0.06350329 -0.06344404 -0.06375154 -0.06286155 -0.066432 -0.06644751 -0.06205967
0.4105 -0.06366727 -0.06352335 -0.06346528 -0.06376723 -0.06288109 -0.06645251 -0.06647028 -0.0620765
0.411 -0.06368438 -0.06354314 -0.06348621 -0.06378272 -0.062900394 -0.06647274 -0.06649273 -0.062093135
0.4115 -0.06370127 -0.06356266 -0.06350685 -0.06379801 -0.06291947 -0.06649271 -0.066514865 -0.062109567
0.412 -0.06371794 -0.0635819 -0.06352721 -0.06381312 -0.0629383 -0.066512406 -0.066536695 -0.0621258
0.4125 -0.06373439 -0.06360088 -0.06354727 -0.06382803 -0.062956914 -0.06653184 -0.06655822 -0.06214184
0.413 -0.06375063 -0.0636196 -0.06356705 -0.06384275 -0.062975295 -0.06655103 -0.066579446 -0.062157683
0.4135 -0.06376666 -0.06363806 -0.06358656 -0.06385729 -0.06299345 -0.06656997 -0.066600375 -0.062173337
0.414 -0.06378248 -0.06365627 -0.06360579 -0.06387164 -0.06301139 -0.066588625 -0.06662102 -0.062188804
0.4145 -0.06379809 -0.06367423 -0.06362474 -0.06388581 -0.06302911 -0.06660706 -0.066641375 -0.06220408
0.415 -0.06381351 -0.06369194 -0.06364344 -0.06389981 -0.06304662 -0.06662525 -0.06666145 -0.06221918
0.4155 -0.06382872 -0.06370941 -0.06366187 -0.06391363 -0.063063905 -0.06664319 -0.066681236 -0.062234093
0.416 -0.06384374 -0.06372664 -0.06368004 -0.06392727 -0.06308098 -0.06666091 -0.06670076 -0.06224883
0.4165 -0.06385856 -0.06374363 -0.06369796 -0.06394074 -0.06309786 -0.06667838 -0.06672001 -0.06226339
0.417 -0.06387319 -0.06376039 -0.06371563 -0.06395404 -0.063114524 -0.06669563 -0.06673899 -0.06227777
0.4175 -0.06388763 -0.06377692 -0.06373304 -0.06396717 -0.06313099 -0.06671265 -0.066757716 -0.062291984
0.418 -0.06390188 -0.06379322 -0.06375022 -0.06398014 -0.06314725 -0.066729456 -0.066776186 -0.062306024
0.4185 -0.06391595 -0.0638093 -0.06376716 -0.06399294 -0.06316332 -0.06674603 -0.066794395 -0.062319897
0.419 -0.06392984 -0.06382516 -0.06378385 -0.06400559 -0.063179195 -0.06676239 -0.06681236 -0.0623336
0.4195 -0.06394354 -0.06384081 -0.06380032 -0.06401807 -0.06319487 -0.066778526 -0.06683008 -0.06234714
0.42 -0.06395707 -0.06385624 -0.06381655 -0.06403039 -0.06321037 -0.066794455 -0.06684755 -0.06236052
0.4205 -0.06397043 -0.06387146 -0.06383256 -0.06404256 -0.063225664 -0.06681019 -0.06686478 -0.06237374
0.421 -0.06398361 -0.06388647 -0.06384835 -0.06405458 -0.06324078 -0.066825695 -0.066881776 -0.062386796
0.4215 -0.06399662 -0.06390127 -0.06386391 -0.06406645 -0.06325571 -0.06684101 -0.06689854 -0.062399697
0.422 -0.06400946 -0.06391588 -0.06387926 -0.06407816 -0.063270465 -0.06685612 -0.06691507 -0.062412445
0.4225 -0.06402214 -0.06393028 -0.0638944 -0.06408973 -0.06328504 -0.066871054 -0.066931374 -0.062425043
0.423 -0.06403465 -0.06394449 -0.06390932 -0.06410115 -0.06329944 -0.06688578 -0.06694746 -0.062437486
0.4235 -0.06404701 -0.06395851 -0.06392404 -0.06411243 -0.06331366 -0.06690031 -0.06696333 -0.06244978
0.424 -0.0640592 -0.06397233 -0.06393855 -0.06412356 -0.06332771 -0.066914655 -0.066978976 -0.062461928
0.4245 -0.06407123 -0.06398597 -0.06395286 -0.06413456 -0.06334159 -0.066928804 -0.066994414 -0.06247393
0.425 -0.06408311 -0.06399942 -0.06396697 -0.06414542 -0.06335531 -0.06694278 -0.067009635 -0.062485788
0.4255 -0.06409484 -0.06401268 -0.06398089 -0.06415614 -0.06336885 -0.066956565 -0.06702465 -0.062497504
0.426 -0.06410641 -0.06402577 -0.06399461 -0.06416672 -0.06338224 -0.06697016 -0.06703946 -0.06250908
0.4265 -0.06411784 -0.06403868 -0.06400815 -0.06417718 -0.063395455 -0.066983595 -0.06705407 -0.06252052
0.427 -0.06412911 -0.06405141 -0.06402149 -0.0641875 -0.06340852 -0.06699686 -0.06706848 -0.06253182
0.4275 -0.06414025 -0.06406398 -0.06403465 -0.06419769 -0.06342142 -0.06700995 -0.06708269 -0.06254299
0.428 -0.06415123 -0.06407637 -0.06404763 -0.06420775 -0.06343417 -0.06702286 -0.06709672 -0.06255402
0.4285 -0.06416208 -0.06408859 -0.06406043 -0.06421768 -0.06344676 -0.06703563 -0.067110546 -0.062564924
0.429 -0.06417279 -0.06410065 -0.06407305 -0.06422749 -0.0634592 -0.06704821 -0.06712419 -0.06257569
0.4295 -0.06418335 -0.06411254 -0.0640855 -0.06423718 -0.06347149 -0.067060634 -0.06713764 -0.06258633
0.43 -0.06419379 -0.06412427 -0.06409777 -0.06424674 -0.06348364 -0.0670729 -0.06715093 -0.06259685
0.4305 -0.06420408 -0.06413585 -0.06410988 -0.06425619 -0.063495636 -0.067085 -0.06716402 -0.06260724
0.431 -0.06421425 -0.06414727 -0.06412182 -0.06426551 -0.06350749 -0.06709695 -0.06717695 -0.0626175
0.4315 -0.06422428 -0.06415853 -0.06413359 -0.06427472 -0.063519195 -0.06710875 -0.06718969 -0.06262764
0.432 -0.06423419 -0.06416964 -0.0641452 -0.06428381 -0.06353077 -0.06712039 -0.06720226 -0.06263767
0.4325 -0.06424396 -0.0641806 -0.06415665 -0.06429279 -0.063542195 -0.06713188 -0.06721467 -0.06264757
0.433 -0.06425361 -0.06419141 -0.06416795 -0.06430166 -0.06355348 -0.06714324 -0.0672269 -0.062657356
0.4335 -0.06426314 -0.06420208 -0.06417909 -0.06431041 -0.06356464 -0.06715442 -0.06723897 -0.06266703
0.434 -0.06427255 -0.0642126 -0.06419007 -0.06431905 -0.06357566 -0.06716549 -0.06725088 -0.06267658
0.4345 -0.06428183 -0.06422298 -0.0642009 -0.06432759 -0.06358655 -0.0671764 -0.06726263 -0.06268602
0.435 -0.06429099 -0.06423322 -0.06421159 -0.06433601 -0.06359731 -0.06718719 -0.06727422 -0.06269534
0.4355 -0.06430004 -0.06424333 -0.06422213 -0.06434433 -0.06360794 -0.067197815 -0.06728565 -0.062704556
0.436 -0.06430897 -0.06425329 -0.06423252 -0.06435255 -0.06361844 -0.06720832 -0.06729693 -0.06271366
0.4365 -0.06431778 -0.06426312 -0.06424277 -0.06436066 -0.063628815 -0.06721869 -0.06730806 -0.06272265
0.437 -0.06432648 -0.06427282 -0.06425288 -0.06436867 -0.06363906 -0.06722891 -0.06731904 -0.06273155
0.4375 -0.06433507 -0.06428239 -0.06426286 -0.06437658 -0.06364919 -0.06723903 -0.067329876 -0.06274033
0.438 -0.06434355 -0.06429183 -0.06427269 -0.0643844 -0.06365919 -0.067249 -0.06734057 -0.06274901
0.4385 -0.06435192 -0.06430115 -0.06428239 -0.06439211 -0.06366908 -0.06725885 -0.06735111 -0.06275759
0.439 -0.06436018 -0.06431034 -0.06429196 -0.06439972 -0.063678846 -0.06726858 -0.06736151 -0.06276606
0.4395 -0.06436833 -0.0643194 -0.0643014 -0.06440724 -0.063688494 -0.06727817 -0.06737178 -0.062774435
0.44 -0.06437638 -0.06432834 -0.0643107 -0.06441467 -0.06369802 -0.06728765 -0.06738191 -0.06278271
0.4405 -0.06438433 -0.06433717 -0.06431988 -0.064422 -0.06370744 -0.06729701 -0.0673919 -0.062790886
0.441 -0.06439217 -0.06434587 -0.06432894 -0.06442924 -0.063716754 -0.06730625 -0.06740176 -0.06279896
0.4415 -0.06439992 -0.06435446 -0.06433787 -0.06443639 -0.06372594 -0.06731536 -0.0674115 -0.06280694
0.442 -0.06440756 -0.06436293 -0.06434668 -0.06444345 -0.06373503 -0.067324355 -0.067421086 -0.06281483
0.4425 -0.06441511 -0.06437129 -0.06435537 -0.06445042 -0.06374401 -0.06733326 -0.06743056 -0.062822625
0.443 -0.06442256 -0.06437954 -0.06436394 -0.0644573 -0.063752875 -0.067342035 -0.06743991 -0.06283033
0.4435 -0.06442991 -0.06438768 -0.06437239 -0.06446409 -0.06376164 -0.0673507 -0.06744913 -0.062837936
0.444 -0.06443717 -0.06439571 -0.06438073 -0.0644708 -0.063770294 -0.06735926 -0.06745823 -0.06284545
0.4445 -0.06444434 -0.06440363 -0.06438895 -0.06447743 -0.06377885 -0.0673677 -0.067467205 -0.06285288
0.445 -0.06445141 -0.06441144 -0.06439707 -0.06448397 -0.0637873 -0.06737605 -0.067476064 -0.06286023
0.4455 -0.06445839 -0.06441915 -0.06440507 -0.06449043 -0.06379564 -0.06738428 -0.06748481 -0.062867485
0.446 -0.06446529 -0.06442676 -0.06441296 -0.06449681 -0.0638039 -0.067392424 -0.06749343 -0.06287465
0.4465 -0.06447209 -0.06443426 -0.06442075 -0.06450311 -0.06381204 -0.067400455 -0.06750195 -0.06288174
0.447 -0.06447881 -0.06444167 -0.06442843 -0.06450933 -0.063820094 -0.06740838 -0.067510344 -0.062888734
0.4475 -0.06448544 -0.06444897 -0.06443601 -0.06451547 -0.06382805 -0.06741622 -0.06751863 -0.062895656
0.448 -0.06449199 -0.06445618 -0.06444348 -0.06452154 -0.06383592 -0.06742394 -0.0675268 -0.06290249
0.4485 -0.06449845 -0.0644633 -0.06445085 -0.06452753 -0.06384368 -0.06743157 -0.06753487 -0.06290924
0.449 -0.06450483 -0.06447031 -0.06445812 -0.06453344 -0.063851364 -0.06743911 -0.067542836 -0.062915914
0.4495 -0.06451113 -0.06447724 -0.06446529 -0.06453928 -0.06385894 -0.067446545 -0.0675507 -0.062922515
0.45 -0.06451735 -0.06448407 -0.06447237 -0.06454505 -0.06386644 -0.067453906 -0.06755845 -0.06292903
0.4505 -0.06452348 -0.06449081 -0.06447935 -0.06455074 -0.06387384 -0.06746115 -0.067566104 -0.06293547
0.451 -0.06452954 -0.06449746 -0.06448624 -0.06455636 -0.06388116 -0.06746832 -0.06757366 -0.062941834
0.4515 -0.06453552 -0.06450402 -0.06449303 -0.06456191 -0.063888386 -0.0674754 -0.06758112 -0.062948115
0.452 -0.06454143 -0.0645105 -0.06449973 -0.0645674 -0.06389553 -0.06748238 -0.06758847 -0.06295433
0.4525 -0.06454726 -0.06451689 -0.06450634 -0.06457281 -0.06390259 -0.067489274 -0.06759573 -0.06296047
0.453 -0.06455301 -0.06452319 -0.06451286 -0.06457815 -0.06390956 -0.06749609 -0.06760289 -0.06296654
0.4535 -0.06455869 -0.06452941 -0.06451929 -0.06458343 -0.063916445 -0.06750282 -0.067609966 -0.06297254
0.454 -0.0645643 -0.06453555 -0.06452563 -0.06458864 -0.063923255 -0.06750946 -0.06761694 -0.06297846
0.4545 -0.06456984 -0.06454161 -0.06453189 -0.06459379 -0.06392998 -0.06751603 -0.067623824 -0.06298432
0.455 -0.0645753 -0.06454758 -0.06453807 -0.06459887 -0.06393663 -0.067522496 -0.06763062 -0.06299011
0.4555 -0.0645807 -0.06455348 -0.06454416 -0.06460389 -0.0639432 -0.0675289 -0.067637324 -0.06299582
0.456 -0.06458602 -0.06455929 -0.06455017 -0.06460884 -0.06394969 -0.06753522 -0.06764394 -0.06300147
0.4565 -0.06459128 -0.06456504 -0.0645561 -0.06461374 -0.0639561 -0.06754146 -0.067650475 -0.06300706
0.457 -0.06459647 -0.0645707 -0.06456195 -0.06461857 -0.06396243 -0.06754762 -0.06765692 -0.06301257
0.4575 -0.0646016 -0.06457629 -0.06456772 -0.06462334 -0.06396869 -0.067553714 -0.06766328 -0.063018024
0.458 -0.06460665 -0.0645818 -0.06457341 -0.06462805 -0.06397487 -0.067559704 -0.06766956 -0.06302341
0.4585 -0.06461165 -0.06458725 -0.06457902 -0.0646327 -0.06398098 -0.06756566 -0.06767576 -0.06302874
0.459 -0.06461658 -0.06459262 -0.06458456 -0.06463729 -0.063987024 -0.06757151 -0.06768188 -0.063034
0.4595 -0.06462145 -0.06459792 -0.06459003 -0.06464183 -0.06399299 -0.0675773 -0.067687914 -0.0630392
0.46 -0.06462625 -0.06460314 -0.06459542 -0.06464631 -0.06399889 -0.067583025 -0.067693874 -0.06304433
0.4605 -0.06463099 -0.0646083 -0.06460074 -0.06465073 -0.06400471 -0.06758866 -0.067699745 -0.06304941
0.461 -0.06463568 -0.0646134 -0.06460599 -0.0646551 -0.06401047 -0.06759423 -0.06770555 -0.06305443
0.4615 -0.0646403 -0.06461842 -0.06461117 -0.06465941 -0.06401616 -0.06759974 -0.06771128 -0.06305939
0.462 -0.06464486 -0.06462338 -0.06461627 -0.06466367 -0.06402178 -0.06760518 -0.067716934 -0.063064285
0.4625 -0.06464937 -0.06462827 -0.06462131 -0.06466787 -0.06402734 -0.067610554 -0.067722514 -0.06306913
0.463 -0.06465382 -0.0646331 -0.06462629 -0.06467203 -0.06403282 -0.06761587 -0.06772803 -0.06307391
0.4635 -0.06465821 -0.06463786 -0.06463119 -0.06467613 -0.06403825 -0.0676211 -0.06773347 -0.063078634
0.464 -0.06466254 -0.06464256 -0.06463603 -0.06468017 -0.064043604 -0.06762625 -0.06773883 -0.063083306
0.4645 -0.06466682 -0.0646472 -0.0646408 -0.06468417 -0.0640489 -0.06763138 -0.06774413 -0.063087925
0.465 -0.06467105 -0.06465178 -0.06464552 -0.06468812 -0.06405413 -0.067636415 -0.06774936 -0.06309249
0.4655 -0.06467522 -0.06465629 -0.06465016 -0.06469202 -0.0640593 -0.06764141 -0.06775452 -0.063097
0.466 -0.06467934 -0.06466075 -0.06465475 -0.06469587 -0.06406441 -0.06764634 -0.06775962 -0.063101456
0.4665 -0.0646834 -0.06466515 -0.06465927 -0.06469967 -0.064069465 -0.0676512 -0.06776465 -0.06310587
0.467 -0.06468741 -0.06466949 -0.06466374 -0.06470342 -0.06407445 -0.06765601 -0.06776962 -0.06311022
0.4675 -0.06469138 -0.06467378 -0.06466814 -0.06470713 -0.06407939 -0.06766075 -0.06777452 -0.06311452
0.468 -0.06469529 -0.064678 -0.06467248 -0.06471079 -0.064084254 -0.06766543 -0.067779355 -0.06311877
0.4685 -0.06469915 -0.06468217 -0.06467677 -0.0647144 -0.064089075 -0.06767006 -0.06778413 -0.06312297
0.469 -0.06470296 -0.06468629 -0.064681 -0.06471797 -0.06409383 -0.06767464 -0.06778885 -0.06312712
0.4695 -0.06470672 -0.06469035 -0.06468517 -0.0647215 -0.06409853 -0.067679144 -0.067793496 -0.06313123
0.47 -0.06471044 -0.06469436 -0.06468929 -0.06472498 -0.06410317 -0.06768361 -0.06779809 -0.063135274
0.4705 -0.06471411 -0.06469832 -0.06469335 -0.06472841 -0.06410776 -0.06768802 -0.06780262 -0.06313929
0.471 -0.06471773 -0.06470222 -0.06469736 -0.06473181 -0.0641123 -0.067692384 -0.0678071 -0.063143246
0.4715 -0.06472131 -0.06470607 -0.06470132 -0.06473516 -0.064116776 -0.06769666 -0.06781152 -0.06314716
0.472 -0.06472484 -0.06470988 -0.06470522 -0.06473846 -0.06412121 -0.067700915 -0.067815885 -0.063151024
0.4725 -0.06472832 -0.06471363 -0.06470907 -0.06474173 -0.06412559 -0.06770511 -0.067820184 -0.06315485
0.473 -0.06473176 -0.06471733 -0.06471287 -0.06474496 -0.06412991 -0.06770925 -0.06782443 -0.063158624
0.4735 -0.06473516 -0.06472099 -0.06471662 -0.06474814 -0.06413418 -0.067713335 -0.06782863 -0.06316236
0.474 -0.06473851 -0.06472459 -0.06472032 -0.06475129 -0.064138405 -0.067717366 -0.067832775 -0.06316604
0.4745 -0.06474182 -0.06472815 -0.06472397 -0.0647544 -0.06414258 -0.06772137 -0.06783686 -0.06316969
0.475 -0.06474509 -0.06473166 -0.06472757 -0.06475747 -0.064146705 -0.06772531 -0.0678409 -0.06317329
0.4755 -0.06474832 -0.06473513 -0.06473112 -0.06476049 -0.06415078 -0.067729205 -0.06784488 -0.06317685
0.476 -0.0647515 -0.06473855 -0.06473463 -0.06476349 -0.06415481 -0.06773305 -0.06784882 -0.063180365
0.4765 -0.06475465 -0.06474193 -0.06473809 -0.06476644 -0.06415878 -0.06773685 -0.0678527 -0.063183844
0.477 -0.06475775 -0.06474526 -0.0647415 -0.06476936 -0.064162716 -0.06774061 -0.067856535 -0.06318728
0.4775 -0.06476082 -0.06474855 -0.06474487 -0.06477224 -0.0641666 -0.06774431 -0.06786032 -0.06319067
0.478 -0.06476384 -0.06475179 -0.06474819 -0.06477508 -0.06417045 -0.067747965 -0.06786405 -0.06319403
0.4785 -0.06476683 -0.06475499 -0.06475147 -0.06477789 -0.064174235 -0.067751594 -0.06786774 -0.063197345
0.479 -0.06476978 -0.06475816 -0.06475471 -0.06478066 -0.06417798 -0.06775517 -0.067871384 -0.06320062
0.4795 -0.06477269 -0.06476127 -0.0647579 -0.0647834 -0.06418169 -0.0677587 -0.06787498 -0.063203864
0.48 -0.06477557 -0.06476435 -0.06476105 -0.06478611 -0.06418535 -0.06776218 -0.06787853 -0.06320707
0.4805 -0.06477841 -0.06476739 -0.06476416 -0.06478878 -0.06418898 -0.06776564 -0.06788204 -0.063210234
0.481 -0.06478121 -0.06477039 -0.06476723 -0.06479141 -0.06419255 -0.067769036 -0.067885496 -0.063213356
0.4815 -0.06478397 -0.06477335 -0.06477025 -0.06479402 -0.06419609 -0.06777239 -0.067888916 -0.06321645
0.482 -0.06478671 -0.06477627 -0.06477324 -0.06479659 -0.06419958 -0.06777573 -0.0678923 -0.0632195
0.4825 -0.0647894 -0.06477915 -0.06477619 -0.06479913 -0.064203024 -0.06777899 -0.06789563 -0.06322252
0.483 -0.06479206 -0.064782 -0.06477909 -0.06480164 -0.06420644 -0.06778224 -0.067898914 -0.0632255
0.4835 -0.06479469 -0.0647848 -0.06478196 -0.06480411 -0.06420981 -0.06778546 -0.06790216 -0.06322845
0.484 -0.06479729 -0.06478757 -0.0647848 -0.06480656 -0.06421314 -0.067788616 -0.067905374 -0.063231364
0.4845 -0.06479985 -0.06479031 -0.06478759 -0.06480897 -0.064216435 -0.067791745 -0.06790854 -0.06323424
0.485 -0.06480238 -0.06479301 -0.06479035 -0.06481136 -0.06421968 -0.067794815 -0.06791166 -0.063237086
0.4855 -0.06480488 -0.06479567 -0.06479307 -0.06481371 -0.0642229 -0.06779787 -0.067914754 -0.0632399
0.486 -0.06480734 -0.0647983 -0.06479576 -0.06481604 -0.06422608 -0.06780089 -0.067917794 -0.06324268
0.4865 -0.06480978 -0.0648009 -0.06479841 -0.06481833 -0.06422922 -0.06780385 -0.067920804 -0.06324543
0.487 -0.06481218 -0.06480346 -0.06480102 -0.0648206 -0.06423232 -0.067806795 -0.06792378 -0.06324814
0.4875 -0.06481455 -0.06480598 -0.0648036 -0.06482284 -0.06423539 -0.0678097 -0.06792671 -0.063250825
0.488 -0.0648169 -0.06480848 -0.06480615 -0.06482505 -0.064238414 -0.06781258 -0.06792961 -0.06325348
0.4885 -0.06481921 -0.06481094 -0.06480866 -0.06482724 -0.06424141 -0.06781541 -0.06793247 -0.0632561
0.489 -0.06482149 -0.06481337 -0.06481114 -0.06482939 -0.064244375 -0.06781822 -0.067935295 -0.063258685
0.4895 -0.06482375 -0.06481577 -0.06481359 -0.06483152 -0.064247295 -0.06782098 -0.06793808 -0.06326125
0.49 -0.06482597 -0.06481814 -0.064816 -0.06483362 -0.064250186 -0.06782371 -0.06794084 -0.063263774
0.4905 -0.06482817 -0.06482047 -0.06481838 -0.0648357 -0.06425304 -0.067826405 -0.06794355 -0.06326628
0.491 -0.06483034 -0.06482278 -0.06482074 -0.06483775 -0.06425586 -0.06782907 -0.06794624 -0.06326875
0.4915 -0.06483248 -0.06482505 -0.06482306 -0.06483977 -0.06425865 -0.06783171 -0.067948885 -0.063271195
0.492 -0.0648346 -0.0648273 -0.06482535 -0.06484177 -0.06426141 -0.06783432 -0.0679515 -0.06327361
0.4925 -0.06483669 -0.06482952 -0.06482761 -0.06484375 -0.06426413 -0.067836896 -0.06795409 -0.06327599
0.493 -0.06483875 -0.06483171 -0.06482984 -0.0648457 -0.06426682 -0.06783944 -0.06795665 -0.06327835
0.4935 -0.06484078 -0.06483387 -0.06483204 -0.06484762 -0.06426948 -0.06784195 -0.06795917 -0.06328067
0.494 -0.06484279 -0.064836 -0.06483421 -0.06484952 -0.06427212 -0.067844436 -0.067961656 -0.06328298
0.4945 -0.06484478 -0.0648381 -0.06483635 -0.0648514 -0.06427471 -0.06784688 -0.067964114 -0.06328526
0.495 -0.06484674 -0.06484018 -0.06483847 -0.06485325 -0.064277284 -0.06784931 -0.06796654 -0.063287504
0.4955 -0.06484867 -0.06484223 -0.06484056 -0.06485508 -0.064279824 -0.06785169 -0.06796894 -0.06328973
0.496 -0.06485058 -0.06484425 -0.06484262 -0.06485689 -0.064282335 -0.06785407 -0.067971304 -0.06329193
0.4965 -0.06485246 -0.06484625 -0.06484465 -0.06485868 -0.06428481 -0.0678564 -0.06797364 -0.0632941
0.497 -0.06485433 -0.06484822 -0.06484666 -0.06486044 -0.06428726 -0.06785871 -0.06797595 -0.06329624
0.4975 -0.06485616 -0.06485016 -0.06484864 -0.06486218 -0.06428968 -0.06786099 -0.06797823 -0.06329837
0.498 -0.06485798 -0.06485208 -0.06485059 -0.0648639 -0.06429207 -0.06786324 -0.06798048 -0.06330046
0.4985 -0.06485977 -0.06485398 -0.06485252 -0.0648656 -0.06429444 -0.067865476 -0.0679827 -0.06330253
0.499 -0.06486154 -0.06485585 -0.06485442 -0.06486727 -0.064296775 -0.067867674 -0.0679849 -0.06330459
0.4995 -0.06486328 -0.0648577 -0.0648563 -0.06486893 -0.064299084 -0.06786984 -0.06798706 -0.06330661
0.5 -0.06486501 -0.06485952 -0.06485816 -0.06487056 -0.06430137 -0.067871995 -0.06798921 -0.06330861
