9.415812082588673193e-02 8.221810646355151575e-02
6.558562777936458033e-02 5.746980998665094514e-02
4.800273347645998140e-02 4.357449933886527876e-02
3.835553266108036180e-02 3.584509119391441484e-02
3.262204276397824565e-02 3.143285382539033612e-02
2.901198323816061089e-02 2.899535614997148653e-02
2.650198172777891090e-02 2.728123124688863754e-02
2.466435655951499870e-02 2.608639001846313477e-02
2.329262681305408617e-02 2.503270953893661430e-02
2.191053563728928566e-02 2.416629772633314271e-02
2.082582004368305206e-02 2.356164213269949098e-02
2.007836578413844247e-02 2.297506146132945876e-02
1.912885578349232674e-02 2.240084763616323471e-02
1.835773419588804245e-02 2.206006869673728804e-02
1.778826555237173965e-02 2.189608402550220420e-02
1.717897001653909822e-02 2.162553295493125846e-02
1.670312033966183524e-02 2.130208965390920778e-02
1.619480652734637399e-02 2.118094805628061364e-02
1.592098232358694215e-02 2.105915211141109328e-02
1.545266862958669628e-02 2.084356974810362001e-02
1.510597709566354786e-02 2.059420868754386832e-02
1.470227353274822235e-02 2.047615554183721681e-02
1.433357750065624749e-02 2.036328129470348428e-02
1.394083825871348346e-02 2.006348464637994905e-02
1.345917871221899952e-02 1.985121835023164610e-02
1.296934364363551070e-02 1.963865943253040314e-02
1.243505417369306087e-02 1.903564687818288734e-02
1.177564389072358574e-02 1.850736867636442254e-02
1.117147551849484444e-02 1.825120681896805902e-02
1.060657077468931710e-02 1.719231950119137764e-02
1.024875161238014698e-02 1.746822027489542892e-02
1.003020917996764148e-02 1.630038386210799078e-02
9.551077289506793369e-03 1.647341996431350708e-02
9.685812518000602722e-03 1.589003028348088403e-02
9.232680313289165497e-03 1.565862698480486800e-02
9.089190280064940453e-03 1.577861830592155318e-02
8.468369627371430744e-03 1.513429312035441399e-02
8.226797915995121002e-03 1.478844182565808296e-02
8.014357858337461601e-03 1.453987052664160694e-02
7.528710458427667444e-03 1.454803440719842911e-02
7.451111241243780006e-03 1.388641558587551048e-02
7.067210366949438702e-03 1.346198022365569999e-02
7.063842634670436729e-03 1.337083633989095618e-02
7.341741304844618017e-03 1.314294487237930263e-02
6.745186634361743927e-03 1.340164220891892910e-02
6.685846135951578617e-03 1.255241110920906136e-02
6.161133130080998117e-03 1.194706363603472744e-02
5.815351451747119600e-03 1.122160097584128449e-02
5.551451630890369242e-03 1.125361563172191416e-02
5.773935420438647444e-03 1.100096367299556802e-02
5.241218605078756809e-03 1.072841638233512640e-02
4.771239985711872404e-03 1.030963473021984100e-02
4.745397716760635376e-03 9.555171313695608876e-03
4.642283823341131037e-03 9.472310007549823024e-03
4.900801507756113833e-03 9.181972150690853943e-03
5.041486490517855037e-03 1.065677355509251321e-02
4.549463524017483169e-03 9.739793371409177780e-03
4.402760590892285109e-03 8.488595462404191147e-03
4.291616997215896498e-03 8.911089412868023266e-03
4.314814612735062491e-03 8.793295640498400428e-03
4.004227439872920166e-03 9.144409489817918041e-03
3.849946940317749804e-03 8.115595788694918156e-03
3.765006782487034798e-03 9.478581021539866924e-03
3.984020720236003225e-03 7.633877720218151461e-03
5.373893585056066340e-03 8.768114191479981639e-03
4.796658316627145160e-03 7.901821075938642372e-03
4.256382072344422514e-03 8.350478310603648424e-03
3.526236652396619233e-03 7.800072315149009228e-03
3.564057475887239153e-03 7.415397255681454962e-03
3.373616177123040048e-03 7.788351201452314680e-03
3.195037401746958581e-03 6.849928770679980690e-03
3.442296257708221587e-03 6.562488200142979448e-03
3.269270632881671017e-03 7.409895374439656908e-03
3.094509721267968590e-03 6.629433040507138122e-03
3.227639937540516171e-03 6.641270522959530180e-03
3.395238204393536026e-03 6.112223118543624531e-03
3.010564157739281568e-03 6.391602358780801643e-03
3.004603995941579429e-03 6.352860049810260187e-03
2.901191508863121358e-03 7.079442124813794743e-03
3.019026346737519080e-03 6.057105259969830513e-03
3.041559958364814693e-03 6.339591147843747984e-03
3.187413880368694663e-03 6.174756144173443144e-03
2.993578719906508749e-03 5.940084613393991839e-03
2.863398822955787355e-03 6.845587980933487415e-03
3.127718204632401553e-03 6.529987091198563576e-03
3.249382763169705694e-03 5.843044444918632681e-03
3.704817115794867190e-03 8.012353489175439575e-03
4.014733538497239351e-03 7.336232496891170393e-03
3.141565737314522180e-03 6.515881814993918116e-03
2.836881834082305258e-03 6.596553546842187643e-03
2.720579237211495551e-03 6.086437415797263037e-03
2.653939044103026477e-03 6.195114948786795486e-03
2.628985332557931629e-03 5.821691057644784277e-03
2.942061930662021128e-03 5.313205835409462625e-03
2.668789832387119705e-03 5.669655371457337986e-03
2.599069860298186714e-03 7.604265492409468044e-03
2.957349282223731106e-03 6.118088471703230988e-03
2.743766552885063166e-03 5.415309261297807271e-03
2.460201061330735597e-03 5.362184240948408669e-03
2.406221604906022462e-03 5.266000935807824308e-03
2.787242096383124677e-03 5.243029608391225165e-03
2.393323369324207219e-03 5.409801728092133999e-03
2.284179639536887321e-03 5.775795702356844794e-03
2.569540892727672967e-03 4.780806001508608634e-03
2.242463675793260423e-03 4.744350753026082938e-03
2.116786141414195299e-03 5.101104761706665158e-03
2.069770387606695294e-03 5.278484639711677681e-03
2.042744436766952450e-03 4.952241951832548131e-03
2.059091726550832391e-03 4.505284677725285639e-03
2.059810364153236237e-03 4.588649573270231832e-03
2.101190941175445914e-03 4.803190304664894592e-03
2.108022337779402733e-03 4.604710463900119413e-03
2.156320388894528324e-03 4.393236234318464821e-03
2.062336512608453631e-03 4.545404302189126437e-03
1.881060953019186941e-03 5.366288335062563072e-03
1.916955516207963228e-03 4.823586688144132321e-03
1.815067918505519542e-03 4.599093244178220456e-03
1.824575087812263475e-03 4.501932259881868785e-03
1.772480973158963025e-03 4.842740437015891249e-03
1.807125902269035665e-03 4.783091333229095091e-03
1.835666026454418854e-03 4.549786716233938585e-03
1.747009847895242187e-03 4.577173240249976516e-03
1.984487820300273511e-03 4.094055516179651195e-03
1.898955798242241101e-03 4.685133195016533483e-03
1.932671439135447145e-03 4.243720869999379267e-03
1.784765406046062665e-03 4.083954065572470080e-03
1.772909023566171614e-03 3.994066029554233302e-03
1.714460083167068617e-03 4.100185213610529553e-03
1.649117405759170695e-03 4.106659709941595446e-03
1.565810851752758113e-03 4.141894483473152269e-03
1.617513503879308614e-03 4.348147916607559074e-03
1.677550477324984968e-03 4.442489542998373682e-03
1.598596462281420914e-03 4.225182539084926074e-03
1.632560088182799518e-03 4.051833058474585761e-03
1.559960906160995408e-03 4.016263061203062534e-03
1.421982183819636616e-03 4.232246539322659720e-03
2.041357819689437574e-03 5.835411162115633835e-03
2.457207630504853937e-03 5.418234877288341869e-03
2.041691457270644518e-03 4.365324613172560757e-03
1.812163743306882723e-03 4.510358971310779105e-03
1.823185040848329663e-03 3.946116403676569115e-03
1.586880907416343602e-03 3.912332048639654940e-03
1.477949565742164807e-03 3.870598896173760468e-03
1.704187429277226416e-03 4.100629035383463253e-03
1.801211666315794034e-03 3.902880795067176223e-03
1.672295134630985471e-03 3.535203624051064079e-03
1.383042449015192774e-03 3.718976734671741551e-03
1.358125184196978807e-03 3.545702656265348023e-03
1.305202860385179433e-03 3.513337153708562428e-03
1.312781091837678148e-03 3.676120744785293937e-03
1.291729624790605244e-03 3.639040188863873395e-03
1.269756286637857470e-03 3.482617641566321254e-03
1.227474203915335238e-03 3.622113639721646905e-03
1.276662043528631243e-03 3.486087685450911435e-03
1.237396884243935433e-03 3.666727727977559144e-03
1.302068214863538829e-03 3.684789623366668994e-03
1.295139759895391676e-03 3.934595076134428555e-03
1.674892078153789087e-03 3.967304015532135963e-03
1.975815463811159307e-03 5.098615447059274067e-03
1.775475457543507305e-03 4.093943559564649885e-03
1.532077147567179141e-03 4.258138977456837546e-03
1.561389461858198003e-03 3.535861836280673569e-03
1.527457340853288813e-03 3.631187853170558637e-03
1.555335966986603992e-03 3.442578285466879693e-03
1.419816209818236530e-03 4.120655171573161905e-03
1.823253149632364598e-03 4.104165732860565532e-03
1.684252312406897458e-03 3.752971696667373007e-03
1.545226533198729114e-03 3.979463939322159041e-03
1.273724186467006716e-03 3.273435792652890260e-03
1.249205437488853931e-03 3.159515256993472403e-03
1.128223841078579426e-03 3.205231763422489080e-03
1.083316945005208167e-03 3.382787026930600491e-03
1.123341236962005496e-03 3.297280479455366557e-03
1.152481917233671950e-03 3.201354329939931718e-03
1.105558543349616143e-03 3.338671172969043255e-03
1.160529674962162971e-03 3.194986708695069129e-03
1.431180947110988156e-03 3.217055916320532387e-03
1.655062311328947544e-03 3.282864176435396162e-03
1.501183144864626272e-03 3.270457702456042171e-03
1.200668094679713293e-03 3.225206164643168449e-03
1.260299723071511835e-03 3.083291451912373131e-03
1.225912320660427256e-03 3.091581130865961227e-03
1.148416619980707808e-03 3.428026026813313538e-03
1.147124910494312557e-03 3.336102876346558332e-03
1.119305414613336411e-03 3.082006890326738531e-03
1.076403848128393336e-03 3.067818196723237460e-03
1.092347179655916902e-03 2.883466417551972059e-03
1.037940180685836735e-03 3.088965656934305939e-03
1.046932856843341055e-03 2.860767912352457643e-03
9.882997837848961353e-04 2.886940256576053972e-03
9.757384221302344961e-04 2.951995708281174389e-03
9.948337392415851355e-04 2.937608378124423238e-03
9.744407361722551286e-04 3.305282926885410970e-03
1.056632737163454251e-03 2.976731554372236306e-03
1.137335470411926595e-03 3.284592024283483451e-03
1.212720712646841960e-03 3.089033399010077292e-03
9.817116428166628751e-04 2.903519477695226496e-03
9.939158917404711246e-04 2.878153853816911752e-03
9.910327935358509421e-04 3.068388043902814562e-03
1.047928925254382280e-03 2.744574809912592346e-03
9.883380291284993725e-04 2.725035097682848573e-03
1.048287749290466222e-03 2.865176807972602546e-03
1.338799571385607123e-03 3.592454793397337112e-03
1.610120057011954443e-03 5.090675549581646919e-03
1.749120274325832725e-03 4.477659880649298429e-03
1.784816919825971083e-03 3.406284452648833221e-03
1.199215149972587737e-03 2.834683971013873642e-03
9.893178648781031370e-04 2.925094673992134717e-03
1.004328553972300185e-03 3.012412274256348436e-03
9.655591042246669314e-04 2.668820580583997244e-03
8.780418487731367133e-04 2.655038621742278511e-03
8.740908058825879855e-04 2.626722978311590764e-03
8.802359770925249904e-04 2.653954207198694435e-03
8.727931992325466560e-04 2.575115551007911389e-03
8.161209581885487275e-04 2.663739069248549640e-03
8.287701581139117696e-04 2.654271115898154502e-03
8.185982616851106720e-04 2.706142963143065659e-03
8.628248528111725829e-04 2.585190584068186408e-03
8.376780620892532387e-04 2.584084504633210599e-03
8.226005898904986896e-04 2.581377665046602574e-03
8.471125431242399351e-04 2.613263539387844503e-03
8.029358665226027586e-04 2.582854905631393107e-03
8.599555192631668909e-04 2.694954787148162896e-03
8.727534659556113183e-04 2.883723331615328875e-03
9.618788986699655869e-04 2.609807933913543734e-03
8.914619022107217895e-04 2.808683511102571910e-03
9.409042293555102809e-04 2.493019890971481887e-03
9.574380906997248747e-04 3.100285929394886071e-03
9.583220002241432450e-04 2.639810057007707829e-03
8.297797787236050205e-04 2.738738266634754750e-03
8.431842958088964441e-04 2.482249750755727291e-03
8.504580473527312279e-04 2.555441847653128120e-03
8.603183523518964648e-04 2.489391012932174081e-03
8.564672287320717736e-04 2.572278620209545071e-03
1.009516522753983779e-03 2.690851560328155583e-03
1.278185160481371072e-03 2.890922175720333880e-03
1.166159738204441965e-03 2.781358285574242473e-03
1.457161083817482038e-03 3.181568451691418713e-03
2.362712356261909181e-03 3.169857035391032869e-03
1.892261649481952277e-03 3.656561311800032854e-03
1.360009674681350632e-03 3.251122479559853586e-03
1.143351016798987898e-03 2.855380086111836222e-03
1.071538275573402556e-03 2.746185433352366090e-03
8.698403165908530138e-04 2.656930647208355541e-03
8.298683533212170005e-04 2.562253066571429372e-03
8.459672972094267607e-04 2.504165782011113887e-03
7.533870841143653230e-04 2.445245999842882070e-03
7.425073301419616179e-04 2.430757385445758614e-03
7.221004067105241337e-04 2.578838716726749962e-03
7.353093591518699906e-04 2.606187734636478213e-03
7.526806788519024632e-04 2.629498773603700275e-03
7.743041176581754847e-04 2.680817287182435220e-03
7.581239915452897549e-04 2.642112568719312375e-03
7.861019868869334893e-04 2.605499487253837374e-03
6.698688725009560368e-04 2.377315942430868658e-03
7.018238276941702204e-04 2.437908053980209107e-03
6.938423932297155695e-04 2.380855870433151635e-03
7.768983225105330782e-04 2.465487297740764916e-03
8.583094866480677886e-04 2.503549860557541338e-03
7.254341617226600647e-04 2.464245993178337639e-03
7.603699719766155102e-04 2.729956046096049249e-03
8.032800746150314591e-04 2.637706816312856799e-03
7.685927077545784847e-04 2.780419128248467955e-03
9.701261355075984976e-04 2.411647175904363394e-03
9.310524852480739572e-04 2.479042107006535021e-03
7.673949323361739950e-04 2.357259593554772610e-03
7.195368030807003596e-04 2.479553848388604820e-03
7.426656258758157925e-04 2.369190279569011355e-03
7.068376420647837005e-04 2.459852647734806115e-03
8.059541956754401543e-04 2.325776967336423522e-03
8.175974100595340566e-04 2.609828041750006464e-03
7.345261779846623757e-04 2.634284578380175108e-03
9.416518762009218769e-04 3.101665095891803590e-03
8.667152724228799343e-04 2.769178809830919082e-03
7.609529835463036069e-04 2.603924117283895785e-03
6.815334607381373210e-04 2.451830959762446496e-03
7.076323556248099046e-04 2.474919013911858114e-03
7.607751416799146465e-04 2.481759875081479549e-03
6.864562630653381781e-04 2.517732497653924102e-03
6.266845790378283926e-04 2.295007984503172511e-03
6.532665516715496995e-04 2.577584589016623622e-03
6.913658027769998150e-04 2.310541510814800772e-03
6.932314827281516045e-04 2.274502196814865047e-03
6.638743754592724578e-04 2.280039372271858069e-03
5.946982309978920966e-04 2.325626171659678134e-03
6.710715999361128049e-04 2.180958354438189504e-03
6.924420566065236492e-04 2.382347840466536582e-03
7.115257911209482266e-04 2.800299169030040416e-03
9.288782486692071395e-04 2.508112549548968673e-03
1.049595212680287616e-03 2.804926724638790066e-03
1.045231359603349033e-03 2.544076915364712563e-03
1.029737378121353642e-03 3.550551267107948487e-03
1.034126777085475624e-03 2.421921235509216785e-03
7.389311009319499352e-04 2.454690900049172168e-03
6.871626654174178405e-04 2.368538253358565358e-03
6.022682748152874844e-04 2.221517072757706220e-03
6.071452196920290156e-04 2.235360250051598822e-03
6.127183092758059718e-04 2.228722423024009740e-03
5.957142449915409522e-04 2.267854750971310014e-03
5.664284282829612927e-04 2.446764829801395709e-03
5.854794551851227446e-04 2.195873094024136662e-03
5.530930502573028207e-04 2.259247747133485973e-03
5.754212492320220701e-04 2.157146130048204387e-03
5.858444637851789594e-04 2.121194047504104674e-03
5.919983348576351567e-04 2.166334073990583420e-03
7.519541366491466327e-04 2.285866794409230351e-03
8.148275606799870946e-04 2.401050328626297241e-03
6.303213624050841169e-04 2.364484724239446223e-03
5.859060125658288815e-04 2.169462668825872329e-03
5.448504147352650545e-04 2.176183232222683728e-03
5.552067224925850020e-04 2.116489921172615227e-03
5.927225902269128710e-04 2.128693838312756097e-03
6.410966059775091274e-04 2.194364403840154323e-03
7.185049835243262351e-04 2.153849520254880190e-03
5.949051817879080339e-04 2.248370234156027436e-03
6.193735083797946355e-04 2.251386101124808366e-03
6.739414820913225412e-04 2.182868012459948572e-03
6.279165965679567741e-04 2.822403458412736828e-03
7.659545837668702440e-04 2.186910167802125302e-03
7.743152746115811169e-04 2.606711600674316114e-03
7.580934645375237303e-04 2.070840846863575366e-03
7.572855829494073987e-04 2.136162873648572800e-03
7.258762081619352536e-04 2.207204024307429704e-03
8.976546349003910585e-04 2.732331346487626520e-03
8.425808598985895081e-04 2.408623602241277608e-03
7.884819206083193421e-04 2.492888935375958508e-03
7.139714260119944377e-04 2.392954414244741028e-03
8.027804869925603271e-04 2.069565755664371128e-03
6.345970381516963027e-04 2.053685643477365548e-03
6.540446876897477047e-04 2.161262562731281010e-03
6.242615898372605009e-04 2.198110376775730488e-03
7.134005594707559577e-04 2.083897779812105000e-03
7.609161853906698742e-04 2.711658191401511431e-03
7.718501437921077013e-04 2.216250565834343260e-03
6.439505232265219092e-04 2.363783595501445407e-03
6.940187566215171976e-04 2.040300608496181493e-03
6.452533620176836631e-04 2.255734398204367608e-03
6.425373510865028514e-04 2.167957977508194918e-03
5.717577761970460849e-04 2.343746789847500622e-03
5.817292199935764291e-04 2.000066224718466488e-03
5.398781446274370172e-04 2.455958738573826936e-03
6.311924596957396282e-04 2.261486250790767545e-03
6.065021501854061864e-04 2.206757846579421312e-03
6.594387465156614997e-04 2.030291326809674415e-03
6.324247588054277003e-04 2.149441619985736993e-03
5.738426298194099218e-04 2.063966568675823423e-03
5.785068467957898541e-04 2.035385034105274826e-03
6.104922009399160960e-04 2.575591742061078722e-03
6.671901675872505145e-04 2.147727078408934176e-03
6.629707306274213331e-04 2.272942187846638436e-03
6.432868744013830803e-04 2.128624024044256571e-03
5.462566710775718310e-04 2.033075505460146901e-03
4.853000747971236597e-04 2.061281913483981043e-03
4.870197502896189473e-04 1.941123498545493844e-03
4.835683175770100206e-04 2.053865067136939442e-03
4.992459900677204566e-04 1.987658609868958506e-03
4.828419696423225105e-04 2.051428944105282339e-03
5.237227116595022814e-04 2.030086560989729887e-03
4.981718317139893987e-04 2.044766469043679709e-03
5.682901675754692839e-04 2.444627974182367151e-03
7.533250987762585499e-04 2.370111044729128653e-03
7.214088138425723152e-04 2.136391526437364692e-03
6.544453528476879434e-04 2.000722930824849841e-03
6.378470941854174747e-04 1.962269385694526223e-03
5.795505800051614859e-04 2.190329435688908970e-03
5.748638352088164972e-04 2.135572751285508275e-03
5.557588752708398023e-04 2.157807441835757518e-03
5.020042262913193554e-04 1.900095889868680344e-03
5.399393281550146856e-04 2.007051400141790509e-03
4.825087264180183302e-04 1.958040756289847022e-03
4.885159156401641884e-04 2.015291241696104321e-03
4.901276755845173977e-04 1.923062595597002612e-03
4.531870334176346768e-04 2.047616381605621601e-03
5.128262491780333221e-04 1.975972068612463686e-03
6.127805092546623634e-04 2.155669796047732321e-03
6.170747292344458401e-04 1.944117281527724074e-03
6.354955054121092179e-04 2.119515303638763639e-03
5.574444963713176765e-04 2.070030341565143404e-03
5.725754075683653138e-04 2.033646545896772295e-03
5.115764284710167193e-04 1.919800949690397872e-03
5.640789255267009356e-04 2.238235928234644408e-03
5.930443541728891866e-04 2.100811337004415864e-03
5.451914301374926729e-04 2.160623858799226582e-03
8.504322446242440709e-04 2.622117090504616586e-03
7.545781234512105150e-04 2.296977723017334765e-03
4.791330225998535969e-04 2.152684252359904436e-03
5.890530592296272516e-04 1.938639963918831286e-03
5.180828004085924910e-04 1.926631090464070526e-03
5.265518877422437505e-04 2.225818860461004165e-03
6.213974265847355127e-04 2.095851689227856782e-03
6.571204983629285856e-04 2.124006517988163978e-03
9.384672128362580700e-04 2.217926533194258983e-03
8.150365378241985819e-04 2.092214260483160441e-03
6.437811447540297887e-04 2.034044492756947702e-03
5.920326948398724198e-04 1.970834771054796701e-03
5.501125866430811801e-04 1.915510279650334182e-03
5.460459302412346222e-04 2.043195649457629857e-03
5.227366491453722119e-04 2.083850096096284514e-03
6.995547082624398172e-04 2.357341867173090490e-03
5.731066092266700728e-04 2.064885341678745871e-03
5.083122989162803130e-04 2.104247250827029347e-03
4.452251087059266865e-04 1.967889357183594343e-03
4.438460578967351683e-04 1.859569350199308290e-03
4.958384095516521050e-04 1.906022688490338580e-03
4.782507850904948901e-04 2.092706979601643893e-03
4.395324416691437147e-04 1.926426710269879550e-03
4.145417900872416577e-04 1.904779522737953725e-03
3.792097922996617854e-04 2.032627220614813268e-03
4.462007113033905409e-04 1.832027903583366511e-03
5.091716739116236567e-04 2.015488865436054593e-03
7.711886399192735119e-04 2.118851602426730183e-03
6.569717144884635197e-04 2.120654651662334800e-03
6.482995493570342226e-04 2.033834031317383138e-03
4.884130466962233186e-04 1.925261721771676007e-03
4.524086849414743700e-04 1.949945632077287883e-03
4.163923935266211412e-04 1.863128693366888997e-03
4.304025380406528603e-04 1.878811979258898559e-03
4.391670998302288462e-04 1.770144935289863540e-03
4.602067725500092127e-04 1.890658795309718612e-03
4.846578856813721467e-04 1.899026869796216445e-03
4.108788489247672260e-04 1.924644762766547501e-03
3.675120096886530519e-04 1.858177506073843775e-03
4.153076632064767290e-04 1.867311177193187177e-03
4.007570430985652019e-04 2.197790972422808322e-03
4.401781363412737738e-04 1.840108097530901345e-03
4.137106443522498012e-04 2.144215494627133185e-03
4.763437391375191510e-04 1.987116987584158691e-03
4.298539366573095538e-04 1.909142610384151383e-03
4.942748448229395287e-04 1.936165010556578723e-03
5.077996844192967036e-04 2.126181915809865867e-03
6.793131346057634584e-04 1.778965437551960349e-03
7.249067843076772771e-04 2.377414301736280496e-03
7.071959102177060924e-04 2.159379422664642334e-03
5.781394109362735911e-04 1.911008323077112436e-03
4.573893907945603349e-04 1.870190328918397383e-03
3.775011857214849334e-04 1.958233880577608856e-03
4.373169624159345295e-04 1.797031509340740740e-03
4.247002507327124476e-04 1.903198844229336871e-03
4.354317265097051642e-04 1.900067256065085444e-03
4.391984621179290116e-04 1.989357729326002126e-03
4.107674554688856223e-04 1.864601418492384212e-03
4.203140764730050943e-04 1.838495167612563905e-03
4.220706337946467318e-04 1.844508251815568742e-03
4.845422619837336134e-04 1.828358176862821026e-03
4.426058119861409177e-04 1.769149895699229005e-03
4.676154014305211495e-04 1.843513056519441220e-03
4.948928486555814960e-04 1.960360296652652497e-03
4.594410536810755838e-04 1.806149026378989220e-03
4.877403363934717964e-04 1.956897109630517748e-03
5.856984178535639806e-04 1.992595559568144208e-03
5.897591647226363854e-04 1.905646864906884817e-03
7.276746866409667270e-04 2.022027276689186779e-03
5.830815731314942458e-04 1.999744496424682525e-03
5.952661405899562375e-04 2.228496511816046959e-03
5.622538650641217611e-04 2.100994886131957000e-03
5.980294023174792745e-04 1.947605522582307545e-03
5.963437375612557151e-04 1.876986466231755869e-03
4.680066456785425652e-04 1.879272575024515390e-03
4.593549034325406172e-04 1.801853807410225229e-03
4.434378868609201271e-04 1.694392785429954442e-03
4.480489595152903457e-04 1.889868949365336405e-03
4.575708604534156837e-04 1.980501224170439119e-03
5.409140794654376805e-04 2.234067104291170922e-03
5.385448879678733430e-04 2.122520102420821959e-03
7.548410823801532821e-04 2.036240702727809462e-03
5.543263861909509139e-04 1.836119127983693077e-03
5.975379390292800963e-04 2.018757382757030427e-03
4.945729655446484468e-04 1.987476481008343572e-03
4.436587361851706992e-04 1.998478827590588654e-03
4.095739306649193059e-04 1.789819524856284304e-03
4.925557994283735318e-04 1.871082777506671933e-03
4.988990476704202592e-04 1.706466697214636952e-03
4.190469102468341372e-04 1.982732629403472120e-03
3.850118693662807237e-04 1.664395150146447079e-03
3.572509682271629789e-04 1.772364290081895801e-03
3.572238929336890578e-04 1.786082352919038429e-03
3.469999155640834942e-04 1.760788785759359598e-03
3.279448574176058173e-04 1.706395049404818651e-03
3.198181238985853270e-04 1.674121222458779899e-03
3.233587282011285641e-04 1.674230306525714609e-03
3.593979490688070655e-04 1.648641415522433904e-03
3.045319244847632945e-04 1.723973963817115916e-03
2.964454557513818362e-04 1.698191883042454633e-03
3.293456073151901473e-04 1.858664813335053709e-03
3.648532627266831804e-04 1.691079986630938904e-03
3.542531594575848430e-04 1.729576704383361998e-03
3.700099652633070837e-04 1.609956496395170689e-03
3.918552392860874534e-04 1.687820939696393864e-03
3.113803541054949164e-04 1.653074860223569063e-03
2.975273397169076123e-04 1.654634275473654183e-03
3.153555924654938389e-04 1.662201891303993805e-03
3.072767343837767623e-04 1.755128007789608048e-03
3.243993924115784466e-04 1.606771757360547868e-03
3.812480907072313238e-04 1.910623227013275114e-03
4.476465925108641603e-04 1.735399953031446828e-03
4.962801802321336730e-04 1.615757340914569795e-03
4.476680100196972273e-04 1.748920991667546419e-03
3.415093655348755202e-04 1.711198034172412008e-03
3.643238109361845783e-04 1.680995417700614780e-03
3.469173228950239501e-04 1.704800562583841297e-03
3.483815286017488905e-04 1.946563529781997247e-03
4.955080104991794066e-04 1.667150497087277429e-03
4.489017257583327483e-04 1.828220920288003981e-03
3.998394036898389675e-04 1.649382304458413360e-03
3.979539658757858087e-04 1.826795667875558225e-03
5.356163652322720953e-04 1.800805013044737323e-03
5.806971035781316676e-04 1.853913810919038951e-03
4.988591885194182179e-04 1.825535354146268175e-03
3.680366135085932910e-04 1.617134553089272187e-03
4.055381956277415373e-04 1.844671377330087082e-03
3.700058245158288411e-04 1.698393459082581059e-03
4.298894040402956090e-04 1.718156985589303076e-03
5.535703327041119554e-04 1.874266997037921057e-03
3.653437022876460214e-04 1.684979895071592225e-03
3.289565844170283743e-04 1.742691635445225940e-03
3.542902748449705650e-04 1.616255955013912171e-03
3.598234616219997406e-04 1.770365740230772601e-03
3.469716524705290578e-04 1.604998725815676066e-03
3.390055433555971940e-04 1.637377755832858297e-03
3.140973654808476784e-04 1.601517025846987963e-03
2.776393870590254448e-04 1.576941021630773234e-03
2.591494921944104135e-04 1.608610448602121280e-03
3.041833435418084155e-04 1.727731511346064595e-03
3.228206129278987863e-04 1.582841941853985190e-03
3.159622734528966465e-04 1.670409376674797343e-03
2.837708918377756964e-04 1.679824852908495900e-03
3.204558073775842569e-04 1.730034284992143468e-03
3.362566480063833079e-04 1.855654254904948262e-03
3.478807746432721723e-04 1.560191261523868802e-03
3.809740723227150521e-04 1.665829277771990703e-03
3.461899090325459621e-04 1.837689572130329864e-03
3.506812747218646001e-04 1.545246131718158635e-03
3.528954461216926358e-04 1.689609061577357265e-03
3.667646422400139381e-04 1.861171037307940380e-03
3.590969750803197020e-04 1.554918773763347417e-03
2.895391342462971915e-04 1.605526900675613433e-03
3.865172489895485558e-04 1.726738203433342235e-03
3.017991490196436860e-04 1.615174325706902891e-03
3.049496721359900913e-04 1.617231174896005454e-03
3.356136134243570051e-04 1.635558872658293781e-03
5.925963196204975247e-04 1.989281011628918176e-03
7.739758351817726872e-04 2.193215134320780722e-03
7.969567930558695956e-04 1.727887045126408252e-03
4.868712247116491307e-04 1.758377146325074223e-03
4.007523835753090896e-04 1.727005426073446913e-03
4.522636394540313414e-04 1.759226497961208311e-03
4.459025192772969712e-04 1.515722528711194129e-03
4.689404217060655139e-04 1.762155213509686335e-03
4.927753303491045006e-04 1.959310015081427991e-03
4.577798215905204524e-04 1.921794036752544257e-03
6.820853726821951351e-04 2.026172925252467220e-03
5.160400061868131594e-04 2.257646745420061052e-03
5.335888563422486186e-04 1.786569182877428916e-03
6.117001699749380567e-04 2.350989464321173901e-03
9.638510673539713025e-04 2.293294132687151606e-03
9.459359891479835348e-04 2.079419701476581568e-03
8.980041777249426083e-04 2.211916513624601153e-03
6.863405375042930462e-04 1.655297930119559082e-03
5.117970285937190056e-04 1.882760733133182016e-03
4.360714148788247149e-04 1.568962265446316538e-03
4.391551890876144279e-04 1.884906596387736499e-03
3.897299844538793185e-04 1.523928299138788090e-03
3.813499461102765054e-04 1.637457829201594038e-03
3.521646678564138602e-04 1.674274924152996434e-03
3.409188342629931650e-04 1.809779103496111929e-03
3.566155806765891828e-04 1.859038346447050658e-03
3.914339446055237421e-04 1.725639867072459354e-03
5.922479424043558972e-04 2.101465140003711159e-03
6.148848158773034377e-04 1.922679541166871786e-03
5.773368669906630895e-04 1.872599773923866364e-03
5.075458306237123690e-04 1.909738674294203607e-03
5.029983323765919046e-04 1.649201754480600270e-03
3.639286689576692771e-04 1.796472950081806543e-03
3.305733021988999315e-04 1.548328033823054240e-03
2.909493574406951883e-04 1.730553078232333064e-03
2.955075033241882920e-04 1.543663220945745663e-03
2.969266788568347692e-04 1.708380191121250348e-03
3.273908660048618913e-04 1.563696814991999504e-03
2.805398456985130689e-04 1.578927917580585883e-03
2.742933495028409998e-04 1.598187963827513072e-03
2.853868441889062741e-04 1.659672014648094860e-03
3.242927072278689376e-04 2.032460260670632037e-03
3.975392028223723173e-04 1.571529592911247121e-03
3.266139799961820353e-04 1.646536219050176528e-03
2.655763761140406349e-04 1.526148312404984652e-03
2.513283092412166081e-04 1.501522086618933740e-03
2.523097253288142492e-04 1.536829637188930064e-03
2.957676129881292798e-04 1.529475938878022178e-03
2.719291311223060109e-04 1.652481267228722572e-03
2.720435724768321853e-04 1.652796201233286324e-03
2.876524595194496214e-04 1.566240693500731227e-03
2.433067711535841227e-04 1.568638400931376877e-03
2.697046045796014477e-04 1.586897257948294325e-03
2.775320353975985199e-04 1.585383620113134341e-03
2.594939629489090510e-04 1.546186790801584764e-03
2.534529274271335561e-04 1.503678919107187539e-03
2.258439286379143541e-04 1.529178764030802995e-03
2.416075607470702434e-04 1.544374150398653001e-03
2.357839686737861376e-04 1.563021588663104965e-03
3.249482557293959179e-04 1.549525624432135287e-03
3.602294535085093338e-04 1.621486229123547717e-03
4.805573145858943354e-04 1.787465802044607612e-03
4.563528127619065344e-04 1.612227133591659367e-03
3.388229437405243299e-04 1.597835776919964701e-03
3.440228407271206596e-04 1.744757418055087285e-03
5.661452152708080100e-04 1.763331147958524482e-03
4.786199700902215920e-04 1.754276995779946490e-03
7.869037945056334138e-04 2.236105612246319565e-03
9.334642702015117244e-04 1.807616575388237877e-03
5.903339217184111910e-04 1.959565008291974664e-03
5.898425180930644707e-04 1.667391290538944304e-03
5.037897324655204578e-04 1.697235571919009176e-03
3.892955064657144248e-04 1.751385261013638272e-03
3.755505036679096737e-04 1.919263083254918413e-03
3.851583780487999212e-04 1.813942420994862914e-03
3.587448096368462064e-04 1.685574458679184274e-03
3.795517972321249328e-04 1.745432539610192136e-03
4.595641861669719002e-04 1.848990621510893106e-03
3.765774476050864688e-04 1.762444557971321003e-03
2.922421437688171755e-04 1.768646255368366881e-03
3.749050410988274962e-04 1.690824583056382748e-03
2.773702872218564153e-04 1.701169923762790859e-03
2.881516491470392902e-04 1.606004998029675248e-03
2.476948931871447604e-04 1.554277076502330688e-03
2.540957106248242564e-04 1.595725704100914386e-03
3.078687412198633064e-04 1.584418711718171792e-03
2.914924603828694888e-04 1.703019914566539315e-03
2.854259248124435436e-04 1.490365826612105593e-03
2.515392268833238740e-04 1.502982377132866532e-03
2.321661133464658524e-04 1.505861744226422074e-03
2.494367116014473249e-04 1.749185414519161073e-03
2.757674657914321761e-04 1.482563896570354743e-03
2.653818024555221417e-04 1.525437651434913321e-03
2.467646903824060938e-04 1.461697497143177402e-03
2.302589411556254964e-04 1.607621151197235988e-03
2.386045147432014400e-04 1.438402399799088016e-03
2.133244830474723076e-04 1.459120768413413359e-03
2.050338182016275715e-04 1.536103316175285640e-03
2.771706305793486427e-04 1.431822456652298570e-03
2.438906340103130788e-04 1.579371342086233242e-03
2.663347164343577095e-04 1.551244175061583519e-03
2.649267000379040729e-04 1.526578541961498472e-03
2.218691326561383795e-04 1.491227283258922311e-03
2.016282025579130169e-04 1.473444850853411568e-03
2.341932733543217074e-04 1.437509519746527076e-03
2.458970957377459854e-04 1.575022762699518266e-03
2.474898137734271586e-04 1.520623758551664650e-03
2.598620674689300467e-04 1.543046021834015890e-03
2.733881330641452115e-04 1.503091082850005521e-03
2.427977888146415353e-04 1.460488475277088539e-03
2.378900870098732520e-04 1.513352304755244404e-03
2.454239547660108656e-04 1.558265024505089882e-03
3.276735224062576890e-04 1.588412871933542279e-03
2.576756065536756285e-04 1.461377496889326808e-03
2.670238129212520908e-04 1.489991239213850306e-03
2.485446086211595576e-04 1.462406944483518600e-03
2.275077153171878362e-04 1.498014343087561385e-03
2.311356241989415193e-04 1.519776144414208916e-03
2.469562336045782796e-04 1.458772651676554189e-03
2.700518918572924923e-04 1.499918456829618663e-03
2.991162953549064804e-04 1.437492381955962585e-03
2.506845361494924656e-04 1.474062992201652378e-03
2.491459614248015203e-04 1.463667533244006336e-03
2.329253533389419371e-04 1.440234959591180043e-03
2.122028905432671254e-04 1.553632818104233549e-03
2.237734617665409933e-04 1.533334220584947572e-03
2.767130026768427342e-04 1.525499408307950857e-03
2.860107226297259222e-04 1.536975635099224833e-03
3.359951952006667852e-04 1.730464375577867118e-03
4.156424256507307291e-04 1.418015948729589581e-03
3.884961886797100414e-04 1.965051359729841178e-03
4.514884145464748361e-04 1.567274198168888645e-03
3.862414567265659679e-04 1.552445224660914391e-03
3.445233989623375129e-04 1.795905291510280308e-03
3.424933718633838106e-04 1.528010508627630683e-03
2.615791308926418424e-04 1.529581638169474856e-03
3.244539577281102430e-04 1.820416818372905298e-03
3.541264137311373123e-04 1.502303146116901102e-03
3.698615808389149715e-04 1.538682165846694217e-03
3.222055900550913174e-04 1.716730080079287247e-03
3.428972704568877816e-04 1.515862738597206815e-03
3.499371174257248857e-04 1.527492546301800758e-03
3.920773036952595941e-04 1.389091325108893216e-03
3.935865679522976279e-04 1.639693917240947485e-03
3.404772447538562336e-04 1.710561587242409630e-03
3.995794308139011047e-04 2.077022759476676410e-03
5.127390875713899298e-04 1.501810224726796107e-03
3.866068975185044001e-04 1.591617846861481580e-03
2.531629274017177305e-04 1.608833548380061897e-03
2.730751206399872682e-04 1.458709242433542299e-03
2.334692959266249036e-04 1.458289814763702452e-03
2.346817258512601311e-04 1.412738850194727959e-03
2.568493138824123781e-04 1.531440697726793674e-03
2.116500021656975204e-04 1.639188101398758503e-03
2.795504304231144596e-04 1.451878178340848579e-03
2.177513048081891557e-04 1.455213132430799305e-03
1.737547201628330987e-04 1.505948798148892907e-03
1.908366295538144078e-04 1.463814251474104908e-03
1.913204177981242537e-04 1.418175538128707645e-03
2.107283416989957914e-04 1.527177484240382823e-03
2.766454461379908134e-04 1.516735149198211686e-03
2.594395307824015726e-04 1.483269193704472768e-03
2.263746966491453241e-04 1.409466753830201880e-03
1.997450235649012029e-04 1.548823798657394946e-03
2.452640495903324119e-04 1.414556008239742412e-03
2.195126660808455307e-04 1.413580113876378164e-03
2.665953819814603559e-04 1.398747554048895836e-03
2.379192294029053192e-04 1.725188409909605937e-03
3.574720525648444674e-04 1.433365285629406658e-03
3.288114472525194504e-04 1.644922763807698998e-03
3.081580071011558175e-04 1.508483753423206552e-03
2.739295028732158460e-04 1.532339025288820267e-03
2.094427894917316789e-04 1.480134086159523663e-03
2.301257198269013424e-04 1.475422827934380664e-03
2.632498086313717284e-04 1.603831149986945179e-03
3.225545864552259228e-04 1.720018457854166714e-03
4.661447150283492885e-04 1.973987591918557969e-03
2.929794041847344705e-04 1.417500544630456759e-03
3.483366963337175548e-04 1.558494121127296239e-03
3.048036567633971680e-04 1.533512696914840403e-03
2.697133415495045375e-04 1.708213971869554327e-03
3.159392668749205985e-04 1.440441291924798774e-03
2.704553553485311568e-04 1.513883282314054668e-03
2.408939071756321937e-04 1.416234373755287292e-03
3.487128633423708379e-04 1.610559367691166699e-03
2.651583286933601119e-04 1.529762209975160572e-03
2.412279711279552321e-04 1.467870397027581843e-03
2.523008697608020157e-04 1.470285597315523860e-03
2.058474608929827918e-04 1.419161552621517287e-03
2.047644324193242992e-04 1.436482058488763956e-03
1.842089259298518300e-04 1.402860470989253372e-03
2.402960388280917067e-04 1.476131693198112728e-03
2.121438505128026063e-04 1.405380477081052959e-03
2.312522632564650903e-04 1.401692804938647809e-03
2.284325142682064270e-04 1.677498946082778232e-03
3.363272589922416955e-04 1.526467724761459933e-03
3.402496906346641373e-04 1.845693474751897113e-03
5.158923238923307075e-04 1.501473051030188886e-03
2.735871486947871636e-04 1.561169658089056611e-03
3.630415681982413151e-04 1.817284256685525222e-03
5.025785125326365016e-04 1.466731690743472384e-03
3.373106294020544629e-04 1.585412441636435774e-03
2.231573835160816088e-04 1.454414655745495024e-03
2.060316626739222665e-04 1.579163935093674765e-03
3.182793647283687971e-04 1.654495259572286159e-03
7.740673812804743431e-04 2.515169745311141188e-03
1.070736287510953930e-03 3.050602832809090701e-03
1.155260988161899063e-03 1.879307761555537581e-03
6.016598825226537450e-04 1.875011005904525562e-03
5.210812334553339021e-04 1.651706462143920319e-03
4.967304295860231356e-04 1.901234360411763278e-03
4.286926392524037727e-04 1.986875862348824653e-03
3.160253676469437561e-04 1.611577029689215167e-03
2.264848182676359903e-04 1.517347031040117145e-03
1.977591477043461109e-04 1.459245104342699051e-03
1.786686458217445707e-04 1.497552686487324536e-03
1.882138894870877266e-04 1.439815559569979000e-03
1.786465756595134627e-04 1.457611877413000911e-03
1.870468404376879334e-04 1.540968721383251293e-03
1.872920558525947746e-04 1.418454776285216212e-03
1.723133958876133019e-04 1.414316095178946853e-03
1.843924273998709396e-04 1.423069211159599902e-03
1.758264908858109157e-04 1.411106823070440441e-03
1.589877312653697919e-04 1.454264278436312452e-03
1.694730650342535173e-04 1.347196505957981615e-03
1.726387359667569345e-04 1.428337612014729486e-03
1.625377575692255104e-04 1.399498255341313736e-03
1.851476750744041001e-04 1.456302149745170070e-03
1.834874135965947170e-04 1.436778793868143198e-03
1.847605810326058309e-04 1.417586569732520686e-03
1.855489081208361313e-04 1.434485583740752234e-03
1.831754889281000942e-04 1.453767411294393198e-03
2.378332719672471285e-04 1.451367872505215928e-03
2.263124828459695036e-04 1.466321920452173713e-03
2.362885818001814078e-04 1.417059953382704407e-03
2.217057721281889880e-04 1.478349047829397023e-03
2.844274858944118023e-04 1.499803276965394703e-03
2.873360070225317140e-04 1.372720258950721559e-03
2.846940493327565708e-04 1.732530436129309237e-03
3.243929837481118955e-04 1.716899711755104320e-03
3.181778694852255176e-04 1.441219955449923916e-03
2.565507886174600463e-04 1.492883420723956078e-03
2.468475417117588005e-04 1.397025349433533847e-03
1.789041896699927856e-04 1.478484056133311285e-03
1.915180822834372575e-04 1.380576564406510356e-03
2.180860799853690077e-04 1.509272033581510273e-03
2.391406080278102200e-04 1.480056719447020398e-03
2.106056199409067631e-04 1.450228810426779091e-03
2.211750121205113774e-04 1.417953339114319533e-03
2.984929989906959127e-04 1.616320913308300165e-03
2.635878474393393736e-04 1.534865272697061387e-03
2.114367140165995752e-04 1.441144490672741042e-03
1.726797840092331225e-04 1.419870185782201632e-03
1.940546600962988924e-04 1.428006949572591024e-03
1.648801706323865910e-04 1.380056598281953440e-03
1.656832137086894363e-04 1.365411759616108698e-03
1.669994606345426400e-04 1.400060104060685262e-03
1.671610385528765565e-04 1.481502530805300965e-03
2.054069016594439853e-04 1.408011169405654029e-03
1.969146593182813322e-04 1.398269603669177741e-03
1.769837617757730186e-04 1.375638491299468981e-03
2.466075791744515408e-04 1.452902556047774938e-03
2.241352507553529049e-04 1.407742009905632542e-03
2.128631836967542713e-04 1.423495485505554912e-03
2.935701602837070931e-04 1.483789576741401063e-03
3.601662363507785011e-04 2.238759631291031924e-03
5.269901419524102969e-04 1.885549744474701540e-03
5.278828393784351647e-04 1.640716088877525094e-03
3.799934900598600615e-04 1.600673678331077012e-03
3.033252331078983952e-04 1.467517005221452607e-03
2.203852236561942846e-04 1.477198780048638626e-03
3.486026238533668003e-04 1.585489429999142885e-03
2.659988094819709659e-04 1.465613862092141105e-03
2.720779470109846226e-04 1.407444474898511457e-03
2.302511777088511627e-04 1.616414447198621929e-03
3.840497651253826699e-04 1.977529434952884912e-03
5.273109520203434365e-04 1.794483890989795327e-03
3.939815767807886113e-04 1.526585148531012150e-03
2.601638872874900590e-04 1.424462546856375324e-03
2.052241776254959350e-04 1.428637550270650623e-03
1.886388752609491457e-04 1.475922610552515835e-03
1.693799298664089346e-04 1.382098618341842580e-03
1.828378284699283594e-04 1.367513455625157717e-03
2.074105017527472282e-04 1.433826827269513117e-03
2.244631148641929139e-04 1.448668369266670154e-03
1.939764246344566399e-04 1.380378686008043587e-03
1.671326928772032152e-04 1.460985088488087015e-03
2.302335051354020834e-04 1.518709848460275593e-03
2.825615847541484982e-04 1.395324484474258541e-03
2.793040875985752791e-04 1.634922498487867328e-03
3.717661224072798870e-04 1.727619125449564265e-03
3.443220688495784781e-04 1.436908449977636294e-03
1.994946564082056338e-04 1.526788329647388223e-03
1.933510960952844525e-04 1.423197329859249250e-03
2.144807855074759519e-04 1.497151365038007585e-03
1.689041579084005153e-04 1.331116003711940721e-03
1.739506238664034700e-04 1.417847017000894907e-03
1.498609402915462906e-04 1.374358876637415874e-03
2.040348961600102593e-04 1.444953339523635891e-03
2.159984789614099901e-04 1.468141294026281685e-03
2.337344107218086774e-04 1.437658925715368154e-03
2.486494428012520292e-04 1.442859816597774538e-03
1.875172114523593391e-04 1.416091634018812242e-03
1.714367921522352899e-04 1.436293582082726148e-03
1.945477211847901290e-04 1.448804936080705288e-03
2.127865336660761386e-04 1.394740713294595480e-03
1.764288688718807061e-04 1.435800750914495395e-03
1.623166317585855722e-04 1.400717583601363090e-03
1.738250568450894098e-04 1.366562905604951040e-03
2.238009416032582467e-04 1.462169119622558312e-03
1.997606472286861444e-04 1.423420212813653095e-03
1.861021315562538748e-04 1.434734243230195759e-03
1.982092573598492782e-04 1.466517316293902608e-03
2.234266183222644139e-04 1.405043680279050022e-03
1.871126274636480903e-04 1.430576422717422290e-03
1.778508245479315465e-04 1.406454209063667761e-03
1.751221316226292402e-04 1.464879524428397504e-03
1.793628842278849442e-04 1.426732309482758865e-03
1.601127383764833158e-04 1.300718494167085694e-03
1.617014779185410481e-04 1.440443926549051044e-03
1.812052993045654094e-04 1.347907749732257798e-03
1.674307281064102480e-04 1.391847610648255795e-03
1.934389409143477787e-04 1.356614998076111035e-03
1.889293933345470686e-04 1.421490997745422603e-03
1.634239968552719910e-04 1.367810036754235625e-03
2.065117758320411776e-04 1.458898429700639142e-03
2.361965620366390849e-04 1.305972807313082783e-03
1.827454892918467576e-04 1.450391509570181283e-03
1.812019840144785175e-04 1.345699412922840565e-03
1.804308543796651120e-04 1.394180339411832479e-03
1.599012262886390036e-04 1.342297808150760829e-03
2.004887646762654185e-04 1.302015931287314743e-03
2.241929571027867388e-04 1.618588830751832575e-03
3.616548710851930082e-04 1.372187228116672443e-03
2.868201499950373545e-04 1.479939956334419635e-03
2.337631325644906664e-04 1.435470459546195256e-03
2.091544120048638433e-04 1.408438997168559668e-03
1.885407917143311460e-04 1.496452827996108638e-03
2.908849943196401217e-04 1.374278766161296560e-03
2.874007892387453683e-04 1.611139334272593260e-03
2.345354645512998158e-04 1.454009789449628529e-03
1.721684566291514784e-04 1.387910536868730473e-03
1.500068465247750282e-04 1.371940428361995059e-03
1.487579233071301187e-04 1.363970059901475863e-03
1.490966023993678391e-04 1.349887436663266228e-03
1.652598621149081737e-04 1.422513509169220924e-03
1.938818990311119760e-04 1.399655466957483397e-03
2.158822950150351917e-04 1.385103484790306582e-03
2.515991167456377081e-04 1.408665713097434534e-03
2.348637164686806392e-04 1.423928319127298892e-03
2.415896611637435799e-04 1.455477495619561610e-03
2.565289774793200412e-04 1.538608038390520917e-03
2.305991933098994250e-04 1.423566734592895868e-03
2.262156536744441783e-04 1.413623668486252384e-03
2.018545568716945181e-04 1.373103115474805149e-03
2.056785513559589271e-04 1.434006975614465773e-03
1.670027864747680669e-04 1.340300555602880108e-03
2.142566248949151540e-04 1.327605690312338906e-03
2.637936893734149743e-04 1.617246624664403455e-03
2.619977069116430249e-04 1.364619514788500965e-03
3.029050203622318804e-04 1.561796307214535773e-03
2.671576861757784865e-04 1.650737586896866603e-03
2.355176140554249178e-04 1.605254292371682823e-03
3.690147968882229179e-04 1.506601333676371680e-03
4.518977752013597421e-04 1.505189036834053695e-03
2.839187465724535178e-04 1.523070757684763521e-03
3.592988570744637291e-04 1.629594822588842362e-03
2.702523663174360882e-04 1.457984186708927241e-03
2.593440396594814848e-04 1.560454364516772417e-03
2.175275803892873228e-04 1.397600320342462553e-03
2.177149042836390544e-04 1.528022560523822860e-03
2.295233534823637456e-04 1.379785146855283485e-03
2.099805489706341069e-04 1.390664875361835541e-03
2.088193861709441881e-04 1.447469640697818206e-03
2.327189373318105882e-04 1.464147151273209515e-03
2.214652864495292252e-04 1.414426219707820608e-03
1.732865785015746951e-04 1.475240444415249017e-03
2.911292685894295573e-04 1.488709864497650501e-03
2.631907882459927350e-04 1.472065219422802242e-03
2.667969543836079755e-04 1.425189594010589731e-03
2.436566734104417210e-04 1.591536015621386512e-03
1.987688603549031432e-04 1.543879054952412800e-03
2.989943866850808371e-04 1.433438760432181837e-03
2.775084729364607592e-04 1.409614965086802797e-03
1.947586031747050692e-04 1.510689624410588294e-03
1.910983934067189639e-04 1.332819447270594537e-03
1.887127378722652739e-04 1.371474083862267521e-03
1.677162210398819189e-04 1.377954117924673526e-03
1.773145704646594822e-04 1.344572191010229376e-03
1.396126708641531877e-04 1.390940444252919406e-03
1.409311909810639809e-04 1.361684311996214179e-03
1.485105618485249525e-04 1.355734665412455754e-03
2.320903229701798518e-04 1.777077378937974485e-03
2.948559529613703598e-04 1.526979057234711902e-03
1.763968946761451770e-04 1.348651283478830010e-03
1.980645574803929776e-04 1.412023961893282787e-03
1.707282208371907473e-04 1.390729342529084577e-03
1.637554632907267660e-04 1.354723124677548185e-03
1.405714334396179711e-04 1.388778132968582126e-03
1.373361783407744952e-04 1.360683016537223098e-03
1.428631963790394312e-04 1.292242694034939632e-03
1.382948514219606187e-04 1.384940938442014071e-03
1.424916466930881197e-04 1.395234676601830957e-03
1.930122452904470265e-04 1.334014380699954970e-03
2.144016398233361542e-04 1.399154018145054579e-03
1.692614881903864498e-04 1.316392155422363344e-03
1.631910505238920396e-04 1.413746133039239794e-03
2.114070732204709094e-04 1.381924989982508166e-03
2.789486257825046995e-04 1.677386300434591162e-03
2.400103017862420475e-04 1.407620505779050204e-03
3.610672672948567305e-04 1.711241282464470714e-03
3.845741797704249404e-04 1.556529948720708403e-03
3.495201002806424878e-04 1.408867526333779140e-03
2.399552347924327586e-04 1.504484510223846839e-03
2.325170062249526381e-04 1.497881711111404088e-03
2.340726205147802830e-04 1.501312968321144494e-03
2.563549016485921930e-04 1.421889666380593466e-03
1.811016547435428839e-04 1.378035111702047245e-03
1.518616256362292807e-04 1.372073485254077284e-03
1.863313296780688634e-04 1.397986903612036258e-03
1.530093482870142853e-04 1.378062271396629556e-03
1.382405032927636166e-04 1.325235285185044545e-03
1.479248487157747041e-04 1.345858372951625002e-03
1.424329166184179485e-04 1.324724810547195332e-03
1.627576173632405807e-04 1.400694913172628731e-03
1.793705261661670994e-04 1.337213197257369800e-03
1.774324409780092537e-04 1.383934781188145280e-03
2.712218774831853807e-04 1.491810352308675603e-03
2.870312571758404483e-04 1.529486742219887587e-03
2.033549404586665278e-04 1.439600859885103957e-03
2.482708121533505727e-04 1.429366231604944915e-03
2.127176852809498141e-04 1.488135429099202156e-03
2.063947249553166330e-04 1.400681096129119396e-03
1.576228438352700269e-04 1.378248627588618547e-03
1.457675090932752829e-04 1.422486988303717226e-03
1.590315936482511515e-04 1.391070608224254058e-03
1.679637487541185800e-04 1.384824728302191986e-03
1.651387239689938616e-04 1.378655151347629639e-03
1.351317936496343518e-04 1.382373619708232538e-03
1.421528657374438007e-04 1.308637485635699704e-03
1.360830701742088422e-04 1.361319218995049683e-03
1.310215138801140711e-04 1.332217049639439167e-03
1.652330171054927578e-04 1.495451063965447160e-03
1.933778039528988302e-04 1.388264606794109481e-03
2.078130877634976113e-04 1.302531296096276405e-03
2.208224301284644699e-04 1.608606602530926466e-03
2.647478249855339527e-04 1.434198830975219651e-03
1.880228410300333053e-04 1.342025647318223491e-03
1.474868382501881515e-04 1.325053259643027646e-03
1.347737354080891128e-04 1.354605992673896253e-03
1.750091916619567092e-04 1.391868572682142258e-03
2.021481817791936973e-04 1.298223022604361133e-03
1.885946963739115691e-04 1.460858210339210884e-03
1.499821795732714290e-04 1.367160829249769406e-03
1.135970858740620288e-04 1.329106224875431464e-03
1.337828223768156130e-04 1.302693242905661464e-03
1.404437876772135442e-04 1.412808100576512602e-03
2.180773590225726366e-04 1.317004422890022354e-03
2.108594257151708061e-04 1.489247287099715279e-03
1.798839715775102431e-04 1.351483954931609376e-03
