3.206250071525573730e-01 2.768891453742980957e-01
2.526505887508392334e-01 2.104861587285995483e-01
1.904840320348739624e-01 1.565621793270111084e-01
1.401861459016799927e-01 1.158565580844879150e-01
1.022612303495407104e-01 8.694794774055480957e-02
7.535531371831893921e-02 6.785115599632263184e-02
5.765129998326301575e-02 5.676879733800888062e-02
4.751086235046386719e-02 5.187810212373733521e-02
4.328404366970062256e-02 5.091363936662673950e-02
4.289105907082557678e-02 5.107179656624794006e-02
4.371663555502891541e-02 4.988018050789833069e-02
4.341828078031539917e-02 4.635832086205482483e-02
4.101268202066421509e-02 4.107762873172760010e-02
3.693832084536552429e-02 3.530102968215942383e-02
3.227636218070983887e-02 3.016003966331481934e-02
2.801094390451908112e-02 2.628030441701412201e-02
2.469660714268684387e-02 2.379199117422103882e-02
2.246800251305103302e-02 2.251211367547512054e-02
2.119709551334381104e-02 2.212275937199592590e-02
2.064301446080207825e-02 2.228335849940776825e-02
2.054324373602867126e-02 2.268898859620094299e-02
2.065945975482463837e-02 2.309785224497318268e-02
2.079912647604942322e-02 2.334242314100265503e-02
2.082514390349388123e-02 2.333193272352218628e-02
2.065949328243732452e-02 2.304789237678050995e-02
2.028170786798000336e-02 2.253047190606594086e-02
1.971965283155441284e-02 2.185530960559844971e-02
1.903187856078147888e-02 2.110619843006134033e-02
1.828607544302940369e-02 2.035398595035076141e-02
1.754224114120006561e-02 1.964864134788513184e-02
1.684605702757835388e-02 1.902175508439540863e-02
1.622973382472991943e-02 1.849173195660114288e-02
1.571363769471645355e-02 1.806641928851604462e-02
1.530544459819793701e-02 1.774214580655097961e-02
1.499727740883827209e-02 1.750071346759796143e-02
1.476337388157844543e-02 1.730898208916187286e-02
1.456216163933277130e-02 1.712707057595252991e-02
1.434653624892234802e-02 1.692550629377365112e-02
1.408106088638305664e-02 1.670097373425960541e-02
1.375683024525642395e-02 1.647726260125637054e-02
1.339341141283512115e-02 1.628844439983367920e-02
1.302606053650379181e-02 1.615399867296218872e-02
1.268609426915645599e-02 1.606348529458045959e-02
1.238605845719575882e-02 1.598321273922920227e-02
1.211838610470294952e-02 1.587516628205776215e-02
1.186457835137844086e-02 1.571120694279670715e-02
1.160557568073272705e-02 1.547904219478368759e-02
1.132847834378480911e-02 1.518154796212911606e-02
1.102872006595134735e-02 1.483182050287723541e-02
1.070901285856962204e-02 1.444702595472335815e-02
1.037689391523599625e-02 1.404355932027101517e-02
1.004178356379270554e-02 1.363408472388982773e-02
9.711744263768196106e-03 1.322658080607652664e-02
9.390824474394321442e-03 1.282520778477191925e-02
9.078102186322212219e-03 1.243155915290117264e-02
8.768612518906593323e-03 1.204557437449693680e-02
8.455615490674972534e-03 1.166682131588459015e-02
8.133328519761562347e-03 1.129674259573221207e-02
7.799340877681970596e-03 1.094082649797201157e-02
7.456073071807622910e-03 1.060917135328054428e-02
7.111069280654191971e-03 1.031504012644290924e-02
6.776014808565378189e-03 1.007193420082330704e-02
6.464595906436443329e-03 9.890254586935043335e-03
6.189644802361726761e-03 9.774614125490188599e-03
5.960373207926750183e-03 9.722554124891757965e-03
5.780568812042474747e-03 9.724609553813934326e-03
5.648046266287565231e-03 9.765204042196273804e-03
5.555097479373216629e-03 9.824047796428203583e-03
5.489641800522804260e-03 9.878622367978096008e-03
5.437120795249938965e-03 9.907978586852550507e-03
5.383142735809087753e-03 9.896943345665931702e-03
5.316487979143857956e-03 9.838930331170558929e-03
5.231535527855157852e-03 9.736417792737483978e-03
5.128939170390367508e-03 9.599439799785614014e-03
5.014615599066019058e-03 9.442864917218685150e-03
4.897790029644966125e-03 9.282745420932769775e-03
4.788280930370092392e-03 9.132356382906436920e-03
4.693478345870971680e-03 8.999099954962730408e-03
4.616052843630313873e-03 8.883591741323471069e-03
4.553456325083971024e-03 8.781353011727333069e-03
4.499427042901515961e-03 8.686278946697711945e-03
4.446739796549081802e-03 8.594008162617683411e-03
4.389795474708080292e-03 8.503683842718601227e-03
4.325990099459886551e-03 8.417760021984577179e-03
4.255749750882387161e-03 8.340555243194103241e-03
4.181682597845792770e-03 8.276302367448806763e-03
4.107408691197633743e-03 8.227410726249217987e-03
4.036416765302419662e-03 8.193330839276313782e-03
3.971159923821687698e-03 8.170336484909057617e-03
3.912535496056079865e-03 8.152193389832973480e-03
3.859837306663393974e-03 8.131613023579120636e-03
3.811189206317067146e-03 8.102057501673698425e-03
3.764323424547910690e-03 8.059196174144744873e-03
3.717319574207067490e-03 8.001435548067092896e-03
3.668987192213535309e-03 7.929554209113121033e-03
3.618840826675295830e-03 7.845857180655002594e-03
3.566988743841648102e-03 7.753394544124603271e-03
3.514058655127882957e-03 7.655388675630092621e-03
3.461071057245135307e-03 7.554876618087291718e-03
3.409162629395723343e-03 7.454501464962959290e-03
3.359264461323618889e-03 7.356410380452871323e-03
3.311855252832174301e-03 7.262108381837606430e-03
3.266840474680066109e-03 7.172388490289449692e-03
3.223600797355175018e-03 7.087409961968660355e-03
3.181224921718239784e-03 7.006915286183357239e-03
3.138847183436155319e-03 6.930535659193992615e-03
3.095949534326791763e-03 6.858029402792453766e-03
3.052526153624057770e-03 6.789344828575849533e-03
3.009042236953973770e-03 6.724455393850803375e-03
2.966177416965365410e-03 6.662989966571331024e-03
2.924497937783598900e-03 6.603988818824291229e-03
2.884247107431292534e-03 6.545932963490486145e-03
2.845303388312458992e-03 6.487044505774974823e-03
2.807265846058726311e-03 6.425791885703802109e-03
2.769618760794401169e-03 6.361366715282201767e-03
2.731941873207688332e-03 6.293839309364557266e-03
2.694062422960996628e-03 6.223939824849367142e-03
2.656091237440705299e-03 6.152668036520481110e-03
2.618334256112575531e-03 6.081029307097196579e-03
2.581123262643814087e-03 6.009923759847879410e-03
2.544647082686424255e-03 5.940268747508525848e-03
2.508898265659809113e-03 5.872971843928098679e-03
2.473728265613317490e-03 5.808758549392223358e-03
2.438934054225683212e-03 5.747853312641382217e-03
2.404348691925406456e-03 5.689895711839199066e-03
2.369903493672609329e-03 5.634118802845478058e-03
2.335619647055864334e-03 5.579684861004352570e-03
2.301577478647232056e-03 5.525906570255756378e-03
2.267854055389761925e-03 5.472222343087196350e-03
2.234488725662231445e-03 5.418034736067056656e-03
2.201472176238894463e-03 5.362678319215774536e-03
2.168785780668258667e-03 5.305629689246416092e-03
2.136424183845520020e-03 5.246797110885381699e-03
2.104411600157618523e-03 5.186595954000949860e-03
2.072797156870365143e-03 5.125700030475854874e-03
2.041633706539869308e-03 5.064693279564380646e-03
2.010958269238471985e-03 5.003978963941335678e-03
1.980786677449941635e-03 4.943933803588151932e-03
1.951116602867841721e-03 4.885095637291669846e-03
1.921931048855185509e-03 4.828065633773803711e-03
1.893206383101642132e-03 4.773205146193504333e-03
1.864909310825169086e-03 4.720444791018962860e-03
1.837006770074367523e-03 4.669453948736190796e-03
1.809464651159942150e-03 4.619963001459836960e-03
1.782267354428768158e-03 4.571890458464622498e-03
1.755416276864707470e-03 4.525171127170324326e-03
1.728930859826505184e-03 4.479597322642803192e-03
1.702834153547883034e-03 4.434928297996520996e-03
1.677143503911793232e-03 4.391153808683156967e-03
1.651873346418142319e-03 4.348536487668752670e-03
1.627031713724136353e-03 4.307336639612913132e-03
1.602629898115992546e-03 4.267556592822074890e-03
1.578680123202502728e-03 4.229021258652210236e-03
1.555194845423102379e-03 4.191645886749029160e-03
1.532182097434997559e-03 4.155444446951150894e-03
1.509637804701924324e-03 4.120325669646263123e-03
1.487550209276378155e-03 4.085993859916925430e-03
1.465903711505234241e-03 4.052177537232637405e-03
1.444687251932919025e-03 4.018865060061216354e-03
1.423888723365962505e-03 3.986171912401914597e-03
1.403495552949607372e-03 3.954066894948482513e-03
1.383491326123476028e-03 3.922394942492246628e-03
1.363857300020754337e-03 3.891106694936752319e-03
1.344577176496386528e-03 3.860316006466746330e-03
1.325637684203684330e-03 3.830053610727190971e-03
1.307028811424970627e-03 3.800132777541875839e-03
1.288739033043384552e-03 3.770413110032677650e-03
1.270762062631547451e-03 3.740961430594325066e-03
1.253088703379034996e-03 3.711851779371500015e-03
1.235713716596364975e-03 3.682997077703475952e-03
1.218634773977100849e-03 3.654310246929526329e-03
1.201849314384162426e-03 3.625901415944099426e-03
1.185355242341756821e-03 3.597904928028583527e-03
1.169146969914436340e-03 3.570273285731673241e-03
1.153220771811902523e-03 3.542937571182847023e-03
1.137572806328535080e-03 3.515988588333129883e-03
1.122200163081288338e-03 3.489536233246326447e-03
1.107100513763725758e-03 3.463511355221271515e-03
1.092268503271043301e-03 3.437821986153721809e-03
1.077697961591184139e-03 3.412530058994889259e-03
1.063381903804838657e-03 3.387680510058999062e-03
1.049314858391880989e-03 3.363147843629121780e-03
1.035490655340254307e-03 3.338857321068644524e-03
1.021903473883867264e-03 3.314872737973928452e-03
1.008546329103410244e-03 3.291204804554581642e-03
9.954142151400446892e-04 3.267747815698385239e-03
9.825016604736447334e-04 3.244505962356925011e-03
9.698041831143200397e-04 3.221574006602168083e-03
9.573167772032320499e-04 3.198934718966484070e-03
9.450354846194386482e-04 3.176527796313166618e-03
9.329560562036931515e-04 3.154426580294966698e-03
9.210727876052260399e-04 3.132698126137256622e-03
9.093835833482444286e-04 3.111279103904962540e-03
8.978843688964843750e-04 3.090147860348224640e-03
8.865721756592392921e-04 3.069360041990876198e-03
8.754428126849234104e-04 3.048854414373636246e-03
8.644919143989682198e-04 3.028538078069686890e-03
8.537175017409026623e-04 3.008442232385277748e-03
8.431159076280891895e-04 2.988586900755763054e-03
8.326834649778902531e-04 2.968927845358848572e-03
8.224184275604784489e-04 2.949526067823171616e-03
8.123170700855553150e-04 2.930456306785345078e-03
8.023757836781442165e-04 2.911699702963232994e-03
7.925932877697050571e-04 2.893230877816677094e-03
7.829649257473647594e-04 2.875077305361628532e-03
7.734890677966177464e-04 2.857163315638899803e-03
7.641618722118437290e-04 2.839421620592474937e-03
7.549815345555543900e-04 2.821886446326971054e-03
7.459450862370431423e-04 2.804552670568227768e-03
7.370496168732643127e-04 2.787416568025946617e-03
7.282930309884250164e-04 2.770554972812533379e-03
7.196734659373760223e-04 2.754000481218099594e-03
7.111876038834452629e-04 2.737723058089613914e-03
7.028341060504317284e-04 2.721752040088176727e-03
6.946105277165770531e-04 2.706069732084870338e-03
6.865145987831056118e-04 2.690611872822046280e-03
6.785442237742245197e-04 2.675390336662530899e-03
6.706978310830891132e-04 2.660409081727266312e-03
6.629734998568892479e-04 2.645631786435842514e-03
6.553693092428147793e-04 2.631108975037932396e-03
6.478831637650728226e-04 2.616846933960914612e-03
6.405141903087496758e-04 2.602818422019481659e-03
6.332594202831387520e-04 2.589040203019976616e-03
6.261177477426826954e-04 2.575488528236746788e-03
6.190878339111804962e-04 2.562115900218486786e-03
6.121677579358220100e-04 2.548931632190942764e-03
6.053560064174234867e-04 2.535911742597818375e-03
5.986507167108356953e-04 2.523049479350447655e-03
5.920502007938921452e-04 2.510376973077654839e-03
5.855535273440182209e-04 2.497885841876268387e-03
5.791588919237256050e-04 2.485580509528517723e-03
5.728648975491523743e-04 2.473474480211734772e-03
5.666692741215229034e-04 2.461530966684222221e-03
5.605714977718889713e-04 2.449750900268554688e-03
5.545701715163886547e-04 2.438119379803538322e-03
5.486629670485854149e-04 2.426624763756990433e-03
5.428487202152609825e-04 2.415284980088472366e-03
5.371267907321453094e-04 2.404108876362442970e-03
5.314950831234455109e-04 2.393097849562764168e-03
5.259521421976387501e-04 2.382269361987709999e-03
5.204969784244894981e-04 2.371599199250340462e-03
5.151279619894921780e-04 2.361080842092633247e-03
5.098445108160376549e-04 2.350709633901715279e-03
5.046444130130112171e-04 2.340455306693911552e-03
4.995265044271945953e-04 2.330349059775471687e-03
4.944895044900476933e-04 2.320373430848121643e-03
4.895327729173004627e-04 2.310548676177859306e-03
4.846543306484818459e-04 2.300878986716270447e-03
4.798534500878304243e-04 2.291346667334437370e-03
4.751283559016883373e-04 2.281971741467714310e-03
4.704781167674809694e-04 2.272711833938956261e-03
4.659017140511423349e-04 2.263585571199655533e-03
4.613976343534886837e-04 2.254575723782181740e-03
4.569647426251322031e-04 2.245684852823615074e-03
4.526021075434982777e-04 2.236936939880251884e-03
4.483084776438772678e-04 2.228299155831336975e-03
4.440823977347463369e-04 2.219811081886291504e-03
4.399229947011917830e-04 2.211427316069602966e-03
4.358296864666044712e-04 2.203178359195590019e-03
4.317998827900737524e-04 2.195032313466072083e-03
4.278343112673610449e-04 2.187008270993828773e-03
4.239301779307425022e-04 2.179092727601528168e-03
4.200880648568272591e-04 2.171300351619720459e-03
4.163058765698224306e-04 2.163616474717855453e-03
4.125825071241706610e-04 2.156055532395839691e-03
4.089170543011277914e-04 2.148594241589307785e-03
4.053089069202542305e-04 2.141248434782028198e-03
4.017567553091794252e-04 2.133987378329038620e-03
3.982595226261764765e-04 2.126850187778472900e-03
3.948162775486707687e-04 2.119783312082290649e-03
3.914260014425963163e-04 2.112863119691610336e-03
3.880877629853785038e-04 2.105987397953867912e-03
3.848010383080691099e-04 2.099297009408473969e-03
3.815640229731798172e-04 2.092573326081037521e-03
3.783764259424060583e-04 2.086136490106582642e-03
3.752372867893427610e-04 2.079487312585115433e-03
3.721454704646021128e-04 2.073400421068072319e-03
3.691003366839140654e-04 2.066642045974731445e-03
3.661010123323649168e-04 2.061210572719573975e-03
3.631468862295150757e-04 2.053811913356184959e-03
3.602374927140772343e-04 2.049975562840700150e-03
3.573752474039793015e-04 2.040258841589093208e-03
3.545659128576517105e-04 2.041096799075603485e-03
3.518337325658649206e-04 2.023584907874464989e-03
3.492597606964409351e-04 2.039997139945626259e-03
3.471306117717176676e-04 1.996734645217657089e-03
3.464490291662514210e-04 2.071819035336375237e-03
3.508310182951390743e-04 1.953383674845099449e-03
3.727959992829710245e-04 2.280134940519928932e-03
4.498561029322445393e-04 2.036659512668848038e-03
6.402884609997272491e-04 2.830888843163847923e-03
8.260781178250908852e-04 2.021045424044132233e-03
6.276026833802461624e-04 2.010636031627655029e-03
3.345125296618789434e-04 2.400809898972511292e-03
5.277843447402119637e-04 1.991407014429569244e-03
5.665075150318443775e-04 2.026412868872284889e-03
3.292754990980029106e-04 2.313886303454637527e-03
4.634922370314598083e-04 1.942754723131656647e-03
4.737240378744900227e-04 1.980193657800555229e-03
3.193906450178474188e-04 2.295498037710785866e-03
4.464857920538634062e-04 1.924083684571087360e-03
3.844594466499984264e-04 1.935770385898649693e-03
3.306496073491871357e-04 2.243339549750089645e-03
4.186162550467997789e-04 1.931041479110717773e-03
3.210471477359533310e-04 1.906126621179282665e-03
3.577753668650984764e-04 2.129118656739592552e-03
3.640275681391358376e-04 1.970795681700110435e-03
3.055798006244003773e-04 1.885556615889072418e-03
3.621259820647537708e-04 2.011696575209498405e-03
3.141716006211936474e-04 2.024991903454065323e-03
3.181680804118514061e-04 1.875679939985275269e-03
3.365440352354198694e-04 1.928107696585357189e-03
2.938511315733194351e-04 2.040179912000894547e-03
3.246901615057140589e-04 1.870036358013749123e-03
3.046549682039767504e-04 1.871804008260369301e-03
2.954904921352863312e-04 2.003703499212861061e-03
3.135721781291067600e-04 1.876734895631670952e-03
2.859380620066076517e-04 1.843177597038447857e-03
2.988000633195042610e-04 1.953939441591501236e-03
2.946958993561565876e-04 1.899392926134169102e-03
2.807887212838977575e-04 1.833568792790174484e-03
2.943014260381460190e-04 1.905760378576815128e-03
2.797284978441894054e-04 1.910041668452322483e-03
2.800385700538754463e-04 1.825344050303101540e-03
2.842182875610888004e-04 1.866187085397541523e-03
2.714710135478526354e-04 1.908632810227572918e-03
2.775954781100153923e-04 1.825605635531246662e-03
2.738134935498237610e-04 1.842220895923674107e-03
2.672299160622060299e-04 1.897991402074694633e-03
2.724633086472749710e-04 1.825599698349833488e-03
2.655673597473651171e-04 1.821153680793941021e-03
2.639696176629513502e-04 1.875841291621327400e-03
2.660794707480818033e-04 1.821760553866624832e-03
2.595644618850201368e-04 1.805643434636294842e-03
2.603032626211643219e-04 1.855900045484304428e-03
2.597358543425798416e-04 1.821230165660381317e-03
2.548631746321916580e-04 1.798481796868145466e-03
2.560815191827714443e-04 1.840711222030222416e-03
2.540729474276304245e-04 1.818491029553115368e-03
2.507495519239455462e-04 1.790763228200376034e-03
2.515681844670325518e-04 1.824467442929744720e-03
2.490764600224792957e-04 1.810884336009621620e-03
2.468061575200408697e-04 1.783240353688597679e-03
2.470837207511067390e-04 1.811454189009964466e-03
2.446197613608092070e-04 1.803783234208822250e-03
2.429032319923862815e-04 1.777887693606317043e-03
2.427440194878727198e-04 1.800741185434162617e-03
2.405196428298950195e-04 1.794971292838454247e-03
2.390687441220507026e-04 1.771168550476431847e-03
2.386230044066905975e-04 1.790416194126009941e-03
2.366626285947859287e-04 1.785439904779195786e-03
2.353026211494579911e-04 1.764994463883340359e-03
2.346943801967427135e-04 1.782025326974689960e-03
2.329909038962796330e-04 1.776352524757385254e-03
2.316463651368394494e-04 1.759033999405801296e-03
2.309344708919525146e-04 1.773868221789598465e-03
2.294558944413438439e-04 1.766586326994001865e-03
2.281100314576178789e-04 1.752594369463622570e-03
2.273219288326799870e-04 1.765785040333867073e-03
2.260394539916887879e-04 1.757128862664103508e-03
2.247019729111343622e-04 1.746992114931344986e-03
2.238389279227703810e-04 1.758688129484653473e-03
2.227220102213323116e-04 1.748636481352150440e-03
2.214243722846731544e-04 1.742006279528141022e-03
2.204821648774668574e-04 1.751399831846356392e-03
2.194883854826912284e-04 1.740083913318812847e-03
2.182666794396936893e-04 1.736848615109920502e-03
2.172515814891085029e-04 1.743509666994214058e-03
2.163290773751214147e-04 1.731908181682229042e-03
2.152125380234792829e-04 1.731867203488945961e-03
2.141503791790455580e-04 1.735272584483027458e-03
2.132412482751533389e-04 1.724397414363920689e-03
2.122359292116016150e-04 1.726870308630168438e-03
2.111752692144364119e-04 1.726733404211699963e-03
2.102398575516417623e-04 1.717654755339026451e-03
2.093158982461318374e-04 1.721519511193037033e-03
2.083065483020618558e-04 1.718020997941493988e-03
2.073413197649642825e-04 1.711734803393483162e-03
2.064485306618735194e-04 1.715683378279209137e-03
2.055131481029093266e-04 1.709818607196211815e-03
2.045517612714320421e-04 1.706797396764159203e-03
2.036500663962215185e-04 1.709230593405663967e-03
2.027695591095834970e-04 1.702305045910179615e-03
2.018518280237913132e-04 1.702110865153372288e-03
2.009418967645615339e-04 1.701934379525482655e-03
2.000759122893214226e-04 1.695783226750791073e-03
1.992097677430137992e-04 1.697384635917842388e-03
1.983228867175057530e-04 1.694491016678512096e-03
1.974531624000519514e-04 1.690478529781103134e-03
1.966117415577173233e-04 1.692034304141998291e-03
1.957663771463558078e-04 1.687267445959150791e-03
1.949115685420110822e-04 1.685787341557443142e-03
1.940729416674003005e-04 1.685697701759636402e-03
1.932533632498234510e-04 1.680852146819233894e-03
1.924319803947582841e-04 1.681238994933664799e-03
1.916070032166317105e-04 1.678915461525321007e-03
1.907941623358055949e-04 1.675622770562767982e-03
1.899959752336144447e-04 1.676145358942449093e-03
1.891993306344375014e-04 1.672274549491703510e-03
1.884015073301270604e-04 1.671057310886681080e-03
1.876120513770729303e-04 1.670178840868175030e-03
1.868344697868451476e-04 1.666537718847393990e-03
1.860614283941686153e-04 1.666605705395340919e-03
1.852885907283052802e-04 1.663975534029304981e-03
1.845218357630074024e-04 1.661871327087283134e-03
1.837640447774901986e-04 1.661437447182834148e-03
1.830129476729780436e-04 1.658089109696447849e-03
1.822643243940547109e-04 1.657464425079524517e-03
1.815192081267014146e-04 1.655543339438736439e-03
1.807810913305729628e-04 1.653144485317170620e-03
1.800501340767368674e-04 1.652713981457054615e-03
1.793236879166215658e-04 1.649861922487616539e-03
1.786003704182803631e-04 1.648884033784270287e-03
1.778819132596254349e-04 1.647307071834802628e-03
1.771697861840948462e-04 1.644959440454840660e-03
1.764633925631642342e-04 1.644351053982973099e-03
1.757612044457346201e-04 1.641831593587994576e-03
1.750627561705186963e-04 1.640718430280685425e-03
1.743692555464804173e-04 1.639229245483875275e-03
1.736810663715004921e-04 1.637100824154913425e-03
1.729983487166464329e-04 1.636340282857418060e-03
1.723196764942258596e-04 1.634043524973094463e-03
1.716451806714758277e-04 1.632950268685817719e-03
1.709751377347856760e-04 1.631387858651578426e-03
1.703099696896970272e-04 1.629532664082944393e-03
1.696496474323794246e-04 1.628623809665441513e-03
1.689937780611217022e-04 1.626511570066213608e-03
1.683419395703822374e-04 1.625508652068674564e-03
1.676942774793133140e-04 1.623822958208620548e-03
1.670510828262194991e-04 1.622264855541288853e-03
1.664123265072703362e-04 1.621142379008233547e-03
1.657780958339571953e-04 1.619222108274698257e-03
1.651480270083993673e-04 1.618255395442247391e-03
1.645219454076141119e-04 1.616476452909410000e-03
1.638998510316014290e-04 1.615226967260241508e-03
1.632820203667506576e-04 1.613873289898037910e-03
1.626683078939095140e-04 1.612256863154470921e-03
1.620588300283998251e-04 1.611216110177338123e-03
1.614534703548997641e-04 1.609469996765255928e-03
1.608517195563763380e-04 1.608432154171168804e-03
1.602540432941168547e-04 1.606854959391057491e-03
1.596601796336472034e-04 1.605596393346786499e-03
1.590703759575262666e-04 1.604312332347035408e-03
1.584843848831951618e-04 1.602815464138984680e-03
1.579023373778909445e-04 1.601741765625774860e-03
1.573240588186308742e-04 1.600156072527170181e-03
1.567495346534997225e-04 1.599116134457290173e-03
1.561787794344127178e-04 1.597612397745251656e-03
1.556114148115739226e-04 1.596464309841394424e-03
1.550480374135077000e-04 1.595136243849992752e-03
1.544880797155201435e-04 1.593838795088231564e-03
1.539320655865594745e-04 1.592678949236869812e-03
1.533794711576774716e-04 1.591272302903234959e-03
1.528304856037721038e-04 1.590212108567357063e-03
1.522850798210129142e-04 1.588773564435541630e-03
1.517429627710953355e-04 1.587739214301109314e-03
1.512044982519000769e-04 1.586341299116611481e-03
1.506695989519357681e-04 1.585276564583182335e-03
1.501378719694912434e-04 1.583960023708641529e-03
1.496097102062776685e-04 1.582835335284471512e-03
1.490848080720752478e-04 1.581608201377093792e-03
1.485632237745448947e-04 1.580420997925102711e-03
1.480450882809236646e-04 1.579273026436567307e-03
1.475302269682288170e-04 1.578040071763098240e-03
1.470186107326298952e-04 1.576961134560406208e-03
1.465102977817878127e-04 1.575694885104894638e-03
1.460049679735675454e-04 1.574670779518783092e-03
1.455031160730868578e-04 1.573381479829549789e-03
1.450043782824650407e-04 1.572404522448778152e-03
1.445086672902107239e-04 1.571094500832259655e-03
1.440160849597305059e-04 1.570168067701160908e-03
1.435267040506005287e-04 1.568828593008220196e-03
1.430404372513294220e-04 1.567968749441206455e-03
1.425569207640364766e-04 1.566574675962328911e-03
1.420767366653308272e-04 1.565812039189040661e-03
1.415995066054165363e-04 1.564317732118070126e-03
1.411252014804631472e-04 1.563712954521179199e-03
1.406538067385554314e-04 1.562036923132836819e-03
1.401855988660827279e-04 1.561703626066446304e-03
1.397203886881470680e-04 1.559693831950426102e-03
1.392583653796464205e-04 1.559841679409146309e-03
1.387996453559026122e-04 1.557213836349546909e-03
1.383444759994745255e-04 1.558232470415532589e-03
1.378937158733606339e-04 1.554441405460238457e-03
1.374487328575924039e-04 1.557111041620373726e-03
1.370121899526566267e-04 1.551066874526441097e-03
1.365889911539852619e-04 1.556988689117133617e-03
1.361901813652366400e-04 1.546466024592518806e-03
1.358378212898969650e-04 1.559038995765149593e-03
1.355771237285807729e-04 1.539415796287357807e-03
1.355060376226902008e-04 1.566180377267301083e-03
1.358290755888447165e-04 1.527880667708814144e-03
1.370041427435353398e-04 1.586495433002710342e-03
1.399860775563865900e-04 1.510753878392279148e-03
1.469917333452031016e-04 1.645068987272679806e-03
1.623382413526996970e-04 1.502506202086806297e-03
1.959940127562731504e-04 1.817275420762598515e-03
2.610466908663511276e-04 1.582802622579038143e-03
3.786329180002212524e-04 2.152221277356147766e-03
5.022151744924485683e-04 1.691132318228483200e-03
5.385043332353234291e-04 1.920845941640436649e-03
3.360059345141053200e-04 1.518821693025529385e-03
1.437455066479742527e-04 1.509602647274732590e-03
2.085882733808830380e-04 1.920731971040368080e-03
3.294972411822527647e-04 1.519059762358665466e-03
2.436042268527671695e-04 1.558830146677792072e-03
1.338017027592286468e-04 1.759953680448234081e-03
2.131147193722426891e-04 1.542339101433753967e-03
2.477512462064623833e-04 1.637071254663169384e-03
1.480239152442663908e-04 1.665690797381103039e-03
1.609728060429915786e-04 1.524527324363589287e-03
2.163358731195330620e-04 1.636785920709371567e-03
1.540467346785590053e-04 1.598365954123437405e-03
1.409989636158570647e-04 1.501878025010228157e-03
1.891345018520951271e-04 1.633149571716785431e-03
1.535925839561969042e-04 1.573757035657763481e-03
1.319073926424607635e-04 1.505538704805076122e-03
1.681610447121784091e-04 1.632626168429851532e-03
1.498083292972296476e-04 1.557342126034200191e-03
1.275079412152990699e-04 1.498342258855700493e-03
1.530442823423072696e-04 1.614195876754820347e-03
1.458215701859444380e-04 1.533611794002354145e-03
1.255395909538492560e-04 1.494448166340589523e-03
1.418431929778307676e-04 1.604864490218460560e-03
1.414163998560979962e-04 1.527548767626285553e-03
1.245339517481625080e-04 1.500801416113972664e-03
1.338843576377257705e-04 1.592701300978660583e-03
1.372106053167954087e-04 1.514109666459262371e-03
1.239176781382411718e-04 1.499635749496519566e-03
1.278055715374648571e-04 1.580808078870177269e-03
1.330639788648113608e-04 1.510625472292304039e-03
1.236254029208794236e-04 1.511349924840033054e-03
1.234593219123780727e-04 1.576082082465291023e-03
1.289888168685138226e-04 1.508573885075747967e-03
1.232760405400767922e-04 1.516082556918263435e-03
1.206182932946830988e-04 1.560104894451797009e-03
1.252011279575526714e-04 1.498339232057332993e-03
1.227033790200948715e-04 1.516265911050140858e-03
1.189315298688597977e-04 1.544442027807235718e-03
1.218003308167681098e-04 1.495753065682947636e-03
1.216742602991871536e-04 1.523171667940914631e-03
1.180464751087129116e-04 1.535027287900447845e-03
1.190231341752223670e-04 1.496399170719087124e-03
1.201785780722275376e-04 1.527403597719967365e-03
1.175330253317952156e-04 1.523657236248254776e-03
1.169233801192604005e-04 1.496648299507796764e-03
1.183401109301485121e-04 1.529514673165977001e-03
1.170753603219054639e-04 1.513595809228718281e-03
1.155470745288766921e-04 1.498653437010943890e-03
1.163425913546234369e-04 1.527365529909729958e-03
1.162817206932231784e-04 1.503631705418229103e-03
1.147662405855953693e-04 1.500195707194507122e-03
1.146113863796927035e-04 1.521340454928576946e-03
1.150734897237271070e-04 1.496035256423056126e-03
1.142041292041540146e-04 1.503808074630796909e-03
1.133714176830835640e-04 1.515099080279469490e-03
1.136201753979548812e-04 1.493870397098362446e-03
1.134725316660478711e-04 1.508784480392932892e-03
1.125963317463174462e-04 1.507613924331963062e-03
1.122879257309250534e-04 1.492757000960409641e-03
1.124049449572339654e-04 1.508970861323177814e-03
1.119481312343850732e-04 1.498558907769620419e-03
1.113153193728066981e-04 1.493622898124158382e-03
1.112000463763251901e-04 1.507327426224946976e-03
1.111092569772154093e-04 1.493471092544496059e-03
1.106039053411222994e-04 1.497418619692325592e-03
1.101751113310456276e-04 1.503594452515244484e-03
1.100723384297452867e-04 1.490731956437230110e-03
1.098531502066180110e-04 1.499617821536958218e-03
1.093968166969716549e-04 1.497192890383303165e-03
1.090780133381485939e-04 1.489853137172758579e-03
1.089364886865951121e-04 1.499574864283204079e-03
1.086658448912203312e-04 1.491588423959910870e-03
1.082715971278958023e-04 1.491020550020039082e-03
1.079985158867202699e-04 1.496364246122539043e-03
1.078196728485636413e-04 1.486811554059386253e-03
1.075407635653391480e-04 1.491318689659237862e-03
1.071951992344111204e-04 1.490790513344109058e-03
1.069368008757010102e-04 1.484980224631726742e-03
1.067334887920878828e-04 1.491447910666465759e-03
1.064624302671290934e-04 1.486329012550413609e-03
1.061503207893110812e-04 1.485604909248650074e-03
1.058949346770532429e-04 1.489145564846694469e-03
1.056777982739731669e-04 1.482619903981685638e-03
1.054198146448470652e-04 1.485760789364576340e-03
1.051312210620380938e-04 1.484642620198428631e-03
1.048758858814835548e-04 1.480839564464986324e-03
1.046510587912052870e-04 1.484836568124592304e-03
1.044054952217265964e-04 1.480497885495424271e-03
1.041351570165716112e-04 1.480714185163378716e-03
1.038805276039056480e-04 1.482004299759864807e-03
1.036504399962723255e-04 1.477614976465702057e-03
1.034143569995649159e-04 1.480289734899997711e-03
1.031598585541360080e-04 1.478138146921992302e-03
1.029082195600494742e-04 1.476594596169888973e-03
1.026745521812699735e-04 1.478618942201137543e-03
1.024446391966193914e-04 1.474933698773384094e-03
1.022032956825569272e-04 1.476160250604152679e-03
1.019577612169086933e-04 1.475361874327063560e-03
1.017222966765984893e-04 1.473063253797590733e-03
1.014949302771128714e-04 1.474827644415199757e-03
1.012639186228625476e-04 1.472065225243568420e-03
1.010269770631566644e-04 1.472380827181041241e-03
1.007926839520223439e-04 1.472357660531997681e-03
1.005657759378664196e-04 1.470118993893265724e-03
1.003412471618503332e-04 1.471447874791920185e-03
1.001135024125687778e-04 1.469342154450714588e-03
9.988374949898570776e-05 1.469034352339804173e-03
9.965772915165871382e-05 1.469078939408063889e-03
9.943608893081545830e-05 1.466999179683625698e-03
9.921516175381839275e-05 1.467891270294785500e-03
9.899257565848529339e-05 1.466254005208611488e-03
9.877004777081310749e-05 1.465822570025920868e-03
9.855006646830588579e-05 1.465836772695183754e-03
9.833306830842047930e-05 1.464067376218736172e-03
9.811661584535613656e-05 1.464633038267493248e-03
9.789964678930118680e-05 1.463209511712193489e-03
9.768315067049115896e-05 1.462798682041466236e-03
9.746853174874559045e-05 1.462655840441584587e-03
9.725594281917437911e-05 1.461207168176770210e-03
9.704443800728768110e-05 1.461553154513239861e-03
9.683298412710428238e-05 1.460207742638885975e-03
9.662194497650489211e-05 1.459861057810485363e-03
9.641228825785219669e-05 1.459451159462332726e-03
9.620428318157792091e-05 1.458276878111064434e-03
9.599736949894577265e-05 1.458442769944667816e-03
9.579105244483798742e-05 1.457204692997038364e-03
9.558536112308502197e-05 1.457025413401424885e-03
9.538052108837291598e-05 1.456397701986134052e-03
9.517683793092146516e-05 1.455511432141065598e-03
9.497455175733193755e-05 1.455433783121407032e-03
9.477314597461372614e-05 1.454273471608757973e-03
9.457233682041987777e-05 1.454163342714309692e-03
9.437220433028414845e-05 1.453330740332603455e-03
9.417308319825679064e-05 1.452756812795996666e-03
9.397519897902384400e-05 1.452422933652997017e-03
9.377815149491652846e-05 1.451461459510028362e-03
9.358199895359575748e-05 1.451322343200445175e-03
9.338658855995163321e-05 1.450389041565358639e-03
9.319207310909405351e-05 1.450053765438497066e-03
9.299840894527733326e-05 1.449452596716582775e-03
9.280571248382329941e-05 1.448770635761320591e-03
9.261380910174921155e-05 1.448463648557662964e-03
9.242287342203781009e-05 1.447589485906064510e-03
9.223278902936726809e-05 1.447329297661781311e-03
9.204344678437337279e-05 1.446538022719323635e-03
9.185490489471703768e-05 1.446104957722127438e-03
9.166717791231349111e-05 1.445556175895035267e-03
9.148047683993354440e-05 1.444899244233965874e-03
9.129438694799318910e-05 1.444551395252346992e-03
9.110932296607643366e-05 1.443784451112151146e-03
9.092495747609063983e-05 1.443470246158540249e-03
9.074135596165433526e-05 1.442744862288236618e-03
9.055859845830127597e-05 1.442322041839361191e-03
9.037667769007384777e-05 1.441742177121341228e-03
9.019553544931113720e-05 1.441171974875032902e-03
9.001514990814030170e-05 1.440738444216549397e-03
8.983549923868849874e-05 1.440062536858022213e-03
8.965681627159938216e-05 1.439696527086198330e-03
8.947879541665315628e-05 1.439002691768109798e-03
8.930145850172266364e-05 1.438616542145609856e-03
8.912498014979064465e-05 1.437982893548905849e-03
8.894926577340811491e-05 1.437525264918804169e-03
8.877422806108370423e-05 1.436985679902136326e-03
8.859996887622401118e-05 1.436446676962077618e-03
8.842654642648994923e-05 1.435986952856183052e-03
8.825372788123786449e-05 1.435384387150406837e-03
8.808182610664516687e-05 1.434967271052300930e-03
8.791057916823774576e-05 1.434343867003917694e-03
8.773994341026991606e-05 1.433937344700098038e-03
8.757014438742771745e-05 1.433331053704023361e-03
8.740100020077079535e-05 1.432906487025320530e-03
8.723253267817199230e-05 1.432335702702403069e-03
8.706496009835973382e-05 1.431877375580370426e-03
8.689793321536853909e-05 1.431344775483012199e-03
8.673159754835069180e-05 1.430851640179753304e-03
8.656603313283994794e-05 1.430358854122459888e-03
8.640118903713300824e-05 1.429834985174238682e-03
8.623699250165373087e-05 1.429375261068344116e-03
8.607344352640211582e-05 1.428829506039619446e-03
8.591059304308146238e-05 1.428394694812595844e-03
8.574844832764938474e-05 1.427832758054137230e-03
8.558700938010588288e-05 1.427415758371353149e-03
8.542615250917151570e-05 1.426845323294401169e-03
8.526611054548993707e-05 1.426441478542983532e-03
8.510653424309566617e-05 1.425866503268480301e-03
8.494778012391179800e-05 1.425476628355681896e-03
8.478963718516752124e-05 1.424892921932041645e-03
8.463208359898999333e-05 1.424518064595758915e-03
8.447514119325205684e-05 1.423919107764959335e-03
8.431892638327553868e-05 1.423567184247076511e-03
8.416336640948429704e-05 1.422946108505129814e-03
8.400844671996310353e-05 1.422631321474909782e-03
8.385411638300865889e-05 1.421970431692898273e-03
8.370044815819710493e-05 1.421716646291315556e-03
8.354739838978275657e-05 1.420981483533978462e-03
8.339498162968084216e-05 1.420831773430109024e-03
8.324323425767943263e-05 1.419967971742153168e-03
8.309209806611761451e-05 1.419990207068622112e-03
8.294166036648675799e-05 1.418909290805459023e-03
8.279189933091402054e-05 1.419225474819540977e-03
8.264294592663645744e-05 1.417762599885463715e-03
8.249495294876396656e-05 1.418596599251031876e-03
8.234805864049121737e-05 1.416447339579463005e-03
8.220278687076643109e-05 1.418220577761530876e-03
8.206003985833376646e-05 1.414810540154576302e-03
8.192137465812265873e-05 1.418333966284990311e-03
8.178976713679730892e-05 1.412551268003880978e-03
8.167115447577089071e-05 1.419434091076254845e-03
8.157713455148041248e-05 1.409090007655322552e-03
8.153051021508872509e-05 1.422619912773370743e-03
8.157702541211619973e-05 1.403358299285173416e-03
8.180996519513428211e-05 1.430506235919892788e-03
8.241839532274752855e-05 1.393707585521042347e-03
8.380060171475633979e-05 1.449975068680942059e-03
8.676272409502416849e-05 1.379399327561259270e-03
9.304804552812129259e-05 1.501168939284980297e-03
1.060501817846670747e-04 1.371265156194567680e-03
1.330379891442134976e-04 1.644184463657438755e-03
1.854782458394765854e-04 1.432065735571086407e-03
2.828027936629951000e-04 1.977011328563094139e-03
4.211604536976665258e-04 1.612091669812798500e-03
5.512298666872084141e-04 2.067612018436193466e-03
4.951014416292309761e-04 1.424033660441637039e-03
2.450112660881131887e-04 1.416958053596317768e-03
8.569281635573133826e-05 1.665601390413939953e-03
2.042923006229102612e-04 1.445216359570622444e-03
3.048702783416956663e-04 1.623340183869004250e-03
1.710682845441624522e-04 1.456203404814004898e-03
8.860605885274708271e-05 1.415751525200903416e-03
1.926503609865903854e-04 1.686690724454820156e-03
1.909091952256858349e-04 1.426291652023792267e-03
9.015583782456815243e-05 1.400889595970511436e-03
1.318566064583137631e-04 1.635371008887887001e-03
1.695181417744606733e-04 1.389776938594877720e-03
9.683411190053448081e-05 1.380881876684725285e-03
1.044604432536289096e-04 1.582791213877499104e-03
1.458292099414393306e-04 1.386733725666999817e-03
9.871813381323590875e-05 1.395647297613322735e-03
9.169729310087859631e-05 1.556804170832037926e-03
1.265857281396165490e-04 1.388018368743360043e-03
9.726518328534439206e-05 1.397070242092013359e-03
8.499923569615930319e-05 1.520491088740527630e-03
1.126017086789943278e-04 1.377958338707685471e-03
9.620231139706447721e-05 1.402682159096002579e-03
8.155094110406935215e-05 1.499447040259838104e-03
1.015214584185741842e-04 1.383850118145346642e-03
9.406746539752930403e-05 1.412096549756824970e-03
7.992777682375162840e-05 1.475085620768368244e-03
9.343249257653951645e-05 1.376552740111947060e-03
9.167839016299694777e-05 1.412188285030424595e-03
7.907966210041195154e-05 1.455141580663621426e-03
8.709603571332991123e-05 1.379859750159084797e-03
8.911444456316530704e-05 1.425088499672710896e-03
7.887029642006382346e-05 1.447190996259450912e-03
8.241567411459982395e-05 1.385469222441315651e-03
8.638500003144145012e-05 1.430149306543171406e-03
7.901406206656247377e-05 1.429793657734990120e-03
7.922617078293114901e-05 1.380726578645408154e-03
8.363390952581539750e-05 1.427910174243152142e-03
7.920433563413098454e-05 1.415470847859978676e-03
7.726313197053968906e-05 1.383841619826853275e-03
8.097288082353770733e-05 1.430573640391230583e-03
7.914641173556447029e-05 1.408289768733084202e-03
7.632577762706205249e-05 1.388783683069050312e-03
7.866123632993549109e-05 1.430753734894096851e-03
7.869837281759828329e-05 1.401391346007585526e-03
7.598232332384213805e-05 1.393527723848819733e-03
7.678111433051526546e-05 1.428005751222372055e-03
7.787640060996636748e-05 1.395731931552290916e-03
7.598258525831624866e-05 1.398402848280966282e-03
7.546048436779528856e-05 1.421219203621149063e-03
7.668872422073036432e-05 1.389401964843273163e-03
7.595880742883309722e-05 1.400068751536309719e-03
7.479114719899371266e-05 1.410761266015470028e-03
7.544159598182886839e-05 1.385615323670208454e-03
7.564822590211406350e-05 1.404439099133014679e-03
7.459442713297903538e-05 1.404685317538678646e-03
7.444273069268092513e-05 1.388585427775979042e-03
7.496360194636508822e-05 1.409218646585941315e-03
7.450819248333573341e-05 1.398846623487770557e-03
7.388363155769184232e-05 1.391095225699245930e-03
7.412023842334747314e-05 1.408081385307013988e-03
7.421032205456867814e-05 1.392385922372341156e-03
7.366035424638539553e-05 1.394258812069892883e-03
7.343549077631905675e-05 1.405036891810595989e-03
7.363982149399816990e-05 1.389751792885363102e-03
7.346770871663466096e-05 1.398131600581109524e-03
7.305683539016172290e-05 1.399795757606625557e-03
7.301692676264792681e-05 1.388503704220056534e-03
7.308374915737658739e-05 1.399866538122296333e-03
7.283135346369817853e-05 1.394540071487426758e-03
7.256762182805687189e-05 1.390232704579830170e-03
7.256860408233478665e-05 1.400022185407578945e-03
7.253254443639889359e-05 1.390529330819845200e-03
7.229283073684200644e-05 1.392214908264577389e-03
7.212031778180971742e-05 1.396470703184604645e-03
7.210519106592983007e-05 1.387228374369442463e-03
7.201676635304465890e-05 1.393184647895395756e-03
7.181328692240640521e-05 1.391821657307446003e-03
7.168429874582216144e-05 1.386918360367417336e-03
7.164324779296293855e-05 1.393764629028737545e-03
7.153645856305956841e-05 1.388371689245104790e-03
7.136576459743082523e-05 1.388306729495525360e-03
7.125374395400285721e-05 1.392060425132513046e-03
7.119256042642518878e-05 1.385780866257846355e-03
7.108413410605862737e-05 1.389285200275480747e-03
7.093723979778587818e-05 1.388595555908977985e-03
7.083013042574748397e-05 1.384755014441907406e-03
7.075573375914245844e-05 1.389040611684322357e-03
7.065153477014973760e-05 1.385155599564313889e-03
7.052101136650890112e-05 1.385048031806945801e-03
7.041477510938420892e-05 1.387190655805170536e-03
7.033228757791221142e-05 1.382913091219961643e-03
7.023313810350373387e-05 1.385557814501225948e-03
7.011445995885878801e-05 1.384607050567865372e-03
7.000815094215795398e-05 1.382584217935800552e-03
6.992014823481440544e-05 1.385373179800808430e-03
6.982531340327113867e-05 1.382291549816727638e-03
6.971586844883859158e-05 1.382873742841184139e-03
6.961030885577201843e-05 1.383416121825575829e-03
6.951810064492747188e-05 1.380624365992844105e-03
6.942606705706566572e-05 1.382608665153384209e-03
6.932404357939958572e-05 1.380916801281273365e-03
6.922062311787158251e-05 1.380298635922372341e-03
6.912567187100648880e-05 1.381576992571353912e-03
6.903461326146498322e-05 1.379176741465926170e-03
6.893829413456842303e-05 1.380290137603878975e-03
6.883826426928862929e-05 1.379581866785883904e-03
6.874193786643445492e-05 1.378347980789840221e-03
6.865042814752086997e-05 1.379585708491504192e-03
6.855797983007505536e-05 1.377743901684880257e-03
6.846205360488966107e-05 1.378181390464305878e-03
6.836617831140756607e-05 1.378010609187185764e-03
6.827386096119880676e-05 1.376627595163881779e-03
6.818319525336846709e-05 1.377550070174038410e-03
6.809087790315970778e-05 1.376149826683104038e-03
6.799717812100425363e-05 1.376157277263700962e-03
6.790461338823661208e-05 1.376226311549544334e-03
6.781427509849891067e-05 1.374994637444615364e-03
6.772446795366704464e-05 1.375688705593347549e-03
6.763351848348975182e-05 1.374638522975146770e-03
6.754221976734697819e-05 1.374439336359500885e-03
6.745205610059201717e-05 1.374483690597116947e-03
6.736319483024999499e-05 1.373374718241393566e-03
6.727444269927218556e-05 1.373817096464335918e-03
6.718528311466798186e-05 1.372955273836851120e-03
6.709604349453002214e-05 1.372728962451219559e-03
6.700773519696667790e-05 1.372732687741518021e-03
6.692020542686805129e-05 1.371823367662727833e-03
6.683290848741307855e-05 1.372118946164846420e-03
6.674542237306013703e-05 1.371356192976236343e-03
6.665811088168993592e-05 1.371146063320338726e-03
6.657130870735272765e-05 1.371035119518637657e-03
6.648511043749749660e-05 1.370287151075899601e-03
6.639931234531104565e-05 1.370459445752203465e-03
6.631360884057357907e-05 1.369752106256783009e-03
6.622790533583611250e-05 1.369581441394984722e-03
6.614255835302174091e-05 1.369337784126400948e-03
6.605787348235026002e-05 1.368727535009384155e-03
6.597339233849197626e-05 1.368789467960596085e-03
6.588925316464155912e-05 1.368141383863985538e-03
6.580509943887591362e-05 1.368055352941155434e-03
6.572128040716052055e-05 1.367722870782017708e-03
6.563797069247812033e-05 1.367277698591351509e-03
6.555484287673607469e-05 1.367218443192541599e-03
6.547211523866280913e-05 1.366617623716592789e-03
6.538956222357228398e-05 1.366543350741267204e-03
6.530724931508302689e-05 1.366109936498105526e-03
6.522513285744935274e-05 1.365800271742045879e-03
6.514343112939968705e-05 1.365623087622225285e-03
6.506194040412083268e-05 1.365116098895668983e-03
6.498086440842598677e-05 1.365027623251080513e-03
6.489992665592581034e-05 1.364544616080820560e-03
6.481924356194213033e-05 1.364344265311956406e-03
6.473878602264449000e-05 1.364039722830057144e-03
6.465872866101562977e-05 1.363666378892958164e-03
6.457893323386088014e-05 1.363510615192353725e-03
6.449936336139217019e-05 1.363055664114654064e-03
6.441996083594858646e-05 1.362902927212417126e-03
6.434090755647048354e-05 1.362506765872240067e-03
6.426205800380557775e-05 1.362247043289244175e-03
6.418353586923331022e-05 1.361979753710329533e-03
6.410527566913515329e-05 1.361611532047390938e-03
6.402719009201973677e-05 1.361433649435639381e-03
6.394938100129365921e-05 1.361028291285037994e-03
6.387183384504169226e-05 1.360843656584620476e-03
6.379457772709429264e-05 1.360485097393393517e-03
6.371748895617201924e-05 1.360223861411213875e-03
6.364068394759669900e-05 1.359953079372644424e-03
6.356411176966503263e-05 1.359613728709518909e-03
6.348777242237702012e-05 1.359406858682632446e-03
6.341165862977504730e-05 1.359036774374544621e-03
6.333588680718094110e-05 1.358835725113749504e-03
6.326029688352718949e-05 1.358488807454705238e-03
6.318491796264424920e-05 1.358246780000627041e-03
6.310975004453212023e-05 1.357954926788806915e-03
6.303486588876694441e-05 1.357662142254412174e-03
6.296024366747587919e-05 1.357423258014023304e-03
6.288580334512516856e-05 1.357096945866942406e-03
6.281161040533334017e-05 1.356880529783666134e-03
6.273768667597323656e-05 1.356547465547919273e-03
6.266394484555348754e-05 1.356321154162287712e-03
6.259043584577739239e-05 1.356010558083653450e-03
6.251715240068733692e-05 1.355755724944174290e-03
6.244406540645286441e-05 1.355481566861271858e-03
6.237132765818387270e-05 1.355199259705841541e-03
6.229871360119432211e-05 1.354955486021935940e-03
6.222628144314512610e-05 1.354652107693254948e-03
6.215421308297663927e-05 1.354422303847968578e-03
6.208225386217236519e-05 1.354114385321736336e-03
6.201055657584220171e-05 1.353885279968380928e-03
6.193906301632523537e-05 1.353587838821113110e-03
6.186771497596055269e-05 1.353348721750080585e-03
6.179668707773089409e-05 1.353068160824477673e-03
6.172580469865351915e-05 1.352814259007573128e-03
6.165521335788071156e-05 1.352550578303635120e-03
6.158473843242973089e-05 1.352280960418283939e-03
6.151466368464753032e-05 1.352037070319056511e-03
6.144462531665340066e-05 1.351755228824913502e-03
6.137479795143008232e-05 1.351523678749799728e-03
6.130529800429940224e-05 1.351237529888749123e-03
6.123587809270247817e-05 1.351010636426508427e-03
6.116671283962205052e-05 1.350723323412239552e-03
6.109780952101573348e-05 1.350499340333044529e-03
6.102905899751931429e-05 1.350212492980062962e-03
6.096046126913279295e-05 1.349988975562155247e-03
6.089214002713561058e-05 1.349708880297839642e-03
6.082403706386685371e-05 1.349480357021093369e-03
6.075606506783515215e-05 1.349208876490592957e-03
6.068837683415040374e-05 1.348974648863077164e-03
6.062080865376628935e-05 1.348713180050253868e-03
6.055348057998344302e-05 1.348472433164715767e-03
6.048636350897140801e-05 1.348217134363949299e-03
6.041938104317523539e-05 1.347974757663905621e-03
6.035269325366243720e-05 1.347725046798586845e-03
6.028612915542908013e-05 1.347480923868715763e-03
6.021978697390295565e-05 1.347234006971120834e-03
6.015367398504167795e-05 1.346990582533180714e-03
6.008766285958699882e-05 1.346743782050907612e-03
6.002189547871239483e-05 1.346503500826656818e-03
5.995634273858740926e-05 1.346256933175027370e-03
5.989095006952993572e-05 1.346020027995109558e-03
5.982573566143400967e-05 1.345774275250732899e-03
5.976072498015128076e-05 1.345539465546607971e-03
5.969585254206322134e-05 1.345292432233691216e-03
5.963125295238569379e-05 1.345063210465013981e-03
5.956683162366971374e-05 1.344811869785189629e-03
5.950253034825436771e-05 1.344591844826936722e-03
5.943850192124955356e-05 1.344332820735871792e-03
5.937458990956656635e-05 1.344124786555767059e-03
5.931089981459081173e-05 1.343852374702692032e-03
5.924738798057660460e-05 1.343666692264378071e-03
5.918400347582064569e-05 1.343366573564708233e-03
5.912077540415339172e-05 1.343222451396286488e-03
5.905791476834565401e-05 1.342873205430805683e-03
5.899502502870745957e-05 1.342798001132905483e-03
5.893255001865327358e-05 1.342353993095457554e-03
5.887007864657789469e-05 1.342412666417658329e-03
5.880793469259515405e-05 1.341786584816873074e-03
5.874600901734083891e-05 1.342103001661598682e-03
5.868445805390365422e-05 1.341119525022804737e-03
5.862338366569019854e-05 1.341948402114212513e-03
5.856308780494146049e-05 1.340241637080907822e-03
5.850449815625324845e-05 1.342116738669574261e-03
5.844868428539484739e-05 1.338920090347528458e-03
5.839888035552576184e-05 1.342980423942208290e-03
5.836147101945243776e-05 1.336676650680601597e-03
5.834985495312139392e-05 1.345414435490965843e-03
5.839353252667933702e-05 1.332543208263814449e-03
5.855648487340658903e-05 1.351602026261389256e-03
5.897957089473493397e-05 1.324831624515354633e-03
5.997563130222260952e-05 1.367645454593002796e-03
6.224281969480216503e-05 1.312254928052425385e-03
6.735148781444877386e-05 1.413161982782185078e-03
7.880025805206969380e-05 1.305068144574761391e-03
1.043219890561886132e-04 1.558003015816211700e-03
1.598551316419616342e-04 1.383510767482221127e-03
2.743713848758488894e-04 1.994385616853833199e-03
4.782468895427882671e-04 1.721352920867502689e-03
7.328199571929872036e-04 2.385402098298072815e-03
8.000496891327202320e-04 1.514418981969356537e-03
4.375491989776492119e-04 1.390293240547180176e-03
7.924253441160544753e-05 1.659093890339136124e-03
2.386166597716510296e-04 1.472677220590412617e-03
4.122691752854734659e-04 1.567300525493919849e-03
1.699134008958935738e-04 1.461040927097201347e-03
1.003702855086885393e-04 1.420636894181370735e-03
2.819981600623577833e-04 1.603751908987760544e-03
1.587941078469157219e-04 1.479304512031376362e-03
9.059716103365644813e-05 1.401709625497460365e-03
2.195002307416871190e-04 1.513896277174353600e-03
1.136194696300663054e-04 1.468573580496013165e-03
9.787391172721982002e-05 1.345921191386878490e-03
1.764344196999445558e-04 1.416675979271531105e-03
8.079230610746890306e-05 1.480394625104963779e-03
1.081850496120750904e-04 1.335178385488688946e-03
1.336013519903644919e-04 1.373406616039574146e-03
6.632738222833722830e-05 1.498681609518826008e-03
1.137667204602621496e-04 1.321876537986099720e-03
