0.0 -0.065 -0.065 -0.065 -0.065 -0.091194086 -0.0596913 -0.05575882 -0.05612438
0.0005 -0.065 -0.065 -0.065 -0.065 -0.07690937 -0.06580713 -0.073254466 -0.07663275
0.001 -0.065 -0.065 -0.065 -0.065 -0.07090275 -0.07327068 -0.082964644 -0.080047324
0.0015 -0.065 -0.065 -0.065 -0.065 -0.07058795 -0.077025756 -0.085647844 -0.07333433
0.002 -0.065 -0.065 -0.065 -0.065 -0.07112473 -0.077249214 -0.084504314 -0.06768814
0.0025 -0.065 -0.065 -0.065 -0.065 -0.07096749 -0.076236665 -0.0823523 -0.06515128
0.003 -0.065 -0.065 -0.065 -0.065 -0.07031929 -0.07515883 -0.08031113 -0.06438547
0.0035 -0.065 -0.065 -0.065 -0.065 -0.06962271 -0.07428235 -0.07858525 -0.064193435
0.004 -0.065 -0.065 -0.065 -0.065 -0.069056444 -0.07355995 -0.07712465 -0.064138174
0.0045 -0.065 -0.065 -0.065 -0.065 -0.068618156 -0.07292885 -0.07587144 -0.064157024
0.005 -0.065 -0.065 -0.065 -0.065 -0.06826666 -0.07236587 -0.07479178 -0.064246915
0.0055 -0.065 -0.065 -0.065 -0.065 -0.067975 -0.071864665 -0.07385956 -0.06438344
0.006 -0.065 -0.065 -0.065 -0.065 -0.067730084 -0.071418785 -0.07304931 -0.064535394
0.0065 -0.065 -0.065 -0.065 -0.065 -0.0675236 -0.07101944 -0.07233767 -0.06468168
0.006999999999999999 -0.065 -0.065 -0.065 -0.065 -0.06734799 -0.070658065 -0.071705796 -0.06481264
0.0075 -0.065 -0.065 -0.065 -0.065 -0.067196496 -0.07032783 -0.07113939 -0.06492539
0.008 -0.065 -0.065 -0.065 -0.065 -0.067063615 -0.070023686 -0.07062777 -0.06501984
0.0085 -0.065 -0.065 -0.065 -0.065 -0.06694521 -0.06974184 -0.07016283 -0.065096915
0.009000000000000001 -0.065 -0.065 -0.065 -0.065 -0.066838205 -0.0694793 -0.06973821 -0.065158114
0.0095 -0.065 -0.065 -0.065 -0.065 -0.06674029 -0.069233745 -0.069348834 -0.065205075
0.01 -0.065 -0.065 -0.065 -0.065 -0.066649675 -0.06900324 -0.06899054 -0.065239534
0.0105 -0.065 -0.065 -0.065 -0.065 -0.06656505 -0.06878623 -0.0686599 -0.06526318
0.011000000000000001 -0.065 -0.065 -0.065 -0.065 -0.06648538 -0.068581425 -0.06835405 -0.065277584
0.0115 -0.065 -0.065 -0.065 -0.065 -0.06640986 -0.06838772 -0.06807052 -0.06528412
0.012 -0.065 -0.065 -0.065 -0.065 -0.06633788 -0.06820418 -0.06780715 -0.065284014
0.0125 -0.065 -0.065 -0.065 -0.065 -0.066268966 -0.06802999 -0.067562126 -0.06527836
0.013000000000000001 -0.065 -0.065 -0.065 -0.065 -0.06620277 -0.06786452 -0.067333825 -0.06526807
0.0135 -0.065 -0.065 -0.065 -0.065 -0.06613895 -0.06770706 -0.06712078 -0.06525398
0.013999999999999999 -0.065 -0.065 -0.065 -0.065 -0.066077344 -0.06755713 -0.06692173 -0.06523673
0.0145 -0.065 -0.065 -0.065 -0.065 -0.066017754 -0.06741421 -0.066735536 -0.06521697
0.015 -0.065 -0.065 -0.065 -0.065 -0.065960035 -0.06727787 -0.06656116 -0.065195166
0.0155 -0.065 -0.065 -0.065 -0.065 -0.065904096 -0.06714771 -0.06639772 -0.06517175
0.016 -0.065 -0.065 -0.065 -0.065 -0.06584982 -0.06702336 -0.06624434 -0.065147094
0.0165 -0.065 -0.065 -0.065 -0.065 -0.06579715 -0.066904485 -0.066100314 -0.06512151
0.017 -0.065 -0.065 -0.065 -0.065 -0.06574603 -0.0667908 -0.06596494 -0.06509526
0.0175 -0.065 -0.065 -0.065 -0.065 -0.06569639 -0.06668201 -0.065837584 -0.06506855
0.018000000000000002 -0.065 -0.065 -0.065 -0.065 -0.06564819 -0.06657785 -0.06571773 -0.06504158
0.0185 -0.065 -0.065 -0.065 -0.065 -0.06560139 -0.06647809 -0.0656048 -0.065014504
0.019 -0.065 -0.065 -0.065 -0.065 -0.06555596 -0.06638251 -0.06549836 -0.06498744
0.0195 -0.065 -0.065 -0.065 -0.065 -0.065511845 -0.06629088 -0.06539797 -0.06496054
0.02 -0.065 -0.065 -0.065 -0.065 -0.06546904 -0.06620303 -0.065303236 -0.06493384
0.0205 -0.065 -0.065 -0.065 -0.065 -0.0654275 -0.06611877 -0.06521377 -0.06490743
0.021 -0.065 -0.065 -0.065 -0.065 -0.06538719 -0.06603793 -0.06512926 -0.064881384
0.0215 -0.065 -0.065 -0.065 -0.065 -0.06534808 -0.06596034 -0.065049365 -0.06485577
0.022000000000000002 -0.065 -0.065 -0.065 -0.065 -0.06531015 -0.06588587 -0.06497382 -0.06483057
0.0225 -0.065 -0.065 -0.065 -0.065 -0.06527335 -0.06581436 -0.064902335 -0.06480587
0.023 -0.065 -0.065 -0.065 -0.065 -0.06523767 -0.065745674 -0.06483468 -0.06478167
0.0235 -0.065 -0.065 -0.065 -0.065 -0.065203086 -0.06567969 -0.06477058 -0.06475798
0.024 -0.065 -0.065 -0.065 -0.065 -0.06516955 -0.0656163 -0.0647099 -0.06473485
0.0245 -0.065 -0.065 -0.065 -0.065 -0.06513705 -0.06555538 -0.06465236 -0.06471225
0.025 -0.065 -0.065 -0.065 -0.065 -0.06510554 -0.06549681 -0.064597815 -0.06469021
0.0255 -0.065 -0.065 -0.065 -0.065 -0.06507502 -0.065440506 -0.06454608 -0.06466871
0.026000000000000002 -0.065 -0.065 -0.065 -0.065 -0.065045424 -0.06538636 -0.06449699 -0.06464778
0.0265 -0.065 -0.065 -0.065 -0.065 -0.06501678 -0.0653343 -0.0644504 -0.06462738
0.027000000000000003 -0.065 -0.065 -0.065 -0.065 -0.064989 -0.065284215 -0.06440616 -0.06460754
0.0275 -0.065 -0.065 -0.065 -0.065 -0.064962104 -0.06523602 -0.06436414 -0.06458823
0.027999999999999997 -0.065 -0.065 -0.065 -0.065 -0.06493605 -0.06518966 -0.06432421 -0.064569466
0.0285 -0.065 -0.065 -0.065 -0.065 -0.06491081 -0.06514504 -0.06428625 -0.06455122
0.028999999999999998 -0.065 -0.065 -0.065 -0.065 -0.06488636 -0.06510211 -0.06425017 -0.06453348
0.0295 -0.065 -0.065 -0.065 -0.065 -0.06486268 -0.065060765 -0.06421585 -0.06451625
0.03 -0.065 -0.065 -0.065 -0.065 -0.06483974 -0.065020956 -0.0641832 -0.06449952
0.0305 -0.065 -0.065 -0.065 -0.065 -0.06481753 -0.06498264 -0.06415212 -0.06448327
0.031 -0.065 -0.065 -0.065 -0.065 -0.06479603 -0.06494571 -0.06412254 -0.0644675
0.0315 -0.065 -0.065 -0.065 -0.065 -0.064775206 -0.06491017 -0.064094365 -0.06445219
0.032 -0.065 -0.065 -0.065 -0.065 -0.06475503 -0.064875916 -0.06406753 -0.06443732
0.0325 -0.065 -0.065 -0.065 -0.065 -0.06473549 -0.064842924 -0.06404196 -0.06442291
0.033 -0.065 -0.065 -0.065 -0.065 -0.064716585 -0.064811125 -0.06401759 -0.06440893
0.0335 -0.065 -0.065 -0.065 -0.065 -0.064698264 -0.06478049 -0.06399435 -0.06439535
0.034 -0.065 -0.065 -0.065 -0.065 -0.06468053 -0.06475096 -0.06397219 -0.064382195
0.0345 -0.065 -0.065 -0.065 -0.065 -0.06466336 -0.064722486 -0.06395104 -0.06436945
0.035 -0.065 -0.065 -0.065 -0.065 -0.06464672 -0.06469505 -0.06393086 -0.06435706
0.0355 -0.065 -0.065 -0.065 -0.065 -0.06463062 -0.06466861 -0.06391161 -0.064345054
0.036000000000000004 -0.065 -0.065 -0.065 -0.065 -0.064615026 -0.0646431 -0.06389322 -0.064333424
0.0365 -0.065 -0.065 -0.065 -0.065 -0.06459992 -0.06461851 -0.063875675 -0.06432214
0.037000000000000005 -0.065 -0.065 -0.065 -0.065 -0.0645853 -0.064594775 -0.0638589 -0.06431121
0.0375 -0.065 -0.065 -0.065 -0.065 -0.06457114 -0.06457191 -0.06384287 -0.06430059
0.038 -0.065 -0.065 -0.065 -0.065 -0.06455742 -0.06454983 -0.06382754 -0.06429032
0.0385 -0.065 -0.065 -0.065 -0.065 -0.064544156 -0.06452854 -0.063812904 -0.06428034
0.039 -0.065 -0.065 -0.065 -0.065 -0.06453128 -0.06450798 -0.0637989 -0.0642707
0.0395 -0.065 -0.065 -0.065 -0.065 -0.06451883 -0.06448817 -0.06378549 -0.06426133
0.04 -0.065 -0.065 -0.065 -0.065 -0.064506784 -0.06446904 -0.06377266 -0.06425226
0.0405 -0.065 -0.065 -0.065 -0.065 -0.0644951 -0.06445057 -0.06376041 -0.064243466
0.040999999999999995 -0.065 -0.065 -0.065 -0.065 -0.064483784 -0.06443275 -0.06374866 -0.06423494
0.0415 -0.065 -0.065 -0.065 -0.065 -0.06447284 -0.064415544 -0.063737415 -0.06422667
0.042 -0.065 -0.065 -0.065 -0.065 -0.06446223 -0.06439894 -0.06372665 -0.06421867
0.0425 -0.065 -0.065 -0.065 -0.065 -0.06445196 -0.06438291 -0.06371633 -0.064210914
0.043 -0.065 -0.065 -0.065 -0.065 -0.06444201 -0.06436743 -0.06370644 -0.0642034
0.0435 -0.065 -0.065 -0.065 -0.065 -0.064432375 -0.06435248 -0.06369698 -0.06419611
0.044000000000000004 -0.065 -0.065 -0.065 -0.065 -0.06442305 -0.06433805 -0.06368789 -0.064189054
0.0445 -0.065 -0.065 -0.065 -0.065 -0.06441402 -0.06432412 -0.06367917 -0.06418221
0.045 -0.065 -0.065 -0.065 -0.065 -0.06440526 -0.06431065 -0.06367082 -0.064175576
0.0455 -0.065 -0.065 -0.065 -0.065 -0.06439678 -0.06429764 -0.06366281 -0.06416916
0.046 -0.065 -0.065 -0.065 -0.065 -0.06438857 -0.06428507 -0.06365512 -0.064162925
0.0465 -0.065 -0.065 -0.065 -0.065 -0.064380616 -0.06427294 -0.06364774 -0.0641569
0.047 -0.065 -0.065 -0.065 -0.065 -0.06437291 -0.06426121 -0.06364068 -0.064151056
0.0475 -0.065 -0.065 -0.065 -0.065 -0.06436547 -0.06424989 -0.063633874 -0.06414539
0.048 -0.065 -0.065 -0.065 -0.065 -0.06435824 -0.06423895 -0.06362734 -0.0641399
0.0485 -0.065 -0.065 -0.065 -0.065 -0.064351246 -0.06422836 -0.063621074 -0.0641346
0.049 -0.065 -0.065 -0.065 -0.065 -0.06434448 -0.06421813 -0.063615054 -0.064129435
0.0495 -0.065 -0.065 -0.065 -0.065 -0.0643379 -0.06420826 -0.06360926 -0.06412445
0.05 -0.065 -0.065 -0.065 -0.065 -0.06433155 -0.06419872 -0.06360369 -0.06411961
0.0505 -0.065 -0.065 -0.065 -0.065 -0.0643254 -0.06418947 -0.063598335 -0.06411493
0.051 -0.065 -0.065 -0.065 -0.065 -0.06431943 -0.06418055 -0.0635932 -0.06411039
0.0515 -0.065 -0.065 -0.065 -0.065 -0.06431364 -0.06417194 -0.06358826 -0.06410598
0.052000000000000005 -0.065 -0.065 -0.065 -0.065 -0.064308055 -0.064163595 -0.063583516 -0.06410171
0.0525 -0.065 -0.065 -0.065 -0.065 -0.06430263 -0.064155534 -0.06357893 -0.06409758
0.053 -0.065 -0.065 -0.065 -0.065 -0.064297386 -0.06414773 -0.06357453 -0.06409358
0.0535 -0.065 -0.065 -0.065 -0.065 -0.0642923 -0.0641402 -0.063570306 -0.0640897
0.054000000000000006 -0.065 -0.065 -0.065 -0.065 -0.06428737 -0.06413292 -0.06356623 -0.064085945
0.0545 -0.065 -0.065 -0.065 -0.065 -0.0642826 -0.06412588 -0.063562304 -0.06408232
0.055 -0.065 -0.065 -0.065 -0.065 -0.064277984 -0.064119056 -0.063558534 -0.06407879
0.0555 -0.065 -0.065 -0.065 -0.065 -0.06427351 -0.06411247 -0.0635549 -0.064075366
0.055999999999999994 -0.065 -0.065 -0.065 -0.065 -0.06426918 -0.0641061 -0.06355138 -0.06407206
0.0565 -0.065 -0.065 -0.065 -0.065 -0.06426497 -0.06409992 -0.06354801 -0.06406885
0.057 -0.065 -0.065 -0.065 -0.065 -0.0642609 -0.06409396 -0.063544765 -0.06406575
0.0575 -0.065 -0.065 -0.065 -0.065 -0.064256966 -0.0640882 -0.06354164 -0.06406273
0.057999999999999996 -0.065 -0.065 -0.065 -0.065 -0.064253144 -0.06408262 -0.063538626 -0.06405982
0.0585 -0.065 -0.065 -0.065 -0.065 -0.06424945 -0.06407723 -0.06353572 -0.06405698
0.059000000000000004 -0.065 -0.065 -0.065 -0.065 -0.06424586 -0.06407201 -0.063532926 -0.064054236
0.0595 -0.065 -0.065 -0.065 -0.065 -0.064242385 -0.06406695 -0.06353021 -0.0640516
0.06 -0.065 -0.065 -0.065 -0.065 -0.06423904 -0.06406207 -0.063527614 -0.06404903
0.0605 -0.065 -0.065 -0.065 -0.065 -0.06423578 -0.06405734 -0.0635251 -0.06404653
0.061 -0.065 -0.065 -0.065 -0.065 -0.06423262 -0.06405276 -0.06352269 -0.06404412
0.0615 -0.065 -0.065 -0.065 -0.065 -0.06422956 -0.06404833 -0.06352034 -0.06404179
0.062 -0.065 -0.065 -0.065 -0.065 -0.064226605 -0.06404404 -0.0635181 -0.06403951
0.0625 -0.065 -0.065 -0.065 -0.065 -0.06422374 -0.06403991 -0.06351593 -0.064037316
0.063 -0.065 -0.065 -0.065 -0.065 -0.06422096 -0.06403589 -0.06351383 -0.06403519
0.0635 -0.065 -0.065 -0.065 -0.065 -0.06421827 -0.064032026 -0.063511804 -0.064033136
0.064 -0.065 -0.065 -0.065 -0.065 -0.06421566 -0.06402826 -0.06350985 -0.06403114
0.0645 -0.065 -0.065 -0.065 -0.065 -0.064213134 -0.06402463 -0.06350796 -0.06402922
0.065 -0.065 -0.065 -0.065 -0.065 -0.06421069 -0.0640211 -0.063506156 -0.06402733
0.0655 -0.065 -0.065 -0.065 -0.065 -0.06420833 -0.064017706 -0.063504405 -0.06402552
0.066 -0.065 -0.065 -0.065 -0.065 -0.06420603 -0.064014405 -0.06350271 -0.06402377
0.0665 -0.065 -0.065 -0.065 -0.065 -0.0642038 -0.06401122 -0.063501075 -0.06402205
0.067 -0.065 -0.065 -0.065 -0.065 -0.06420165 -0.06400815 -0.06349948 -0.06402041
0.0675 -0.065 -0.065 -0.065 -0.065 -0.06419957 -0.06400515 -0.06349797 -0.0640188
0.068 -0.065 -0.065 -0.065 -0.065 -0.06419754 -0.06400225 -0.06349649 -0.06401726
0.0685 -0.065 -0.065 -0.065 -0.065 -0.06419558 -0.06399946 -0.06349507 -0.06401575
0.069 -0.065 -0.065 -0.065 -0.065 -0.06419368 -0.06399674 -0.0634937 -0.0640143
0.0695 -0.065 -0.065 -0.065 -0.065 -0.06419184 -0.063994125 -0.063492365 -0.064012885
0.07 -0.065 -0.065 -0.065 -0.065 -0.06419007 -0.06399158 -0.06349108 -0.06401153
0.0705 -0.065 -0.065 -0.065 -0.065 -0.064188346 -0.063989125 -0.06348985 -0.0640102
0.071 -0.065 -0.065 -0.065 -0.065 -0.06418666 -0.06398675 -0.06348864 -0.06400892
0.0715 -0.065 -0.065 -0.065 -0.065 -0.06418505 -0.06398443 -0.06348749 -0.06400769
0.07200000000000001 -0.065 -0.065 -0.065 -0.065 -0.06418348 -0.0639822 -0.063486375 -0.06400647
0.0725 -0.065 -0.065 -0.065 -0.065 -0.06418196 -0.06398004 -0.0634853 -0.064005315
0.073 -0.065 -0.065 -0.065 -0.065 -0.06418049 -0.06397795 -0.06348424 -0.06400419
0.0735 -0.065 -0.065 -0.065 -0.065 -0.06417906 -0.06397592 -0.06348324 -0.06400309
0.07400000000000001 -0.065 -0.065 -0.065 -0.065 -0.064177684 -0.06397397 -0.06348226 -0.06400202
0.0745 -0.065 -0.065 -0.065 -0.065 -0.06417634 -0.06397207 -0.06348132 -0.064000994
0.075 -0.065 -0.065 -0.065 -0.065 -0.06417505 -0.06397024 -0.06348041 -0.06400001
0.0755 -0.065 -0.065 -0.065 -0.065 -0.0641738 -0.06396845 -0.06347953 -0.06399905
0.076 -0.065 -0.065 -0.065 -0.065 -0.06417258 -0.063966736 -0.06347867 -0.06399812
0.0765 -0.065 -0.065 -0.065 -0.065 -0.0641714 -0.06396506 -0.06347785 -0.06399721
0.077 -0.065 -0.065 -0.065 -0.065 -0.064170256 -0.06396346 -0.063477054 -0.06399632
0.0775 -0.065 -0.065 -0.065 -0.065 -0.06416915 -0.06396189 -0.06347629 -0.06399548
0.078 -0.065 -0.065 -0.065 -0.065 -0.06416808 -0.06396038 -0.063475534 -0.06399465
0.0785 -0.065 -0.065 -0.065 -0.065 -0.06416704 -0.06395891 -0.06347483 -0.06399386
0.079 -0.065 -0.065 -0.065 -0.065 -0.064166024 -0.0639575 -0.06347412 -0.06399309
0.0795 -0.065 -0.065 -0.065 -0.065 -0.06416506 -0.06395613 -0.06347345 -0.06399234
0.08 -0.065 -0.065 -0.065 -0.065 -0.06416412 -0.06395479 -0.063472785 -0.063991606
0.0805 -0.065 -0.065 -0.065 -0.065 -0.0641632 -0.0639535 -0.06347216 -0.06399091
0.081 -0.065 -0.065 -0.065 -0.065 -0.06416231 -0.06395225 -0.06347155 -0.063990235
0.0815 -0.065 -0.065 -0.065 -0.065 -0.06416146 -0.06395103 -0.06347095 -0.06398957
0.08199999999999999 -0.065 -0.065 -0.065 -0.065 -0.06416063 -0.063949876 -0.06347039 -0.06398895
0.0825 -0.065 -0.065 -0.065 -0.065 -0.06415982 -0.063948736 -0.06346985 -0.06398833
0.083 -0.065 -0.065 -0.065 -0.065 -0.064159036 -0.06394765 -0.063469306 -0.063987724
0.0835 -0.065 -0.065 -0.065 -0.065 -0.06415829 -0.063946575 -0.063468784 -0.06398715
0.084 -0.065 -0.065 -0.065 -0.065 -0.06415756 -0.06394555 -0.06346829 -0.063986585
0.0845 -0.065 -0.065 -0.065 -0.065 -0.064156845 -0.06394456 -0.0634678 -0.06398604
0.085 -0.065 -0.065 -0.065 -0.065 -0.06415616 -0.06394358 -0.06346734 -0.06398551
0.0855 -0.065 -0.065 -0.065 -0.065 -0.06415549 -0.06394263 -0.06346687 -0.063985005
0.086 -0.065 -0.065 -0.065 -0.065 -0.06415485 -0.06394174 -0.063466445 -0.0639845
0.0865 -0.065 -0.065 -0.065 -0.065 -0.06415422 -0.06394087 -0.06346602 -0.06398402
0.087 -0.065 -0.065 -0.065 -0.065 -0.06415361 -0.06394 -0.0634656 -0.06398355
0.0875 -0.065 -0.065 -0.065 -0.065 -0.06415303 -0.06393919 -0.06346521 -0.063983105
0.08800000000000001 -0.065 -0.065 -0.065 -0.065 -0.064152464 -0.063938394 -0.06346482 -0.063982666
0.0885 -0.065 -0.065 -0.065 -0.065 -0.064151905 -0.063937634 -0.06346445 -0.06398225
0.08900000000000001 -0.065 -0.065 -0.065 -0.065 -0.06415138 -0.06393688 -0.0634641 -0.06398183
0.0895 -0.065 -0.065 -0.065 -0.065 -0.064150855 -0.06393616 -0.06346373 -0.063981436
0.09 -0.065 -0.065 -0.065 -0.065 -0.06415035 -0.06393545 -0.063463405 -0.06398104
0.0905 -0.065 -0.065 -0.065 -0.065 -0.06414987 -0.063934766 -0.06346307 -0.06398068
0.091 -0.065 -0.065 -0.065 -0.065 -0.064149395 -0.06393412 -0.06346274 -0.06398032
0.0915 -0.065 -0.065 -0.065 -0.065 -0.06414895 -0.06393348 -0.063462436 -0.06397997
0.092 -0.065 -0.065 -0.065 -0.065 -0.0641485 -0.06393286 -0.06346215 -0.06397963
0.0925 -0.065 -0.065 -0.065 -0.065 -0.06414808 -0.06393227 -0.06346187 -0.0639793
0.09300000000000001 -0.065 -0.065 -0.065 -0.065 -0.06414766 -0.06393169 -0.063461594 -0.063978985
0.0935 -0.065 -0.065 -0.065 -0.065 -0.064147264 -0.06393113 -0.063461326 -0.06397867
0.094 -0.065 -0.065 -0.065 -0.065 -0.06414688 -0.063930586 -0.06346106 -0.06397838
0.0945 -0.065 -0.065 -0.065 -0.065 -0.06414649 -0.063930064 -0.06346081 -0.06397808
0.095 -0.065 -0.065 -0.065 -0.065 -0.06414613 -0.06392954 -0.06346056 -0.06397781
0.0955 -0.065 -0.065 -0.065 -0.065 -0.06414579 -0.06392905 -0.06346033 -0.06397753
0.096 -0.065 -0.065 -0.065 -0.065 -0.064145446 -0.06392857 -0.0634601 -0.06397727
0.0965 -0.065 -0.065 -0.065 -0.065 -0.0641451 -0.0639281 -0.06345987 -0.06397702
0.09699999999999999 -0.065 -0.065 -0.065 -0.065 -0.06414479 -0.06392766 -0.06345965 -0.06397678
0.0975 -0.065 -0.065 -0.065 -0.065 -0.06414448 -0.06392723 -0.063459456 -0.06397653
0.098 -0.065 -0.065 -0.065 -0.065 -0.064144164 -0.0639268 -0.06345925 -0.0639763
0.0985 -0.065 -0.065 -0.065 -0.065 -0.06414388 -0.0639264 -0.06345905 -0.06397608
0.099 -0.065 -0.065 -0.065 -0.065 -0.0641436 -0.063926004 -0.063458875 -0.063975856
0.0995 -0.065 -0.065 -0.065 -0.065 -0.06414332 -0.06392562 -0.06345868 -0.063975655
0.1 -0.065 -0.065 -0.065 -0.065 -0.06464971 -0.076708235 -0.056754842 -0.04546109
0.1005 -0.05205612 -0.05313354 -0.04842002 -0.04701473 -0.048342675 -0.053392977 -0.051495254 -0.027204163
0.10099999999999999 -0.03678555 -0.03597405 -0.03041441 -0.030997399999999998 -0.038568594 -0.028352989 -0.04096225 -0.015846647
0.1015 -0.02642051 -0.01613244 -0.01554058 -0.01895572 -0.030914024 -0.004078811 -0.028993389 -0.0063850954
0.102 -0.01935535 0.005143932 -0.002683864 -0.008402849 -0.02457532 0.01944993 -0.016520368 0.002518706
0.1025 -0.01394585 0.02718487 0.009246408000000001 0.001491784 -0.019014016 0.042430382 -0.0038639707 0.011056177
0.10300000000000001 -0.009311454 0.04960355 0.02080325 0.01094753 -0.013908327 0.06503312 0.008847745 0.019308873
0.1035 -0.0050238209999999995 0.07221616 0.0322654 0.02005308 -0.009086348 0.0873584 0.021564791 0.027314886
0.10400000000000001 -0.0008967278999999999 0.09492697 0.04373207 0.02884155 -0.004456967 0.10945654 0.034263335 0.03509547
0.1045 0.003115461 0.1176701 0.05515523 0.03726659 2.8811395e-05 0.13134897 0.046928987 0.042664237
0.105 0.007031526999999999 0.1403877 0.06660326 0.04533323 0.004398316 0.15304153 0.05955118 0.05003096
0.1055 0.01091859 0.1630264 0.07812410000000002 0.0531404 0.008667611 0.17453207 0.072121084 0.057203367
0.106 0.01480548 0.1855376 0.08969852 0.06072443 0.012846865 0.19581448 0.08463126 0.06418808
0.1065 0.01868723 0.2078765 0.10129439999999999 0.06808154 0.016943 0.21688059 0.09707496 0.0709911
0.107 0.02255614 0.2300015 0.1128987 0.07521766 0.020961247 0.23772198 0.10944632 0.07761814
0.1075 0.02642019 0.2518752 0.12450119999999999 0.08215839999999999 0.02490583 0.25832957 0.12173976 0.084074646
0.10800000000000001 0.03027984 0.2734665 0.1360905 0.08891471 0.0287804 0.27869508 0.13395056 0.09036608
0.1085 0.03413009 0.29474229999999996 0.1476539 0.09549206 0.03258826 0.29881048 0.14607424 0.09649758
0.109 0.03796465 0.31489809999999996 0.1591644 0.1018928 0.036332443 0.31866834 0.15810658 0.102474436
0.1095 0.0417781 0.33421059999999997 0.17059620000000003 0.108122 0.040015794 0.33826187 0.17004369 0.10830164
0.11 0.04556702 0.35312659999999996 0.18195260000000002 0.11418589999999999 0.043641187 0.35758513 0.18188214 0.11398427
0.1105 0.04932908 0.3718633 0.1932398 0.1200895 0.047211163 0.37663254 0.19361852 0.11952716
0.111 0.05306279 0.39050429999999997 0.20446040000000001 0.1258378 0.05072827 0.39539924 0.2052496 0.124935135
0.1115 0.05676717 0.4090598 0.21561329999999998 0.1314358 0.054194964 0.41388127 0.21677221 0.13021289
0.11199999999999999 0.06044165 0.42750340000000003 0.2266947 0.13688870000000003 0.05761356 0.43207508 0.2281842 0.13536493
0.1125 0.06408584 0.44579359999999996 0.2376994 0.1421976 0.060986273 0.44997773 0.23948252 0.14039569
0.113 0.06769939 0.4638859 0.2486219 0.1473638 0.06431519 0.46758708 0.25066495 0.1453094
0.1135 0.07128201 0.48173900000000003 0.2594575 0.152401 0.06760239 0.48490152 0.26172927 0.15011027
0.114 0.07483355 0.4993184 0.27020120000000003 0.15731489999999998 0.070849724 0.50192 0.27267343 0.1548023
0.1145 0.07835392 0.5165962000000001 0.2808488 0.16210970000000002 0.07405899 0.5186416 0.28349566 0.1593893
0.115 0.08184136 0.5335517 0.2913963 0.16678710000000002 0.07723188 0.53506625 0.2941941 0.16387497
0.1155 0.08527853 0.550168 0.3018369 0.17133900000000002 0.08036991 0.55119455 0.30476737 0.16826288
0.11599999999999999 0.08867512 0.5664352 0.3121692 0.17578039999999998 0.08347463 0.5670274 0.315214 0.17255639
0.1165 0.09204577 0.5823488 0.3223937 0.1801205 0.08654729 0.5825654 0.32553288 0.1767589
0.11699999999999999 0.09539416 0.5979088 0.3325092 0.1843634 0.089589275 0.59781057 0.335723 0.18087347
0.1175 0.09870711 0.6131165 0.34250890000000006 0.1884679 0.092601635 0.61276484 0.34578356 0.1849031
0.11800000000000001 0.1019618 0.6279745 0.3523839 0.1924284 0.09558544 0.6274302 0.3557136 0.18885066
0.1185 0.1051808 0.6424906 0.3621433 0.196304 0.098541684 0.641809 0.3655128 0.192719
0.11900000000000001 0.1083802 0.6566736 0.3717924 0.20011320000000002 0.10147121 0.6559045 0.3751806 0.19651057
0.1195 0.11156289999999999 0.6705327 0.38133140000000004 0.2038583 0.10437479 0.66971946 0.38471675 0.20022799
0.12 0.1147258 0.684077 0.3907587 0.2075384 0.10725307 0.683257 0.39412102 0.2038735
0.1205 0.11786500000000001 0.6973153 0.40007259999999994 0.21115250000000002 0.110106744 0.69652057 0.40339333 0.20744954
0.121 0.1209769 0.7102563000000001 0.4092719 0.2146998 0.11293631 0.70951355 0.41253382 0.2109582
0.1215 0.12405919999999998 0.7229083000000001 0.4183558 0.2181803 0.115742244 0.72224015 0.42154264 0.2144015
0.122 0.1271103 0.7352791999999999 0.42732380000000003 0.2215942 0.11852496 0.73470366 0.43042028 0.21778159
0.1225 0.1301113 0.747375 0.43617120000000004 0.22484 0.121284746 0.7469085 0.4391667 0.22110005
0.12300000000000001 0.13303679999999998 0.7592018 0.4448932 0.22777399999999998 0.124021925 0.75885814 0.4477829 0.22435884
0.1235 0.13591860000000003 0.7707682 0.4534978 0.2307011 0.1267367 0.77055746 0.456269 0.22755952
0.124 0.13878529999999997 0.7820823 0.4619907999999999 0.23365450000000001 0.12942922 0.78201 0.4646262 0.23070385
0.1245 0.14164279999999999 0.7931517 0.4703738 0.2366194 0.13209969 0.79322034 0.47285473 0.23379324
0.125 0.1444868 0.8039831999999999 0.47864639999999997 0.2395779 0.1347481 0.80419236 0.48095578 0.23682915
0.1255 0.1473104 0.8145832 0.48680790000000007 0.24235370000000003 0.13737455 0.81493086 0.48892984 0.23981304
0.126 0.15010739999999997 0.8249575000000001 0.49485779999999996 0.2449526 0.13997906 0.82544 0.49677846 0.24274616
0.1265 0.1528743 0.8351111999999999 0.5027952 0.2475938 0.14256155 0.8357239 0.5045024 0.24562977
0.127 0.1556091 0.8450484 0.5106181 0.25026950000000003 0.14512208 0.8457866 0.5121026 0.2484649
0.1275 0.1583128 0.8547752000000001 0.5183300999999999 0.2529656 0.14766046 0.85563326 0.5195802 0.25125295
0.128 0.1609854 0.8642965 0.5259334 0.25542570000000003 0.15017673 0.86526704 0.52693653 0.25399494
0.1285 0.1636157 0.8736169 0.5334277 0.25778490000000004 0.15267068 0.87469304 0.5341726 0.25669175
0.129 0.1661922 0.8827248 0.5400835 0.2601951 0.15514225 0.8839152 0.54129034 0.25934446
0.1295 0.1687342 0.8915924999999999 0.5462477 0.26265040000000006 0.15759122 0.89293754 0.54829025 0.26195395
0.13 0.1712546 0.9002445 0.5527054 0.2651285 0.16001758 0.90176475 0.555174 0.26452112
0.1305 0.1737398 0.908709 0.5594744 0.267588 0.1624211 0.91040003 0.56194276 0.26704687
0.131 0.1761779 0.9170046999999999 0.5664168 0.2699958 0.1648016 0.91884804 0.56859833 0.26953197
0.1315 0.1785865 0.9251446 0.5733968 0.2723733 0.16715896 0.9271127 0.5751421 0.27197725
0.132 0.1809572 0.9331063 0.5793133 0.2747407 0.16949302 0.9351977 0.5815747 0.2743835
0.1325 0.1832937 0.940868 0.5850241999999999 0.27709559999999994 0.17180362 0.9431069 0.58789843 0.27675122
0.133 0.18559779999999998 0.9484553 0.5911094 0.279401 0.17409062 0.9508444 0.5941143 0.27908128
0.1335 0.18786989999999998 0.9558958000000001 0.5975139 0.2816585 0.17635375 0.95841366 0.6002241 0.28137428
0.134 0.1901309 0.9632076999999999 0.6040835999999999 0.2838928 0.17859304 0.96581864 0.60622925 0.2836309
0.1345 0.19238239999999998 0.9703993000000001 0.6106897 0.2861073 0.18080828 0.9730631 0.61213106 0.28585166
0.135 0.1946254 0.9774732 0.617247 0.28829899999999997 0.18299931 0.9801501 0.6179308 0.28803736
0.1355 0.1968558 0.9844287 0.6237064999999999 0.2904639 0.18516603 0.9870833 0.6236309 0.29018837
0.136 0.1990424 0.9912627 0.6300021 0.2925767 0.18730834 0.9938663 0.62923205 0.29230535
0.1365 0.20118370000000002 0.9979688 0.6361405 0.2946355 0.18942603 1.0005022 0.6347357 0.29438877
0.13699999999999998 0.20330820000000002 1.004548 0.6421636 0.29666420000000004 0.19151917 1.0069945 0.64014363 0.29643923
0.1375 0.20542249999999998 1.011002 0.64808 0.29866859999999995 0.19358754 1.0133464 0.64545757 0.29845703
0.138 0.207524 1.017332 0.6538889 0.3006479 0.19563118 1.0195613 0.6506785 0.300443
0.1385 0.209608 1.023541 0.6595896 0.3026 0.19764987 1.0256419 0.65580803 0.30239725
0.139 0.2116695 1.029628 0.6651831 0.30452340000000006 0.19964382 1.0315914 0.6608481 0.30432063
0.1395 0.21370509999999998 1.0355940000000001 0.6706709 0.3064052 0.20161265 1.0374126 0.66579944 0.30621326
0.14 0.21570799999999998 1.041436 0.6760524 0.3082212 0.20355663 1.0431086 0.6706638 0.3080758
0.1405 0.21767929999999996 1.04716 0.6813334 0.3100011 0.20547563 1.0486823 0.6754428 0.30990863
0.141 0.21962489999999998 1.05277 0.6865203000000001 0.31175949999999997 0.20736963 1.0541364 0.680138 0.3117122
0.1415 0.2215323 1.058268 0.6916140000000001 0.3134716 0.20923868 1.0594739 0.68475026 0.3134868
0.142 0.2233906 1.063658 0.6966131999999999 0.3151323 0.21108279 1.0646968 0.68928134 0.3152331
0.1425 0.2252246 1.06894 0.701526 0.3167737 0.21290195 1.0698081 0.69373286 0.31695127
0.14300000000000002 0.2270471 1.0741180000000001 0.7063581 0.3184033 0.21469635 1.0748109 0.6981056 0.31864172
0.1435 0.2288598 1.079193 0.7111118000000001 0.3200206 0.21646589 1.0797065 0.70240164 0.3203051
0.14400000000000002 0.2306601 1.084167 0.7157882 0.32162290000000004 0.21821076 1.0844979 0.70662147 0.32194144
0.1445 0.2324322 1.089043 0.720388 0.32320679999999996 0.21993095 1.0891882 0.7107672 0.32355136
0.145 0.23392889999999997 1.0938219999999998 0.7249114999999999 0.3247708 0.22162661 1.0937792 0.71483994 0.32513517
0.1455 0.23538720000000002 1.098507 0.7293593 0.3263138 0.22329786 1.0982726 0.7188407 0.32669324
0.146 0.23694189999999998 1.1031 0.7337333 0.32783540000000005 0.22494471 1.1026708 0.722771 0.3282259
0.1465 0.238585 1.107602 0.7380356 0.3293353 0.22656745 1.1069766 0.72663224 0.3297336
0.147 0.24027939999999998 1.112016 0.7422675 0.33081320000000003 0.2281661 1.111192 0.7304254 0.3312167
0.1475 0.2419922 1.116343 0.7464301 0.3322691 0.22974083 1.1153183 0.73415196 0.3326754
0.14800000000000002 0.24370050000000001 1.120585 0.7505244000000001 0.3337029 0.23129174 1.1193585 0.737813 0.33411014
0.1485 0.2453739 1.124741 0.7545476 0.33508499999999997 0.23281908 1.1233137 0.7414095 0.3355214
0.149 0.2469939 1.128807 0.7584949000000001 0.33641340000000003 0.234323 1.1271864 0.7449429 0.3369093
0.1495 0.2485842 1.13279 0.7623744 0.33772340000000006 0.23580366 1.1309785 0.7484146 0.3382743
0.15 0.250158 1.136695 0.7661923 0.3390249 0.2242321 1.1232091 0.74435693 0.33077824
0.1505 0.2387842 1.128663 0.7533744000000001 0.32234559999999995 0.22214842 1.1458726 0.7579255 0.31099063
0.151 0.22506529999999997 1.115273 0.7390449 0.3076138 0.2185494 1.1322451 0.747039 0.3002292
0.1515 0.2162111 1.099128 0.7276935999999999 0.2968103 0.21229291 1.1143041 0.73618484 0.29143292
0.152 0.2106172 1.0814709999999998 0.7182848000000001 0.28747259999999997 0.20652834 1.094297 0.7249687 0.28240335
0.1525 0.2066407 1.062916 0.7097524000000001 0.2787757 0.20164526 1.0737865 0.71382433 0.27401382
0.153 0.20340070000000002 1.043799 0.7015228 0.27048779999999994 0.19745865 1.0530683 0.7029096 0.2661599
0.1535 0.20048770000000002 1.0243309999999999 0.6933411999999999 0.2625355 0.19378936 1.0323212 0.69226307 0.25874752
0.154 0.1977203 1.004658 0.6851089 0.254887 0.19049746 1.0116256 0.68186605 0.2517019
0.1545 0.1950191 0.984891 0.6767958000000001 0.2475223 0.18748441 0.9910364 0.6716877 0.2449617
0.155 0.1923493 0.9651185999999999 0.6683998000000001 0.24042529999999998 0.18468511 0.9706094 0.66170734 0.23848237
0.1555 0.18969570000000002 0.9454119000000001 0.6599292 0.2335817 0.18205678 0.95040154 0.65191007 0.23223324
0.156 0.18704179999999998 0.9258277 0.6513778 0.2269717 0.17957056 0.93046415 0.642287 0.22619252
0.1565 0.18436870000000002 0.9064094000000001 0.642736 0.22057870000000002 0.1772058 0.91084164 0.63283247 0.22034495
0.157 0.1817021 0.8871962 0.6340585999999999 0.2144051 0.17494693 0.8915712 0.6235402 0.21467881
0.1575 0.17903 0.8682197 0.6253354999999999 0.20843989999999998 0.1727815 0.8726821 0.61440605 0.20918448
0.158 0.17637550000000002 0.8495055 0.6166149000000001 0.2026734 0.170699 0.8541964 0.6054261 0.2038541
0.1585 0.1737481 0.8310746999999999 0.6079161999999999 0.1970964 0.16869009 0.8361299 0.59659576 0.19868074
0.159 0.1711444 0.8129436 0.59924 0.1916997 0.16674608 0.818492 0.5879117 0.19365759
0.1595 0.1685593 0.7951239 0.5905851 0.1864741 0.16485834 0.80128646 0.5793693 0.18877871
0.16 0.1659889 0.7776234999999999 0.5819521 0.1814115 0.16301775 0.78451085 0.57096463 0.18403761
0.1605 0.163431 0.7604478 0.5733439 0.1765039 0.16121462 0.7681574 0.56269264 0.17942809
0.161 0.1608845 0.7435997 0.5647643 0.1717441 0.15943787 0.7522125 0.5545485 0.1749437
0.1615 0.1583493 0.7270804 0.5562180999999999 0.1671253 0.15767494 0.7366555 0.54652613 0.17057754
0.162 0.1558258 0.7108897 0.54771 0.1626412 0.1559119 0.7214613 0.5386189 0.16632265
0.1625 0.1533145 0.6950261 0.5392448000000001 0.1582858 0.15413332 0.7065989 0.53081876 0.16217192
0.163 0.1508161 0.6794872 0.530827 0.15405329999999998 0.15232283 0.6920338 0.5231171 0.15811808
0.1635 0.1483313 0.6642698 0.5224607 0.1499386 0.15046379 0.67772794 0.5155043 0.15415457
0.16399999999999998 0.14586079999999998 0.6493701999999999 0.5141498 0.14593670000000003 0.14854005 0.6636431 0.50796986 0.15027484
0.1645 0.1434054 0.634784 0.5058978 0.1420428 0.14653713 0.6497418 0.5005035 0.14647374
0.165 0.1409655 0.6205065 0.497708 0.1382526 0.14444298 0.63598925 0.49309412 0.14274679
0.1655 0.1385418 0.6065328000000001 0.4895831 0.13456179999999998 0.14224914 0.62235683 0.4857318 0.13909113
0.166 0.13613470000000003 0.5928576 0.481526 0.13096649999999999 0.13995126 0.6088226 0.4784074 0.13550496
0.1665 0.13374470000000002 0.5794755 0.4735388 0.1274629 0.13754934 0.595373 0.471113 0.13198763
0.16699999999999998 0.13137220000000002 0.5663809 0.46562380000000003 0.12404749999999999 0.13504824 0.582003 0.46384272 0.1285398
0.1675 0.12901769999999999 0.5535683000000001 0.45778279999999993 0.120717 0.13245657 0.56871665 0.45659232 0.12516245
0.168 0.1266813 0.5410321 0.45001759999999996 0.117468 0.12978676 0.55552566 0.4493599 0.12185712
0.1685 0.1243635 0.5287664000000001 0.44232970000000005 0.1142978 0.12705368 0.5424483 0.44214517 0.118624926
0.16899999999999998 0.1220646 0.5167657 0.43472040000000006 0.11120319999999999 0.12427386 0.5295068 0.43494973 0.115467
0.1695 0.1197847 0.5050243 0.427191 0.1081818 0.121464424 0.51672715 0.42777678 0.112383395
0.17 0.11752409999999999 0.4935367 0.4197424 0.1052307 0.118642084 0.50413513 0.4206305 0.109373495
0.1705 0.115283 0.4822973 0.41237570000000007 0.1023477 0.11582252 0.49175653 0.41351566 0.106435984
0.171 0.1130616 0.4713007000000001 0.4050915 0.09953039 0.11301973 0.47961405 0.40643775 0.103568524
0.1715 0.11086010000000002 0.46054140000000005 0.39789050000000004 0.09677648 0.11024567 0.46772763 0.39940235 0.10076846
0.172 0.10867850000000001 0.4500142 0.3907733 0.0940839 0.10751011 0.45611277 0.3924149 0.098032475
0.1725 0.1065171 0.4397139 0.3837403 0.09145062 0.10482053 0.44478166 0.38548052 0.09535709
0.17300000000000001 0.10437590000000001 0.4296354 0.3767919 0.08887472 0.102182515 0.43374184 0.37860394 0.09273878
0.1735 0.102255 0.4197737 0.3699283 0.08635436 0.09959962 0.42299727 0.37178963 0.090174004
0.174 0.10015460000000001 0.41012380000000004 0.3631497 0.08388779 0.09707389 0.4125485 0.3650414 0.08765952
0.1745 0.09807456 0.400681 0.3564562 0.08147333 0.094606064 0.4023936 0.35836297 0.08519234
0.175 0.09601506 0.39144059999999997 0.3498478 0.07910938 0.09219577 0.39252776 0.35175735 0.08276977
0.1755 0.09397612 0.382398 0.3433245 0.07679441 0.089841865 0.38294506 0.34522745 0.08038947
0.17600000000000002 0.09195775 0.3735487 0.33688609999999997 0.07452696 0.087542646 0.37363774 0.33877558 0.07804945
0.1765 0.08995996 0.3648882 0.3305325 0.07230562 0.08529601 0.36459747 0.3324039 0.075748056
0.177 0.08798277 0.3564124 0.32426350000000004 0.07012905 0.08309967 0.35581502 0.3261144 0.073483825
0.1775 0.08602615 0.3481169 0.31807870000000005 0.06799597 0.08095121 0.34728143 0.31990862 0.0712558
0.17800000000000002 0.08409009 0.3399978 0.31197779999999997 0.06590513 0.078848116 0.33898684 0.3137879 0.06906293
0.1785 0.08217457 0.3320509 0.3059605 0.06385536 0.07678809 0.33092234 0.30775344 0.06690468
0.179 0.08027953 0.32427249999999996 0.30002629999999997 0.06184552 0.07476879 0.32307857 0.30180597 0.064780265
0.1795 0.07840495 0.31665859999999996 0.2941747 0.05987452 0.07278801 0.31544685 0.29594624 0.06268944
0.18 0.07655076 0.30920559999999997 0.28840540000000003 0.0579413 0.07084375 0.3080186 0.29017448 0.060631707
0.1805 0.0747169 0.3019097 0.2827176 0.05604487 0.06893412 0.30078563 0.28449097 0.058606803
0.18100000000000002 0.07290331 0.2947676 0.277111 0.05418424 0.06705729 0.29374033 0.27889574 0.05661446
0.1815 0.07110989 0.28777559999999996 0.2715849 0.05235849 0.06521166 0.28687513 0.2733884 0.05465445
0.182 0.06933659 0.28093049999999997 0.2661386 0.05056672 0.06339576 0.2801831 0.26796857 0.052726597
0.1825 0.06758329 0.2742288 0.2607715 0.04880806 0.061608203 0.2736575 0.26263565 0.050830618
0.183 0.06584992 0.2676675 0.255483 0.04708168 0.05984766 0.2672919 0.25738886 0.04896632
0.1835 0.06413636 0.2612433 0.2502724 0.04538677 0.05811303 0.2610801 0.25222725 0.047133446
0.184 0.06244251 0.2549531 0.245139 0.04372256 0.056403257 0.2550164 0.24714965 0.045331836
0.1845 0.06076827 0.24879400000000002 0.24008200000000002 0.0420883 0.05471743 0.24909508 0.24215505 0.043561146
0.185 0.05911351 0.24276309999999998 0.2351007 0.04048326 0.05305458 0.2433106 0.2372419 0.041821204
0.1855 0.05747812 0.2368574 0.2301944 0.03890675 0.05141399 0.23765808 0.23240896 0.04011175
0.18600000000000003 0.05586198 0.23107429999999998 0.22536230000000002 0.0373581 0.04979495 0.23213235 0.22765468 0.03843245
0.1865 0.05426495 0.2254109 0.2206037 0.03583665 0.04819683 0.22672859 0.22297752 0.0367831
0.187 0.0526869 0.21986460000000002 0.2159176 0.03434176 0.04661908 0.22144198 0.21837586 0.035163343
0.1875 0.05112771 0.2144328 0.2113034 0.03287284 0.045061223 0.21626839 0.21384807 0.033572987
0.188 0.04958723 0.20911300000000002 0.2067603 0.03142929 0.043522857 0.21120313 0.20939252 0.032011606
0.1885 0.04806532 0.2039027 0.20228729999999998 0.03001054 0.042003565 0.20624216 0.2050076 0.030478954
0.18899999999999997 0.04656185 0.1987995 0.1978838 0.02861604 0.040503107 0.20138137 0.20069161 0.028974786
0.1895 0.04507666 0.193801 0.1935489 0.02724524 0.03902118 0.19661698 0.19644304 0.027498655
0.19 0.04360961 0.1889049 0.1892818 0.02589764 0.03755755 0.19194536 0.19226022 0.026050262
0.1905 0.04216055 0.184109 0.1850816 0.02457271 0.03611204 0.18736269 0.18814163 0.02462928
0.191 0.04072933 0.179411 0.18094749999999998 0.02326999 0.034684516 0.18286571 0.18408589 0.023235321
0.1915 0.039315800000000005 0.1748089 0.17687879999999997 0.02198899 0.033274844 0.17845125 0.18009146 0.021867983
0.192 0.03791979 0.17030050000000002 0.1728745 0.02072925 0.03188286 0.17411624 0.17615703 0.020526908
0.1925 0.03654116 0.1658838 0.1689338 0.01949032 0.030508488 0.16985779 0.17228137 0.019211613
0.193 0.03517974 0.1615568 0.165056 0.01827178 0.02915167 0.16567326 0.16846313 0.017921723
0.1935 0.03383539 0.1573175 0.1612401 0.01707319 0.02781228 0.1615601 0.16470133 0.016656741
0.19399999999999998 0.03250793 0.15316400000000002 0.1574854 0.01589415 0.026490234 0.157516 0.1609949 0.01541622
0.1945 0.03119722 0.1490944 0.15379110000000001 0.01473427 0.025185466 0.15353882 0.15734279 0.014199704
0.195 0.02990308 0.14510699999999999 0.15015620000000002 0.01359315 0.023897901 0.14962655 0.15374415 0.01300665
0.1955 0.02862536 0.1412 0.14658010000000002 0.01247042 0.022627443 0.14577742 0.1501982 0.0118365735
0.196 0.0273639 0.13737149999999998 0.1430618 0.011365700000000001 0.021373972 0.1419898 0.1467041 0.010688953
0.1965 0.02611853 0.13362000000000002 0.13960060000000002 0.01027866 0.020137459 0.13826217 0.14326128 0.009563208
0.19699999999999998 0.02488909 0.1299437 0.1361957 0.009208926 0.018917754 0.13459316 0.13986899 0.008458875
0.1975 0.02367541 0.1263411 0.1328463 0.008156174 0.017714791 0.1309816 0.13652669 0.007375367
0.198 0.02247735 0.1228105 0.1295515 0.007120073 0.016528487 0.12742637 0.1332339 0.006312169
0.1985 0.02129472 0.1193504 0.1263107 0.006100301 0.015358686 0.123926535 0.12999015 0.0052686557
0.19899999999999998 0.02012738 0.1159593 0.123123 0.0050965459999999995 0.014205314 0.12048124 0.12679489 0.004244335
0.1995 0.01897515 0.11263569999999999 0.1199876 0.0041085029999999995 0.013068289 0.11708976 0.12364775 0.0032386184
0.2 0.01783788 0.1093782 0.1169037 0.0031358759999999997 0.012776695 0.088580966 0.114688516 -0.0013926327
0.2005 0.029655900000000002 0.11804780000000001 0.13044719999999999 0.02016119 0.029601097 0.11811799 0.12027094 0.021642782
0.201 0.04377543 0.13206629999999997 0.1454748 0.03521445 0.036172673 0.14172772 0.13096969 0.032929666
0.2015 0.05297767 0.14883 0.1575011 0.04631031 0.04316584 0.16435559 0.14152184 0.041645452
0.20199999999999999 0.05891278 0.1670949 0.1675789 0.05593463 0.049272634 0.18622155 0.15228942 0.049871624
0.2025 0.06322924 0.18624770000000002 0.1767753 0.06490058 0.054744326 0.20746435 0.16315097 0.057733476
0.203 0.06681634 0.20595229999999998 0.1856638 0.07345762 0.059816472 0.22824913 0.17403859 0.0653383
0.2035 0.07009026 0.22599829999999999 0.1944999 0.08168922 0.064635836 0.24868003 0.18492618 0.0727388
0.204 0.07323036 0.2462386 0.2033811 0.08962682 0.069285475 0.26881465 0.19579762 0.07996349
0.2045 0.07631055 0.26656209999999997 0.2123359 0.0972784 0.07381057 0.2886817 0.20664053 0.08702777
0.205 0.07936024 0.28688109999999994 0.221365 0.10466600000000001 0.0782352 0.30829436 0.21744409 0.093939796
0.2055 0.08239073 0.30712470000000003 0.23045929999999998 0.11180599999999999 0.082572065 0.3276571 0.22819932 0.10070406
0.20600000000000002 0.08540622 0.32723520000000006 0.2396062 0.1187094 0.08682779 0.34677044 0.23889777 0.10732323
0.2065 0.08840831 0.34716620000000004 0.24879339999999997 0.1253864 0.091005646 0.36563206 0.24953228 0.113799095
0.207 0.09139741 0.3668798 0.2580088 0.1318468 0.0951075 0.38423887 0.26009676 0.12013315
0.2075 0.09437326 0.3863459 0.2672414 0.1380033 0.099134184 0.40258712 0.27058512 0.12632674
0.20800000000000002 0.09733541 0.4055402 0.2764811 0.1438889 0.10308636 0.42067328 0.2809924 0.13238144
0.2085 0.1002835 0.42444399999999993 0.2857185 0.1496259 0.106964506 0.43849364 0.29131398 0.13829897
0.209 0.10321430000000001 0.44304259999999995 0.2949452 0.1551396 0.11076925 0.45604488 0.3015454 0.14408116
0.2095 0.1061119 0.46132510000000004 0.3041517 0.16039360000000003 0.114501156 0.47332403 0.31168258 0.1497301
0.21 0.1089876 0.47928329999999997 0.3133316 0.1655482 0.118161075 0.4903284 0.3217221 0.15524791
0.2105 0.1118529 0.4969119000000001 0.32248000000000004 0.1706041 0.121749856 0.5070559 0.33166063 0.16063702
0.21100000000000002 0.11470930000000001 0.5142076 0.3315913 0.17555120000000002 0.12526858 0.52350456 0.34149474 0.16589986
0.2115 0.1175545 0.531169 0.34066 0.1803968 0.12871823 0.53967327 0.35122195 0.17103897
0.212 0.1203866 0.5477963 0.34968109999999997 0.18513870000000002 0.1321001 0.55556095 0.36083975 0.17605694
0.2125 0.12320360000000001 0.5640908 0.3586498 0.1897723 0.13541538 0.5711669 0.37034568 0.18095653
0.213 0.1260038 0.5800539000000001 0.3675618 0.1940916 0.13866535 0.5864914 0.37973744 0.18574037
0.2135 0.1287852 0.5956887 0.37641290000000005 0.19828900000000002 0.1418514 0.6015347 0.3890136 0.19041117
0.214 0.1315458 0.6109964 0.38495300000000005 0.202429 0.14497477 0.6162972 0.3981725 0.1949716
0.2145 0.1342632 0.6259279999999999 0.3920546 0.2065069 0.1480369 0.63078034 0.4072127 0.19942437
0.215 0.13694379999999998 0.6404781999999999 0.3992658 0.2105192 0.15103912 0.644985 0.41613302 0.20377226
0.2155 0.1396057 0.6546903000000001 0.4070526 0.21446120000000002 0.15398279 0.65891325 0.42493242 0.2080179
0.21600000000000003 0.1422402 0.6686005 0.41529390000000005 0.21830479999999997 0.15686926 0.6725673 0.4336103 0.21216382
0.2165 0.1448395 0.6822305999999999 0.4237869000000001 0.22203739999999997 0.15969989 0.68594897 0.44216594 0.21621267
0.217 0.1474027 0.695593 0.4323741 0.2256519 0.16247591 0.6990614 0.45059922 0.22016706
0.2175 0.1499443 0.7086965999999999 0.4409559 0.2291866 0.16519874 0.7119068 0.4589096 0.22402929
0.218 0.15248499999999998 0.721546 0.44947550000000003 0.23266079999999997 0.16786948 0.7244886 0.46709707 0.22780202
0.2185 0.15501800000000002 0.7341423 0.4578985 0.23605789999999996 0.17048952 0.7368099 0.47516176 0.23148753
0.21899999999999997 0.1575219 0.7464859 0.466203 0.2393611 0.17305994 0.748874 0.48310387 0.23508818
0.2195 0.1600115 0.7585791000000001 0.47438549999999996 0.24259989999999998 0.17558196 0.76068443 0.49092355 0.23860626
0.22 0.1624958 0.7704247 0.4824476 0.24578379999999997 0.17805678 0.77224493 0.4986216 0.24204384
0.2205 0.1649733 0.7820251 0.4903911 0.2489127 0.18048537 0.78355974 0.5061986 0.24540336
0.221 0.167439 0.7933836 0.4982184 0.2519848 0.1828689 0.794632 0.51365507 0.24868678
0.2215 0.16988820000000002 0.8045034000000001 0.5059322 0.2549987 0.18520835 0.8054663 0.52099186 0.25189614
0.222 0.1723142 0.8153881 0.5135295 0.2579505 0.18750477 0.81606615 0.5282096 0.25503343
0.2225 0.1746865 0.8260400999999999 0.5209734 0.260814 0.18975914 0.82643604 0.53530955 0.25810063
0.223 0.1770255 0.8364625 0.5283079 0.2636079 0.19197237 0.8365803 0.5422926 0.2610997
0.2235 0.1793506 0.8466609 0.5355589 0.2663498 0.19414547 0.84650266 0.54916 0.2640323
0.22399999999999998 0.18166429999999997 0.8566411 0.5427281999999999 0.26904320000000004 0.19627914 0.85620785 0.5559128 0.26690018
0.2245 0.1839608 0.8664043 0.5498097 0.2716642 0.19837445 0.86569977 0.56255233 0.2697054
0.225 0.18623220000000001 0.8759556000000001 0.5567976 0.2742123 0.20043203 0.87498254 0.56907964 0.27244925
0.2255 0.18848 0.8853029 0.5636926999999999 0.2767134 0.20245284 0.88406074 0.57549614 0.27513355
0.226 0.190707 0.8944523000000001 0.5704961 0.279175 0.20443758 0.89293826 0.5818038 0.2777598
0.2265 0.1929136 0.9034091000000001 0.5772078 0.28159709999999993 0.20638704 0.90161943 0.5880028 0.28032959
0.22699999999999998 0.19509920000000003 0.9121776 0.5838278 0.283979 0.2083019 0.9101087 0.5940953 0.28284436
0.2275 0.197249 0.9207620999999999 0.5903533000000001 0.28629540000000003 0.21018296 0.9184097 0.6000828 0.28530556
0.228 0.1993502 0.9291658000000002 0.5967806999999999 0.28854050000000003 0.21203077 0.9265267 0.6059666 0.28771466
0.2285 0.2014269 0.9373925 0.6031164000000001 0.29074690000000003 0.21384609 0.9344639 0.61174834 0.29007274
0.22899999999999998 0.20349160000000002 0.9454461999999999 0.6093645000000001 0.29292340000000006 0.21562955 0.94222516 0.61742914 0.29238135
0.2295 0.2053556 0.9533306999999999 0.6155261 0.29507 0.21738178 0.9498143 0.623011 0.29464173
0.23 0.2071294 0.9610498 0.6216005 0.29718520000000004 0.2191033 0.9572356 0.6284952 0.2968551
0.2305 0.2089811 0.9686073000000001 0.6275884 0.2992677 0.22079486 0.9644923 0.633883 0.29902256
0.231 0.2109154 0.9760068000000001 0.6334908 0.301316 0.22245684 0.9715886 0.63917613 0.30114526
0.2315 0.2129 0.9832519000000001 0.6393083 0.30332929999999997 0.22408995 0.97852814 0.6443765 0.3032245
0.23199999999999998 0.2149038 0.990346 0.6450415 0.30530830000000003 0.22569469 0.9853145 0.6494852 0.3052612
0.2325 0.2169044 0.9972926 0.650691 0.3072534 0.22727147 0.991951 0.65450394 0.3072564
0.233 0.2188884 1.0040950000000002 0.6562574000000001 0.3091649 0.22882098 0.9984416 0.65943396 0.30921108
0.2335 0.22084789999999999 1.010756 0.6617414 0.31104309999999996 0.23034364 1.0047895 0.6642772 0.31112647
0.23399999999999999 0.2227706 1.017275 0.667141 0.31287209999999993 0.23183995 1.0109981 0.6690348 0.3130033
0.2345 0.22463360000000002 1.023651 0.6724504 0.3146291 0.23331034 1.0170707 0.67370844 0.31484258
0.235 0.2264596 1.029893 0.6776765 0.3163515 0.23475528 1.0230105 0.6782995 0.31664526
0.2355 0.2282674 1.036007 0.6828257 0.318054 0.23617527 1.0288208 0.6828095 0.31841213
0.23600000000000002 0.23006149999999997 1.0419969999999998 0.6879003 0.31973809999999997 0.23757076 1.0345042 0.6872398 0.32014406
0.2365 0.23184029999999997 1.047866 0.6929005 0.32140240000000003 0.2389422 1.0400643 0.6915921 0.3218419
0.237 0.2336009 1.053617 0.6978265 0.3230446 0.2402899 1.045504 0.69586736 0.32350636
0.2375 0.2353404 1.059252 0.702678 0.3246625 0.24161431 1.0508257 0.7000676 0.3251384
0.23800000000000002 0.2370536 1.064771 0.7074541999999999 0.32624440000000005 0.2429159 1.0560329 0.7041936 0.3267386
0.2385 0.23868379999999997 1.07017 0.7120969 0.3277319 0.24419504 1.0611279 0.7082467 0.3283078
0.239 0.2402554 1.075448 0.7166329 0.3291786 0.24545208 1.0661136 0.7122291 0.32984662
0.2395 0.2418254 1.080616 0.7211215 0.330606 0.24668753 1.0709922 0.71614105 0.33135593
0.24 0.2434058 1.0856780000000001 0.7255701999999999 0.3320301 0.24790159 1.0757667 0.71998453 0.3328361
0.2405 0.2449913 1.09064 0.7299719 0.333451 0.2490947 1.0804394 0.7237607 0.33428806
0.24100000000000002 0.2465732 1.095505 0.7343183000000001 0.33486459999999996 0.25026715 1.0850132 0.7274707 0.33571237
0.2415 0.24812820000000002 1.100274 0.7385757 0.3362662 0.2514194 1.0894899 0.7311161 0.33710957
0.242 0.2496351 1.104948 0.7427234 0.33765120000000004 0.25255176 1.0938725 0.73469776 0.3384804
0.2425 0.2511286 1.1095270000000002 0.7468201999999999 0.33901970000000003 0.25366458 1.0981624 0.7382168 0.3398254
0.243 0.25261880000000003 1.114015 0.7508771 0.3403716 0.2547582 1.1023624 0.741675 0.34114504
0.2435 0.25410340000000003 1.118416 0.7548884 0.34170609999999996 0.2558329 1.1064743 0.7450731 0.34243977
0.244 0.2555622 1.12273 0.7588456 0.3430144 0.25688902 1.1105003 0.74841183 0.34371054
0.2445 0.2569868 1.12696 0.7627423000000001 0.3442963 0.2579269 1.1144428 0.75169325 0.34495753
0.245 0.2583961 1.131108 0.7665783 0.3455594 0.25894675 1.1183034 0.75491816 0.34618133
0.2455 0.2597977 1.135174 0.7703535 0.3468058 0.259949 1.1220839 0.75808734 0.34738255
0.24600000000000002 0.261191 1.139158 0.7740678000000001 0.3480187 0.26093388 1.1257875 0.7612021 0.34856147
0.2465 0.2625721 1.143059 0.777721 0.3492026 0.26190177 1.129414 0.7642634 0.34971887
0.247 0.2639388 1.146882 0.7813137 0.3503697 0.26285288 1.132966 0.76727206 0.35085493
0.2475 0.2652897 1.1506299999999998 0.7848407 0.35152150000000004 0.26378745 1.136446 0.77022976 0.3519702
0.248 0.2666231 1.154298 0.7881994000000001 0.3526435 0.26470587 1.1398556 0.77313685 0.35306507
0.2485 0.2679377 1.157883 0.7913719 0.35374970000000006 0.2656084 1.1431949 0.7759946 0.35414004
0.249 0.26923359999999996 1.161386 0.7944281999999999 0.35484629999999995 0.26649523 1.1464672 0.77880377 0.35519552
0.2495 0.27051179999999997 1.164807 0.7974288 0.355933 0.26736677 1.1496738 0.78156567 0.35623187
0.25 0.2717726 1.168152 0.8004094 0.35700859999999995 0.2571579 1.1455159 0.7804667 0.34838676
0.2505 0.2600732 1.159565 0.786809 0.34008649999999996 0.25223064 1.1629608 0.7907131 0.33019066
0.251 0.2460174 1.145627 0.7717546 0.32510209999999995 0.24765304 1.1448386 0.7770473 0.3183573
0.2515 0.2368364 1.128943 0.7597364000000001 0.3140538 0.24036732 1.1251206 0.7650014 0.30923754
0.252 0.23090909999999998 1.1107280000000002 0.7484972 0.3044662 0.23372388 1.1039906 0.7530874 0.29992843
0.2525 0.2265834 1.0915549999999998 0.7378633000000001 0.2955159 0.22804415 1.0825859 0.74139875 0.29130423
0.253 0.22301239999999997 1.071795 0.7282071 0.2869828 0.22312835 1.0611267 0.730022 0.28324765
0.2535 0.2197942 1.051695 0.7192221 0.2787941 0.21878812 1.0397437 0.7189581 0.27566028
0.254 0.2167433 1.031425 0.7105866 0.27091709999999997 0.21487537 1.0184869 0.7081655 0.26845998
0.2545 0.2137743 1.011104 0.7020829000000001 0.2633304 0.2112858 0.997396 0.6976054 0.2615801
0.255 0.21084760000000002 0.9908200999999999 0.6935872 0.2560172 0.20794961 0.9765196 0.6872524 0.2549724
0.2555 0.2079445 0.9706403 0.6850377 0.2489623 0.20482019 0.95590824 0.6770913 0.24860339
0.256 0.2050563 0.9506171 0.6764104999999999 0.24215229999999996 0.20186484 0.93560857 0.6671121 0.24244912
0.2565 0.20217910000000003 0.9307917 0.6677023 0.2355745 0.19905967 0.9156606 0.6573071 0.23649235
0.257 0.1993116 0.9111971999999999 0.6589206999999999 0.22921729999999998 0.19638595 0.8960975 0.64766973 0.23071991
0.2575 0.1964536 0.8918596999999999 0.6500783 0.22306959999999998 0.1938285 0.8769447 0.638196 0.22512104
0.258 0.19360529999999998 0.8728002 0.6411895000000001 0.2171212 0.19137436 0.85822153 0.6288804 0.21968667
0.2585 0.1907675 0.854035 0.6322686 0.21136239999999998 0.18901223 0.8399407 0.6197186 0.21440913
0.259 0.1879408 0.8355768 0.6233293000000001 0.2057844 0.1867316 0.8221101 0.61070645 0.2092814
0.2595 0.18512620000000002 0.8174349 0.6143839 0.20037839999999998 0.18452254 0.8047308 0.6018396 0.20429684
0.26 0.1823244 0.7996164000000001 0.6054436 0.19513670000000002 0.18237495 0.78779936 0.59311384 0.19944896
0.2605 0.17953629999999998 0.7821256999999999 0.5965180999999999 0.19005160000000001 0.18027836 0.7713066 0.5845248 0.19473152
0.261 0.1767626 0.7649656 0.5876163000000001 0.185116 0.17822126 0.75523865 0.57606685 0.19013835
0.2615 0.1740039 0.7481372 0.5787459 0.1803234 0.17619115 0.7395753 0.56773496 0.18566276
0.262 0.171261 0.7316402 0.5699137 0.1756674 0.17417425 0.72429174 0.5595223 0.18129815
0.2625 0.1685344 0.7154733 0.5611258000000001 0.1711421 0.17215556 0.70935804 0.5514219 0.17703797
0.263 0.1658248 0.6996343 0.5523875 0.166742 0.17011929 0.694741 0.5434248 0.17287542
0.2635 0.16313270000000002 0.68412 0.5437036 0.16246170000000001 0.16804928 0.68040454 0.53552276 0.16880423
0.264 0.1604585 0.6689268 0.5350784000000001 0.1582963 0.16592991 0.6663112 0.52770543 0.16481839
0.2645 0.1578028 0.6540505 0.5265156 0.1542411 0.16374677 0.6524247 0.5199631 0.16091277
0.265 0.155166 0.6394865 0.5180188 0.15029160000000003 0.16148776 0.6387111 0.51228523 0.15708306
0.2655 0.1525484 0.6252299 0.5095907999999999 0.1464436 0.15914378 0.62514144 0.50466263 0.1533262
0.266 0.14995050000000001 0.6112755 0.5012344 0.1426932 0.15670943 0.61169255 0.49708608 0.14964013
0.2665 0.14737260000000002 0.597618 0.49295200000000006 0.1390366 0.1541835 0.59834856 0.48954812 0.14602397
0.267 0.144815 0.5842516999999999 0.4847459 0.1354701 0.15156892 0.5851019 0.48204243 0.14247768
0.2675 0.1422781 0.5711713 0.4766178 0.1319905 0.14887252 0.5719531 0.47456452 0.1390021
0.268 0.139762 0.5583709 0.46856970000000003 0.1285946 0.14610475 0.55890965 0.46711218 0.13559821
0.2685 0.137267 0.5458449000000001 0.46060290000000004 0.12527919999999998 0.14327863 0.5459856 0.45968494 0.13226724
0.26899999999999996 0.1347933 0.5335877 0.4527187 0.1220415 0.14040914 0.53319985 0.45228344 0.12901008
0.2695 0.1323412 0.5215936 0.44491850000000005 0.1188788 0.13751212 0.5205744 0.44491026 0.12582698
0.27 0.1299108 0.5098569000000001 0.4372031 0.1157884 0.13460344 0.5081323 0.43756917 0.12271781
0.2705 0.1275023 0.4983723 0.4295736 0.11276780000000002 0.13169825 0.4958968 0.4302646 0.1196816
0.271 0.1251158 0.487134 0.42203050000000003 0.10981469999999999 0.12881035 0.4838892 0.4230015 0.11671667
0.2715 0.12275150000000001 0.47613679999999997 0.4145745 0.1069269 0.12595192 0.47212854 0.41578478 0.11382075
0.272 0.1204094 0.4653754 0.40720619999999996 0.10410219999999999 0.123133145 0.4606303 0.40862006 0.11099124
0.2725 0.11808959999999999 0.45484440000000004 0.3999259 0.1013385 0.120362096 0.44940656 0.40151194 0.10822505
0.273 0.1157922 0.44453869999999995 0.392734 0.09863397 0.11764488 0.43846563 0.39446512 0.105519146
0.2735 0.1135174 0.43445329999999993 0.38563059999999993 0.09598666 0.11498574 0.42781207 0.38748392 0.10287018
0.27399999999999997 0.111265 0.42458329999999994 0.3786158 0.09339481 0.11238738 0.41744757 0.38057208 0.10027529
0.2745 0.10903519999999998 0.4149238 0.37168979999999996 0.09085674 0.10985095 0.40737095 0.37373307 0.0977314
0.275 0.10682799999999999 0.40547 0.3648525 0.08837081 0.10737651 0.39757857 0.36696973 0.095235944
0.2755 0.1046433 0.3962173 0.3581037 0.08593548 0.10496325 0.38806516 0.36028504 0.092786506
0.276 0.10248130000000001 0.3871611 0.3514434 0.08354925 0.10260961 0.37882385 0.353681 0.09038092
0.2765 0.10034169999999999 0.37829709999999994 0.3448713 0.08121071 0.10031361 0.36984673 0.3471598 0.08801745
0.27699999999999997 0.09822476 0.3696208 0.33838709999999994 0.07891849 0.098072805 0.36112535 0.34072304 0.08569439
0.2775 0.09613027 0.3611281 0.3319905 0.07667129 0.09588473 0.35265073 0.3343722 0.08341046
0.278 0.09405824 0.3528148 0.32568109999999995 0.07446784 0.09374673 0.3444138 0.32810855 0.08116457
0.2785 0.09200861 0.3446768 0.3194585 0.07230695 0.091656126 0.33640552 0.3219332 0.078955665
0.27899999999999997 0.0899813 0.3367102 0.3133222 0.07018745 0.089610316 0.32861683 0.31584674 0.07678296
0.2795 0.08797626 0.3289111 0.30727170000000004 0.06810824 0.087606825 0.32103905 0.30984962 0.07464576
0.28 0.0859934 0.3212757 0.30130640000000003 0.06606824 0.085643195 0.31366366 0.30394238 0.07254349
0.2805 0.08403263 0.31380040000000003 0.29542579999999996 0.06406644 0.08371728 0.30648264 0.29812497 0.07047562
0.281 0.08209386 0.30648159999999997 0.2896293 0.06210183 0.08182686 0.29948816 0.2923976 0.068441674
0.2815 0.080177 0.29931579999999997 0.2839162 0.06017347 0.079969935 0.2926728 0.28675956 0.06644116
0.282 0.07828192 0.2922994 0.27828590000000003 0.05828045 0.07814463 0.28602952 0.28121078 0.06447376
0.2825 0.07640853 0.28542929999999994 0.27273769999999997 0.05642187 0.07634928 0.27955154 0.27575037 0.062539
0.28300000000000003 0.0745567 0.27870209999999995 0.26727080000000003 0.05459688 0.07458215 0.27323237 0.27037767 0.060636416
0.2835 0.07272630000000001 0.2721145 0.2618846 0.05280467 0.072841816 0.267066 0.26509166 0.05876574
0.284 0.07091722 0.2656637 0.2565783 0.05104444 0.07112677 0.26104644 0.25989124 0.056926444
0.2845 0.06912931 0.2593463 0.2513511 0.04931542 0.0694358 0.2551683 0.2547752 0.055118203
0.285 0.06736245 0.2531596 0.24620219999999998 0.04761688 0.06776761 0.24942589 0.24974224 0.053340495
0.2855 0.06561648 0.24710059999999998 0.24113089999999998 0.04594809 0.06612105 0.24381417 0.24479085 0.05159293
0.28600000000000003 0.06389127 0.2411665 0.2361364 0.04430838 0.06449514 0.23832831 0.23991963 0.049875095
0.2865 0.06218667 0.2353544 0.2312178 0.04269706 0.06288888 0.23296338 0.23512703 0.048186526
0.287 0.06050252 0.2296618 0.2263743 0.04111349 0.061301358 0.22771472 0.2304113 0.046526745
0.2875 0.05883867 0.224086 0.2216051 0.03955705 0.05973176 0.22257793 0.22577079 0.04489532
0.28800000000000003 0.05719496 0.21862440000000002 0.21690929999999997 0.03802714 0.05817934 0.21754873 0.22120388 0.04329174
0.2885 0.05557123 0.21327449999999998 0.21228609999999998 0.03652315 0.056643404 0.21262284 0.21670882 0.041715614
0.289 0.05396733 0.20803379999999996 0.2077346 0.03504453 0.055123307 0.20779645 0.2122839 0.040166415
0.2895 0.05238308 0.2028999 0.203254 0.03359073 0.053618543 0.20306548 0.20792739 0.038643703
0.29 0.05081832 0.1978706 0.1988435 0.0321612 0.0521285 0.1984264 0.20363776 0.037147008
0.2905 0.04927288 0.1929435 0.19450209999999998 0.03075544 0.05065281 0.19387557 0.19941328 0.03567583
0.29100000000000004 0.0477466 0.1881164 0.1902289 0.02937293 0.049191006 0.18940964 0.19525234 0.034229696
0.2915 0.04623929 0.1833871 0.1860233 0.02801319 0.047742732 0.18502529 0.19115351 0.032808088
0.292 0.04475079 0.1787535 0.18188420000000002 0.02667574 0.046307646 0.18071947 0.1871153 0.031410545
0.2925 0.04328093 0.1742135 0.1778108 0.02536013 0.04488548 0.17648928 0.1831362 0.030036576
0.293 0.04182952 0.169765 0.17380220000000002 0.0240659 0.043475874 0.17233188 0.17921497 0.028685652
0.2935 0.0403964 0.1654062 0.16985770000000003 0.02279262 0.042078696 0.16824478 0.17535035 0.027357265
0.294 0.03898139 0.1611349 0.16597620000000002 0.02153988 0.040693708 0.16422547 0.17154124 0.02605094
0.2945 0.0375843 0.1569495 0.16215710000000003 0.02030724 0.039320745 0.16027176 0.16778627 0.02476617
0.295 0.03620497 0.1528479 0.1583994 0.01909432 0.03795959 0.15638152 0.16408478 0.02350238
0.2955 0.03484322 0.1488285 0.1547022 0.01790073 0.036610164 0.1525528 0.1604355 0.022259153
0.29600000000000004 0.03349886 0.1448894 0.1510648 0.01672609 0.035272345 0.14878377 0.15683772 0.021035954
0.2965 0.03217173 0.14102879999999998 0.1474863 0.01557003 0.033945993 0.14507283 0.15329072 0.01983226
0.297 0.03086163 0.1372452 0.14396589999999998 0.01443218 0.03263109 0.14141852 0.14979358 0.018647559
0.2975 0.0295684 0.1335369 0.1405027 0.013312200000000001 0.03132756 0.13781944 0.14634573 0.017481431
0.298 0.02829185 0.1299022 0.1370959 0.01220975 0.030035354 0.13427438 0.14294659 0.016333371
0.2985 0.02703182 0.1263396 0.13374470000000002 0.0111245 0.028754488 0.1307822 0.13959552 0.015202887
0.299 0.02578811 0.12284749999999998 0.1304483 0.01005612 0.027484946 0.12734194 0.13629211 0.014089562
0.2995 0.02456055 0.11942449999999999 0.12720599999999999 0.009004291999999999 0.026226722 0.12395266 0.13303585 0.012992933
0.3 0.02334897 0.11606910000000001 0.12401680000000001 0.007968714 0.023363523 0.09499909 0.12224907 0.008656904
0.3005 0.03509107 0.12464220000000001 0.13745279999999999 0.02492956 0.04086212 0.124936014 0.12809572 0.031820327
0.301 0.04914207 0.1385651 0.1523746 0.03992274 0.047144346 0.14846252 0.13884223 0.042972006
0.3015 0.05829197 0.15523510000000001 0.1643041 0.0509682 0.054062538 0.17105412 0.14937589 0.05148433
0.302 0.06416955 0.1734079 0.1742869 0.060532 0.060110204 0.19290324 0.16012383 0.05953221
0.3025 0.06842463 0.19247039999999999 0.18338870000000002 0.06944291 0.06552962 0.21413161 0.17096338 0.06721924
0.303 0.07195294 0.2120866 0.1921844 0.07795197 0.07054972 0.23489729 0.18182595 0.07465312
0.3035 0.07516725 0.2320472 0.2009288 0.08613059 0.07531648 0.25530216 0.19268514 0.08188708
0.304 0.07824519 0.25220529999999997 0.20971889999999999 0.09400725 0.079913296 0.27540305 0.20352481 0.08895029
0.3045 0.08126076 0.27244959999999996 0.21858339999999998 0.10160880000000001 0.0843857 0.29522926 0.21433274 0.09585859
0.305 0.08424445 0.29269209999999996 0.227523 0.1089498 0.088758 0.31479448 0.22509839 0.102620274
0.3055 0.08720889999999999 0.3128617 0.2365288 0.1160422 0.09304295 0.33410385 0.23581257 0.10923973
0.306 0.09015906 0.3329007 0.2455886 0.12289660000000001 0.09724719 0.35315838 0.24646738 0.11571959
0.3065 0.09309673 0.35276209999999997 0.25468989999999997 0.1295239 0.10137392 0.3719565 0.25705558 0.12206133
0.307 0.09602248 0.3724078 0.2638208 0.1359344 0.105424695 0.39049527 0.26757097 0.12826623
0.3075 0.09893044 0.3918072 0.2729699 0.14202079999999997 0.109400354 0.4087719 0.2780082 0.13433537
0.308 0.10180850000000001 0.4109358 0.2821254 0.147844 0.113301255 0.42678264 0.28836194 0.14027004
0.3085 0.10467080000000001 0.4297742 0.2912794 0.15351189999999998 0.11712778 0.44452468 0.29862753 0.1460717
0.309 0.1075252 0.44830749999999997 0.30042440000000004 0.1590304 0.12088033 0.46199483 0.3088009 0.1517419
0.3095 0.11037229999999999 0.4665247 0.3095529 0.164413 0.12455941 0.47919032 0.3188779 0.15728247
0.31 0.1132105 0.4844179 0.3186579 0.1696619 0.12816563 0.49610898 0.32885528 0.1626953
0.3105 0.1160375 0.5019814 0.32768220000000003 0.1747674 0.13169977 0.5127486 0.33872965 0.16798258
0.311 0.1188315 0.5191898 0.3360437 0.1795456 0.13516277 0.5291078 0.34849793 0.17314644
0.3115 0.12159500000000001 0.5360323 0.3443675 0.1842012 0.13855556 0.54518557 0.35815734 0.17818932
0.312 0.1243448 0.5525238 0.3527915 0.1887743 0.14187938 0.5609811 0.36770564 0.18311362
0.3125 0.1270855 0.5686555 0.3608025 0.19325910000000002 0.14513522 0.576494 0.37714046 0.18792175
0.313 0.12981600000000001 0.5844355 0.3690233 0.1976589 0.14832437 0.59172446 0.3864598 0.19261621
0.3135 0.1325348 0.5998892 0.3775627 0.2019701 0.15144813 0.6066725 0.39566207 0.19719957
0.314 0.1352306 0.6150346999999999 0.38631220000000005 0.2061726 0.15450779 0.6213396 0.40474546 0.20167445
0.3145 0.1378861 0.6298824000000001 0.3951484 0.2102507 0.15750468 0.63572687 0.413709 0.20604326
0.315 0.1405175 0.6444379 0.4039861 0.21421170000000003 0.16044015 0.64983577 0.42255163 0.21030872
0.3155 0.14312370000000002 0.6587054 0.41277159999999996 0.21806509999999998 0.16331553 0.6636678 0.4312724 0.21447329
0.316 0.14570260000000002 0.6726879 0.42147520000000005 0.2218297 0.16613221 0.6772255 0.43987045 0.21853946
0.3165 0.14826779999999998 0.6863872 0.4300818 0.22551060000000003 0.1688914 0.6905115 0.44834545 0.2225097
0.317 0.1508047 0.6998042 0.43857929999999995 0.22908449999999997 0.17159462 0.7035278 0.45669705 0.22638644
0.3175 0.15332720000000002 0.7129424 0.44696720000000006 0.2325805 0.17424303 0.71627796 0.46492535 0.23017211
0.318 0.1558471 0.7258059 0.4552487 0.2360121 0.17683795 0.72876436 0.47303006 0.23386912
0.3185 0.1583638 0.7383987 0.46342570000000005 0.23938070000000003 0.17938069 0.740991 0.48101145 0.23747976
0.319 0.16087220000000002 0.750725 0.47149929999999995 0.24268499999999998 0.1818724 0.75296104 0.48886982 0.2410063
0.3195 0.16336660000000003 0.7627893 0.4794707 0.2459237 0.18431434 0.764678 0.49660555 0.24445085
0.32 0.16584300000000002 0.7745960999999999 0.48734120000000003 0.24909629999999996 0.1867078 0.7761463 0.5042192 0.24781583
0.3205 0.1682808 0.7861495 0.49508320000000006 0.252186 0.18905371 0.7873687 0.5117117 0.2511031
0.321 0.17067179999999998 0.7974525 0.5026980999999999 0.25518620000000003 0.19135335 0.7983499 0.5190832 0.25431496
0.3215 0.1730435 0.8085107 0.5102287999999999 0.25812270000000004 0.1936078 0.8090939 0.5263352 0.2574532
0.322 0.1754039 0.8193301 0.5176831000000001 0.2610029 0.19581819 0.8196047 0.53346807 0.26052004
0.3225 0.17774790000000001 0.8299122 0.525055 0.2637997 0.19798541 0.8298864 0.5404837 0.26351714
0.32299999999999995 0.1800692 0.8402643 0.5323386 0.2665249 0.20011052 0.83994293 0.547382 0.26644653
0.3235 0.1823698 0.8503943000000002 0.5395336 0.2692005 0.20219463 0.84977925 0.5541651 0.26931
0.324 0.1846513 0.8603086999999999 0.5466395000000001 0.271832 0.20423856 0.8593991 0.5608341 0.2721092
0.3245 0.1869135 0.8700129999999999 0.5536553000000001 0.27441909999999997 0.20624322 0.86880684 0.5673897 0.27484596
0.325 0.1891553 0.8795120999999999 0.5605800999999999 0.2769605 0.20820951 0.87800664 0.57383364 0.27752197
0.3255 0.1913693 0.8888103 0.5674123999999999 0.279444 0.21013844 0.8870032 0.58016765 0.2801388
0.326 0.19353270000000003 0.8979117 0.5741465 0.2818437 0.21203071 0.8958 0.58639234 0.28269786
0.3265 0.19566470000000002 0.9068200999999999 0.5807865 0.2841931 0.21388721 0.90440184 0.59250945 0.28520095
0.327 0.19776839999999998 0.9155397 0.5873376 0.2865074 0.2157087 0.9128129 0.5985209 0.2876495
0.3275 0.1996406 0.9240748 0.593801 0.2887878 0.21749595 0.92103696 0.6044271 0.29004478
0.32799999999999996 0.201493 0.9324296000000001 0.6001763000000001 0.2910331 0.21924976 0.9290783 0.61023104 0.2923882
0.3285 0.20343039999999998 0.9406082 0.6064641 0.2932425 0.22097078 0.9369408 0.6159332 0.2946813
0.32899999999999996 0.20544210000000002 0.9486145 0.6126651 0.295415 0.22265977 0.9446286 0.6215355 0.2969253
0.3295 0.2074949 0.9564526 0.6187796999999999 0.2975493 0.22431743 0.95214564 0.62703913 0.29912138
0.33 0.20955990000000002 0.9641261000000001 0.6248081 0.2996457 0.22594437 0.95949596 0.632446 0.3012709
0.3305 0.21161750000000001 0.9716389000000001 0.6307507 0.30170490000000005 0.22754127 0.96668315 0.6377575 0.30337495
0.331 0.21365610000000002 0.9789945 0.6366082 0.30372740000000004 0.22910878 0.97371125 0.6429752 0.3054347
0.3315 0.2156692 0.9861964 0.6423810000000001 0.3057138 0.23064741 0.98058355 0.6481005 0.30745137
0.332 0.2176495 0.993244 0.648068 0.30765570000000003 0.23215798 0.9873041 0.65313524 0.309426
0.3325 0.21957110000000002 1.000138 0.6536632 0.3095206 0.23364085 0.993876 0.6580809 0.3113597
0.33299999999999996 0.22145050000000002 1.006885 0.6591712 0.31134209999999995 0.23509666 1.0003031 0.66293883 0.31325346
0.3335 0.22330970000000003 1.013492 0.6645991 0.3131399 0.23652598 1.0065889 0.66771096 0.3151083
0.33399999999999996 0.22515529999999997 1.0199639999999999 0.6699496 0.314917 0.23792928 1.0127364 0.6723981 0.31692517
0.3345 0.2269864 1.026303 0.6752233 0.3166722 0.23930714 1.0187494 0.6770023 0.31870478
0.335 0.22880010000000003 1.032514 0.6804201 0.3184038 0.24066004 1.0246305 0.68152493 0.32044852
0.3355 0.2305936 1.038599 0.6855398 0.3201094 0.24198848 1.0303832 0.68596727 0.32215685
0.336 0.2323616 1.044558 0.6905805 0.3217795 0.24329296 1.0360109 0.6903314 0.32383084
0.3365 0.234044 1.050386 0.6954799 0.323352 0.24457383 1.041516 0.69461787 0.32547122
0.337 0.2356714 1.056085 0.7002786999999999 0.3248833 0.24583176 1.0469016 0.6988285 0.327079
0.3375 0.2372975 1.061663 0.7050283 0.32639850000000004 0.24706703 1.0521709 0.7029648 0.3286546
0.33799999999999997 0.238933 1.067126 0.7097338000000001 0.3278989 0.24828014 1.0573266 0.707028 0.33019912
0.3385 0.2405726 1.072481 0.714388 0.3293932 0.24947149 1.0623711 0.7110197 0.33171326
0.33899999999999997 0.2422078 1.0777299999999999 0.7189831 0.33087890000000003 0.25064155 1.067307 0.7149407 0.3331976
0.3395 0.2438317 1.082876 0.7235136 0.3323523 0.25179067 1.072138 0.7187931 0.33465284
0.34 0.24541860000000001 1.087919 0.7279408 0.3338094 0.25291923 1.0768654 0.72257805 0.33607972
0.3405 0.24695799999999998 1.09286 0.7322616999999999 0.33524640000000006 0.25402775 1.0814923 0.7262961 0.337479
0.341 0.24848510000000001 1.0977 0.7365314000000001 0.33666440000000003 0.25511643 1.0860213 0.72994936 0.33885103
0.3415 0.2500081 1.102442 0.7407579000000001 0.3380636 0.25618574 1.0904539 0.7335385 0.3401968
0.342 0.25152129999999995 1.107091 0.744935 0.3394414 0.257236 1.0947932 0.7370651 0.3415166
0.3425 0.25299920000000004 1.111648 0.7490538 0.3407881 0.2582676 1.0990412 0.74053025 0.3428113
0.34299999999999997 0.2544536 1.116114 0.7531107 0.3421116 0.25928092 1.1032003 0.74393505 0.34408128
0.3435 0.255898 1.120493 0.7571051 0.3434165 0.26027632 1.1072727 0.7472809 0.34532708
0.344 0.25733510000000004 1.124784 0.7610368000000001 0.344702 0.26125398 1.1112599 0.75056905 0.34654933
0.3445 0.25876220000000005 1.1289879999999999 0.7649052 0.34595 0.2622143 1.1151644 0.7538001 0.34774858
0.345 0.2601756 1.1331040000000001 0.7687105 0.34717159999999997 0.26315773 1.1189883 0.75697553 0.34892517
0.3455 0.2615735 1.137138 0.7724531 0.3483762 0.2640844 1.1227329 0.7600963 0.35007983
0.34600000000000003 0.2629546 1.14109 0.7761060000000001 0.3495612 0.2649947 1.1264005 0.7631633 0.35121292
0.3465 0.26431720000000003 1.144955 0.7795624 0.3507166 0.26588896 1.1299931 0.76617813 0.35232496
0.34700000000000003 0.2656605 1.148733 0.7828528 0.35185890000000003 0.26676735 1.1335124 0.769141 0.35341632
0.3475 0.26698520000000003 1.1524219999999998 0.7860481 0.3529908 0.26763037 1.1369598 0.77205384 0.35448754
0.348 0.2682919 1.156026 0.7892 0.35411149999999997 0.26847813 1.1403372 0.7749169 0.35553896
0.3485 0.2695813 1.159553 0.7923364 0.35522020000000004 0.26931092 1.1436467 0.77773124 0.3565712
0.349 0.27085359999999997 1.163009 0.7954682 0.35631609999999997 0.27012917 1.146889 0.78049827 0.35758454
0.3495 0.2721092 1.166398 0.7985962 0.3573986 0.27093297 1.1500664 0.7832185 0.3585794
0.35 0.2733387 1.169712 0.8010528 0.3584615 0.2608933 1.1460483 0.7824281 0.35077238
0.3505 0.2615647 1.1610280000000002 0.78584 0.34150690000000006 0.2556988 1.162927 0.79232395 0.33257252
0.35100000000000003 0.2474375 1.146943 0.7697015 0.3264902 0.2510266 1.144426 0.77841765 0.3206545
0.3515 0.2382049 1.1301 0.7572707 0.3154135 0.24363866 1.1245372 0.7662742 0.31150424
0.35200000000000004 0.232265 1.111776 0.7472839 0.3058127 0.23691002 1.103304 0.7543115 0.30216676
0.3525 0.22796679999999997 1.092594 0.738455 0.2968598 0.23115712 1.0818237 0.7425898 0.2935214
0.353 0.22442179999999998 1.0728959999999998 0.730061 0.2883217 0.22617653 1.0603071 0.7311885 0.28544855
0.3535 0.2212155 1.0528879999999998 0.7217581999999999 0.2801247 0.221778 1.0388789 0.72010386 0.27784854
0.354 0.2181631 1.032712 0.7134005999999999 0.2722364 0.21781191 1.0175866 0.7092924 0.27063787
0.3545 0.21518330000000002 1.012473 0.7049358 0.2646364 0.2141729 0.9964678 0.6987149 0.2637493
0.355 0.2122116 0.9922504000000001 0.6963173 0.257296 0.2107906 0.97557116 0.6883459 0.25713378
0.3555 0.2092297 0.9721073 0.6875637 0.250199 0.20761782 0.9549457 0.6781696 0.25075734
0.35600000000000004 0.20627089999999998 0.9521014999999999 0.6787335999999999 0.2433482 0.20462176 0.93463784 0.6681757 0.24459614
0.3565 0.2033431 0.9322796999999998 0.6698487 0.2367353 0.2017779 0.91468626 0.658357 0.23863234
0.35700000000000004 0.20044289999999998 0.9126791 0.6609198000000001 0.2303482 0.19906738 0.8951238 0.6487071 0.23285256
0.3575 0.19756429999999997 0.893329 0.6519559 0.22417489999999998 0.19647467 0.8759758 0.6392204 0.22724609
0.358 0.19470279999999998 0.8742525 0.6429669 0.218204 0.19398674 0.85726005 0.62989277 0.22180386
0.3585 0.1918555 0.8554676 0.6339627 0.21242529999999998 0.19159201 0.8389897 0.62071943 0.21651794
0.359 0.1890211 0.8369879000000001 0.6249534000000001 0.20682910000000002 0.18927985 0.8211714 0.61169606 0.21138124
0.3595 0.186199 0.8188238 0.6159485 0.20140639999999999 0.18704027 0.8038062 0.6028181 0.20638718
0.36 0.18338929999999998 0.8009824999999999 0.6069569 0.19614890000000001 0.18486303 0.7868905 0.59408164 0.20152946
0.3605 0.18059270000000002 0.783469 0.5979868 0.191049 0.18273759 0.77041477 0.5854818 0.1968017
0.361 0.1778098 0.7662863 0.5890456000000001 0.1860993 0.18065238 0.7543643 0.5770135 0.19219758
0.3615 0.17504129999999998 0.7494357 0.5801399 0.1812931 0.17859492 0.73871917 0.5686711 0.18771072
0.36200000000000004 0.1722879 0.7329169 0.5712758000000001 0.176624 0.17655137 0.72345406 0.56044805 0.18333457
0.3625 0.16955050000000002 0.7167288 0.5624587 0.172086 0.17450672 0.7085396 0.55233735 0.17906241
0.363 0.1668296 0.700869 0.5536934 0.1676735 0.17244533 0.6939421 0.54433054 0.17488776
0.3635 0.164126 0.6853345000000001 0.5449844 0.1633811 0.17035112 0.6796255 0.53641856 0.17080422
0.364 0.1614401 0.6701216999999999 0.5363355 0.1592039 0.16820845 0.6655529 0.5285915 0.16680604
0.3645 0.1587726 0.6552263 0.5277504 0.155137 0.16600314 0.651688 0.5208397 0.162888
0.365 0.1561239 0.6406438 0.5192322 0.1511761 0.16372311 0.6379971 0.5131531 0.15904598
0.3655 0.1534945 0.6263691 0.5107838 0.1473169 0.16135943 0.6244512 0.5055217 0.15527685
0.366 0.15088479999999999 0.6123970999999999 0.5024079 0.1435555 0.15890676 0.61102766 0.49793687 0.15157859
0.3665 0.1482951 0.5987223 0.4941066 0.139888 0.15636384 0.5977107 0.4903911 0.14795043
0.36700000000000005 0.1457258 0.5853394000000001 0.4858822 0.13631079999999998 0.15373361 0.58449274 0.4828783 0.14439231
0.3675 0.1431772 0.5722425999999999 0.47773640000000006 0.1328207 0.15102297 0.571374 0.47539413 0.14090498
0.368 0.1406496 0.5594262 0.469671 0.1294143 0.14824218 0.5583621 0.4679361 0.13748944
0.3685 0.1381433 0.5468847 0.46168739999999997 0.1260887 0.14540434 0.545471 0.46050367 0.13414693
0.369 0.13565839999999998 0.5346122 0.453787 0.12284089999999999 0.14252415 0.5327192 0.45309788 0.13087822
0.3695 0.1331951 0.5226031 0.44597070000000005 0.1196681 0.13961747 0.52012825 0.4457209 0.12768377
0.37 0.1307537 0.5108519 0.4382397 0.11656789999999999 0.13669997 0.5077212 0.43837687 0.12456332
0.3705 0.1283343 0.49935290000000004 0.43059490000000006 0.1135376 0.13378686 0.4955208 0.4310699 0.121515974
0.371 0.1259371 0.48810059999999994 0.42303679999999994 0.1105749 0.1308918 0.48354837 0.42380497 0.11854009
0.3715 0.12356220000000001 0.47708959999999995 0.41556620000000005 0.10767760000000001 0.12802696 0.4718224 0.41658717 0.11563353
0.37200000000000005 0.1212096 0.46631459999999997 0.40818340000000003 0.10484360000000001 0.1252025 0.4603585 0.40942168 0.112793624
0.3725 0.11887950000000001 0.4557704000000001 0.400889 0.1020707 0.12242652 0.44916838 0.40231347 0.11001745
0.373 0.11657200000000001 0.4454517 0.3936832 0.09935698 0.11970509 0.43826023 0.39526692 0.107301965
0.3735 0.1142871 0.4353535 0.38656609999999997 0.09670066 0.11704264 0.42763874 0.38828662 0.10464397
0.374 0.11202480000000001 0.4254708 0.379538 0.09409993 0.11444164 0.4173056 0.38137606 0.102040544
0.3745 0.10978519999999999 0.4157989 0.3725988 0.09155308 0.111903496 0.40725955 0.3745388 0.09948875
0.375 0.1075683 0.4063329 0.3657486 0.08905849 0.10942819 0.39749703 0.36777753 0.096985936
0.3755 0.1053742 0.39706820000000004 0.35898709999999995 0.08661460000000001 0.10701493 0.3880127 0.36109528 0.09452976
0.376 0.10320270000000001 0.38800029999999996 0.3523143 0.08421993 0.10466225 0.37879974 0.3544941 0.092118114
0.3765 0.1010539 0.3791246 0.34572990000000003 0.08187305 0.102368064 0.36985037 0.34797606 0.08974916
0.377 0.09892775 0.3704369 0.33923359999999997 0.07957259 0.10013 0.36115614 0.3415426 0.0874213
0.3775 0.09682424 0.361933 0.332825 0.07731725 0.09794555 0.35270807 0.3351955 0.08513309
0.37799999999999995 0.0947433 0.3536085 0.3265039 0.07510577 0.09581197 0.34449714 0.32893574 0.08288352
0.3785 0.09268487 0.3454596 0.3202697 0.07293694 0.09372667 0.3365143 0.32276452 0.080671534
0.379 0.09064889 0.3374823 0.31412209999999996 0.07080961 0.09168699 0.32875058 0.31668216 0.07849628
0.3795 0.08863529 0.3296726 0.3080604 0.06872266 0.089690335 0.32119727 0.31068957 0.07635705
0.38 0.08664398 0.3220268 0.30208409999999997 0.06667502 0.087734364 0.31384593 0.3047869 0.074253246
0.3805 0.08467488 0.3145412 0.2961926 0.06466566 0.08581666 0.3066885 0.29897416 0.072184235
0.381 0.08272789 0.3072123 0.2903854 0.0626936 0.08393512 0.2997171 0.29325134 0.07014966
0.3815 0.0808029 0.3000364 0.2846618 0.06075788 0.08208767 0.29292446 0.28761828 0.068148926
0.382 0.07889982 0.2930103 0.2790212 0.05885758 0.080272384 0.2863034 0.2820742 0.0661816
0.3825 0.07701852 0.2861304 0.2734627 0.05699182 0.07848748 0.2798472 0.2766188 0.064247265
0.38299999999999995 0.07515888 0.27939369999999997 0.2679858 0.05515975 0.07673123 0.27354944 0.27125087 0.062345505
0.3835 0.07332079 0.2727967 0.2625897 0.05336053 0.07500208 0.26740402 0.2659698 0.06047581
0.384 0.07150411 0.2663366 0.2572736 0.05159338 0.073298566 0.261405 0.26077425 0.058637813
0.3845 0.06970871 0.2600101 0.2520368 0.04985753 0.071619265 0.255547 0.25566307 0.056831017
0.385 0.06793444 0.2538144 0.24687849999999997 0.04815223 0.06996297 0.24982429 0.25063497 0.055054948
0.3855 0.06618117 0.2477465 0.2417978 0.04647678 0.06832842 0.24423197 0.24568838 0.053309172
0.386 0.06444875 0.2418036 0.23679410000000004 0.04483048 0.06671449 0.23876497 0.24082196 0.051593184
0.3865 0.06273703 0.23598289999999997 0.23186639999999997 0.04321266 0.0651202 0.23341855 0.23603389 0.049906522
0.387 0.06104586 0.23028179999999998 0.227014 0.04162267 0.063544504 0.22818801 0.23132269 0.048248634
0.3875 0.05937508 0.2246975 0.22223600000000002 0.04005989 0.061986573 0.22306898 0.22668664 0.046619087
0.38799999999999996 0.05772453 0.2192276 0.21753150000000002 0.038523699999999994 0.060445555 0.2180571 0.22212408 0.045017377
0.3885 0.05609405 0.2138696 0.2128998 0.03701353 0.05892069 0.21314828 0.21763325 0.043442942
0.389 0.05448349 0.2086208 0.2083399 0.0355288 0.057411276 0.20833845 0.21321233 0.041895323
0.3895 0.05289266 0.20347910000000002 0.203851 0.03406896 0.05591669 0.20362383 0.20885971 0.04037398
0.39 0.05132141 0.19844189999999998 0.1994322 0.03263347 0.054436333 0.19900064 0.2045738 0.03887844
0.3905 0.04976956 0.19350710000000002 0.1950828 0.03122182 0.052969657 0.19446538 0.20035282 0.03740812
0.391 0.04823695 0.1886724 0.19080170000000002 0.02983349 0.051516183 0.19001472 0.1961952 0.03596253
0.3915 0.046723400000000005 0.1839356 0.1865882 0.02846801 0.050075524 0.18564527 0.19209945 0.034541167
0.392 0.04522874 0.17929460000000003 0.1824414 0.02712489 0.048647203 0.18135408 0.18806413 0.03314347
0.3925 0.04375279 0.1747473 0.1783604 0.02580367 0.04723095 0.17713813 0.18408762 0.031768918
0.39299999999999996 0.04229538 0.17029160000000002 0.1743443 0.02450391 0.04582631 0.17299467 0.18016878 0.030416973
0.3935 0.04085634 0.1659257 0.17039229999999997 0.02322517 0.044433095 0.16892123 0.17630619 0.029087082
0.39399999999999996 0.03943547 0.1616475 0.1665036 0.02196703 0.04305104 0.1649152 0.17249867 0.027778774
0.3945 0.03803261 0.15745510000000001 0.1626773 0.02072906 0.041679867 0.1609744 0.16874522 0.026491433
0.395 0.03664758 0.15334679999999998 0.1589125 0.01951088 0.040319435 0.15709671 0.16504468 0.025224611
0.3955 0.0352802 0.14932060000000003 0.1552083 0.01831209 0.038969554 0.15328018 0.1613961 0.023977742
0.396 0.03393029 0.1453749 0.1515641 0.01713231 0.037630036 0.149523 0.15779863 0.022750303
0.3965 0.03259767 0.1415078 0.14797879999999997 0.01597117 0.036300845 0.14582354 0.15425143 0.021541819
0.397 0.03128216 0.1377178 0.1444516 0.01482832 0.034981824 0.14218026 0.1507538 0.020351686
0.3975 0.02998359 0.13400309999999999 0.1409818 0.01370339 0.033672914 0.1385918 0.147305 0.019179553
0.39799999999999996 0.02870177 0.1303622 0.1375686 0.01259606 0.03237407 0.13505688 0.14390437 0.018024817
0.3985 0.02743652 0.1267934 0.134211 0.01150598 0.03108529 0.13157439 0.14055146 0.016887113
0.39899999999999997 0.02618767 0.1232953 0.1309083 0.01043283 0.029806547 0.12814333 0.13724566 0.01576592
0.3995 0.02495504 0.1198663 0.1276596 0.009376302 0.028537884 0.12476276 0.1339866 0.014660813
0.4 0.02373846 0.1165049 0.1244643 0.008336076 0.027279377 0.12143186 0.13077371 0.013571389
0.4005 0.02253774 0.1132098 0.12132149999999998 0.007311855 0.02603104 0.11814995 0.12760676 0.012497224
0.401 0.021352700000000002 0.10997950000000001 0.11823030000000001 0.006303344000000001 0.024793014 0.11491625 0.124485254 0.011437982
0.4015 0.02018318 0.1068127 0.1151902 0.005310257 0.023565412 0.11173028 0.12140897 0.010393217
0.402 0.019029 0.10370789999999999 0.1122001 0.004332313 0.022348322 0.10859147 0.11837746 0.009362601
0.4025 0.01788998 0.10066389999999999 0.10925950000000001 0.00336924 0.021141939 0.1054993 0.115390554 0.008345783
0.40299999999999997 0.01676595 0.09767949 0.10636760000000002 0.00242077 0.019946411 0.10245344 0.11244783 0.0073424727
0.4035 0.01565674 0.09475329 0.10352349999999999 0.001486642 0.018761955 0.09945345 0.10954906 0.0063522905
0.40399999999999997 0.01456218 0.09188413 0.10072660000000001 0.0005666022 0.017588705 0.096498996 0.106694005 0.005374968
0.4045 0.01348209 0.0890708 0.0979762 -0.0003395993 0.01642692 0.09358975 0.103882276 0.0044102
0.405 0.01241631 0.08631214 0.09527149 -0.001232206 0.01527676 0.09072542 0.1011136 0.0034576878
0.4055 0.01136467 0.08360699 0.09261179 -0.002111454 0.014138453 0.08790572 0.09838774 0.0025171638
0.406 0.01032699 0.08095425 0.08999639999999999 -0.002977579 0.0130122155 0.08513045 0.09570433 0.0015884042
0.4065 0.009303124 0.07835282 0.08742462 -0.003830805 0.011898257 0.08239932 0.09306306 0.0006710887
0.40700000000000003 0.008292893 0.07580162 0.08489577 -0.004671357 0.010796808 0.07971205 0.09046361 -0.00023496151
0.4075 0.007296138000000001 0.07329962 0.08240917 -0.005499451 0.009708047 0.07706852 0.08790562 -0.0011300072
0.408 0.006312695 0.07084579 0.07996414 -0.006315301 0.008632146 0.074468404 0.08538876 -0.0020142496
0.4085 0.005342402 0.06843913 0.07756002 -0.007119114 0.007569328 0.0719115 0.08291255 -0.002887942
0.409 0.004385099 0.06607866 0.07519616 -0.007911095 0.0065197423 0.06939758 0.080476716 -0.0037512183
0.4095 0.003440627 0.06376342 0.07287192 -0.008691441999999999 0.0054835156 0.066926345 0.07808079 -0.0046042725
0.41 0.0025088289999999997 0.06149249 0.07058665 -0.009460352 0.0044608265 0.064497575 0.07572432 -0.0054473057
0.4105 0.0015895470000000002 0.05926494 0.06833974 -0.01021802 0.0034517497 0.062110987 0.07340686 -0.0062804446
0.41100000000000003 0.0006826274 0.05707989 0.06613055 -0.01096462 0.0024564043 0.05976625 0.07112797 -0.007103823
0.4115 -0.00021208459999999999 0.05493646 0.06395849 -0.01170035 0.0014748722 0.05746307 0.068887174 -0.007917568
0.41200000000000003 -0.001094741 0.05283379 0.06182294 -0.01242538 0.0005071834 0.055201087 0.06668397 -0.008721784
0.4125 -0.001965493 0.05077104 0.05972331 -0.01313989 -0.0004466027 0.052980024 0.064517856 -0.009516582
0.413 -0.0028244909999999997 0.04874741 0.05765901 -0.01384405 -0.001386486 0.050799396 0.06238827 -0.010302052
0.4135 -0.003671882 0.04676208 0.05562947 -0.01453804 -0.0023124367 0.04865891 0.060294747 -0.011078216
0.414 -0.004507814000000001 0.04481428 0.05363411 -0.01522201 -0.0032244995 0.046558063 0.058236696 -0.011845201
0.4145 -0.005332432 0.04290324 0.05167238 -0.01589613 -0.0041227043 0.044496473 0.056213617 -0.012603022
0.415 -0.006145881 0.04102821 0.04974371 -0.01656056 -0.005007118 0.042473625 0.05422494 -0.013351709
0.4155 -0.006948302 0.03918846 0.04784757 -0.01721545 -0.005877778 0.04048909 0.052270107 -0.014091335
0.41600000000000004 -0.007739836999999999 0.03738327 0.04598342 -0.01786096 -0.0067348033 0.038542304 0.050348543 -0.014821857
0.4165 -0.008520627 0.03561194 0.04415072 -0.01849723 -0.007578239 0.036632825 0.0484597 -0.015543349
0.41700000000000004 -0.009290809 0.03387379 0.04234895 -0.01912442 -0.008408241 0.03476006 0.04660301 -0.016255818
0.4175 -0.01005052 0.03216814 0.0405776 -0.01974267 -0.009224869 0.03292351 0.044777907 -0.016959265
0.418 -0.0107999 0.03049434 0.03883617 -0.02035212 -0.010028295 0.031122584 0.042983867 -0.017653707
0.4185 -0.01153907 0.02885175 0.03712414 -0.020952900000000003 -0.010818638 0.02935673 0.041220263 -0.018339157
0.419 -0.01226818 0.02723973 0.03544104 -0.02154516 -0.011596024 0.027625393 0.039486594 -0.019015606
0.4195 -0.01298735 0.02565768 0.03378638 -0.02212903 -0.01236058 0.025927976 0.03778231 -0.019683056
0.42 -0.01369672 0.02410498 0.03215967 -0.02270464 -0.013112485 0.024263911 0.036106892 -0.020341564
0.4205 -0.0143964 0.02258106 0.03056046 -0.02327211 -0.013851874 0.022632618 0.034459762 -0.020991094
0.42100000000000004 -0.01508654 0.02108533 0.02898828 -0.02383159 -0.014578916 0.0210335 0.032840453 -0.021631684
0.4215 -0.01576725 0.01961724 0.02744267 -0.02438318 -0.015293755 0.01946599 0.031248411 -0.022263352
0.42200000000000004 -0.01643866 0.01817622 0.02592318 -0.02492701 -0.015996553 0.01792949 0.029683152 -0.022886124
0.4225 -0.01710089 0.01676175 0.02442939 -0.025463200000000002 -0.01668749 0.016423468 0.028144175 -0.023500003
0.423 -0.01775406 0.01537329 0.02296084 -0.02599187 -0.017366707 0.014947306 0.026630985 -0.02410506
0.4235 -0.0183983 0.01401033 0.02151712 -0.02651313 -0.018034391 0.013500508 0.025143137 -0.024701301
0.424 -0.01903372 0.01267235 0.02009781 -0.02702709 -0.018690675 0.012082454 0.023680156 -0.025288787
0.4245 -0.01966044 0.01135887 0.01870249 -0.02753388 -0.019335747 0.010692649 0.022241602 -0.025867533
0.425 -0.02027857 0.01006941 0.01733075 -0.02803359 -0.019969754 0.009330511 0.020827005 -0.026437614
0.4255 -0.02088823 0.008803473000000001 0.01598219 -0.02852634 -0.02059289 0.007995557 0.019435944 -0.026999079
0.426 -0.02148954 0.007560611 0.01465643 -0.02901222 -0.021205299 0.0066872314 0.018068021 -0.027551979
0.4265 -0.0220826 0.0063403669999999995 0.01335307 -0.02949135 -0.021807142 0.005405057 0.016722774 -0.028096396
0.42700000000000005 -0.02266752 0.005142295 0.01207173 -0.02996382 -0.022398576 0.004148502 0.015399864 -0.028632361
0.4275 -0.02324442 0.00396596 0.01081204 -0.03042974 -0.022979803 0.002917096 0.014098851 -0.029159985
0.428 -0.02381341 0.0028109359999999996 0.009573621 -0.0308892 -0.023550935 0.0017103702 0.01281938 -0.029679306
0.4285 -0.02437458 0.001676805 0.00835612 -0.031342300000000003 -0.024112184 0.0005278215 0.011561053 -0.030190427
0.429 -0.02492804 0.0005631587 0.007159178 -0.03178913 -0.02466366 -0.0006309822 0.010323521 -0.03069342
0.4295 -0.02547391 -0.0005304026999999999 0.005982441 -0.03222979 -0.025205564 -0.0017665178 0.009106407 -0.031188361
0.43 -0.02601228 -0.001604271 0.004825567 -0.03266438 -0.025738053 -0.002879221 0.007909389 -0.031675354
0.4305 -0.02654325 -0.002658829 0.0036882140000000004 -0.03309297 -0.026261266 -0.003969483 0.0067321155 -0.032154467
0.431 -0.02706692 -0.003694452 0.002570049 -0.03351566 -0.026775379 -0.0050377864 0.0055742394 -0.0326258
0.4315 -0.02758339 -0.004711508 0.0014707429999999998 -0.03393253 -0.027280543 -0.006084537 0.0044354405 -0.033089437
0.43200000000000005 -0.02809276 -0.005710356999999999 0.0003899737 -0.03434368 -0.027776897 -0.007110106 0.0033154152 -0.033545498
0.4325 -0.02859513 -0.00669135 -0.0006725767 -0.03474918 -0.028264638 -0.008114928 0.0022138301 -0.033994053
0.433 -0.0290906 -0.007654834 -0.00171722 -0.03514913 -0.028743882 -0.009099396 0.0011303723 -0.034435205
0.4335 -0.02957924 -0.008601145 -0.002744264 -0.03554359 -0.029214796 -0.010063862 6.473996e-05 -0.034869075
0.434 -0.03006117 -0.009530614 -0.003754011 -0.03593265 -0.02967751 -0.011008747 -0.0009833332 -0.035295736
0.4345 -0.03053646 -0.01044357 -0.0047467559999999995 -0.03631639 -0.030132215 -0.011934388 -0.0020141741 -0.035715327
0.435 -0.03100522 -0.01134032 -0.005722793 -0.03669489 -0.030579057 -0.012841171 -0.0030280454 -0.036127888
0.4355 -0.03146752 -0.01222118 -0.006682407 -0.03706822 -0.031018142 -0.013729427 -0.004025222 -0.036533553
0.436 -0.03192347 -0.01308646 -0.007625881 -0.03743646 -0.031449676 -0.0145995375 -0.0050060004 -0.036932446
0.4365 -0.03237314 -0.01393644 -0.008553492 -0.03779968 -0.031873766 -0.015451822 -0.0059706457 -0.037324633
0.43700000000000006 -0.03281662 -0.01477144 -0.009465511999999999 -0.03815795 -0.03229054 -0.016286628 -0.00691941 -0.037710264
0.4375 -0.033254 -0.01559172 -0.01036221 -0.03851135 -0.032700196 -0.017104309 -0.007852569 -0.038089406
0.43799999999999994 -0.03368535 -0.01639758 -0.01124385 -0.03885995 -0.03310284 -0.017905168 -0.008770384 -0.038462162
0.4385 -0.03411077 -0.01718927 -0.01211069 -0.03920381 -0.033498622 -0.018689517 -0.009673072 -0.03882866
0.439 -0.03453034 -0.01796709 -0.01296298 -0.03954301 -0.033887677 -0.019457728 -0.010560919 -0.03918898
0.4395 -0.03494412 -0.01873127 -0.01380098 -0.03987761 -0.034270152 -0.020210046 -0.011434143 -0.039543256
0.44 -0.03535222 -0.0194821 -0.01462493 -0.04020767 -0.034646176 -0.020946816 -0.012293002 -0.039891537
0.4405 -0.03575469 -0.0202198 -0.01543507 -0.04053326 -0.035015877 -0.021668341 -0.013137739 -0.040233973
0.441 -0.03615163 -0.02094465 -0.01623163 -0.04085445 -0.03537941 -0.022374917 -0.0139685795 -0.04057066
0.4415 -0.036543099999999995 -0.02165687 -0.01701487 -0.0411713 -0.03573687 -0.023066819 -0.014785738 -0.040901687
0.442 -0.03692918 -0.0223567 -0.01778499 -0.04148387 -0.036088414 -0.02374436 -0.015589448 -0.04122715
0.4425 -0.03730995 -0.02304438 -0.01854223 -0.04179222 -0.036434166 -0.02440782 -0.016379949 -0.04154716
0.44299999999999995 -0.03768548 -0.02372014 -0.01928681 -0.0420964 -0.036774248 -0.025057472 -0.017157456 -0.041861825
0.4435 -0.03805584 -0.02438419 -0.02001895 -0.04239649 -0.037108794 -0.02569361 -0.017922169 -0.04217122
0.444 -0.0384211 -0.02503676 -0.02073886 -0.04269254 -0.037437912 -0.026316483 -0.01867433 -0.042475462
0.4445 -0.03878133 -0.02567806 -0.02144675 -0.0429846 -0.03776174 -0.026926372 -0.019414106 -0.04277465
0.445 -0.03913661 -0.026308299999999996 -0.02214283 -0.04327273 -0.038080394 -0.027523529 -0.020141723 -0.04306888
0.4455 -0.039487 -0.02692769 -0.0228273 -0.04355699 -0.03839397 -0.028108234 -0.020857396 -0.043358207
0.446 -0.03983257 -0.02753642 -0.02350036 -0.04383744 -0.038702596 -0.028680729 -0.021561325 -0.043642793
0.4465 -0.04017339 -0.02813471 -0.02416221 -0.04411411 -0.03900642 -0.029241292 -0.0222537 -0.04392268
0.447 -0.04050951 -0.02872273 -0.02481304 -0.04438708 -0.039305516 -0.029790146 -0.022934716 -0.04419797
0.4475 -0.04084102 -0.02930069 -0.02545303 -0.04465638 -0.039599996 -0.030327547 -0.023604581 -0.044468775
0.44799999999999995 -0.04116796 -0.02986876 -0.02608239 -0.04492208 -0.039889976 -0.030853746 -0.024263468 -0.04473516
0.4485 -0.04149041 -0.03042712 -0.02670128 -0.04518422 -0.04017557 -0.031368967 -0.024911568 -0.044997256
0.449 -0.04180842 -0.03097597 -0.02730988 -0.04544285 -0.040456895 -0.03187345 -0.025549052 -0.045255102
0.4495 -0.04212206 -0.03151547 -0.02790839 -0.04569802 -0.040734038 -0.03236743 -0.026176129 -0.045508802
0.45 -0.04243139 -0.03204579 -0.02849696 -0.04594978 -0.041007094 -0.032851133 -0.02679295 -0.04575845
0.4505 -0.04273647 -0.03256711 -0.02907577 -0.04619818 -0.04127618 -0.03332482 -0.02739972 -0.046004135
0.451 -0.04303736 -0.03307958 -0.02964498 -0.04644326 -0.04154139 -0.033788666 -0.027996613 -0.04624591
0.4515 -0.04333411 -0.03358337 -0.03020477 -0.04668507 -0.041802805 -0.034242902 -0.028583774 -0.046483897
0.452 -0.04362678 -0.03407864 -0.03075529 -0.04692366 -0.04206055 -0.034687772 -0.02916138 -0.046718165
0.4525 -0.04391543 -0.03456555 -0.0312967 -0.04715906 -0.04231469 -0.03512344 -0.029729612 -0.046948776
0.45299999999999996 -0.04420012 -0.03504424 -0.03182915 -0.04739133 -0.04256534 -0.035550147 -0.03028861 -0.047175843
0.4535 -0.044480900000000004 -0.03551486 -0.03235281 -0.04762051 -0.042812567 -0.03596811 -0.030838571 -0.047399398
0.45399999999999996 -0.04475782 -0.03597757 -0.03286782 -0.04784664 -0.043056466 -0.0363775 -0.031379625 -0.047619544
0.4545 -0.04503094 -0.0364325 -0.03337433 -0.04806976 -0.04329714 -0.036778543 -0.031911932 -0.047836363
0.455 -0.04530031 -0.03687979 -0.03387249 -0.04828992 -0.04353466 -0.03717145 -0.032435663 -0.04804991
0.4555 -0.04556598 -0.037319599999999994 -0.03436243 -0.04850715 -0.043769117 -0.0375564 -0.032950975 -0.048260294
0.456 -0.04582801 -0.03775204 -0.03484431 -0.04872149 -0.04400059 -0.037933555 -0.033457987 -0.048467547
0.4565 -0.04608645 -0.03817725 -0.03531825 -0.04893299 -0.044229154 -0.03830315 -0.033956878 -0.04867176
0.457 -0.04634133 -0.03859536 -0.03578439 -0.04914169 -0.044454884 -0.03866535 -0.034447767 -0.048872985
0.4575 -0.04659273 -0.03900651 -0.03624287 -0.04934762 -0.044677842 -0.039020337 -0.03493083 -0.049071305
0.45799999999999996 -0.04684067 -0.0394108 -0.03669381 -0.04955082 -0.044898152 -0.0393683 -0.035406183 -0.049266763
0.4585 -0.04708522 -0.03980838 -0.03713735 -0.04975132 -0.04511585 -0.03970941 -0.035873976 -0.049459472
0.45899999999999996 -0.04732641 -0.04019935 -0.03757362 -0.04994918 -0.04533101 -0.040043857 -0.03633433 -0.04964946
0.4595 -0.047564300000000004 -0.04058384 -0.03800272 -0.05014441 -0.045543723 -0.04037179 -0.036787413 -0.049836777
0.46 -0.04779893 -0.04096196 -0.0384248 -0.05033706 -0.04575404 -0.040693413 -0.03723333 -0.05002152
0.4605 -0.04803035 -0.04133383 -0.03883997 -0.05052716 -0.045962032 -0.04100886 -0.037672237 -0.050203744
0.461 -0.04825859 -0.04169955 -0.03924834 -0.05071476 -0.046167754 -0.04131829 -0.038104236 -0.050383486
0.4615 -0.04848371 -0.04205924 -0.03965003 -0.05089987 -0.046371292 -0.0416219 -0.038529463 -0.05056081
0.462 -0.04870575 -0.042413 -0.04004516 -0.05108254 -0.046572685 -0.041919842 -0.03894806 -0.05073578
0.4625 -0.04892475 -0.04276094 -0.04043383 -0.051262800000000004 -0.046771996 -0.042212248 -0.039360136 -0.050908454
0.46299999999999997 -0.04914076 -0.04310316 -0.04081616 -0.05144068 -0.046969306 -0.042499293 -0.039765794 -0.051078863
0.4635 -0.0493538 -0.04343976 -0.04119226 -0.05161621 -0.047164645 -0.04278113 -0.04016517 -0.051247083
0.46399999999999997 -0.04956394 -0.04377085 -0.04156223 -0.05178943 -0.047358096 -0.043057874 -0.04055839 -0.051413164
0.4645 -0.0497712 -0.04409651 -0.04192617 -0.05196037 -0.047549687 -0.043329723 -0.040945552 -0.051577143
0.465 -0.04997562 -0.04441684 -0.04228419 -0.05212905 -0.047739513 -0.043596804 -0.04132679 -0.05173908
0.4655 -0.05017726 -0.04473194 -0.04263638 -0.05229552 -0.047927577 -0.043859236 -0.041702185 -0.051898994
0.466 -0.05037613 -0.0450419 -0.04298286 -0.05245979 -0.048113964 -0.04411718 -0.042071868 -0.05205699
0.4665 -0.05057229 -0.04534681 -0.0433237 -0.05262191 -0.048298694 -0.04437078 -0.042435944 -0.052213058
0.467 -0.05076577 -0.04564676 -0.04365902 -0.05278189 -0.04848182 -0.044620156 -0.04279451 -0.052367274
0.4675 -0.05095661 -0.04594183 -0.04398889 -0.05293977 -0.0486634 -0.04486542 -0.04314767 -0.052519657
0.46799999999999997 -0.05114484 -0.04623212 -0.04431342 -0.05309557 -0.0488435 -0.045106728 -0.043495525 -0.05267026
0.4685 -0.05133051 -0.04651769 -0.0446327 -0.05324933 -0.049022116 -0.04534421 -0.04383818 -0.052819125
0.469 -0.05151364 -0.04679864 -0.04494681 -0.05340107 -0.049199313 -0.04557798 -0.04417573 -0.052966297
0.4695 -0.05169427 -0.04707504 -0.04525584 -0.05355081 -0.049375128 -0.04580817 -0.044508256 -0.05311179
0.47 -0.05187244 -0.04734698 -0.04555988 -0.05369859 -0.049549617 -0.046034887 -0.04483587 -0.053255685
0.4705 -0.05204817 -0.04761453 -0.04585901 -0.05384444 -0.049722776 -0.04625825 -0.04515865 -0.053397972
0.47100000000000003 -0.05222152 -0.04787777 -0.04615331 -0.05398837 -0.049894687 -0.046478383 -0.04547669 -0.053538702
0.4715 -0.052392499999999995 -0.04813677 -0.04644286 -0.05413041 -0.050065357 -0.046695385 -0.04579009 -0.053677917
0.47200000000000003 -0.05256115 -0.04839161 -0.04672775 -0.0542706 -0.05023483 -0.046909384 -0.04609891 -0.053815648
0.4725 -0.0527275 -0.04864235 -0.04700806 -0.05440895 -0.050403118 -0.047120478 -0.04640326 -0.053951908
0.473 -0.05289159 -0.04888907 -0.04728386 -0.05454548 -0.050570276 -0.047328763 -0.04670321 -0.054086752
0.4735 -0.05305344 -0.04913184 -0.04755522 -0.05468023 -0.050736327 -0.047534354 -0.046998814 -0.054220203
0.474 -0.05321309 -0.04937072 -0.04782222 -0.05481322 -0.050901294 -0.04773732 -0.04729018 -0.054352276
0.4745 -0.05337057 -0.04960578 -0.04808494 -0.05494446 -0.05106521 -0.047937814 -0.04757738 -0.054482996
0.475 -0.0535259 -0.04983709 -0.04834344 -0.05507399 -0.051228076 -0.048135888 -0.047860473 -0.054612428
0.4755 -0.05367912 -0.05006471 -0.04859781 -0.05520183 -0.05138994 -0.04833164 -0.048139557 -0.054740544
0.47600000000000003 -0.05383026 -0.05028871 -0.04884809 -0.055327999999999995 -0.05155084 -0.048525184 -0.04841467 -0.05486741
0.4765 -0.05397935 -0.05050914 -0.04909438 -0.05545252 -0.05171074 -0.04871656 -0.048685893 -0.05499305
0.47700000000000004 -0.0541264 -0.05072606 -0.04933672 -0.05557541 -0.051869713 -0.048905905 -0.048953302 -0.055117447
0.4775 -0.05427146 -0.05093955 -0.04957519 -0.0556967 -0.05202776 -0.049093287 -0.04921698 -0.055240653
0.478 -0.05441455 -0.05114964 -0.04980985 -0.0558164 -0.05218489 -0.04927875 -0.049476914 -0.0553627
0.4785 -0.0545557 -0.05135641 -0.05004077 -0.05593455 -0.052341126 -0.049462404 -0.04973325 -0.055483576
0.479 -0.05469493 -0.05155991 -0.05026801 -0.05605115 -0.05249647 -0.04964431 -0.049985975 -0.055603348
0.4795 -0.05483227 -0.05176019 -0.05049163 -0.05616623 -0.052650947 -0.049824532 -0.05023519 -0.055721976
0.48 -0.05496774 -0.05195731 -0.05071169 -0.05627981 -0.05280458 -0.05000318 -0.050480954 -0.05583951
0.4805 -0.05510138 -0.05215132 -0.05092825 -0.05639191 -0.052957356 -0.05018026 -0.0507233 -0.05595596
0.48100000000000004 -0.05523321 -0.05234228 -0.05114137 -0.05650255 -0.05310931 -0.050355878 -0.05096226 -0.05607135
0.4815 -0.05536325 -0.05253023 -0.0513511 -0.05661175 -0.053260405 -0.05053006 -0.05119793 -0.056185685
0.48200000000000004 -0.05549152 -0.05271522 -0.051557500000000006 -0.05671953 -0.05341068 -0.050702896 -0.05143033 -0.056298982
0.4825 -0.05561806 -0.05289732 -0.05176063 -0.05682591 -0.053560153 -0.050874434 -0.051659502 -0.056411274
0.483 -0.05574288 -0.05307655 -0.05196054 -0.0569309 -0.0537088 -0.051044695 -0.051885515 -0.05652255
0.4835 -0.05586602 -0.05325298 -0.05215729 -0.05703452 -0.053856626 -0.051213756 -0.0521084 -0.05663283
0.484 -0.05598748 -0.05342665 -0.05235092 -0.05713680000000001 -0.054003656 -0.051381674 -0.052328184 -0.056742128
0.4845 -0.0561073 -0.0535976 -0.0525415 -0.05723775 -0.054149866 -0.05154846 -0.052544914 -0.056850437
0.485 -0.0562255 -0.05376588 -0.05272906 -0.05733738 -0.054295264 -0.05171417 -0.052758634 -0.056957804
0.4855 -0.05634209999999999 -0.05393154 -0.05291366 -0.05743572 -0.054439846 -0.051878855 -0.052969366 -0.057064235
0.486 -0.05645713 -0.05409462 -0.05309535 -0.05753278 -0.05458363 -0.0520425 -0.053177178 -0.057169713
0.4865 -0.05657059 -0.05425515 -0.05327418 -0.05762859 -0.05472659 -0.05220519 -0.05338206 -0.057274245
0.48700000000000004 -0.05668253 -0.054413199999999995 -0.05345019 -0.05772314 -0.05486872 -0.052366935 -0.053584076 -0.057377845
0.4875 -0.05679295 -0.05456878 -0.05362343 -0.05781647 -0.05501001 -0.052527763 -0.05378323 -0.05748056
0.488 -0.05690188 -0.05472196 -0.05379394 -0.05790859 -0.05515048 -0.052687686 -0.053979576 -0.05758236
0.4885 -0.05700934 -0.05487275 -0.05396178 -0.05799952 -0.055290073 -0.052846733 -0.054173127 -0.057683237
0.489 -0.05711535 -0.05502122 -0.05412698 -0.05808926 -0.05542884 -0.053004924 -0.05436393 -0.057783224
0.4895 -0.05721992 -0.05516738 -0.05428959 -0.05817784 -0.055566736 -0.053162254 -0.05455196 -0.057882324
0.49 -0.05732309 -0.05531129 -0.05444966 -0.05826527 -0.05570374 -0.053318772 -0.0547373 -0.05798053
0.4905 -0.05742486 -0.05545298 -0.05460721 -0.05835157 -0.055839866 -0.053474452 -0.054919936 -0.058077864
0.491 -0.05752526 -0.05559248 -0.05476230000000001 -0.05843675 -0.05597511 -0.05362933 -0.055099927 -0.058174312
0.4915 -0.05762431 -0.05572983 -0.05491496 -0.05852082 -0.05610942 -0.053783387 -0.05527725 -0.058269896
0.49200000000000005 -0.05772202 -0.05586507 -0.05506524 -0.05860381 -0.056242824 -0.053936634 -0.05545196 -0.0583646
0.4925 -0.05781841 -0.05599823 -0.05521317 -0.05868572 -0.056375258 -0.054089107 -0.055624068 -0.05845842
0.493 -0.05791351 -0.05612935 -0.05535879 -0.05876657 -0.056506764 -0.05424074 -0.05579357 -0.058551386
0.4935 -0.05800732 -0.05625845 -0.05550215 -0.05884638 -0.056637287 -0.054391555 -0.055960506 -0.0586435
0.494 -0.05809987 -0.05638558 -0.05564327 -0.05892515 -0.056766834 -0.054541565 -0.05612491 -0.058734722
0.4945 -0.05819117 -0.05651075 -0.05578219 -0.0590029 -0.056895375 -0.05469075 -0.05628676 -0.058825087
0.495 -0.05828125 -0.05663402 -0.05591895 -0.05907965 -0.057022892 -0.05483908 -0.056446083 -0.058914594
0.4955 -0.05837011 -0.0567554 -0.05605359 -0.0591554 -0.057149377 -0.05498656 -0.056602918 -0.059003226
0.496 -0.05845778 -0.05687492 -0.05618613 -0.05923017 -0.05727481 -0.05513317 -0.05675728 -0.059090998
0.4965 -0.05854427 -0.05699262 -0.05631662 -0.05930398 -0.057399184 -0.055278912 -0.056909166 -0.059177898
0.49700000000000005 -0.0586296 -0.05710853 -0.05644509 -0.05937683 -0.05752247 -0.05542375 -0.05705858 -0.059263933
0.4975 -0.05871378 -0.05722268 -0.05657156 -0.05944875 -0.05764464 -0.05556769 -0.057205558 -0.059349112
0.498 -0.05879683 -0.05733509 -0.05669608 -0.05951973 -0.057765692 -0.05571069 -0.05735012 -0.059433408
0.4985 -0.05887876 -0.05744579 -0.05681867 -0.05958979 -0.057885624 -0.055852715 -0.05749225 -0.059516832
0.499 -0.05895959 -0.05755481 -0.05693937 -0.05965896 -0.058004376 -0.05599376 -0.057632007 -0.059599392
0.4995 -0.05903934 -0.05766217 -0.057058199999999996 -0.05972722 -0.058121957 -0.05613382 -0.05776936 -0.059681058
