0.0 -0.065 -0.065 -0.065 -0.065 -0.06363051 -0.05393183 -0.056022126 -0.06327255
0.0005 -0.06496868 -0.06466818 -0.05211052 -0.06497755 -0.061938975 -0.056283247 -0.04894966 -0.06306988
0.001 -0.06482572 -0.06364513 -0.03779539 -0.06490687 -0.060558464 -0.05781321 -0.040879108 -0.062829636
0.0015 -0.06460914 -0.06214766 -0.02563775 -0.06481113 -0.059442658 -0.058369577 -0.032194056 -0.06258168
0.002 -0.06435641 -0.06033459 -0.01495891 -0.0646948 -0.058542415 -0.058097858 -0.023048107 -0.06232957
0.0025 -0.06408281 -0.05829973 -0.005030215 -0.06455873 -0.057812132 -0.057151906 -0.013556555 -0.06207204
0.003 -0.06379263 -0.05609721 0.004536376 -0.06440293 -0.05721721 -0.05566041 -0.0038151592 -0.061810877
0.0035 -0.06347939 -0.05376289 0.01395044 -0.0642226 -0.056726873 -0.053735077 0.006097976 -0.061545692
0.004 -0.06314459 -0.05131977 0.02331429 -0.0640192 -0.056315787 -0.051467806 0.016118985 -0.06127598
0.0045 -0.06279534 -0.04878453 0.03266688 -0.06379817 -0.055963323 -0.04893394 0.026196357 -0.06100114
0.005 -0.06243376 -0.04617013 0.04202088 -0.06356144 -0.055652842 -0.04619474 0.036288958 -0.060720574
0.0055 -0.06205924 -0.04348725 0.05135926 -0.06330919 -0.055370994 -0.043299586 0.046364184 -0.06043368
0.006 -0.06166056 -0.04074664 0.06058952 -0.06303568 -0.05510713 -0.040288135 0.05639637 -0.060139876
0.0065 -0.06123975 -0.03795887 0.06979726 -0.06274421 -0.054852817 -0.037191965 0.066365555 -0.059838615
0.007 -0.06080582 -0.03513072 0.07901562 -0.06243845 -0.054601412 -0.03403628 0.07625617 -0.059529416
0.0075 -0.06036184 -0.0322672 0.08824016 -0.06211934 -0.054347675 -0.030840907 0.08605653 -0.059211794
0.008 -0.05990771 -0.02937286 0.09745565 -0.06178703 -0.054087542 -0.027621537 0.09575762 -0.05888534
0.0085 -0.05944239 -0.02645219 0.1066457 -0.06144148 -0.053817872 -0.024390489 0.10535289 -0.05854969
0.009 -0.05896488 -0.02350963 0.1157958 -0.06108271 -0.05353624 -0.021157354 0.11483751 -0.058204506
0.0095 -0.05847448 -0.02054957 0.1248943 -0.06071077 -0.053242885 -0.017928783 0.12420814 -0.057851274
0.01 -0.05797083 -0.01757621 0.1339319 -0.06032577 -0.052934285 -0.014711596 0.1334625 -0.05748794
0.0105 -0.05745379 -0.01459353 0.1429013 -0.05992788 -0.052609455 -0.011510249 0.14259931 -0.057114296
0.011 -0.0569234 -0.01160522 0.151797 -0.05951731 -0.052267708 -0.00832814 0.15161785 -0.05673019
0.0115 -0.05637981 -0.008614688 0.1606144 -0.05909428 -0.051908568 -0.0051678047 0.16051812 -0.056335475
0.012 -0.05582321 -0.005625044 0.1693501 -0.05865902 -0.05153176 -0.0020311624 0.16930039 -0.055930052
0.0125 -0.05525386 -0.002639111 0.1780013 -0.0582118 -0.051137127 0.0010804012 0.17796531 -0.055513848
0.013 -0.054672 0.0003405551 0.1865654 -0.05775288 -0.05072466 0.0041658133 0.18651365 -0.05508682
0.0135 -0.05407784 0.003312703 0.1950407 -0.05728241 -0.050294414 0.0072243586 0.1949465 -0.05464895
0.014 -0.0534714 0.006276146 0.2034256 -0.05680043 -0.04984652 0.01025559 0.20326495 -0.054200232
0.0145 -0.05285299 0.009228366 0.2117187 -0.05630686 -0.049381144 0.013259187 0.21147025 -0.05374068
0.015 -0.05222275 0.01216812 0.2199188 -0.05580099 -0.048898537 0.01623492 0.2195637 -0.05327036
0.0155 -0.05158098 0.01509222 0.2280247 -0.05528456 -0.048398934 0.019182742 0.22754651 -0.052789304
0.016 -0.05092807 0.01799847 0.236035 -0.05475815 -0.04788264 0.022102594 0.23542008 -0.052297603
0.0165 -0.05026443 0.02088535 0.2439493 -0.05422222 -0.047349945 0.024994567 0.24318576 -0.051795345
0.017 -0.04959044 0.02375174 0.251767 -0.05367713 -0.04680116 0.027858742 0.25084484 -0.051282622
0.0175 -0.04890637 0.02659678 0.2594876 -0.05312306 -0.046236634 0.030695163 0.25839862 -0.05075956
0.018 -0.04821245 0.02941974 0.2671109 -0.05256017 -0.045656662 0.03350401 0.26584846 -0.050226275
0.0185 -0.04750884 0.03222002 0.2746365 -0.05198861 -0.045061614 0.036285378 0.27319562 -0.049682904
0.019 -0.04679571 0.03499706 0.2820644 -0.05140853 -0.04445183 0.039039366 0.28044134 -0.049129605
0.0195 -0.04607323 0.03775036 0.2893943 -0.0508201 -0.043827653 0.04176616 0.28758684 -0.048566524
0.02 -0.04534156 0.04047947 0.2966263 -0.05022348 -0.043189406 0.044465862 0.29463342 -0.0479938
0.0205 -0.04460089 0.04318397 0.3037606 -0.04961886 -0.04253745 0.047138594 0.30158213 -0.047411624
0.021 -0.04385177 0.04585802 0.3104648 -0.04900722 -0.04187211 0.049784526 0.3084342 -0.046820145
0.0215 -0.04309751 0.04847122 0.3165849 -0.04839146 -0.041193735 0.052403726 0.31519076 -0.046219546
0.022 -0.04233743 0.05103035 0.3228336 -0.04776882 -0.040502645 0.05499632 0.321853 -0.045609996
0.0225 -0.041569 0.05355483 0.329297 -0.04713825 -0.03979916 0.05756244 0.3284219 -0.044991672
0.023 -0.04079104 0.05605862 0.3358926 -0.04649975 -0.039083637 0.060102135 0.33489862 -0.04436477
0.0235 -0.04000348 0.05854885 0.3425277 -0.04585355 -0.038356364 0.06261559 0.34128422 -0.043729458
0.024 -0.03920676 0.06102772 0.3491344 -0.04519995 -0.03761766 0.065102845 0.34757966 -0.04308592
0.0245 -0.03840145 0.06349461 0.3556704 -0.04453923 -0.036867827 0.06756406 0.3537861 -0.042434335
0.025 -0.03758807 0.06594754 0.3621122 -0.04387165 -0.036107183 0.0699993 0.35990447 -0.041774895
0.0255 -0.03676706 0.06838403 0.368448 -0.04319748 -0.035336033 0.072408654 0.36593577 -0.04110779
0.026 -0.03593877 0.07080166 0.3746734 -0.04251693 -0.03455465 0.07479223 0.37188098 -0.040433187
0.0265 -0.03510398 0.07319795 0.3807679 -0.04183031 -0.033763334 0.07715013 0.37774113 -0.039751284
0.027 -0.03426435 0.07556744 0.386655 -0.04113826 -0.032962374 0.0794824 0.3835171 -0.039062258
0.0275 -0.03341865 0.07790515 0.3923612 -0.04044054 -0.032152034 0.08178925 0.38920993 -0.038366288
0.028 -0.03256625 0.0802093 0.3979388 -0.03973712 -0.031332586 0.08407063 0.39482042 -0.037663557
0.0285 -0.03170709 0.08248037 0.4034264 -0.03902816 -0.030504305 0.08632683 0.40034965 -0.036954235
0.029 -0.03084134 0.08472002 0.4088457 -0.03831381 -0.02966746 0.0885578 0.40579847 -0.03623851
0.0295 -0.02996919 0.08693023 0.4142062 -0.03759423 -0.02882227 0.090763725 0.41116777 -0.035516538
0.03 -0.02909087 0.08911286 0.4195106 -0.03686957 -0.027969018 0.09294469 0.41645852 -0.0347885
0.0305 -0.02820659 0.09126947 0.4247573 -0.03613997 -0.027107932 0.0951008 0.42167154 -0.03405456
0.031 -0.0273165 0.09340126 0.4299435 -0.03540546 -0.026239246 0.097232215 0.42680785 -0.03331488
0.0315 -0.0264207 0.09550907 0.4350658 -0.03466606 -0.0253632 0.099339046 0.43186823 -0.032569624
0.032 -0.02551941 0.09759315 0.4401206 -0.03392202 -0.02448 0.10142144 0.43685362 -0.03181895
0.0325 -0.02461288 0.09965374 0.4451052 -0.03317377 -0.023589902 0.1034795 0.44176486 -0.031063013
0.033 -0.02370127 0.1016912 0.4500179 -0.03242131 -0.022693098 0.10551339 0.44660285 -0.03030197
0.0335 -0.02278472 0.1037057 0.4548576 -0.03166479 -0.021789804 0.107523225 0.45136842 -0.029535975
0.034 -0.02186342 0.1056969 0.4596226 -0.03090469 -0.020880226 0.10950913 0.45606247 -0.028765164
0.0345 -0.02093748 0.1076648 0.4643128 -0.03014063 -0.019964568 0.11147135 0.46068582 -0.027989697
0.035 -0.02000692 0.1096097 0.4689285 -0.02937255 -0.01904302 0.11340996 0.46523944 -0.027209703
0.0355 -0.01907183 0.1115316 0.4734701 -0.02860056 -0.018115766 0.11532519 0.46972403 -0.026425317
0.036 -0.01813234 0.1134305 0.477938 -0.0278248 -0.017182998 0.117217146 0.47414055 -0.02563668
0.0365 -0.01718857 0.1153065 0.4823326 -0.02704538 -0.016244896 0.119086035 0.4784898 -0.02484392
0.037 -0.01624061 0.1171595 0.4866547 -0.02626242 -0.015301645 0.120931976 0.4827725 -0.024047181
0.0375 -0.01528858 0.1189896 0.490905 -0.02547601 -0.014353402 0.12275515 0.48698965 -0.023246571
0.038 -0.01433263 0.1207967 0.4950844 -0.02468317 -0.013398163 0.124555014 0.4911419 -0.022440396
0.0385 -0.01337761 0.1225815 0.499186 -0.02386255 -0.012438357 0.1263327 0.49523035 -0.021630641
0.039 -0.01242263 0.1243434 0.5032144 -0.02304534 -0.011474125 0.12808838 0.4992557 -0.020817421
0.0395 -0.01146247 0.1260822 0.5071778 -0.0222343 -0.010505617 0.1298222 0.50321877 -0.020000856
0.04 -0.01049578 0.1277983 0.5110783 -0.02142665 -0.009532958 0.13153437 0.5071204 -0.019181047
0.0405 -0.009523072 0.1294918 0.514916 -0.02062022 -0.008556299 0.133225 0.5109613 -0.018358104
0.041 -0.008545262 0.1311632 0.5186909 -0.01981358 -0.0075757727 0.13489434 0.5147425 -0.017532129
0.0415 -0.007563152 0.1328127 0.5224032 -0.01900579 -0.006591499 0.13654253 0.51846445 -0.01670321
0.042 -0.00657734 0.1344406 0.5260535 -0.01819626 -0.0056036115 0.13816983 0.5221281 -0.015871461
0.0425 -0.005588232 0.1360472 0.5296425 -0.01738464 -0.0046122447 0.13977638 0.5257343 -0.015036974
0.043 -0.004596076 0.1376328 0.5331709 -0.01657066 -0.0036175177 0.14136246 0.52928376 -0.014199823
0.0435 -0.00360104 0.1391975 0.5366397 -0.0157542 -0.0026195273 0.14292821 0.5327772 -0.01336012
0.044 -0.002603239 0.1407416 0.5400499 -0.01493518 -0.0016184077 0.14447388 0.5362155 -0.012517929
0.0445 -0.001602802 0.1422653 0.5434025 -0.01411362 -0.00061427057 0.14599973 0.53959936 -0.011673354
0.045 -0.0006040042 0.1437696 0.5466981 -0.0132919 0.00039278716 0.14750588 0.54292953 -0.010826465
0.0455 0.0003927798 0.1452544 0.5499376 -0.01246964 0.0014026389 0.14899266 0.54620683 -0.009977348
0.046 0.001392741 0.1467196 0.5531224 -0.01164476 0.0024152026 0.15046015 0.54943186 -0.009126086
0.0465 0.002397973 0.1481653 0.5562537 -0.01081674 0.003430359 0.1519087 0.5526055 -0.008272741
0.047 0.003408363 0.1495915 0.5593325 -0.009985587 0.0044480413 0.15333846 0.5557285 -0.0074173883
0.0475 0.004423091 0.1509987 0.5623597 -0.009151485 0.0054681376 0.15474972 0.55880153 -0.006560102
0.048 0.005441323 0.1523871 0.5653362 -0.008314623 0.0064905584 0.15614265 0.56182534 -0.005700942
0.0485 0.006462258 0.1537571 0.5682627 -0.007475316 0.007515222 0.15751755 0.56480074 -0.0048399717
0.049 0.007480097 0.1551094 0.5711396 -0.006636832 0.008542046 0.15887457 0.5677283 -0.003977269
0.0495 0.00849558 0.156444 0.5739676 -0.005797567 0.009570934 0.160214 0.57060874 -0.0031128973
0.05 0.009514319 0.1577609 0.5767482 -0.004955546 0.010601826 0.16153604 0.5734428 -0.0022469014
0.0505 0.01053266 0.1589767 0.5790867 -0.004113913 0.011634633 0.16284087 0.5762312 -0.0013793483
0.051 0.01153867 0.159676 0.5805126 -0.003273095 0.012669288 0.16412881 0.5789746 -0.00051029027
0.0515 0.01254463 0.1601916 0.5821945 -0.002429559 0.013705708 0.16540003 0.58167374 0.00036020577
0.052 0.01356004 0.1607437 0.5843192 -0.001582379 0.014743827 0.1666548 0.58432925 0.0012320951
0.0525 0.01458618 0.161427 0.5867659 -0.0007318374 0.015783586 0.16789332 0.5869418 0.002105333
0.053 0.01562106 0.1622657 0.5893876 0.0001216795 0.016824909 0.16911584 0.589512 0.0029798746
0.0535 0.01665774 0.1632487 0.5920681 0.0009776599 0.017867751 0.17032254 0.59204066 0.0038556457
0.054 0.01769136 0.1643499 0.594737 0.001835463 0.018912025 0.17151368 0.59452826 0.0047326237
0.0545 0.01872968 0.1655398 0.5973706 0.002695384 0.019957684 0.17268944 0.59697556 0.0056107417
0.055 0.0197742 0.1667911 0.5999532 0.003557424 0.02100467 0.17385012 0.5993831 0.0064899772
0.0555 0.02082365 0.1680803 0.6024758 0.004421411 0.022052936 0.17499587 0.60175157 0.007370293
0.056 0.02187641 0.1693881 0.6049354 0.00528717 0.023102418 0.17612696 0.60408163 0.008251622
0.0565 0.02293122 0.1706996 0.6073326 0.006154537 0.024153084 0.17724365 0.60637385 0.009133935
0.057 0.02398728 0.1720039 0.6096698 0.007023386 0.025204845 0.17834601 0.60862875 0.010017194
0.0575 0.02503919 0.1728993 0.611936 0.007892648 0.026257694 0.17943439 0.6108472 0.010901377
0.058 0.02608331 0.1734822 0.6141207 0.008761715 0.027311556 0.18050897 0.61302936 0.0117864385
0.0585 0.02712982 0.174052 0.6162506 0.009632107 0.02836641 0.18156993 0.61517626 0.012672335
0.059 0.02818154 0.1747261 0.6183403 0.01050412 0.029422201 0.18261752 0.6172883 0.013559043
0.0595 0.0292379 0.1755378 0.6203961 0.01137768 0.030478872 0.18365192 0.61936593 0.014446527
0.06 0.0302976 0.1764799 0.6224205 0.01225266 0.031536393 0.1846734 0.6214099 0.01533474
0.0605 0.03135957 0.1775287 0.6244145 0.01312893 0.032594748 0.18568212 0.6234207 0.016223684
0.061 0.03242305 0.1786561 0.6263782 0.01400639 0.033653885 0.18667826 0.6253989 0.01711332
0.0615 0.03348757 0.1798352 0.6283116 0.01488495 0.034713738 0.18766204 0.62734497 0.018003598
0.062 0.03455288 0.1810431 0.6302147 0.01576454 0.035774298 0.18863368 0.6292595 0.018894494
0.0625 0.03561886 0.1822617 0.6320875 0.01664511 0.036835536 0.18959337 0.63114303 0.019786
0.063 0.03668545 0.1834768 0.6339303 0.01752659 0.0378974 0.19054133 0.6329961 0.02067808
0.0635 0.03775136 0.1846785 0.6357431 0.01840921 0.038959876 0.19147769 0.63481915 0.021570712
0.064 0.03880918 0.1858596 0.6375256 0.01929219 0.040022917 0.19240269 0.6366128 0.022463858
0.0645 0.03986479 0.1870155 0.6392783 0.02017423 0.041086495 0.19331652 0.6383775 0.023357518
0.065 0.04092434 0.1881434 0.6410028 0.02105652 0.042150594 0.19421941 0.64011365 0.024251655
0.0655 0.04198901 0.1892421 0.6426996 0.02193971 0.043215178 0.19511148 0.641822 0.025146246
0.066 0.04305778 0.1903111 0.6443694 0.02282387 0.044280224 0.19599292 0.6435028 0.026041284
0.0665 0.04412933 0.1913508 0.6460125 0.02370902 0.0453457 0.19686389 0.64515656 0.026936725
0.067 0.04520263 0.1923623 0.6476294 0.02459513 0.046411596 0.19772464 0.6467839 0.027832568
0.0675 0.04627645 0.1933468 0.6492205 0.02548157 0.04747785 0.19857526 0.648385 0.028728783
0.068 0.04734099 0.1943053 0.6507842 0.02636169 0.048544474 0.19941601 0.6499605 0.029625349
0.0685 0.04839941 0.1952392 0.652321 0.02724003 0.049611434 0.20024705 0.65151095 0.030522257
0.069 0.04946061 0.1961505 0.6538337 0.02812044 0.050678708 0.20106843 0.6530366 0.031419486
0.0695 0.05052723 0.1970409 0.6553229 0.02900076 0.05174627 0.20188051 0.6545379 0.032317013
0.07 0.05159807 0.1979112 0.6567881 0.02988059 0.052814104 0.20268327 0.6560154 0.033214822
0.0705 0.05267224 0.1987633 0.6582308 0.03076297 0.053882174 0.20347697 0.6574695 0.0341129
0.071 0.05374898 0.199599 0.6596522 0.03164819 0.054950483 0.20426178 0.65890044 0.035011224
0.0715 0.05482749 0.2004197 0.6610527 0.03253588 0.056018993 0.20503786 0.6603088 0.035909787
0.072 0.05590717 0.2012264 0.6624326 0.03342559 0.057087705 0.2058053 0.66169494 0.03680858
0.0725 0.05698757 0.20202 0.6637922 0.03431696 0.058156587 0.20656434 0.66305935 0.037707567
0.073 0.05806843 0.2028014 0.6651316 0.03520969 0.059225626 0.20731509 0.66440225 0.038606748
0.0735 0.05914958 0.2035713 0.6664513 0.03610355 0.060294814 0.2080577 0.66572416 0.039506115
0.074 0.06023096 0.2043301 0.6677514 0.03699836 0.061364107 0.20879224 0.6670253 0.040405646
0.0745 0.06131254 0.2050785 0.6690324 0.03789399 0.062433533 0.20951906 0.66830635 0.04130532
0.075 0.0623943 0.2058169 0.6702947 0.03879031 0.063503034 0.21023807 0.66956735 0.04220514
0.0755 0.06347627 0.2065458 0.6715386 0.03968725 0.064572625 0.21094957 0.67080885 0.043105096
0.076 0.06455767 0.2072655 0.6727635 0.04058446 0.06564226 0.21165362 0.6720311 0.044005156
0.0765 0.06561592 0.2079754 0.6739485 0.04147434 0.066711955 0.21235037 0.6732345 0.044905335
0.077 0.06666073 0.2086752 0.6751094 0.04235957 0.06778171 0.21304005 0.6744195 0.04580559
0.0775 0.06771328 0.2093658 0.6762625 0.04324624 0.06885146 0.21372262 0.67558634 0.04670593
0.078 0.06877871 0.2100482 0.6774093 0.04413586 0.06992125 0.21439832 0.6767352 0.04760635
0.0785 0.06985503 0.2107232 0.6785472 0.04502831 0.07099102 0.2150673 0.6778667 0.048506834
0.079 0.07093871 0.2113913 0.6796735 0.04592311 0.072060786 0.2157296 0.67898095 0.049407348
0.0795 0.07202668 0.2120528 0.6807865 0.0468198 0.073130526 0.21638536 0.6800784 0.050307915
0.08 0.07311682 0.2127078 0.6818849 0.047718 0.07420022 0.21703476 0.6811592 0.05120851
0.0805 0.07420778 0.2133565 0.6829685 0.04861739 0.07526987 0.21767789 0.68222374 0.052109122
0.081 0.07529882 0.213999 0.6840369 0.04951774 0.076339476 0.21831483 0.6832724 0.053009734
0.0815 0.07638956 0.2146354 0.6850905 0.05041885 0.07740898 0.21894571 0.68430537 0.053910352
0.082 0.07747983 0.2152656 0.6861294 0.05132059 0.07847843 0.21957073 0.68532306 0.054810956
0.0825 0.07856962 0.2158899 0.6871539 0.05222283 0.07954777 0.22018993 0.68632567 0.055711553
0.083 0.07965897 0.2165083 0.6881643 0.05312549 0.08061705 0.22080338 0.6873135 0.05661212
0.0835 0.08074793 0.2171208 0.689161 0.05402849 0.08168618 0.22141123 0.6882868 0.05751264
0.084 0.08183659 0.2177276 0.6901444 0.05493179 0.0827552 0.2220136 0.6892458 0.058413126
0.0845 0.08292488 0.2183286 0.6911146 0.05583513 0.083824106 0.2226106 0.69019085 0.05931355
0.085 0.0840127 0.2189236 0.6920719 0.05673838 0.08489286 0.22320229 0.6911223 0.06021394
0.0855 0.08510021 0.2195129 0.6930167 0.05764166 0.08596148 0.2237888 0.69204015 0.061114237
0.086 0.08618757 0.2200966 0.6939492 0.05854504 0.08702994 0.22437018 0.6929448 0.06201446
0.0865 0.08727491 0.220675 0.6948697 0.0594291 0.088098235 0.22494662 0.6938366 0.06291461
0.087 0.08836225 0.2212482 0.6957786 0.06025832 0.089166366 0.22551814 0.6947157 0.06381467
0.0875 0.08944956 0.2218164 0.696676 0.06110279 0.09023432 0.22608483 0.6955822 0.064714625
0.088 0.0905369 0.2223797 0.6975621 0.06196764 0.091302104 0.2266469 0.69643664 0.06561448
0.0885 0.09162431 0.2229383 0.6984373 0.06284822 0.09236968 0.2272043 0.697279 0.066514224
0.089 0.09271182 0.2234923 0.6993017 0.06374026 0.09343705 0.22775713 0.69810957 0.06741385
0.0895 0.09379941 0.2240418 0.7001557 0.06464052 0.094504215 0.22830558 0.6989286 0.068313345
0.09 0.09488707 0.2245868 0.7009992 0.06554657 0.09557118 0.22884956 0.69973636 0.069212705
0.0905 0.09597487 0.2251274 0.7018327 0.06645673 0.09663793 0.22938934 0.7005329 0.070111945
0.091 0.09706282 0.2256638 0.7026563 0.06736972 0.09770443 0.22992486 0.7013187 0.07101102
0.0915 0.09814745 0.2261955 0.7034696 0.06828048 0.098770715 0.23045635 0.70209366 0.07190995
0.092 0.09921521 0.2267209 0.7042695 0.06917876 0.099836744 0.2309838 0.7028582 0.07280873
0.0925 0.100278 0.2272408 0.705058 0.07007621 0.100902535 0.2315073 0.70361257 0.07370736
0.093 0.1013467 0.2277562 0.7058382 0.07097747 0.10196809 0.23202688 0.70435673 0.07460579
0.0935 0.1024237 0.2282678 0.7066111 0.07188269 0.10303336 0.23254263 0.705091 0.075504065
0.094 0.1035075 0.2287761 0.7073766 0.07279107 0.10409837 0.23305473 0.7058156 0.07640216
0.0945 0.1045958 0.2292812 0.7081346 0.07370171 0.105163135 0.2335631 0.7065307 0.07730006
0.095 0.1056867 0.2297831 0.7088847 0.07461392 0.106227614 0.23406792 0.7072364 0.07819776
0.0955 0.1067789 0.2302819 0.709627 0.07552714 0.107291795 0.23456919 0.70793295 0.079095274
0.096 0.1078714 0.2307776 0.7103614 0.07644096 0.10835568 0.23506707 0.70862055 0.07999259
0.0965 0.108964 0.23127 0.711088 0.07735509 0.10941929 0.23556146 0.7092993 0.08088969
0.097 0.1100562 0.2317593 0.7118068 0.07826931 0.11048261 0.23605257 0.7099695 0.08178657
0.0975 0.1111481 0.2322454 0.7125179 0.07918346 0.11154563 0.23654047 0.71063125 0.082683235
0.098 0.1122394 0.2327283 0.7132216 0.08008234 0.11260832 0.23702511 0.7112846 0.083579674
0.0985 0.1133297 0.233207 0.7139178 0.08088693 0.113670684 0.23750663 0.71192974 0.084475875
0.099 0.1144189 0.2336818 0.7146066 0.08170232 0.11473275 0.23798507 0.7125669 0.08537185
0.0995 0.1155072 0.2341532 0.7152882 0.08254005 0.1157945 0.23846054 0.71319634 0.086267576
0.1 0.1165947 0.2346217 0.7159629 0.08339575 0.1142715 0.24282384 0.7213223 0.0845588
0.1005 0.1077949 0.2454413 0.7160749 0.07943554 0.11224649 0.25750518 0.72342896 0.082076326
0.101 0.09684013 0.2612536 0.7159245 0.07557016 0.11004243 0.2756449 0.7239035 0.07949005
0.1015 0.08998436 0.2791523 0.7163977 0.07292303 0.10775881 0.29515246 0.7240227 0.076997474
0.102 0.08588557 0.2981162 0.7173386 0.07079726 0.10543702 0.31523085 0.7242114 0.07466319
0.1025 0.08318283 0.3176516 0.7185377 0.06892947 0.103099205 0.33552942 0.7246027 0.072505996
0.103 0.08114557 0.3374859 0.7198767 0.06723893 0.10076041 0.3558682 0.7252233 0.07052767
0.1035 0.07943111 0.3574474 0.7212976 0.06569771 0.0984324 0.3761379 0.7260613 0.06872378
0.104 0.07788489 0.3774154 0.7227716 0.06429277 0.09612521 0.39626274 0.7270923 0.067087546
0.1045 0.07643741 0.3972992 0.7242839 0.06301574 0.0938474 0.41618496 0.72828954 0.06561138
0.105 0.07505689 0.4170279 0.7258255 0.06186002 0.09160637 0.4358592 0.7296273 0.06428754
0.1055 0.0737284 0.4365453 0.7273904 0.06081992 0.089408346 0.4552492 0.7310823 0.06310856
0.106 0.07244437 0.4558067 0.7289744 0.05989025 0.08725854 0.4743262 0.73263407 0.06206706
0.1065 0.07119895 0.4747768 0.7305739 0.05906606 0.0851612 0.4930678 0.73426485 0.06115605
0.107 0.06999125 0.493428 0.7321859 0.05834284 0.08311973 0.5114569 0.7359594 0.0603688
0.1075 0.06882159 0.5117389 0.7338079 0.05771651 0.0811368 0.5294811 0.7377047 0.059699
0.108 0.06768964 0.5296939 0.7354378 0.05718316 0.0792144 0.5471317 0.73948956 0.059140623
0.1085 0.06659482 0.5472814 0.7370737 0.05673908 0.07735399 0.5644035 0.7413047 0.058687992
0.109 0.06553657 0.5644938 0.7387139 0.05638074 0.075556554 0.5812935 0.7431422 0.05833579
0.1095 0.06451438 0.5813264 0.7403568 0.05610478 0.073822625 0.59780157 0.7449953 0.058078922
0.11 0.06352781 0.5977773 0.7420013 0.05590803 0.07215243 0.61392885 0.74685836 0.057912715
0.1105 0.06257649 0.6138464 0.7436461 0.05578745 0.070545934 0.6296782 0.7487266 0.057832696
0.111 0.06166009 0.6295355 0.7452903 0.05574019 0.069002844 0.6450538 0.7505962 0.057834715
0.1115 0.06077828 0.6448477 0.7469328 0.0557635 0.06752271 0.6600606 0.7524637 0.057914823
0.112 0.05993076 0.6597873 0.7485729 0.05585479 0.06610491 0.67470413 0.75432634 0.05806938
0.1125 0.05911725 0.6743595 0.7502098 0.05601157 0.06474874 0.6889909 0.75618196 0.058294944
0.113 0.05833745 0.6885703 0.7518429 0.05623151 0.063453384 0.7029276 0.7580285 0.058588296
0.1135 0.05759109 0.702426 0.7534715 0.05651235 0.062217973 0.7165212 0.75986433 0.05894643
0.114 0.05687781 0.7159336 0.7550952 0.05685194 0.06104154 0.72977906 0.7616882 0.059366472
0.1145 0.05619726 0.7291003 0.7567134 0.05724826 0.05992315 0.74270844 0.7634988 0.05984582
0.115 0.05554918 0.7419336 0.7583258 0.05769935 0.0588618 0.755317 0.76529557 0.060381934
0.1155 0.05493333 0.7544409 0.7599318 0.05820335 0.057856463 0.76761204 0.76707757 0.060972497
0.116 0.05434944 0.7666301 0.7615313 0.0587585 0.05690617 0.7796012 0.7688442 0.061615355
0.1165 0.05379722 0.7785088 0.7631237 0.0593631 0.056009866 0.7912919 0.7705951 0.062308386
0.117 0.05327636 0.7900847 0.764709 0.06001552 0.055166565 0.8026914 0.77232957 0.063049704
0.1175 0.05278654 0.8013655 0.7662867 0.06071423 0.054375254 0.8138071 0.7740477 0.06383748
0.118 0.05232745 0.8123588 0.7678567 0.06145773 0.05363491 0.82464606 0.77574897 0.06466998
0.1185 0.05189875 0.8230721 0.7694187 0.06224374 0.052944593 0.8352154 0.77743334 0.06554566
0.119 0.05150002 0.8335127 0.7709726 0.06306307 0.05230332 0.8455219 0.77910066 0.06646295
0.1195 0.05113079 0.843688 0.7725182 0.06392243 0.051710114 0.8555725 0.780751 0.06742044
0.12 0.05079079 0.8536051 0.7740553 0.06482387 0.051164053 0.86537373 0.78238416 0.068416804
0.1205 0.05047983 0.8632709 0.7755837 0.06576593 0.050664224 0.87493217 0.78400004 0.06945072
0.121 0.05019764 0.8726923 0.7771035 0.06674692 0.050209694 0.88425404 0.785599 0.07052106
0.1215 0.04994394 0.8818759 0.7786144 0.06776526 0.0497996 0.8933455 0.7871807 0.07162665
0.122 0.04971841 0.8908283 0.7801165 0.06881957 0.049433045 0.9022126 0.7887456 0.07276641
0.1225 0.04951907 0.8995544 0.7816085 0.06990168 0.04910919 0.9108615 0.7902936 0.07393934
0.123 0.04934265 0.9080594 0.7830883 0.07100707 0.04882717 0.9192976 0.7918248 0.075144485
0.1235 0.04919184 0.9163507 0.784558 0.07214495 0.048586175 0.9275268 0.7933395 0.07638092
0.124 0.049069 0.9244352 0.7860193 0.07331765 0.04838541 0.9355543 0.7948376 0.07764776
0.1245 0.04897453 0.9323191 0.7874725 0.07452439 0.048224047 0.9433856 0.7963195 0.07894422
0.125 0.0489078 0.9400082 0.7889175 0.07576365 0.048101313 0.9510259 0.79778516 0.080269486
0.1255 0.04886806 0.9475079 0.790354 0.07703393 0.04801646 0.9584803 0.79923487 0.08162278
0.126 0.04885457 0.9548232 0.7917817 0.07833386 0.047968715 0.9657535 0.8006689 0.08300345
0.1265 0.04886669 0.9619594 0.7932004 0.07966224 0.04795734 0.9728506 0.80208725 0.08441073
0.127 0.04890385 0.9689211 0.79461 0.081018 0.047981597 0.9797761 0.80349016 0.08584401
0.1275 0.04896557 0.9757131 0.7960105 0.08240018 0.048040785 0.98653466 0.80487794 0.08730264
0.128 0.04905142 0.98234 0.7974018 0.0838079 0.048134215 0.9931306 0.8062507 0.088786066
0.1285 0.04916101 0.9888062 0.7987838 0.08524034 0.048261173 0.9995684 0.8076087 0.09029363
0.129 0.04929398 0.9951162 0.8001567 0.08669677 0.048420973 1.0058519 0.80895215 0.0918248
0.1295 0.04944999 1.001274 0.8015203 0.08817648 0.048612982 1.0119858 0.8102813 0.093379036
0.13 0.04962871 1.007284 0.8028749 0.08967882 0.048836514 1.0179735 0.8115963 0.09495585
0.1305 0.04982982 1.01315 0.8042203 0.09120317 0.04909093 1.0238193 0.8128973 0.09655467
0.131 0.05005303 1.018877 0.8055566 0.09274894 0.0493756 1.029527 0.8141847 0.098175064
0.1315 0.0502981 1.024467 0.8068839 0.09431559 0.04968992 1.0350999 0.81545866 0.099816546
0.132 0.05056468 1.029924 0.8082022 0.09590259 0.050033227 1.0405418 0.8167193 0.10147862
0.1325 0.05085246 1.035253 0.8095116 0.09750943 0.050404944 1.0458561 0.8179669 0.10316087
0.133 0.05116117 1.040456 0.8108122 0.09913563 0.05080448 1.0510464 0.8192018 0.10486287
0.1335 0.05149046 1.045538 0.8121039 0.1007807 0.051231243 1.056116 0.8204242 0.10658418
0.134 0.05183999 1.050501 0.8133869 0.1024442 0.051684663 1.0610677 0.8216341 0.10832441
0.1345 0.05220942 1.055348 0.8146612 0.1041257 0.05216416 1.0659051 0.822832 0.11008312
0.135 0.05259846 1.060083 0.8159269 0.1058248 0.052669175 1.0706311 0.82401794 0.11185996
0.1355 0.0530068 1.064709 0.817184 0.1075409 0.053199194 1.0752486 0.8251922 0.11365454
0.136 0.05343416 1.069229 0.8184326 0.1092738 0.053753637 1.0797608 0.8263551 0.11546643
0.1365 0.05388025 1.073645 0.8196729 0.1110229 0.054331988 1.08417 0.82750666 0.11729531
0.137 0.05434477 1.077961 0.8209048 0.1127881 0.054933712 1.0884792 0.82864726 0.11914082
0.1375 0.0548259 1.082179 0.8221285 0.1145688 0.0555583 1.0926911 0.829777 0.12100257
0.138 0.05532388 1.086301 0.8233439 0.1163647 0.05620525 1.0968082 0.8308962 0.12288025
0.1385 0.05583967 1.090331 0.8245513 0.1181754 0.056874067 1.100833 0.8320049 0.12477352
0.139 0.05637334 1.09427 0.8257506 0.1200007 0.05756425 1.1047682 0.8331035 0.12668201
0.1395 0.05692465 1.098121 0.8269419 0.1218402 0.05827532 1.1086158 0.83419216 0.12860541
0.14 0.05749327 1.101888 0.8281255 0.1236937 0.05900681 1.1123784 0.83527106 0.13054341
0.1405 0.05807884 1.10557 0.8293012 0.1255606 0.05975824 1.116058 0.8363404 0.13249566
0.141 0.058681 1.109172 0.8304692 0.1274408 0.060529165 1.1196573 0.8374004 0.13446188
0.1415 0.05929919 1.112695 0.8316296 0.1293341 0.061319105 1.1231779 0.8384511 0.13644172
0.142 0.05993108 1.11613 0.8320523 0.1312325 0.062127642 1.1266221 0.8394929 0.13843487
0.1425 0.06056056 1.119413 0.8314264 0.13311 0.06295433 1.1299919 0.8405259 0.14044107
0.143 0.06119443 1.122563 0.8313194 0.1348668 0.06379873 1.1332895 0.8415503 0.14246
0.1435 0.06184639 1.125623 0.8318959 0.136613 0.06466042 1.1365165 0.8425663 0.14449139
0.144 0.06252092 1.128626 0.8329567 0.1384132 0.06553901 1.1396749 0.84357417 0.14653492
0.1445 0.06321222 1.131589 0.8342883 0.1402535 0.06643408 1.1427665 0.8445739 0.14859028
0.145 0.06391641 1.134519 0.8357391 0.1421335 0.067345195 1.1457931 0.84556574 0.15065725
0.1455 0.06463746 1.137416 0.8372208 0.1440578 0.068272 1.1487564 0.8465499 0.15273552
0.146 0.0653775 1.140279 0.8386854 0.1460215 0.0692141 1.1516579 0.84752667 0.15482481
0.1465 0.06613617 1.143104 0.8401097 0.1479995 0.070171095 1.1544997 0.848496 0.15692484
0.147 0.06690939 1.145888 0.8414849 0.1498414 0.071142636 1.1572828 0.8494581 0.15903535
0.1475 0.06769529 1.148628 0.8428101 0.1517254 0.07212832 1.1600091 0.8504132 0.16115607
0.148 0.06849594 1.15132 0.8440889 0.1536792 0.07312781 1.16268 0.8513613 0.16328676
0.1485 0.06931181 1.153965 0.8453266 0.1556895 0.07414078 1.1652969 0.8523028 0.16542713
0.149 0.0701423 1.15656 0.8465286 0.1577432 0.075166814 1.1678615 0.85323775 0.16757695
0.1495 0.07098653 1.159106 0.8477 0.1598302 0.076205604 1.1703748 0.85416627 0.16973595
0.15 0.0718437 1.161601 0.8488453 0.1619427 0.07725266 1.1728402 0.85508996 0.17188676
0.1505 0.07270662 1.164048 0.8499631 0.1639851 0.078270085 1.1752763 0.8560212 0.17387564
0.151 0.07353629 1.166444 0.8510334 0.1658012 0.07926033 1.1776786 0.8569567 0.17571859
0.1515 0.07431162 1.168789 0.8520575 0.167441 0.08022153 1.1800457 0.85789514 0.17741367
0.152 0.07496471 1.171083 0.8530462 0.1689395 0.08115392 1.1823754 0.85883415 0.17896755
0.1525 0.07558444 1.173322 0.8540042 0.1702972 0.08205763 1.1846662 0.8597722 0.18038653
0.153 0.07621491 1.175507 0.8549361 0.1715344 0.08293279 1.186916 0.8607073 0.18167658
0.1535 0.07686111 1.177641 0.855848 0.1726629 0.08377946 1.1891242 0.8616384 0.18284339
0.154 0.07751432 1.179727 0.8567423 0.1736873 0.0845977 1.1912901 0.862564 0.1838923
0.1545 0.07816432 1.181768 0.8576197 0.174611 0.08538755 1.1934133 0.86348313 0.1848284
0.155 0.07880317 1.183762 0.8584804 0.1754373 0.08614906 1.1954929 0.8643948 0.1856565
0.1555 0.07942569 1.185713 0.8593243 0.1761697 0.086882256 1.1975291 0.8652979 0.18638118
0.156 0.08002881 1.187621 0.8601516 0.1768116 0.08758717 1.1995217 0.86619174 0.18700676
0.1565 0.08060894 1.189486 0.8609587 0.1773646 0.08826388 1.201471 0.8670758 0.18753733
0.157 0.08114056 1.191305 0.8617053 0.1778178 0.08891239 1.203377 0.86794937 0.18797685
0.1575 0.08164079 1.193076 0.8624264 0.1781697 0.08953277 1.2052401 0.8688118 0.1883289
0.158 0.08212459 1.194802 0.8631473 0.1784324 0.09012512 1.2070607 0.86966276 0.1885971
0.1585 0.08258967 1.196484 0.8638684 0.1786042 0.09068949 1.2088389 0.87050176 0.1887847
0.159 0.083038 1.198129 0.8645859 0.1787087 0.09122602 1.2105755 0.8713284 0.18889494
0.1595 0.08347367 1.199737 0.8652971 0.1787589 0.09173476 1.2122707 0.8721424 0.18893076
0.16 0.08389684 1.201311 0.8659992 0.1787573 0.09221589 1.2139252 0.87294334 0.18889509
0.1605 0.08430547 1.202852 0.8666894 0.1787037 0.09266954 1.2155396 0.8737312 0.18879063
0.161 0.08469728 1.20436 0.8673659 0.1785972 0.09309582 1.2171143 0.8745056 0.18861999
0.1615 0.0850699 1.205812 0.8668997 0.1784375 0.093494914 1.2186501 0.8752664 0.18838562
0.162 0.08541841 1.20715 0.8657589 0.1782248 0.09386701 1.2201473 0.87601334 0.18808983
0.1625 0.08574351 1.208404 0.8652585 0.1779597 0.09421226 1.2216066 0.87674636 0.18773492
0.163 0.0860484 1.209617 0.8654308 0.1776434 0.09453086 1.2230288 0.87746537 0.18732302
0.1635 0.08633453 1.210817 0.8660488 0.177277 0.09482304 1.2244142 0.8781704 0.18685617
0.164 0.086602 1.212017 0.866903 0.176862 0.095088996 1.2257636 0.878861 0.18633632
0.1645 0.08685037 1.21322 0.867851 0.1763996 0.095328964 1.2270774 0.8795374 0.18576533
0.165 0.08707913 1.214423 0.868809 0.1758909 0.09554318 1.2283565 0.8801995 0.18514492
0.1655 0.08728794 1.215622 0.8697327 0.1753373 0.09573183 1.2296011 0.8808472 0.1844769
0.166 0.08747664 1.216811 0.8706023 0.1747402 0.09589521 1.2308123 0.88148063 0.18376277
0.1665 0.08764522 1.217987 0.8714116 0.1741007 0.096033566 1.2319903 0.8820997 0.18300417
0.167 0.08779371 1.219146 0.8721617 0.1734201 0.09614716 1.2331358 0.8827043 0.18220258
0.1675 0.08791413 1.220266 0.8718971 0.1726941 0.09623621 1.2342492 0.88329464 0.18135937
0.168 0.08798394 1.221279 0.8706613 0.1719163 0.09630103 1.2353317 0.88387054 0.1804759
0.1685 0.08803177 1.222207 0.8700028 0.1711029 0.096341856 1.2363828 0.88443226 0.17955355
0.169 0.08807289 1.223096 0.8700351 0.1702573 0.09635896 1.237404 0.88497967 0.17859353
0.1695 0.08810835 1.223975 0.8705385 0.1693799 0.096352674 1.2383955 0.88551295 0.177597
0.17 0.08813471 1.224858 0.8712938 0.1684708 0.09632323 1.2393576 0.88603204 0.17656517
0.1705 0.08814818 1.22575 0.8721494 0.1675304 0.09627091 1.2402912 0.88653713 0.1754991
0.171 0.0881459 1.226649 0.8730154 0.1665589 0.09619599 1.2411965 0.8870281 0.17439987
0.1715 0.08812599 1.227549 0.8738441 0.1655569 0.09609877 1.2420741 0.8875052 0.1732685
0.172 0.08808739 1.228446 0.8746143 0.1645247 0.09597958 1.2429247 0.8879684 0.17210595
0.1725 0.08802954 1.229334 0.8753196 0.1634628 0.09583864 1.2437485 0.8884179 0.17091322
0.173 0.08795238 1.230209 0.8759613 0.1623721 0.095676266 1.2445463 0.8888538 0.16969116
0.1735 0.08785606 1.231068 0.8765446 0.1612533 0.09549273 1.2453183 0.88927615 0.16844064
0.174 0.08774078 1.231908 0.8770758 0.160107 0.095288344 1.2460651 0.889685 0.16716252
0.1745 0.08760678 1.232728 0.8775614 0.158934 0.09506338 1.2467872 0.8900805 0.1658576
0.175 0.08745432 1.233526 0.8780073 0.1577348 0.09481812 1.2474847 0.8904628 0.16452669
0.1755 0.08728363 1.234302 0.8784187 0.15651 0.09455285 1.2481583 0.8908319 0.16317046
0.176 0.08709493 1.235055 0.8788 0.1552603 0.09426785 1.2488086 0.891188 0.1617897
0.1765 0.08688845 1.235785 0.8791548 0.1539862 0.09396342 1.249436 0.8915313 0.16038512
0.177 0.08666441 1.236493 0.879486 0.1526883 0.09363984 1.2500404 0.8918619 0.15895733
0.1775 0.086423 1.237179 0.8797961 0.1513671 0.093297385 1.2506227 0.8921797 0.15750703
0.178 0.08616443 1.237843 0.8800872 0.1500233 0.092936315 1.2511832 0.89248514 0.15603484
0.1785 0.08588889 1.238485 0.8803606 0.1486572 0.09255693 1.2517221 0.8927781 0.15454133
0.179 0.08559657 1.239106 0.8806178 0.1472695 0.0921595 1.2522401 0.89305884 0.15302715
0.1795 0.08528764 1.239707 0.8808597 0.1458606 0.091744296 1.2527373 0.8933274 0.15149282
0.18 0.08496219 1.240288 0.8810873 0.144431 0.091311626 1.253214 0.89358413 0.14993893
0.1805 0.08462041 1.240849 0.8813011 0.1429811 0.090861686 1.2536708 0.893829 0.14836599
0.181 0.08426253 1.241391 0.8815018 0.1415115 0.09039479 1.254108 0.89406204 0.14677447
0.1815 0.08388875 1.241915 0.8816899 0.1400225 0.089911185 1.2545258 0.8942836 0.14516492
0.182 0.08349926 1.242421 0.8818657 0.1385147 0.08941115 1.2549247 0.8944937 0.14353783
0.1825 0.08309423 1.242909 0.8820296 0.1369883 0.08889491 1.2553048 0.89469254 0.14189364
0.183 0.08267382 1.24338 0.8821818 0.1354438 0.08836279 1.2556665 0.8948803 0.14023282
0.1835 0.08223821 1.243834 0.8823228 0.1338816 0.087814964 1.2560102 0.89505696 0.13855578
0.184 0.08178756 1.244271 0.8824525 0.1323021 0.0872517 1.2563361 0.8952227 0.136863
0.1845 0.08132203 1.244693 0.8825714 0.1307056 0.08667331 1.2566446 0.89537776 0.13515484
0.185 0.08084179 1.245099 0.8826796 0.1290925 0.08607996 1.2569358 0.89552236 0.13343172
0.1855 0.08034701 1.245489 0.8827771 0.1274631 0.085471936 1.2572103 0.89565635 0.13169403
0.186 0.07983785 1.245864 0.8828643 0.1258178 0.08484947 1.257468 0.8957801 0.12994213
0.1865 0.07931447 1.246224 0.8829413 0.1241569 0.08421277 1.2577093 0.89589375 0.12817645
0.187 0.07877704 1.24657 0.8830081 0.1224807 0.08356214 1.2579346 0.89599735 0.1263973
0.1875 0.07822573 1.246902 0.8830651 0.1207896 0.082897745 1.258144 0.8960911 0.12460503
0.188 0.07766069 1.247219 0.8831121 0.1190837 0.08221982 1.2583379 0.89617515 0.12279998
0.1885 0.07708209 1.247523 0.8831496 0.1173635 0.08152861 1.2585162 0.8962495 0.12098245
0.189 0.07649009 1.247813 0.8831774 0.1156291 0.08082435 1.2586795 0.8963144 0.119152814
0.1895 0.07588484 1.24809 0.8831958 0.1138809 0.080107234 1.2588279 0.89637 0.11731134
0.19 0.07526652 1.248354 0.8832049 0.1121192 0.07937748 1.2589618 0.8964163 0.11545837
0.1905 0.07463527 1.248606 0.8832048 0.1103442 0.0786353 1.259081 0.89645356 0.113594145
0.191 0.07399125 1.248845 0.8831956 0.1085561 0.07788093 1.259186 0.89648193 0.11171901
0.1915 0.07333462 1.249071 0.8831775 0.1067552 0.07711453 1.2592771 0.8965014 0.10983321
0.192 0.07266554 1.249286 0.8831505 0.1049418 0.07633633 1.2593545 0.8965123 0.10793701
0.1925 0.07198416 1.249488 0.8831147 0.1031161 0.075546555 1.2594181 0.89651465 0.1060307
0.193 0.07129063 1.249679 0.8830704 0.1012783 0.07474538 1.2594684 0.89650846 0.10411453
0.1935 0.07058511 1.249858 0.8830175 0.09942867 0.073933 1.2595056 0.89649403 0.102188736
0.194 0.06986775 1.250026 0.8829561 0.09756738 0.073109604 1.25953 0.8964714 0.10025358
0.1945 0.0691387 1.250183 0.8828865 0.09569467 0.07227538 1.2595414 0.8964406 0.09830929
0.195 0.0683981 1.250329 0.8828087 0.09381075 0.07143054 1.2595402 0.896402 0.09635612
0.1955 0.0676461 1.250464 0.8827227 0.09191582 0.07057523 1.2595267 0.89635533 0.09439425
0.196 0.06688285 1.250589 0.8826288 0.09001009 0.06970965 1.2595009 0.896301 0.09242396
0.1965 0.0661085 1.250703 0.882527 0.08809375 0.06883397 1.2594632 0.89623916 0.090445444
0.197 0.06532319 1.250807 0.8824173 0.08616699 0.06794838 1.2594135 0.89616966 0.08845891
0.1975 0.06452706 1.250901 0.8822999 0.08422999 0.06705306 1.2593523 0.8960929 0.086464584
0.198 0.06372025 1.250985 0.882175 0.08228294 0.06614814 1.2592795 0.8960087 0.08446263
0.1985 0.06290291 1.251059 0.8820425 0.08032602 0.06523382 1.2591954 0.89591724 0.082453296
0.199 0.06207517 1.251124 0.8819026 0.0783594 0.06431026 1.2591002 0.89581895 0.08043675
0.1995 0.06123716 1.251179 0.8817553 0.07638325 0.06337761 1.258994 0.89571345 0.078413144
0.2 0.06038903 1.251225 0.8816009 0.07439773 0.060333572 1.2634159 0.88928103 0.076301664
0.2005 0.05952687 1.250931 0.8685589 0.07248215 0.058108903 1.265405 0.8812688 0.07441044
0.201 0.05865578 1.249942 0.8541274 0.07078207 0.056465022 1.2656201 0.8722218 0.072707504
0.2015 0.0578094 1.248475 0.8418808 0.06925874 0.055226758 1.2645922 0.86250335 0.07116453
0.202 0.05699612 1.246689 0.831127 0.06787417 0.054268993 1.2627171 0.8523619 0.06975965
0.2025 0.05621182 1.244681 0.8211433 0.06661157 0.053503647 1.2602798 0.84196967 0.068476915
0.203 0.05545101 1.242506 0.8115061 0.06546222 0.052869193 1.2574805 0.83144677 0.06730479
0.2035 0.05470978 1.240196 0.8020088 0.06441999 0.052323088 1.2544576 0.82087755 0.066234976
0.204 0.05398587 1.237775 0.7925627 0.06347975 0.05183606 1.2513059 0.81032085 0.06526126
0.2045 0.05327819 1.23526 0.7831352 0.06263688 0.051388264 1.248089 0.799818 0.06437901
0.205 0.0525863 1.232664 0.7737188 0.06188707 0.050966337 1.2448487 0.7893978 0.06358442
0.2055 0.05191015 1.229999 0.7643159 0.0612263 0.050561532 1.2416121 0.77907974 0.06287442
0.206 0.05124986 1.227275 0.7549331 0.06065076 0.05016827 1.2383959 0.7688774 0.062246233
0.2065 0.05060562 1.224501 0.7455781 0.06015688 0.049783036 1.2352102 0.75879955 0.06169732
0.207 0.04997767 1.221684 0.7362584 0.0597413 0.049403876 1.23206 0.74885166 0.06122531
0.2075 0.04936624 1.218833 0.7269814 0.05940081 0.049029775 1.2289479 0.73903716 0.06082791
0.208 0.04877157 1.215953 0.7177538 0.05913242 0.048660375 1.2258742 0.72935736 0.060502842
0.2085 0.04819386 1.21305 0.7085817 0.05893328 0.048295736 1.2228385 0.7198129 0.060247928
0.209 0.04763332 1.21013 0.6994708 0.0588007 0.047936194 1.2198397 0.71040344 0.060060993
0.2095 0.04709013 1.207198 0.6904263 0.05873212 0.047582217 1.216876 0.70112795 0.05993989
0.21 0.04656446 1.204257 0.6814529 0.05872515 0.047234364 1.213946 0.691985 0.059882514
0.2105 0.04605646 1.201312 0.6725548 0.05877749 0.046893276 1.2110478 0.6829731 0.05988682
0.211 0.04556627 1.198366 0.6637358 0.05888698 0.046559542 1.20818 0.67409045 0.05995082
0.2115 0.04509402 1.195422 0.6549994 0.05905157 0.046233788 1.2053411 0.66533506 0.06007251
0.212 0.04463981 1.192484 0.6463488 0.05926931 0.045916617 1.20253 0.65670526 0.06025
0.2125 0.04420374 1.189554 0.6377868 0.05953835 0.045608543 1.1997455 0.64819896 0.060481407
0.213 0.04378589 1.186634 0.6293159 0.05985694 0.045310155 1.1969866 0.63981426 0.060764983
0.2135 0.04338632 1.183727 0.6209383 0.0602234 0.04502193 1.1942524 0.6315492 0.061098963
0.214 0.04300511 1.180835 0.612656 0.06063615 0.04474435 1.1915423 0.62340194 0.061481692
0.2145 0.04264229 1.17796 0.6044708 0.06109368 0.044477865 1.1888555 0.6153706 0.06191154
0.215 0.04229769 1.175102 0.5963843 0.06159441 0.04422287 1.1861918 0.60745347 0.06238696
0.2155 0.04197007 1.172262 0.5883975 0.06213633 0.043979786 1.1835505 0.59964854 0.06290649
0.216 0.04166048 1.169442 0.5805117 0.06271872 0.043748952 1.1809312 0.59195447 0.063468665
0.2165 0.04136996 1.166645 0.5727279 0.0633407 0.043530732 1.1783339 0.5843694 0.06407215
0.217 0.04109872 1.163872 0.5650472 0.06400113 0.04332543 1.175758 0.57689184 0.06471558
0.2175 0.04084654 1.161125 0.5574702 0.06469886 0.04313335 1.1732038 0.56952024 0.065397754
0.218 0.04061318 1.158404 0.5499975 0.06543276 0.04295475 1.1706706 0.562253 0.06611742
0.2185 0.04039831 1.15571 0.5426292 0.06620108 0.0427899 1.1681587 0.5550887 0.06687346
0.219 0.04019917 1.153041 0.535364 0.06699384 0.042639054 1.1656679 0.5480261 0.06766477
0.2195 0.04001532 1.150398 0.5282018 0.06781511 0.042502433 1.1631984 0.5410637 0.06849028
0.22 0.03984948 1.147784 0.5211445 0.06867025 0.04238025 1.1607496 0.53420043 0.06934905
0.2205 0.03970318 1.145199 0.514193 0.06955972 0.042272694 1.1583222 0.5274348 0.070240065
0.221 0.03957664 1.142646 0.5073473 0.07048245 0.042179935 1.1559159 0.5207659 0.07116243
0.2215 0.03946953 1.140123 0.5006068 0.07143708 0.04210215 1.1535308 0.5141924 0.07211524
0.222 0.03938143 1.137632 0.4939712 0.07242235 0.04203949 1.1511673 0.50771314 0.07309775
0.2225 0.03931197 1.135172 0.4874399 0.0734371 0.04199207 1.1488249 0.50132716 0.07410911
0.223 0.03926078 1.132744 0.4810123 0.0744803 0.04196004 1.1465042 0.49503347 0.07514851
0.2235 0.03922756 1.130348 0.4746877 0.07555099 0.041943476 1.144205 0.48883083 0.07621531
0.224 0.0392121 1.127984 0.4684657 0.07664833 0.04194253 1.1419276 0.48271856 0.07730879
0.2245 0.03921424 1.125652 0.4623455 0.07777151 0.041957274 1.1396724 0.47669563 0.07842828
0.225 0.03923384 1.123352 0.4563265 0.07891981 0.041987777 1.1374391 0.47076115 0.079573184
0.2255 0.03927081 1.121085 0.450408 0.08009256 0.04203412 1.1352282 0.4649143 0.080742866
0.226 0.03932503 1.118849 0.4445892 0.0812891 0.04209636 1.1330395 0.45915416 0.08193678
0.2265 0.0393964 1.116646 0.4388693 0.08250886 0.04217454 1.1308736 0.4534801 0.08315432
0.227 0.03948484 1.114475 0.4332475 0.08375125 0.042268716 1.1287304 0.4478912 0.08439498
0.2275 0.03959023 1.112336 0.427723 0.08501574 0.042378902 1.1266099 0.44238678 0.08565828
0.228 0.03971247 1.11023 0.4222948 0.08630182 0.042505138 1.1245127 0.43696597 0.08694373
0.2285 0.03985144 1.108156 0.4169622 0.08760899 0.04264745 1.1224388 0.4316283 0.08825086
0.229 0.04000704 1.106114 0.411724 0.08893678 0.04280583 1.1203884 0.4263729 0.08957921
0.2295 0.04017914 1.104104 0.4065795 0.09028475 0.0429803 1.1183616 0.42119914 0.090928376
0.23 0.04036762 1.102126 0.4015276 0.09165245 0.043170817 1.1163586 0.41610634 0.09229793
0.2305 0.04057238 1.10018 0.3965673 0.09303948 0.043377407 1.1143795 0.41109395 0.093687445
0.231 0.04079335 1.098266 0.3916976 0.09444544 0.043600038 1.1124247 0.40616128 0.09509657
0.2315 0.04103039 1.096383 0.3869175 0.09586996 0.043838687 1.1104941 0.4013077 0.096524954
0.232 0.04128335 1.094532 0.382226 0.09731265 0.044093296 1.1085881 0.39653265 0.0979722
0.2325 0.04155206 1.092712 0.377622 0.09877314 0.04436385 1.1067065 0.39183557 0.09943797
0.233 0.04183635 1.090923 0.3731045 0.1002511 0.044650294 1.1048499 0.38721576 0.100921914
0.2335 0.0421361 1.089165 0.3686724 0.1017461 0.044952586 1.1030182 0.3826727 0.10242374
0.234 0.04245115 1.087438 0.3643247 0.1032579 0.04527068 1.1012114 0.3782058 0.103943095
0.2345 0.04278138 1.085741 0.3600603 0.1047861 0.04560449 1.0994297 0.37381452 0.1054797
0.235 0.0431267 1.084075 0.355878 0.1063303 0.04595396 1.0976735 0.36949837 0.10703327
0.2355 0.04348698 1.082439 0.3517769 0.1078903 0.046319038 1.0959426 0.36525667 0.10860346
0.236 0.04386207 1.080833 0.3477559 0.1094659 0.046699636 1.0942371 0.36108887 0.110190034
0.2365 0.04425181 1.079256 0.3438139 0.1110567 0.047095664 1.0925573 0.35699442 0.11179268
0.237 0.04465604 1.077709 0.3399498 0.1126625 0.047507055 1.0909032 0.35297287 0.11341116
0.2375 0.0450746 1.07619 0.3361625 0.114283 0.047933713 1.0892748 0.3490235 0.115045175
0.238 0.04550736 1.074701 0.332451 0.1159178 0.048375525 1.087672 0.34514585 0.11669448
0.2385 0.04595415 1.07324 0.3288142 0.1175669 0.048832417 1.0860952 0.34133932 0.118358806
0.239 0.04641463 1.071808 0.325251 0.1192298 0.04930429 1.0845443 0.33760336 0.12003793
0.2395 0.04688868 1.070403 0.3217603 0.120906 0.04979103 1.0830193 0.33393738 0.121731564
0.24 0.04737631 1.069027 0.3183412 0.1225955 0.05029253 1.08152 0.3303408 0.123439476
0.2405 0.04787751 1.067678 0.3149925 0.1242982 0.050808683 1.0800468 0.32681313 0.12516145
0.241 0.04839222 1.066356 0.3117132 0.1260138 0.051339366 1.0785997 0.32335365 0.1268972
0.2415 0.04892029 1.065061 0.3085024 0.1277422 0.051884465 1.0771782 0.31996188 0.12864657
0.242 0.04946156 1.063792 0.305359 0.1294831 0.052443877 1.0757828 0.31663722 0.13040926
0.2425 0.05001587 1.06255 0.302282 0.1312365 0.05301746 1.0744131 0.31337905 0.13218506
0.243 0.05058303 1.061334 0.2992702 0.1330019 0.053605087 1.0730692 0.3101868 0.13397375
0.2435 0.05116291 1.060144 0.2963229 0.1347792 0.054206625 1.0717511 0.30705982 0.1357751
0.244 0.05175534 1.058979 0.2934388 0.1365683 0.054821953 1.0704588 0.30399752 0.13758887
0.2445 0.05236017 1.05784 0.2906171 0.1383688 0.05545094 1.0691917 0.30099925 0.13941486
0.245 0.05297728 1.056725 0.2878568 0.1401807 0.056093432 1.0679504 0.29806435 0.14125288
0.2455 0.05360652 1.055635 0.2851569 0.1420036 0.05674932 1.0667342 0.29519233 0.14310268
0.246 0.05424775 1.05457 0.2825164 0.1438375 0.05741843 1.0655434 0.29238248 0.14496402
0.2465 0.05490084 1.053528 0.2799344 0.1456822 0.05810065 1.0643777 0.28963414 0.14683674
0.247 0.05556565 1.05251 0.27741 0.1475374 0.058795817 1.0632371 0.28694665 0.14872059
0.2475 0.05624205 1.051516 0.2749421 0.1494029 0.05950377 1.0621213 0.28431937 0.15061538
0.248 0.056929 1.050544 0.2725299 0.1510442 0.060224406 1.06103 0.28175166 0.15252091
0.2485 0.05762246 1.049593 0.2701719 0.1525467 0.06095756 1.0599636 0.27924293 0.15443695
0.249 0.05832429 1.048664 0.2678673 0.1541622 0.061703064 1.0589212 0.2767924 0.15636328
0.2495 0.05903732 1.047757 0.2656157 0.1558867 0.062460773 1.0579032 0.27439943 0.15829976
0.25 0.05976277 1.046872 0.2634163 0.1576954 0.06323055 1.0569091 0.27206334 0.16024612
0.2505 0.06049424 1.046009 0.2612634 0.1594776 0.06397437 1.0559449 0.26976988 0.16203612
0.251 0.06119248 1.045167 0.2591324 0.1610632 0.064692385 1.0550076 0.26751727 0.16367698
0.2515 0.0618369 1.044341 0.2570188 0.1624726 0.06538465 1.0540941 0.26530388 0.16517553
0.252 0.06243681 1.04353 0.2549306 0.1637514 0.06605116 1.0532019 0.2631285 0.16653825
0.2525 0.06300805 1.042735 0.2528758 0.1649232 0.06669191 1.05233 0.26098993 0.1677713
0.253 0.06355949 1.041955 0.2508575 0.1659942 0.067306854 1.0514761 0.25888732 0.1688805
0.2535 0.0640943 1.04119 0.2488763 0.1669661 0.06789594 1.0506396 0.2568197 0.16987132
0.254 0.06461287 1.040439 0.2469314 0.16784 0.06845916 1.049819 0.2547863 0.17074896
0.2545 0.06511462 1.039702 0.2450218 0.1686174 0.06899647 1.0490135 0.25278652 0.17151837
0.255 0.06559879 1.038978 0.2431464 0.1693004 0.06950789 1.0482224 0.25081962 0.17218418
0.2555 0.06606472 1.038268 0.2413043 0.1698915 0.069993414 1.0474452 0.24888504 0.17275086
0.256 0.06651191 1.037569 0.2394946 0.1703932 0.0704531 1.046681 0.24698225 0.17322259
0.2565 0.06694 1.036882 0.2377164 0.1708087 0.07088702 1.0459296 0.24511051 0.17360331
0.257 0.06734873 1.036207 0.235969 0.1711407 0.07129524 1.0451902 0.2432695 0.1738968
0.2575 0.06773791 1.035542 0.2342517 0.1713923 0.07167787 1.0444626 0.2414586 0.17410667
0.258 0.06810741 1.034888 0.2325638 0.1715663 0.07203507 1.0437464 0.23967734 0.1742363
0.2585 0.06845714 1.034244 0.2309044 0.1716658 0.072366945 1.0430411 0.23792514 0.17428893
0.259 0.06878703 1.033611 0.2292731 0.1716934 0.072673656 1.0423466 0.23620152 0.17426758
0.2595 0.06909702 1.032986 0.2276691 0.1716519 0.07295541 1.0416622 0.23450604 0.17417522
0.26 0.06938708 1.032371 0.2260917 0.1715439 0.07321241 1.0409878 0.2328381 0.17401455
0.2605 0.06965719 1.031765 0.2245403 0.1713719 0.07344485 1.0403233 0.23119727 0.17378826
0.261 0.06990733 1.031167 0.2230144 0.1711382 0.07365296 1.0396682 0.22958302 0.17349887
0.2615 0.07013751 1.030578 0.2215132 0.1708452 0.073836975 1.039022 0.22799486 0.1731487
0.262 0.07034774 1.029997 0.2200362 0.1704951 0.07399713 1.0383847 0.2264323 0.17274009
0.2625 0.07053803 1.029423 0.2185828 0.1700899 0.07413372 1.0377558 0.22489482 0.17227514
0.263 0.07070841 1.028858 0.2171524 0.1696317 0.074246965 1.0371355 0.22338197 0.17175595
0.2635 0.07085893 1.028299 0.2157445 0.1691222 0.07433713 1.0365231 0.22189316 0.17118448
0.264 0.07098962 1.027748 0.2143585 0.1685634 0.074404545 1.0359185 0.22042796 0.17056261
0.2645 0.07110055 1.027203 0.2129939 0.1679568 0.07444943 1.0353215 0.21898589 0.16989212
0.265 0.07119177 1.026665 0.21165 0.1673043 0.07447211 1.0347317 0.2175664 0.16917469
0.2655 0.07126336 1.026133 0.2103265 0.1666072 0.07447284 1.0341492 0.216169 0.16841199
0.266 0.0713154 1.025608 0.2090229 0.1658671 0.07445193 1.0335733 0.21479318 0.16760553
0.2665 0.07134793 1.025086 0.2077384 0.1650854 0.074409686 1.033004 0.21343851 0.16675685
0.267 0.07136096 1.024569 0.2064728 0.1642628 0.07434637 1.0324414 0.21210453 0.16586737
0.2675 0.07135281 1.024057 0.2052241 0.163385 0.0742623 1.0318848 0.21079066 0.16493843
0.268 0.0713217 1.023549 0.2039911 0.1624601 0.07415777 1.0313343 0.20949653 0.16397136
0.2685 0.07127035 1.023046 0.2027756 0.1615019 0.07403306 1.0307895 0.20822158 0.16296734
0.269 0.07120114 1.022549 0.2015781 0.1605144 0.07388847 1.0302503 0.20696536 0.16192763
0.2695 0.07111487 1.022059 0.2003983 0.1594979 0.07372429 1.0297166 0.20572743 0.16085337
0.27 0.07101151 1.021573 0.1992355 0.1584523 0.07354083 1.0291882 0.20450732 0.15974562
0.2705 0.07089074 1.021093 0.198089 0.1573774 0.07333837 1.0286648 0.20330456 0.15860549
0.271 0.07075228 1.020618 0.1969581 0.1562734 0.073117204 1.0281464 0.20211875 0.15743394
0.2715 0.07059594 1.020148 0.1958423 0.1551405 0.07287761 1.0276327 0.20094943 0.15623197
0.272 0.07042167 1.019682 0.194741 0.1539791 0.07261988 1.0271237 0.19979614 0.15500048
0.2725 0.07022947 1.01922 0.1936539 0.1527897 0.072344296 1.026619 0.1986585 0.15374038
0.273 0.07001944 1.018761 0.1925806 0.1515728 0.072051145 1.0261185 0.19753605 0.15245256
0.2735 0.06979168 1.018306 0.1915206 0.1503289 0.071740694 1.0256224 0.19642839 0.15113781
0.274 0.06954633 1.017854 0.1904738 0.1490588 0.07141323 1.02513 0.19533515 0.14979696
0.2745 0.06928355 1.017406 0.1894396 0.1477629 0.07106901 1.0246418 0.19425586 0.14843075
0.275 0.0690035 1.01696 0.1884178 0.1464419 0.0707083 1.0241572 0.19319022 0.14703992
0.2755 0.06870634 1.016518 0.187408 0.1450964 0.07033137 1.0236763 0.19213778 0.14562517
0.276 0.06839224 1.016077 0.18641 0.1437271 0.06993849 1.0231988 0.19109818 0.14418723
0.2765 0.06806138 1.01564 0.1854233 0.1423343 0.0695299 1.0227249 0.19007105 0.14272673
0.277 0.06771391 1.015205 0.1844479 0.1409188 0.0691059 1.0222541 0.18905604 0.14124432
0.2775 0.06735002 1.014772 0.1834832 0.1394811 0.06866669 1.0217867 0.18805277 0.13974063
0.278 0.06696988 1.014342 0.1825291 0.1380217 0.06821253 1.0213223 0.18706095 0.13821621
0.2785 0.06657364 1.013913 0.1815852 0.1365412 0.067743696 1.0208608 0.18608022 0.1366717
0.279 0.06616149 1.013487 0.1806513 0.13504 0.06726039 1.0204023 0.18511024 0.13510759
0.2795 0.0657336 1.013062 0.1797271 0.1335187 0.06676287 1.0199465 0.18415067 0.13352446
0.28 0.06529014 1.012639 0.1788124 0.1319777 0.066251375 1.0194935 0.18320125 0.13192284
0.2805 0.06483127 1.012218 0.1779068 0.1304174 0.065726124 1.019043 0.18226166 0.1303032
0.281 0.06435717 1.011798 0.1770102 0.1288384 0.06518734 1.0185951 0.18133157 0.12866604
0.2815 0.063868 1.01138 0.1761222 0.1272411 0.064635254 1.0181496 0.18041076 0.12701185
0.282 0.06336395 1.010964 0.1752427 0.1256259 0.0640701 1.0177066 0.17949888 0.12534107
0.2825 0.06284518 1.010548 0.1743714 0.1239931 0.06349205 1.0172658 0.17859572 0.12365417
0.283 0.06231186 1.010134 0.1735081 0.1223433 0.06290137 1.0168272 0.17770094 0.121951535
0.2835 0.06176415 1.009722 0.1726525 0.1206767 0.062298246 1.0163908 0.17681438 0.120233625
0.284 0.06120224 1.00931 0.1718045 0.1189937 0.061682872 1.0159563 0.17593573 0.11850084
0.2845 0.06062628 1.008899 0.1709638 0.1172948 0.061055474 1.0155239 0.17506477 0.11675359
0.285 0.06003645 1.008489 0.1701302 0.1155802 0.060416244 1.0150934 0.1742013 0.114992216
0.2855 0.05943291 1.00808 0.1693035 0.1138504 0.05976536 1.0146648 0.17334504 0.113217145
0.286 0.05881583 1.007672 0.1684835 0.1121055 0.059103042 1.0142378 0.17249581 0.11142868
0.2865 0.05818538 1.007264 0.1676701 0.110346 0.058429457 1.0138125 0.17165343 0.10962722
0.287 0.05754172 1.006858 0.1668629 0.1085722 0.057744816 1.0133888 0.17081764 0.107813075
0.2875 0.05688501 1.006451 0.166062 0.1067843 0.057049274 1.0129666 0.16998827 0.10598661
0.288 0.05621543 1.006045 0.1652669 0.1049827 0.056343026 1.0125458 0.16916515 0.10414815
0.2885 0.05553313 1.00564 0.1644777 0.1031676 0.05562625 1.0121263 0.16834806 0.10229798
0.289 0.05483827 1.005235 0.1636941 0.1013393 0.05489911 1.0117083 0.16753691 0.100436434
0.2895 0.05413101 1.004831 0.1629159 0.09949818 0.054161794 1.0112914 0.16673149 0.09856382
0.29 0.05341152 1.004426 0.1621431 0.09764435 0.053414457 1.0108756 0.16593167 0.09668042
0.2905 0.05267995 1.004022 0.1613753 0.09577814 0.05265727 1.0104607 0.16513726 0.09478651
0.291 0.05193646 1.003618 0.1606125 0.09389979 0.05189038 1.010047 0.16434811 0.092882395
0.2915 0.0511812 1.003214 0.1598546 0.09200953 0.051113963 1.0096339 0.16356412 0.090968326
0.292 0.05041434 1.002811 0.1591013 0.09010762 0.050328173 1.0092217 0.16278519 0.0890446
0.2925 0.04963602 1.002407 0.1583526 0.08819427 0.049533166 1.00881 0.16201115 0.08711141
0.293 0.04884639 1.002003 0.1576082 0.08626972 0.04872907 1.0083992 0.1612419 0.08516909
0.2935 0.04804561 1.001599 0.1568681 0.08433418 0.047916077 1.0079888 0.1604773 0.083217844
0.294 0.04723382 1.001195 0.1561321 0.08238786 0.047094278 1.0075786 0.15971726 0.08125791
0.2945 0.04641118 1.000791 0.1554001 0.08043098 0.04626386 1.007169 0.15896173 0.07928954
0.295 0.04557783 1.000387 0.154672 0.07846373 0.045424946 1.0067598 0.1582106 0.07731296
0.2955 0.04473391 0.9999824 0.1539476 0.07648632 0.044577673 1.0063503 0.15746374 0.07532838
0.296 0.04387958 0.9995775 0.1532269 0.07449894 0.043722175 1.005941 0.15672113 0.073336035
0.2965 0.04301496 0.9991723 0.1525096 0.07250177 0.042858593 1.0055319 0.1559826 0.07133615
0.297 0.04214021 0.9987668 0.1517957 0.07049501 0.041987047 1.0051225 0.15524815 0.069328904
0.2975 0.04125546 0.9983608 0.1510851 0.06847883 0.04110767 1.0047128 0.1545177 0.06731452
0.298 0.04036086 0.9979545 0.1503777 0.0664534 0.040220596 1.004303 0.15379117 0.06529322
0.2985 0.03945653 0.9975476 0.1496734 0.06441891 0.03932593 1.0038928 0.1530685 0.06326516
0.299 0.03854262 0.9971403 0.148972 0.06237551 0.038423814 1.0034821 0.15234967 0.061230555
0.2995 0.03761925 0.9967325 0.1482734 0.06032337 0.037514374 1.0030708 0.1516346 0.059189618
0.3 0.03668656 0.9963241 0.1475777 0.05826265 0.033191957 1.0044276 0.14704296 0.055124804
0.3005 0.0357414 0.9855369 0.1467008 0.0561597 0.030206598 0.99387664 0.14678733 0.052183427
0.301 0.03480738 0.9696496 0.1454662 0.05422931 0.028158046 0.9774757 0.14738399 0.04982668
0.3015 0.03391774 0.9515947 0.1440228 0.05248571 0.026744172 0.95818657 0.14764515 0.047812626
0.302 0.03306753 0.9324285 0.1424512 0.05088015 0.025746994 0.9374698 0.14731458 0.04603059
0.3025 0.03224688 0.912664 0.1407952 0.04939219 0.025013737 0.9161106 0.14643402 0.044424996
0.303 0.03144921 0.8925832 0.1390799 0.04801232 0.024440438 0.89455855 0.14511836 0.042965464
0.3035 0.03067105 0.8723635 0.1373207 0.04673465 0.023958273 0.8730803 0.14348307 0.041634113
0.304 0.02991082 0.8521286 0.1355277 0.04555459 0.023523025 0.851834 0.14162382 0.040419623
0.3045 0.02916788 0.8319717 0.1337083 0.04446817 0.023107328 0.83091366 0.13961399 0.039314292
0.305 0.02844208 0.8119652 0.1318684 0.04347172 0.022694983 0.8103729 0.1375072 0.038312256
0.3055 0.02773348 0.792167 0.1300128 0.04256182 0.022277184 0.7902418 0.13534172 0.03740877
0.306 0.02704222 0.7726228 0.1281457 0.04173522 0.021849759 0.77053505 0.13314411 0.036599584
0.3065 0.0263685 0.753369 0.1262704 0.04098887 0.021411516 0.7512591 0.1309328 0.035880886
0.307 0.02571251 0.7344342 0.1243903 0.04031986 0.020962954 0.7324142 0.12871999 0.03524898
0.3075 0.02507444 0.7158404 0.122508 0.03972543 0.02050563 0.71399754 0.12651405 0.03470041
0.308 0.02445447 0.6976041 0.1206258 0.03920297 0.020041652 0.6960045 0.124320656 0.03423182
0.3085 0.02385276 0.6797374 0.1187461 0.03874997 0.019573264 0.67842877 0.12214334 0.03384
0.309 0.02326947 0.6622485 0.1168706 0.03836408 0.019102864 0.6612634 0.11998464 0.033521913
0.3095 0.02270472 0.6451426 0.1150011 0.03804304 0.018632747 0.6445014 0.11784625 0.0332746
0.31 0.02215865 0.6284221 0.1131391 0.03778471 0.018165074 0.62813485 0.11572921 0.033095263
0.3105 0.02163135 0.6120876 0.111286 0.03758703 0.017701857 0.6121561 0.11363426 0.032981247
0.311 0.02112291 0.5961376 0.1094429 0.03744808 0.017244942 0.59655744 0.111561984 0.03293
0.3115 0.02063341 0.5805693 0.1076111 0.03736598 0.01679603 0.581331 0.10951264 0.032939106
0.312 0.02016293 0.5653789 0.1057914 0.03733898 0.016356625 0.56646913 0.1074865 0.03300625
0.3125 0.01971151 0.5505613 0.1039848 0.03736537 0.015928075 0.5519642 0.10548377 0.033129275
0.313 0.01927919 0.536111 0.102192 0.03744355 0.015511617 0.53780854 0.10350452 0.033306107
0.3135 0.018866 0.5220217 0.1004139 0.03757198 0.0151083395 0.5239947 0.101548836 0.03353478
0.314 0.01847197 0.5082869 0.0986511 0.03774917 0.014719196 0.51051515 0.09961681 0.033813424
0.3145 0.01809711 0.4948994 0.09690416 0.03797372 0.01434505 0.4973628 0.09770848 0.03414028
0.315 0.01774141 0.4818522 0.09517366 0.03824428 0.01398664 0.4845304 0.095823914 0.034513697
0.3155 0.01740486 0.4691377 0.0934601 0.03855956 0.013644628 0.47201097 0.09396312 0.034932047
0.316 0.01708746 0.4567484 0.09176392 0.03891831 0.013319589 0.45979744 0.092126116 0.03539385
0.3165 0.01678917 0.4446769 0.09008553 0.03931935 0.013012029 0.44788313 0.09031296 0.03589768
0.317 0.01650996 0.4329156 0.08842532 0.03976154 0.01272238 0.4362613 0.08852364 0.03644216
0.3175 0.01624979 0.4214569 0.0867836 0.04024378 0.0124510005 0.42492527 0.08675814 0.037026003
0.318 0.01600861 0.4102935 0.0851607 0.04076502 0.012198217 0.4138687 0.08501649 0.037647977
0.3185 0.01578637 0.3994179 0.08355688 0.04132425 0.011964284 0.40308526 0.08329868 0.038306937
0.319 0.015583 0.3888229 0.08197238 0.04192051 0.011749424 0.39256862 0.08160469 0.039001755
0.3195 0.01539844 0.3785013 0.08040744 0.04255284 0.0115538165 0.38231277 0.07993457 0.039731376
0.32 0.01523262 0.3684462 0.07886224 0.04322037 0.01137761 0.37231186 0.07828826 0.040494822
0.3205 0.01508546 0.3586506 0.07733695 0.04392221 0.01122091 0.36255977 0.07666579 0.041291103
0.321 0.01495686 0.3491079 0.07583174 0.04465754 0.011083804 0.35305095 0.07506712 0.042119317
0.3215 0.01484676 0.3398115 0.07434674 0.04542555 0.010966331 0.34377968 0.073492244 0.042978585
0.322 0.01475504 0.3307549 0.07288205 0.04622546 0.01086852 0.33474058 0.07194111 0.04386808
0.3225 0.01468162 0.3219319 0.07143779 0.04705652 0.010790385 0.32592803 0.07041372 0.044786997
0.323 0.0146264 0.3133364 0.07001403 0.04791801 0.010731898 0.31733692 0.06891 0.04573457
0.3235 0.01458926 0.3049624 0.06861083 0.04880924 0.010693051 0.308962 0.06742996 0.046710074
0.324 0.0145701 0.2968041 0.06722826 0.04972952 0.010673769 0.3007983 0.065973535 0.04771281
0.3245 0.01456881 0.2888559 0.06586635 0.0506782 0.010674007 0.29284078 0.06454073 0.048742093
0.325 0.01458527 0.2811123 0.06452512 0.05165465 0.010693677 0.28508464 0.06313144 0.04979728
0.3255 0.01461911 0.2735679 0.06320451 0.05265618 0.010732688 0.27752507 0.061745618 0.050877757
0.326 0.01466744 0.2662173 0.0619032 0.05367336 0.010790959 0.27015755 0.06038322 0.051982917
0.3265 0.01473016 0.2590554 0.06062138 0.05471395 0.010868363 0.26297748 0.059044223 0.053112194
0.327 0.0148103 0.2520774 0.05936037 0.0557821 0.010964781 0.25598043 0.057728495 0.054265007
0.3275 0.01490933 0.2452787 0.05812077 0.05687833 0.011080094 0.24916214 0.056436013 0.055440843
0.328 0.01502724 0.2386546 0.05690253 0.05800185 0.011214174 0.24251825 0.055166688 0.056639165
0.3285 0.01516339 0.2322007 0.05570542 0.05915161 0.0113668665 0.23604468 0.053920444 0.05785948
0.329 0.01531715 0.2259126 0.05452918 0.06032659 0.011538029 0.2297374 0.052697185 0.059101306
0.3295 0.01548796 0.2197859 0.05337361 0.06152589 0.011727519 0.2235924 0.05149686 0.060364157
0.33 0.01567545 0.2138165 0.05223851 0.0627487 0.011935167 0.21760589 0.05031934 0.0616476
0.3305 0.01587932 0.2080003 0.05112376 0.06399429 0.01216083 0.21177405 0.04916453 0.06295116
0.331 0.01609936 0.2023335 0.05002925 0.06526203 0.012404323 0.20609313 0.04803234 0.064274445
0.3315 0.01633538 0.1968121 0.04895486 0.06654824 0.012665495 0.20055965 0.046922658 0.065616995
0.332 0.01658709 0.1914324 0.0479005 0.06784772 0.012944177 0.19517004 0.045835387 0.06697844
0.3325 0.01685426 0.1861909 0.04686606 0.06916887 0.013240181 0.18992087 0.044770416 0.06835838
0.333 0.01713688 0.181084 0.04585143 0.07051272 0.013553359 0.18480873 0.043727633 0.0697564
0.3335 0.01743491 0.1761082 0.04485651 0.07187838 0.013883509 0.17983034 0.04270689 0.07117213
0.334 0.0177483 0.1712603 0.04388121 0.0732649 0.0142304525 0.17498255 0.041708063 0.07260521
0.3345 0.01807694 0.166537 0.0429254 0.07467146 0.014594026 0.17026225 0.04073107 0.0740553
0.335 0.01842067 0.1619352 0.04198897 0.07609735 0.014974043 0.16566628 0.039775718 0.07552205
0.3355 0.01877925 0.1574519 0.04107181 0.07754195 0.015370317 0.16119173 0.0388419 0.07700507
0.336 0.01915254 0.1530839 0.04017377 0.07900471 0.015782662 0.15683568 0.037929486 0.07850407
0.3365 0.01954045 0.1488286 0.03929473 0.08048515 0.016210899 0.15259531 0.037038293 0.0800187
0.337 0.0199429 0.144683 0.03843455 0.08198287 0.016654842 0.14846775 0.03616822 0.081548646
0.3375 0.02035977 0.1406444 0.03759311 0.08349746 0.017114311 0.1444504 0.035319086 0.0830936
0.338 0.020791 0.1367101 0.03677026 0.0850286 0.017589122 0.14054057 0.034490746 0.08465321
0.3385 0.02123645 0.1328777 0.03596587 0.08657599 0.018079087 0.13673562 0.033683043 0.08622727
0.339 0.0216959 0.1291445 0.03517979 0.08813927 0.01858402 0.1330331 0.032895844 0.08781539
0.3395 0.02216916 0.1255082 0.03441188 0.08971813 0.01910375 0.12943056 0.03212897 0.08941732
0.34 0.02265602 0.1219662 0.03366197 0.09131228 0.019638084 0.12592554 0.031382244 0.09103279
0.3405 0.02315633 0.1185164 0.03292994 0.09292143 0.020186834 0.1225157 0.030655492 0.092661485
0.341 0.02367001 0.1151563 0.03221561 0.0945453 0.020749822 0.11919878 0.029948574 0.094303116
0.3415 0.02419691 0.1118839 0.03151884 0.09618365 0.02132687 0.11597253 0.029261287 0.09595747
0.342 0.02473684 0.108697 0.03083948 0.09783622 0.021917798 0.112834774 0.028593522 0.09762423
0.3425 0.02528961 0.1055934 0.03017737 0.09950274 0.022522427 0.10978336 0.027945023 0.09930317
0.343 0.02585507 0.1025712 0.02953235 0.101183 0.023140557 0.106816255 0.02731568 0.100994006
0.3435 0.02643306 0.09962842 0.02890426 0.1028767 0.023772039 0.10393139 0.026705246 0.10269649
0.344 0.02702346 0.09676306 0.02829295 0.1045836 0.024416685 0.10112683 0.026113626 0.104410395
0.3445 0.02762614 0.09397328 0.02769825 0.1063036 0.025074326 0.0984006 0.025540572 0.10613546
0.345 0.02824097 0.09125725 0.02712001 0.1080363 0.025744773 0.095750846 0.024985928 0.10787146
0.3455 0.02886781 0.08861321 0.02655807 0.1097816 0.026427858 0.09317572 0.024449524 0.10961811
0.346 0.02950655 0.08603941 0.02601226 0.1115393 0.027123414 0.09067341 0.023931134 0.11137523
0.3465 0.03015706 0.08353418 0.02548243 0.1133091 0.027831264 0.088242225 0.023430627 0.113142565
0.347 0.03081919 0.08109588 0.02496842 0.1150909 0.028551258 0.08588039 0.0229478 0.1149199
0.3475 0.03149282 0.07872291 0.02447007 0.1168845 0.029283188 0.08358628 0.022482421 0.11670701
0.348 0.03217783 0.0764137 0.02398721 0.1186896 0.03002692 0.08135825 0.02203435 0.11850366
0.3485 0.03287408 0.07416676 0.02351968 0.1205062 0.030782275 0.07919472 0.02160341 0.120309636
0.349 0.03358143 0.07198059 0.02306734 0.1223339 0.031549104 0.077094145 0.021189373 0.12212475
0.3495 0.03429977 0.06985376 0.02263 0.1241726 0.032327212 0.075054996 0.020792086 0.12394877
0.35 0.03502896 0.06778487 0.02220752 0.1260222 0.033116475 0.07307584 0.020411354 0.12578152
0.3505 0.03576231 0.06577246 0.02179464 0.1277924 0.033879757 0.07114407 0.020043183 0.12746973
0.351 0.036461 0.06381384 0.02136772 0.1293307 0.034617476 0.06925819 0.019683335 0.12901953
0.3515 0.03711114 0.06190578 0.02092544 0.1306902 0.03532996 0.06741677 0.019328576 0.13043673
0.352 0.03772187 0.06004571 0.02047648 0.1319092 0.036017418 0.0656184 0.018976476 0.1317269
0.3525 0.03830291 0.0582317 0.02002661 0.1330041 0.036679976 0.06386173 0.018625159 0.13289537
0.353 0.03886019 0.05646212 0.01957856 0.1339836 0.037317753 0.062145434 0.018273253 0.1339472
0.3535 0.03939666 0.05473554 0.01913342 0.1348536 0.037930816 0.06046827 0.017919715 0.13488717
0.354 0.03991364 0.05305061 0.01869153 0.1356195 0.03851922 0.058829047 0.017563794 0.13571991
0.3545 0.04041164 0.05140604 0.01825291 0.1362858 0.03908301 0.05722665 0.017204996 0.13644977
0.355 0.04089075 0.04980061 0.01781746 0.1368568 0.039622284 0.055659987 0.016842898 0.1370809
0.3555 0.04135088 0.04823281 0.017385 0.1373367 0.040137038 0.05412805 0.016477305 0.1376173
0.356 0.04179185 0.04670104 0.01695535 0.1377292 0.040627383 0.05262985 0.016108025 0.13806278
0.3565 0.04221301 0.04520408 0.01652788 0.1380299 0.041093364 0.051164486 0.015735056 0.13842088
0.357 0.04261047 0.04374084 0.01609998 0.1382297 0.041535072 0.049731024 0.015358325 0.13869508
0.3575 0.04298515 0.04231028 0.01567312 0.138351 0.041952603 0.048328623 0.014977913 0.1388886
0.358 0.04334043 0.04091165 0.01524923 0.138405 0.042346068 0.046956487 0.014593858 0.13900457
0.3585 0.0436779 0.03954426 0.01482874 0.1383952 0.04271557 0.045613818 0.014206249 0.13904597
0.359 0.04399769 0.03820743 0.01441128 0.1383231 0.04306124 0.04429981 0.01381522 0.13901563
0.3595 0.04429932 0.0369004 0.0139963 0.1381898 0.043383233 0.043013774 0.013420876 0.13891622
0.36 0.04458219 0.03562241 0.01358333 0.1379968 0.043681674 0.04175491 0.013023328 0.13875036
0.3605 0.04484583 0.03437267 0.01317201 0.1377455 0.04395674 0.04052256 0.01262274 0.13852045
0.361 0.04508989 0.03315037 0.01276205 0.1374375 0.0442086 0.03931602 0.012219239 0.13822886
0.3615 0.04531417 0.03195469 0.01235326 0.1370744 0.04443743 0.038134597 0.011812959 0.13787784
0.362 0.04551854 0.03078485 0.01194548 0.136658 0.044643402 0.03697764 0.011404034 0.13746952
0.3625 0.04570296 0.02964004 0.01153857 0.1361897 0.044826724 0.035844512 0.01099262 0.13700594
0.363 0.0458674 0.0285195 0.01113243 0.1356714 0.044987597 0.034734555 0.010578837 0.13648902
0.3635 0.0460119 0.02742248 0.01072693 0.1351045 0.045126207 0.033647135 0.010162812 0.13592066
0.364 0.0461365 0.02634823 0.01032199 0.1344907 0.045242794 0.03258165 0.009744685 0.13530265
0.3645 0.04624125 0.02529604 0.009917507 0.1338314 0.045337535 0.03153751 0.009324577 0.13463667
0.365 0.04632622 0.02426521 0.009513383 0.133128 0.0454107 0.030514099 0.008902606 0.13392437
0.3655 0.04639148 0.02325507 0.009109531 0.132382 0.04546248 0.029510848 0.008478884 0.13316728
0.366 0.04643712 0.02226496 0.008705859 0.1315948 0.04549312 0.02852717 0.008053545 0.13236694
0.3665 0.04646323 0.02129424 0.008302283 0.1307675 0.045502834 0.027562506 0.007626649 0.13152473
0.367 0.04646991 0.0203423 0.007898718 0.1299015 0.045491874 0.026616298 0.00719833 0.13064206
0.3675 0.04645726 0.01940854 0.007495081 0.1289978 0.045460463 0.025688 0.006768655 0.12972024
0.368 0.04642539 0.01849236 0.007091294 0.1280578 0.045408845 0.024777107 0.0063377656 0.1287605
0.3685 0.04637441 0.01759322 0.006687278 0.1270824 0.04533726 0.023883082 0.0059057064 0.12776408
0.369 0.04630444 0.01671057 0.00628296 0.1260726 0.045245938 0.023005418 0.0054725967 0.12673213
0.3695 0.04621561 0.01584387 0.005878267 0.1250296 0.045135133 0.022143595 0.0050384738 0.12566575
0.37 0.04610804 0.01499261 0.005473131 0.1239543 0.045005083 0.02129715 0.0046034493 0.12456602
0.3705 0.04598187 0.01415629 0.005067483 0.1228476 0.04485602 0.020465583 0.0041675754 0.12343395
0.371 0.04583723 0.01333442 0.004661259 0.1217103 0.044688202 0.019648433 0.0037309192 0.12227051
0.3715 0.04567426 0.01252654 0.004254397 0.1205434 0.044501863 0.018845245 0.0032935701 0.12107669
0.372 0.04549311 0.01173219 0.003846837 0.1193477 0.044297248 0.018055543 0.002855558 0.11985336
0.3725 0.04529392 0.01095093 0.003438521 0.1181239 0.044074588 0.017278925 0.0024169795 0.11860143
0.373 0.04507684 0.01018233 0.003029394 0.1168729 0.043834127 0.016514935 0.0019778684 0.117321655
0.3735 0.04484203 0.009425968 0.002619402 0.1155953 0.04357612 0.015763156 0.0015382767 0.11601494
0.374 0.04458963 0.008681441 0.002208495 0.1142918 0.043300778 0.015023172 0.0010982603 0.11468203
0.3745 0.04431982 0.007948358 0.001796622 0.1129632 0.043008357 0.0142945945 0.0006578639 0.113323614
0.375 0.04403274 0.007226336 0.001383739 0.1116101 0.042699076 0.013577014 0.00021713227 0.11194047
0.3755 0.04372856 0.006515006 0.0009697979 0.1102331 0.042373203 0.012870058 -0.00022389367 0.1105333
0.376 0.04340745 0.005814007 0.0005547571 0.1088328 0.042030938 0.012173362 -0.00066515803 0.109102726
0.3765 0.04306956 0.00512299 0.0001385748 0.1074098 0.041672513 0.01148656 -0.0011066198 0.1076494
0.377 0.04271507 0.004441618 -0.0002787886 0.1059646 0.04129818 0.0108092725 -0.0015482679 0.10617398
0.3775 0.04234413 0.00376956 -0.0006973709 0.1044979 0.04090815 0.010141186 -0.001990024 0.10467702
0.378 0.04195693 0.003106497 -0.001117208 0.1030102 0.040502667 0.009481944 -0.0024318807 0.1031591
0.3785 0.04155362 0.002452119 -0.001538335 0.1015019 0.04008194 0.00883121 -0.0028738119 0.10162081
0.379 0.04113439 0.001806125 -0.001960785 0.09997352 0.039646193 0.008188687 -0.0033157654 0.10006268
0.3795 0.04069939 0.001168222 -0.002384589 0.09842559 0.039195657 0.0075540543 -0.0037577264 0.09848517
0.38 0.0402488 0.0005381275 -0.002809777 0.09685854 0.03873054 0.006926991 -0.0041996464 0.096888825
0.3805 0.0397828 -8.443502e-05 -0.003236377 0.09527282 0.038251057 0.006307222 -0.0046415143 0.09527415
0.381 0.03930155 -0.0006997328 -0.003664418 0.09366886 0.037757434 0.0056944564 -0.0050832853 0.093641564
0.3815 0.03880523 -0.001308026 -0.004093923 0.09204708 0.037249878 0.0050884113 -0.005524937 0.09199156
0.382 0.038294 -0.001909565 -0.004524919 0.09040789 0.036728606 0.0044887997 -0.005966462 0.090324536
0.3825 0.03776805 -0.002504596 -0.004957427 0.08875168 0.036193825 0.0038953796 -0.0064078234 0.08864094
0.383 0.03722753 -0.003093357 -0.005391471 0.08707882 0.03564574 0.0033078678 -0.0068489797 0.0869412
0.3835 0.03667263 -0.003676077 -0.00582707 0.0853897 0.035084553 0.0027260184 -0.0072899424 0.08522566
0.384 0.03610351 -0.00425298 -0.006264245 0.08368465 0.03451047 0.002149593 -0.0077306777 0.08349472
0.3845 0.03552034 -0.004824284 -0.006703014 0.08196405 0.033923693 0.0015783533 -0.008171145 0.08174877
0.385 0.03492329 -0.005390199 -0.007143393 0.08022821 0.033324413 0.001012072 -0.008611336 0.07998815
0.3855 0.03431254 -0.005950929 -0.007585401 0.07847747 0.032712847 0.00045051798 -0.009051219 0.07821323
0.386 0.03368825 -0.006506674 -0.008029051 0.07671215 0.032089166 -0.00010653585 -0.009490788 0.076424345
0.3865 0.03305058 -0.007057625 -0.008474358 0.07493256 0.031453572 -0.0006592944 -0.009930011 0.07462178
0.387 0.03239971 -0.007603969 -0.008921336 0.073139 0.03080625 -0.0012079626 -0.01036888 0.0728059
0.3875 0.0317358 -0.008145888 -0.009369997 0.07133175 0.030147403 -0.0017527454 -0.010807361 0.07097699
0.388 0.03105901 -0.008683558 -0.009820352 0.06951111 0.029477201 -0.00229384 -0.011245456 0.06913534
0.3885 0.03036951 -0.009217148 -0.01027241 0.06767736 0.02879583 -0.0028314367 -0.011683125 0.06728126
0.389 0.02966747 -0.009746824 -0.01072619 0.06583075 0.02810347 -0.003365714 -0.012120362 0.06541504
0.3895 0.02895303 -0.01027275 -0.01118169 0.06397155 0.027400307 -0.003896866 -0.012557145 0.06353693
0.39 0.02822638 -0.01079507 -0.01163892 0.06210002 0.026686512 -0.0044250563 -0.012993459 0.06164719
0.3905 0.02748765 -0.01131395 -0.01209789 0.06021641 0.02596227 -0.0049504563 -0.013429284 0.059746116
0.391 0.02673702 -0.01182953 -0.01255861 0.05832096 0.025227748 -0.005473219 -0.013864599 0.057833925
0.3915 0.02597464 -0.01234195 -0.01302108 0.05641389 0.024483114 -0.0059935227 -0.014299389 0.055910863
0.392 0.02520067 -0.01285135 -0.01348531 0.05449545 0.023728542 -0.0065115206 -0.014733642 0.053977177
0.3925 0.02441525 -0.01335786 -0.0139513 0.05256586 0.02296418 -0.0070273504 -0.015167326 0.052033097
0.393 0.02361854 -0.01386162 -0.01441906 0.05062534 0.022190213 -0.007541172 -0.01560045 0.050078847
0.3935 0.02281071 -0.01436274 -0.01488859 0.04867409 0.021406792 -0.00805312 -0.016032975 0.048114643
0.394 0.02199188 -0.01486135 -0.01535989 0.04671232 0.020614095 -0.008563336 -0.016464893 0.0461407
0.3945 0.02116222 -0.01535756 -0.01583296 0.04474025 0.019812249 -0.009071954 -0.016896192 0.04415723
0.395 0.02032187 -0.0158515 -0.01630782 0.04275806 0.01900144 -0.009579115 -0.01732685 0.042164415
0.3955 0.01947098 -0.01634327 -0.01678445 0.04076595 0.018181786 -0.010084927 -0.017756853 0.040162466
0.396 0.0186097 -0.01683298 -0.01726285 0.0387641 0.017353468 -0.010589521 -0.01818619 0.038151577
0.3965 0.01773816 -0.01732072 -0.01774304 0.03675271 0.016516618 -0.011093009 -0.018614836 0.036131933
0.397 0.01685651 -0.01780661 -0.01822501 0.03473194 0.015671395 -0.011595506 -0.019042775 0.034103706
0.3975 0.01596488 -0.01829074 -0.01870875 0.03270198 0.014817923 -0.012097135 -0.019470003 0.032067068
0.398 0.01506343 -0.01877321 -0.01919427 0.03066299 0.0139563605 -0.012597982 -0.019896492 0.030022204
0.3985 0.01415228 -0.0192541 -0.01968156 0.02861515 0.013086833 -0.013098177 -0.020322245 0.027969293
0.399 0.01323157 -0.0197335 -0.02017063 0.02655861 0.0122094825 -0.013597809 -0.020747237 0.02590847
0.3995 0.01230144 -0.0202115 -0.02066147 0.02449354 0.011324458 -0.014096972 -0.021171447 0.02383992
0.4 0.01136201 -0.02068819 -0.02115407 0.02242009 0.010431871 -0.014595766 -0.021594863 0.021763787
0.4005 0.0104167 -0.02116358 -0.02164589 0.02038343 0.009543426 -0.015079789 -0.022036385 0.019760177
0.401 0.009484898 -0.0216371 -0.02212518 0.01845982 0.0086597875 -0.015566919 -0.022481326 0.017827466
0.4015 0.008573577 -0.02210783 -0.02259137 0.01662276 0.007780947 -0.01605644 -0.022927925 0.015962452
0.402 0.007678293 -0.02257522 -0.02304887 0.01485322 0.0069069713 -0.016547136 -0.023375228 0.014162041
0.4025 0.00679431 -0.02303896 -0.02350063 0.01314305 0.0060379356 -0.017038014 -0.023822509 0.012423247
0.403 0.005918774 -0.02349893 -0.02394809 0.01148804 0.005173981 -0.017528296 -0.024269171 0.010743283
0.4035 0.005050275 -0.02395505 -0.02439185 0.009885215 0.0043152645 -0.018017378 -0.024714746 0.009119451
0.404 0.004188214 -0.02440727 -0.02483218 0.008332055 0.0034619644 -0.01850481 -0.025158871 0.007549256
0.4045 0.003332394 -0.02485559 -0.02526913 0.006826276 0.0026142523 -0.018990226 -0.02560122 0.006030239
0.405 0.002482811 -0.02529998 -0.02570275 0.005365746 0.0017723292 -0.01947334 -0.026041556 0.00456015
0.4055 0.001639543 -0.02574043 -0.02613301 0.003948462 0.0009363815 -0.01995394 -0.026479691 0.0031367838
0.406 0.0008027004 -0.02617695 -0.0265599 0.002572538 0.000106573105 -0.020431865 -0.026915442 0.0017580986
0.4065 -2.759199e-05 -0.02660953 -0.02698341 0.001236194 -0.00071690977 -0.020906977 -0.027348675 0.0004221052
0.407 -0.0008512113 -0.02703818 -0.02740352 -6.224867e-05 -0.0015339032 -0.021379188 -0.027779277 -0.0008730367
0.4075 -0.001668039 -0.0274629 -0.02782021 -0.001324378 -0.0023442581 -0.021848422 -0.028207146 -0.0021291226
0.408 -0.002477965 -0.0278837 -0.02823346 -0.002551695 -0.0031478144 -0.022314614 -0.028632183 -0.003347829
0.4085 -0.003280885 -0.02830059 -0.02864328 -0.003745616 -0.003944449 -0.022777716 -0.029054336 -0.0045307577
0.409 -0.004076707 -0.02871358 -0.02904963 -0.004907485 -0.004734028 -0.02323771 -0.02947355 -0.0056794323
0.4095 -0.004865344 -0.02912269 -0.02945253 -0.006038571 -0.0055164397 -0.023694549 -0.029889751 -0.0067952983
0.41 -0.005646719 -0.02952792 -0.02985195 -0.007140079 -0.006291583 -0.024148224 -0.0303029 -0.007879719
0.4105 -0.006420763 -0.02992929 -0.03024789 -0.008213148 -0.0070593506 -0.024598699 -0.030712936 -0.008934014
0.411 -0.007187414 -0.03032682 -0.03064035 -0.009258859 -0.007819679 -0.025045976 -0.031119842 -0.009959426
0.4115 -0.007946619 -0.03072052 -0.03102933 -0.01027824 -0.008572489 -0.02549004 -0.031523574 -0.010957118
0.412 -0.00869833 -0.03111041 -0.03141482 -0.01127226 -0.009317711 -0.025930883 -0.031924114 -0.011928234
0.4125 -0.009442507 -0.03149651 -0.03179682 -0.01224185 -0.010055292 -0.02636849 -0.03232143 -0.012873825
0.413 -0.01017912 -0.03187884 -0.03217534 -0.01318788 -0.010785192 -0.026802849 -0.03271549 -0.013794906
0.4135 -0.01090813 -0.03225741 -0.03255038 -0.01411119 -0.01150737 -0.027233958 -0.033106282 -0.014692448
0.414 -0.01162953 -0.03263225 -0.03292194 -0.01501257 -0.012221798 -0.027661815 -0.033493787 -0.01556737
0.4145 -0.01234329 -0.03300338 -0.03329003 -0.01589279 -0.012928456 -0.028086402 -0.033877984 -0.016420528
0.415 -0.0130494 -0.03337081 -0.03365465 -0.01675256 -0.013627324 -0.028507717 -0.034258865 -0.017252766
0.4155 -0.01374787 -0.03373457 -0.03401581 -0.01759256 -0.014318392 -0.028925758 -0.034636408 -0.018064868
0.416 -0.01443868 -0.03409468 -0.03437353 -0.01841346 -0.0150016695 -0.029340513 -0.03501061 -0.018857583
0.4165 -0.01512185 -0.03445117 -0.0347278 -0.01921587 -0.015677143 -0.029751977 -0.035381462 -0.019631632
0.417 -0.01579737 -0.03480404 -0.03507864 -0.02000039 -0.016344838 -0.030160153 -0.035748962 -0.020387694
0.4175 -0.01646525 -0.03515333 -0.03542606 -0.02076759 -0.017004766 -0.030565027 -0.0361131 -0.021126412
0.418 -0.01712553 -0.03549907 -0.03577007 -0.02151802 -0.017656937 -0.030966597 -0.036473863 -0.021848407
0.4185 -0.0177782 -0.03584126 -0.03611068 -0.02225219 -0.018301386 -0.031364866 -0.036831275 -0.02255427
0.419 -0.0184233 -0.03617994 -0.03644792 -0.02297061 -0.018938132 -0.031759817 -0.03718531 -0.023244552
0.4195 -0.01906085 -0.03651513 -0.03678179 -0.02367374 -0.019567214 -0.032151457 -0.037535988 -0.023919798
0.42 -0.01969088 -0.03684686 -0.0371123 -0.02436205 -0.020188667 -0.032539777 -0.037883304 -0.024580508
0.4205 -0.02031342 -0.03717514 -0.03743948 -0.02503596 -0.020802535 -0.032924786 -0.03822726 -0.025227174
0.421 -0.02092851 -0.03750001 -0.03776334 -0.02569591 -0.021408856 -0.03330647 -0.03856787 -0.025860257
0.4215 -0.02153617 -0.03782148 -0.0380839 -0.02634228 -0.022007667 -0.033684827 -0.03890513 -0.026480194
0.422 -0.02213645 -0.03813958 -0.03840117 -0.02697547 -0.022599027 -0.034059864 -0.039239056 -0.027087409
0.4225 -0.0227294 -0.03845434 -0.03871517 -0.02759585 -0.02318298 -0.034431573 -0.03956964 -0.027682304
0.423 -0.02331505 -0.03876578 -0.03902592 -0.02820377 -0.023759581 -0.03479997 -0.039896917 -0.028265275
0.4235 -0.02389345 -0.03907393 -0.03933344 -0.02879957 -0.024328895 -0.035165034 -0.04022087 -0.028836668
0.424 -0.02446465 -0.0393788 -0.03963774 -0.02938358 -0.02489096 -0.035526775 -0.04054153 -0.029396847
0.4245 -0.02502869 -0.03968044 -0.03993886 -0.02995613 -0.025445849 -0.0358852 -0.04085891 -0.029946148
0.425 -0.02558563 -0.03997885 -0.0402368 -0.0305175 -0.025993623 -0.036240317 -0.041173015 -0.030484892
0.4255 -0.02613552 -0.04027407 -0.04053159 -0.031068 -0.026534334 -0.03659212 -0.041483857 -0.031013377
0.426 -0.02667841 -0.04056613 -0.04082325 -0.0316079 -0.027068049 -0.036940612 -0.041791454 -0.031531908
0.4265 -0.02721436 -0.04085504 -0.0411118 -0.03213748 -0.027594835 -0.037285805 -0.042095833 -0.032040764
0.427 -0.02774343 -0.04114084 -0.04139727 -0.03265701 -0.028114755 -0.037627693 -0.042396992 -0.03254021
0.4275 -0.02826566 -0.04142354 -0.04167966 -0.03316673 -0.028627872 -0.037966296 -0.04269495 -0.033030502
0.428 -0.02878112 -0.04170318 -0.04195901 -0.03366688 -0.029134255 -0.03830161 -0.042989735 -0.033511892
0.4285 -0.02928987 -0.04197978 -0.04223534 -0.03415771 -0.029633977 -0.038633652 -0.043281358 -0.033984624
0.429 -0.02979196 -0.04225336 -0.04250867 -0.03463944 -0.030127093 -0.038962424 -0.04356984 -0.034448914
0.4295 -0.03028747 -0.04252396 -0.04277902 -0.0351123 -0.030613683 -0.039287936 -0.043855198 -0.034904987
0.43 -0.03077644 -0.04279159 -0.04304642 -0.03557648 -0.031093813 -0.039610192 -0.044137448 -0.03535305
0.4305 -0.03125894 -0.04305628 -0.04331088 -0.03603221 -0.03156755 -0.03992921 -0.044416618 -0.035793312
0.431 -0.03173504 -0.04331807 -0.04357244 -0.03647967 -0.03203497 -0.040245 -0.044692725 -0.036225956
0.4315 -0.03220479 -0.04357696 -0.04383111 -0.03691907 -0.032496132 -0.04055757 -0.04496579 -0.03665118
0.432 -0.03266826 -0.043833 -0.04408691 -0.03735058 -0.032951117 -0.040866934 -0.04523583 -0.037069153
0.4325 -0.03312552 -0.0440862 -0.04433988 -0.03777439 -0.03339999 -0.0411731 -0.04550287 -0.037480056
0.433 -0.03357662 -0.04433659 -0.04459004 -0.03819067 -0.033842817 -0.04147609 -0.045766935 -0.037884045
0.4335 -0.03402163 -0.04458419 -0.0448374 -0.03859959 -0.034279674 -0.041775905 -0.046028044 -0.038281295
0.434 -0.03446062 -0.04482904 -0.04508199 -0.03900132 -0.03471063 -0.042072568 -0.04628621 -0.038671948
0.4345 -0.03489365 -0.04507115 -0.04532384 -0.03939602 -0.03513575 -0.042366087 -0.046541467 -0.039056156
0.435 -0.03532079 -0.04531055 -0.04556297 -0.03978383 -0.035555106 -0.04265648 -0.046793833 -0.039434064
0.4355 -0.03574209 -0.04554726 -0.0457994 -0.04016492 -0.035968766 -0.04294376 -0.04704333 -0.03980581
0.436 -0.03615763 -0.04578132 -0.04603316 -0.04053942 -0.0363768 -0.043227952 -0.047289982 -0.04017153
0.4365 -0.03656747 -0.04601274 -0.04626427 -0.04090747 -0.036779277 -0.04350906 -0.047533814 -0.040531352
0.437 -0.03697167 -0.04624156 -0.04649275 -0.04126923 -0.03717626 -0.043787103 -0.047774844 -0.040885396
0.4375 -0.0373703 -0.04646778 -0.04671864 -0.0416248 -0.037567824 -0.0440621 -0.0480131 -0.04123379
0.438 -0.03776342 -0.04669145 -0.04694194 -0.04197434 -0.037954032 -0.044334073 -0.048248604 -0.041576646
0.4385 -0.0381511 -0.04691258 -0.0471627 -0.04231796 -0.03833495 -0.044603042 -0.048481382 -0.041914083
0.439 -0.0385334 -0.0471312 -0.04738092 -0.04265579 -0.038710654 -0.044869013 -0.048711453 -0.042246204
0.4395 -0.03891038 -0.04734733 -0.04759663 -0.04298794 -0.039081194 -0.045132007 -0.048938844 -0.04257312
0.44 -0.03928212 -0.047561 -0.04780987 -0.04331453 -0.039446644 -0.04539205 -0.04916358 -0.042894933
0.4405 -0.03964866 -0.04777223 -0.04802064 -0.04363567 -0.039807074 -0.04564916 -0.049385685 -0.043211743
0.441 -0.04001008 -0.04798105 -0.04822898 -0.04395148 -0.04016254 -0.04590335 -0.049605176 -0.043523647
0.4415 -0.04036644 -0.04818747 -0.04843491 -0.04426206 -0.04051311 -0.046154648 -0.04982209 -0.043830737
0.442 -0.0407178 -0.04839152 -0.04863844 -0.04456752 -0.040858842 -0.04640307 -0.050036434 -0.044133104
0.4425 -0.04106422 -0.04859323 -0.04883962 -0.04486795 -0.04119981 -0.046648636 -0.050248243 -0.044430844
0.443 -0.04140577 -0.04879262 -0.04903845 -0.04516346 -0.041536067 -0.04689137 -0.050457537 -0.044724032
0.4435 -0.0417425 -0.04898972 -0.04923496 -0.04545414 -0.041867673 -0.047131285 -0.050664347 -0.04501276
0.444 -0.04207447 -0.04918453 -0.04942917 -0.04574009 -0.042194698 -0.047368415 -0.05086869 -0.04529711
0.4445 -0.04240176 -0.0493771 -0.04962112 -0.04602139 -0.042517193 -0.047602765 -0.051070586 -0.045577154
0.445 -0.0427244 -0.04956744 -0.04981081 -0.04629814 -0.042835224 -0.04783437 -0.051270068 -0.045852974
0.4455 -0.04304248 -0.04975557 -0.04999827 -0.04657042 -0.04314885 -0.04806324 -0.05146715 -0.04612465
0.446 -0.04335604 -0.04994151 -0.05018353 -0.04683833 -0.04345812 -0.048289407 -0.051661864 -0.046392247
0.4465 -0.04366514 -0.0501253 -0.05036661 -0.04710193 -0.043763105 -0.04851289 -0.05185423 -0.04665584
0.447 -0.04396985 -0.05030695 -0.05054753 -0.04736132 -0.044063855 -0.048733715 -0.052044276 -0.0469155
0.4475 -0.04427022 -0.05048648 -0.05072631 -0.04761657 -0.04436043 -0.048951894 -0.052232016 -0.047171295
0.448 -0.0445663 -0.05066391 -0.05090298 -0.04786776 -0.044652887 -0.04916746 -0.052417483 -0.04742329
0.4485 -0.04485816 -0.05083927 -0.05107755 -0.04811496 -0.044941273 -0.04938042 -0.05260069 -0.047671545
0.449 -0.04514584 -0.05101259 -0.05125005 -0.04835826 -0.04522565 -0.04959082 -0.052781668 -0.04791613
0.4495 -0.04542941 -0.05118387 -0.05142051 -0.04859771 -0.045506075 -0.049798656 -0.052960437 -0.048157103
0.45 -0.04570893 -0.05135314 -0.05158893 -0.04883339 -0.045782592 -0.050003972 -0.05313702 -0.048394527
0.4505 -0.04598443 -0.05152042 -0.05175535 -0.04906538 -0.046055257 -0.050206773 -0.053311445 -0.048628457
0.451 -0.04625599 -0.05168574 -0.05191978 -0.04929373 -0.046324126 -0.050407104 -0.053483725 -0.048858956
0.4515 -0.04652365 -0.05184912 -0.05208224 -0.04951851 -0.046589248 -0.05060497 -0.053653892 -0.049086075
0.452 -0.04678746 -0.05201056 -0.05224277 -0.04973979 -0.04685068 -0.050800394 -0.05382196 -0.049309872
0.4525 -0.04704748 -0.05217011 -0.05240137 -0.04995762 -0.047108464 -0.050993413 -0.053987958 -0.0495304
0.453 -0.04730377 -0.05232777 -0.05255807 -0.05017208 -0.047362655 -0.051184036 -0.0541519 -0.049747713
0.4535 -0.04755636 -0.05248356 -0.05271289 -0.05038322 -0.047613293 -0.051372286 -0.05431382 -0.049961865
0.454 -0.04780531 -0.05263752 -0.05286585 -0.05059109 -0.047860444 -0.051558197 -0.054473735 -0.0501729
0.4545 -0.04805068 -0.05278964 -0.05301697 -0.05079576 -0.048104137 -0.05174178 -0.054631658 -0.05038087
0.455 -0.04829251 -0.05293997 -0.05316627 -0.05099729 -0.04834443 -0.051923066 -0.05478762 -0.05058582
0.4555 -0.04853085 -0.05308851 -0.05331377 -0.05119572 -0.04858137 -0.052102074 -0.054941647 -0.050787807
0.456 -0.04876575 -0.05323528 -0.05345949 -0.05139112 -0.048815 -0.05227883 -0.055093747 -0.05098687
0.4565 -0.04899726 -0.05338031 -0.05360345 -0.05158352 -0.049045365 -0.05245335 -0.055243947 -0.05118306
0.457 -0.04922542 -0.05352361 -0.05374566 -0.051773 -0.049272515 -0.052625664 -0.055392273 -0.051376417
0.4575 -0.04945028 -0.05366521 -0.05388616 -0.05195959 -0.049496487 -0.052795798 -0.055538736 -0.05156699
0.458 -0.04967189 -0.05380511 -0.05402495 -0.05214335 -0.04971733 -0.05296376 -0.05568337 -0.05175481
0.4585 -0.0498903 -0.05394335 -0.05416206 -0.05232432 -0.049935084 -0.053129584 -0.05582618 -0.05193993
0.459 -0.05010554 -0.05407993 -0.0542975 -0.05250255 -0.050149795 -0.053293288 -0.055967197 -0.05212239
0.4595 -0.05031767 -0.05421488 -0.0544313 -0.05267809 -0.050361507 -0.0534549 -0.05610644 -0.052302234
0.46 -0.05052672 -0.05434821 -0.05456347 -0.05285099 -0.05057025 -0.053614423 -0.056243926 -0.05247949
0.4605 -0.05073275 -0.05447995 -0.05469403 -0.05302128 -0.05077608 -0.053771906 -0.056379672 -0.052654214
0.461 -0.05093579 -0.05461011 -0.054823 -0.05318902 -0.050979026 -0.053927362 -0.056513704 -0.05282643
0.4615 -0.05113589 -0.0547387 -0.0549504 -0.05335424 -0.051179137 -0.0540808 -0.056646045 -0.05299618
0.462 -0.05133309 -0.05486575 -0.05507624 -0.05351699 -0.051376443 -0.054232255 -0.05677671 -0.053163506
0.4625 -0.05152742 -0.05499127 -0.05520054 -0.0536773 -0.051570993 -0.05438175 -0.056905717 -0.05332844
0.463 -0.05171894 -0.05511528 -0.05532333 -0.05383523 -0.05176282 -0.0545293 -0.05703308 -0.05349102
0.4635 -0.05190768 -0.05523779 -0.05544461 -0.05399081 -0.05195196 -0.05467493 -0.057158828 -0.05365128
0.464 -0.05209369 -0.05535883 -0.05556441 -0.05414407 -0.052138455 -0.054818656 -0.057282977 -0.05380925
0.4645 -0.05227699 -0.05547841 -0.05568273 -0.05429506 -0.052322336 -0.054960504 -0.05740554 -0.053964972
0.465 -0.05245764 -0.05559655 -0.05579961 -0.05444381 -0.052503645 -0.0551005 -0.057526536 -0.054118477
0.4655 -0.05263566 -0.05571326 -0.05591505 -0.05459036 -0.052682415 -0.055238657 -0.05764599 -0.054269798
0.466 -0.0528111 -0.05582856 -0.05602908 -0.05473474 -0.05285868 -0.055374995 -0.05776392 -0.054418962
0.4665 -0.05298399 -0.05594246 -0.0561417 -0.054877 -0.05303248 -0.055509537 -0.057880342 -0.054566003
0.467 -0.05315437 -0.05605499 -0.05625294 -0.05501716 -0.053203844 -0.055642307 -0.05799526 -0.05471096
0.4675 -0.05332228 -0.05616615 -0.0563628 -0.05515526 -0.053372808 -0.055773325 -0.058108717 -0.054853857
0.468 -0.05348775 -0.05627596 -0.05647132 -0.05529134 -0.05353941 -0.055902608 -0.05822071 -0.05499472
0.4685 -0.05365082 -0.05638444 -0.0565785 -0.05542541 -0.053703673 -0.056030184 -0.058331262 -0.05513359
0.469 -0.05381152 -0.05649161 -0.05668435 -0.05555753 -0.053865638 -0.056156058 -0.058440395 -0.055270486
0.4695 -0.05396989 -0.05659747 -0.0567889 -0.05568772 -0.054025333 -0.056280263 -0.058548123 -0.05540544
0.47 -0.05412596 -0.05670204 -0.05689216 -0.055816 -0.054182794 -0.05640281 -0.058654465 -0.055538487
0.4705 -0.05427977 -0.05680535 -0.05699414 -0.05594242 -0.054338045 -0.056523725 -0.05875943 -0.055669643
0.471 -0.05443134 -0.05690739 -0.05709486 -0.05606699 -0.054491125 -0.056643024 -0.058863044 -0.055798944
0.4715 -0.05458071 -0.05700819 -0.05719434 -0.05618975 -0.05464206 -0.056760736 -0.058965318 -0.055926416
0.472 -0.05472792 -0.05710777 -0.05729258 -0.05631074 -0.054790877 -0.05687686 -0.059066266 -0.056052085
0.4725 -0.05487299 -0.05720613 -0.05738961 -0.05642996 -0.054937616 -0.056991436 -0.05916591 -0.056175973
0.473 -0.05501596 -0.05730329 -0.05748543 -0.05654747 -0.05508229 -0.05710447 -0.05926426 -0.05629811
0.4735 -0.05515685 -0.05739926 -0.05758007 -0.05666327 -0.055224944 -0.057215985 -0.05936134 -0.05641852
0.474 -0.0552957 -0.05749406 -0.05767353 -0.0567774 -0.0553656 -0.057326 -0.059457153 -0.05653723
0.4745 -0.05543253 -0.0575877 -0.05776583 -0.05688988 -0.05550428 -0.05743453 -0.05955173 -0.05665426
0.475 -0.05556739 -0.0576802 -0.05785699 -0.05700075 -0.05564102 -0.057541594 -0.05964507 -0.05676964
0.4755 -0.05570028 -0.05777157 -0.05794701 -0.05711001 -0.055775847 -0.057647213 -0.0597372 -0.056883387
0.476 -0.05583125 -0.05786181 -0.05803591 -0.05721771 -0.05590878 -0.0577514 -0.059828132 -0.056995533
0.4765 -0.05596033 -0.05795095 -0.05812371 -0.05732386 -0.056039855 -0.057854176 -0.059917875 -0.057106093
0.477 -0.05608753 -0.058039 -0.05821042 -0.0574285 -0.05616909 -0.057955563 -0.060006447 -0.057215095
0.4775 -0.05621289 -0.05812597 -0.05829604 -0.05753163 -0.056296516 -0.058055572 -0.060093872 -0.057322554
0.478 -0.05633644 -0.05821187 -0.0583806 -0.05763328 -0.05642216 -0.058154225 -0.06018015 -0.057428505
0.4785 -0.0564582 -0.05829671 -0.05846411 -0.05773349 -0.056546036 -0.05825153 -0.060265303 -0.05753296
0.479 -0.05657819 -0.05838052 -0.05854658 -0.05783226 -0.05666818 -0.058347516 -0.060349338 -0.05763594
0.4795 -0.05669645 -0.05846329 -0.05862801 -0.05792963 -0.056788612 -0.058442183 -0.06043227 -0.057737473
0.48 -0.056813 -0.05854505 -0.05870843 -0.05802561 -0.056907356 -0.058535565 -0.060514126 -0.057837572
0.4805 -0.05692786 -0.0586258 -0.05878785 -0.05812022 -0.057024438 -0.05862767 -0.06059491 -0.057936262
0.481 -0.05704106 -0.05870556 -0.05886628 -0.0582135 -0.05713988 -0.058718517 -0.060674626 -0.058033563
0.4815 -0.05715263 -0.05878433 -0.05894372 -0.05830544 -0.057253703 -0.058808118 -0.0607533 -0.05812949
0.482 -0.05726258 -0.05886214 -0.0590202 -0.05839609 -0.05736593 -0.05889649 -0.060830947 -0.05822407
0.4825 -0.05737095 -0.05893898 -0.05909572 -0.05848544 -0.057476588 -0.05898365 -0.06090757 -0.05831732
0.483 -0.05747775 -0.05901488 -0.0591703 -0.05857354 -0.057585694 -0.05906961 -0.06098318 -0.05840925
0.4835 -0.05758301 -0.05908984 -0.05924394 -0.05866039 -0.057693273 -0.05915439 -0.0610578 -0.058499895
0.484 -0.05768675 -0.05916388 -0.05931666 -0.05874601 -0.05779934 -0.059238013 -0.06113144 -0.05858926
0.4845 -0.057789 -0.059237 -0.05938848 -0.05883043 -0.057903923 -0.05932048 -0.061204113 -0.05867737
0.485 -0.05788977 -0.05930922 -0.05945939 -0.05891366 -0.058007043 -0.05940181 -0.061275832 -0.05876424
0.4855 -0.05798908 -0.05938055 -0.05952941 -0.05899571 -0.058108717 -0.059482023 -0.061346598 -0.05884989
0.486 -0.05808697 -0.059451 -0.05959856 -0.05907661 -0.058208965 -0.05956112 -0.061416432 -0.058934335
0.4865 -0.05818345 -0.05952057 -0.05966684 -0.05915637 -0.05830781 -0.059639126 -0.061485343 -0.05901759
0.487 -0.05827853 -0.05958929 -0.05973426 -0.05923502 -0.05840527 -0.05971606 -0.06155335 -0.059099678
0.4875 -0.05837225 -0.05965715 -0.05980084 -0.05931256 -0.058501363 -0.05979193 -0.06162046 -0.05918061
0.488 -0.05846462 -0.05972417 -0.05986658 -0.05938901 -0.05859611 -0.05986675 -0.061686683 -0.059260406
0.4885 -0.05855566 -0.05979037 -0.0599315 -0.0594644 -0.058689535 -0.05994053 -0.06175203 -0.05933908
0.489 -0.05864539 -0.05985574 -0.0599956 -0.05953873 -0.058781646 -0.060013287 -0.061816514 -0.059416648
0.4895 -0.05873384 -0.0599203 -0.0600589 -0.05961202 -0.058872465 -0.060085036 -0.061880134 -0.05949313
0.49 -0.05882101 -0.05998407 -0.0601214 -0.05968429 -0.058962014 -0.060155787 -0.06194292 -0.05956853
0.4905 -0.05890693 -0.06004704 -0.06018311 -0.05975555 -0.05905031 -0.060225554 -0.06200488 -0.059642877
0.491 -0.05899161 -0.06010923 -0.06024405 -0.05982581 -0.059137367 -0.060294352 -0.06206601 -0.05971618
0.4915 -0.05907508 -0.06017065 -0.06030423 -0.0598951 -0.059223205 -0.06036219 -0.06212633 -0.05978845
0.492 -0.05915736 -0.0602313 -0.06036364 -0.05996343 -0.05930784 -0.06042909 -0.062185854 -0.059859708
0.4925 -0.05923845 -0.06029121 -0.06042231 -0.0600308 -0.05939129 -0.060495056 -0.062244594 -0.059929967
0.493 -0.05931838 -0.06035036 -0.06048024 -0.06009724 -0.05947357 -0.0605601 -0.062302545 -0.059999235
0.4935 -0.05939717 -0.06040879 -0.06053744 -0.06016275 -0.0595547 -0.06062424 -0.062359735 -0.060067534
0.494 -0.05947483 -0.06046648 -0.06059393 -0.06022736 -0.05963469 -0.060687486 -0.06241616 -0.060134873
0.4945 -0.05955138 -0.06052346 -0.0606497 -0.06029108 -0.05971356 -0.06074985 -0.062471837 -0.06020127
0.495 -0.05962683 -0.06057973 -0.06070476 -0.06035391 -0.059791327 -0.06081134 -0.06252678 -0.060266733
0.4955 -0.0597012 -0.0606353 -0.06075914 -0.06041587 -0.059868004 -0.060871974 -0.06258099 -0.060331278
0.496 -0.05977451 -0.06069018 -0.06081283 -0.06047697 -0.05994361 -0.06093175 -0.06263447 -0.060394913
0.4965 -0.05984678 -0.06074438 -0.06086584 -0.06053723 -0.060018152 -0.060990695 -0.06268725 -0.060457658
0.497 -0.05991801 -0.0607979 -0.06091818 -0.06059666 -0.060091652 -0.06104882 -0.06273932 -0.060519524
0.4975 -0.05998822 -0.06085075 -0.06096986 -0.06065527 -0.060164124 -0.061106123 -0.0627907 -0.06058052
0.498 -0.06005743 -0.06090294 -0.0610209 -0.06071308 -0.060235575 -0.06116263 -0.0628414 -0.060640663
0.4985 -0.06012566 -0.06095449 -0.06107128 -0.06077008 -0.06030603 -0.061218336 -0.06289142 -0.060699962
0.499 -0.06019291 -0.06100539 -0.06112104 -0.0608263 -0.0603755 -0.06127327 -0.06294078 -0.06075843
0.4995 -0.06025921 -0.06105565 -0.06117016 -0.06088175 -0.060443994 -0.061327428 -0.06298947 -0.060816076
0.5 -0.06032456 -0.06110529 -0.06121866 -0.06093644 -0.060511526 -0.061380826 -0.06303753 -0.060872912
