0.0 -0.065 -0.065 -0.065 -0.065 -0.065193415 -0.05717836 -0.060161397 -0.0631573
0.0005 -0.065 -0.065 -0.065 -0.065 -0.06497265 -0.058689583 -0.06123949 -0.06328081
0.001 -0.065 -0.065 -0.065 -0.065 -0.06483307 -0.05982641 -0.062148675 -0.0634038
0.0015 -0.065 -0.065 -0.065 -0.065 -0.064753085 -0.060726 -0.06288815 -0.06352046
0.002 -0.065 -0.065 -0.065 -0.065 -0.06471787 -0.06144207 -0.063493125 -0.06363091
0.0025 -0.065 -0.065 -0.065 -0.065 -0.06471596 -0.06201478 -0.063992366 -0.0637354
0.003 -0.065 -0.065 -0.065 -0.065 -0.06473852 -0.062475417 -0.06440833 -0.06383424
0.0035 -0.065 -0.065 -0.065 -0.065 -0.064778715 -0.06284837 -0.064758494 -0.06392768
0.004 -0.065 -0.065 -0.065 -0.065 -0.06483132 -0.063152574 -0.06505643 -0.064015985
0.0045 -0.065 -0.065 -0.065 -0.065 -0.06489232 -0.063402764 -0.065312706 -0.064099394
0.005 -0.065 -0.065 -0.065 -0.065 -0.06495869 -0.063610375 -0.06553554 -0.06417814
0.0055 -0.065 -0.065 -0.065 -0.065 -0.065028116 -0.06378429 -0.06573131 -0.06425246
0.006 -0.065 -0.065 -0.065 -0.065 -0.06509888 -0.0639314 -0.065905 -0.06432255
0.0065 -0.065 -0.065 -0.065 -0.065 -0.06516968 -0.06405705 -0.06606049 -0.06438864
0.007 -0.065 -0.065 -0.065 -0.065 -0.06523956 -0.06416543 -0.066200815 -0.06445091
0.0075 -0.065 -0.065 -0.065 -0.065 -0.06530784 -0.06425977 -0.06632837 -0.06450955
0.008 -0.065 -0.065 -0.065 -0.065 -0.06537402 -0.0643426 -0.06644502 -0.06456474
0.0085 -0.065 -0.065 -0.065 -0.065 -0.06543776 -0.06441594 -0.06655226 -0.06461665
0.009 -0.065 -0.065 -0.065 -0.065 -0.065498814 -0.064481325 -0.06665127 -0.064665444
0.0095 -0.065 -0.065 -0.065 -0.065 -0.06555706 -0.06453999 -0.06674299 -0.064711265
0.01 -0.065 -0.065 -0.065 -0.065 -0.06561243 -0.06459292 -0.06682818 -0.06475428
0.0105 -0.065 -0.065 -0.065 -0.065 -0.06566487 -0.06464088 -0.06690747 -0.06479461
0.011 -0.065 -0.065 -0.065 -0.065 -0.06571442 -0.06468451 -0.066981375 -0.0648324
0.0115 -0.065 -0.065 -0.065 -0.065 -0.065761104 -0.064724304 -0.06705031 -0.06486777
0.012 -0.065 -0.065 -0.065 -0.065 -0.06580499 -0.06476068 -0.06711463 -0.064900845
0.0125 -0.065 -0.065 -0.065 -0.065 -0.06584613 -0.06479398 -0.06717465 -0.06493174
0.013 -0.065 -0.065 -0.065 -0.065 -0.06588463 -0.064824484 -0.067230634 -0.06496056
0.0135 -0.065 -0.065 -0.065 -0.065 -0.06592056 -0.06485243 -0.06728281 -0.06498742
0.014 -0.065 -0.065 -0.065 -0.065 -0.06595402 -0.064878024 -0.06733137 -0.06501241
0.0145 -0.065 -0.065 -0.065 -0.065 -0.0659851 -0.06490145 -0.06737652 -0.065035634
0.015 -0.065 -0.065 -0.065 -0.065 -0.0660139 -0.06492285 -0.067418404 -0.06505717
0.0155 -0.065 -0.065 -0.065 -0.065 -0.06604051 -0.06494237 -0.06745719 -0.06507711
0.016 -0.065 -0.065 -0.065 -0.065 -0.06606501 -0.06496012 -0.06749301 -0.065095544
0.0165 -0.065 -0.065 -0.065 -0.065 -0.06608752 -0.06497623 -0.067526 -0.06511254
0.017 -0.065 -0.065 -0.065 -0.065 -0.0661081 -0.06499078 -0.06755627 -0.06512817
0.0175 -0.065 -0.065 -0.065 -0.065 -0.06612685 -0.06500387 -0.06758395 -0.06514251
0.018 -0.065 -0.065 -0.065 -0.065 -0.066143855 -0.06501559 -0.067609146 -0.06515564
0.0185 -0.065 -0.065 -0.065 -0.065 -0.06615919 -0.065026015 -0.06763195 -0.0651676
0.019 -0.065 -0.065 -0.065 -0.065 -0.066172935 -0.06503521 -0.06765248 -0.06517847
0.0195 -0.065 -0.065 -0.065 -0.065 -0.06618517 -0.06504325 -0.06767082 -0.0651883
0.02 -0.065 -0.065 -0.065 -0.065 -0.06619595 -0.0650502 -0.06768706 -0.06519715
0.0205 -0.065 -0.065 -0.065 -0.065 -0.06620537 -0.06505613 -0.06770128 -0.06520507
0.021 -0.065 -0.065 -0.065 -0.065 -0.06621347 -0.065061085 -0.06771359 -0.06521211
0.0215 -0.065 -0.065 -0.065 -0.065 -0.066220336 -0.06506512 -0.06772404 -0.065218315
0.022 -0.065 -0.065 -0.065 -0.065 -0.06622603 -0.065068305 -0.06773273 -0.06522374
0.0225 -0.065 -0.065 -0.065 -0.065 -0.06623059 -0.06507067 -0.06773972 -0.06522842
0.023 -0.065 -0.065 -0.065 -0.065 -0.06623409 -0.06507227 -0.06774509 -0.0652324
0.0235 -0.065 -0.065 -0.065 -0.065 -0.066236585 -0.06507315 -0.067748904 -0.06523572
0.024 -0.065 -0.065 -0.065 -0.065 -0.06623812 -0.06507335 -0.067751236 -0.06523842
0.0245 -0.065 -0.065 -0.065 -0.065 -0.06623875 -0.06507291 -0.06775214 -0.06524053
0.025 -0.065 -0.065 -0.065 -0.065 -0.06623852 -0.06507188 -0.06775169 -0.0652421
0.0255 -0.065 -0.065 -0.065 -0.065 -0.06623748 -0.06507029 -0.06774995 -0.06524313
0.026 -0.065 -0.065 -0.065 -0.065 -0.06623568 -0.06506816 -0.06774695 -0.065243684
0.0265 -0.065 -0.065 -0.065 -0.065 -0.066233136 -0.06506555 -0.06774278 -0.065243766
0.027 -0.065 -0.065 -0.065 -0.065 -0.06622992 -0.06506248 -0.067737475 -0.06524342
0.0275 -0.065 -0.065 -0.065 -0.065 -0.06622605 -0.06505898 -0.0677311 -0.06524268
0.028 -0.065 -0.065 -0.065 -0.065 -0.06622157 -0.065055065 -0.067723684 -0.065241545
0.0285 -0.065 -0.065 -0.065 -0.065 -0.06621652 -0.06505079 -0.067715295 -0.065240055
0.029 -0.065 -0.065 -0.065 -0.065 -0.06621093 -0.06504617 -0.067705974 -0.06523824
0.0295 -0.065 -0.065 -0.065 -0.065 -0.06620483 -0.06504122 -0.06769577 -0.06523611
0.03 -0.065 -0.065 -0.065 -0.065 -0.06619826 -0.065035984 -0.067684725 -0.065233685
0.0305 -0.065 -0.065 -0.065 -0.065 -0.06619123 -0.06503046 -0.06767288 -0.065230995
0.031 -0.065 -0.065 -0.065 -0.065 -0.0661838 -0.06502469 -0.06766027 -0.065228045
0.0315 -0.065 -0.065 -0.065 -0.065 -0.06617596 -0.06501869 -0.06764694 -0.06522486
0.032 -0.065 -0.065 -0.065 -0.065 -0.066167764 -0.06501248 -0.067632936 -0.06522146
0.0325 -0.065 -0.065 -0.065 -0.065 -0.06615923 -0.06500606 -0.06761828 -0.06521786
0.033 -0.065 -0.065 -0.065 -0.065 -0.066150375 -0.064999476 -0.067603014 -0.06521407
0.0335 -0.065 -0.065 -0.065 -0.065 -0.06614123 -0.06499273 -0.06758718 -0.065210104
0.034 -0.065 -0.065 -0.065 -0.065 -0.066131815 -0.06498584 -0.0675708 -0.065205984
0.0345 -0.065 -0.065 -0.065 -0.065 -0.066122144 -0.06497882 -0.06755391 -0.06520172
0.035 -0.065 -0.065 -0.065 -0.065 -0.06611224 -0.06497169 -0.06753653 -0.06519732
0.0355 -0.065 -0.065 -0.065 -0.065 -0.066102125 -0.06496445 -0.06751871 -0.0651928
0.036 -0.065 -0.065 -0.065 -0.065 -0.06609181 -0.064957134 -0.06750046 -0.06518816
0.0365 -0.065 -0.065 -0.065 -0.065 -0.06608132 -0.064949736 -0.067481816 -0.06518343
0.037 -0.065 -0.065 -0.065 -0.065 -0.066070676 -0.06494227 -0.0674628 -0.0651786
0.0375 -0.065 -0.065 -0.065 -0.065 -0.06605988 -0.06493475 -0.067443445 -0.0651737
0.038 -0.065 -0.065 -0.065 -0.065 -0.06604895 -0.06492719 -0.06742377 -0.06516872
0.0385 -0.065 -0.065 -0.065 -0.065 -0.06603791 -0.0649196 -0.0674038 -0.06516368
0.039 -0.065 -0.065 -0.065 -0.065 -0.066026755 -0.06491198 -0.06738355 -0.06515858
0.0395 -0.065 -0.065 -0.065 -0.065 -0.06601552 -0.06490434 -0.06736305 -0.065153435
0.04 -0.065 -0.065 -0.065 -0.065 -0.0660042 -0.0648967 -0.067342326 -0.06514825
0.0405 -0.065 -0.065 -0.065 -0.065 -0.06599282 -0.06488906 -0.06732139 -0.065143034
0.041 -0.065 -0.065 -0.065 -0.065 -0.06598137 -0.06488143 -0.06730026 -0.06513778
0.0415 -0.065 -0.065 -0.065 -0.065 -0.065969884 -0.06487381 -0.06727896 -0.06513251
0.042 -0.065 -0.065 -0.065 -0.065 -0.06595836 -0.06486621 -0.0672575 -0.065127224
0.0425 -0.065 -0.065 -0.065 -0.065 -0.06594681 -0.06485864 -0.06723591 -0.06512193
0.043 -0.065 -0.065 -0.065 -0.065 -0.06593525 -0.0648511 -0.06721419 -0.06511662
0.0435 -0.065 -0.065 -0.065 -0.065 -0.06592367 -0.06484359 -0.067192376 -0.06511132
0.044 -0.065 -0.065 -0.065 -0.065 -0.06591209 -0.06483613 -0.06717046 -0.06510602
0.0445 -0.065 -0.065 -0.065 -0.065 -0.06590052 -0.064828716 -0.06714848 -0.06510072
0.045 -0.065 -0.065 -0.065 -0.065 -0.065888956 -0.064821355 -0.06712644 -0.06509544
0.0455 -0.065 -0.065 -0.065 -0.065 -0.06587742 -0.064814046 -0.06710434 -0.06509017
0.046 -0.065 -0.065 -0.065 -0.065 -0.065865904 -0.064806804 -0.06708222 -0.06508492
0.0465 -0.065 -0.065 -0.065 -0.065 -0.06585443 -0.064799614 -0.06706007 -0.06507969
0.047 -0.065 -0.065 -0.065 -0.065 -0.06584299 -0.0647925 -0.0670379 -0.06507449
0.0475 -0.065 -0.065 -0.065 -0.065 -0.065831594 -0.06478544 -0.06701575 -0.06506931
0.048 -0.065 -0.065 -0.065 -0.065 -0.06582025 -0.06477847 -0.0669936 -0.06506416
0.0485 -0.065 -0.065 -0.065 -0.065 -0.06580895 -0.06477156 -0.06697148 -0.06505905
0.049 -0.065 -0.065 -0.065 -0.065 -0.06579772 -0.06476473 -0.06694939 -0.06505397
0.0495 -0.065 -0.065 -0.065 -0.065 -0.06578654 -0.06475797 -0.066927336 -0.065048926
0.05 -0.065 -0.065 -0.065 -0.065 -0.06577543 -0.064751305 -0.06690534 -0.06504392
0.0505 -0.065 -0.065 -0.065 -0.065 -0.0657644 -0.06474471 -0.0668834 -0.06503896
0.051 -0.065 -0.065 -0.065 -0.065 -0.06575343 -0.0647382 -0.06686153 -0.06503403
0.0515 -0.065 -0.065 -0.065 -0.065 -0.065742545 -0.064731784 -0.06683974 -0.06502916
0.052 -0.065 -0.065 -0.065 -0.065 -0.065731734 -0.06472544 -0.06681803 -0.065024324
0.0525 -0.065 -0.065 -0.065 -0.065 -0.06572101 -0.06471919 -0.066796415 -0.06501954
0.053 -0.065 -0.065 -0.065 -0.065 -0.06571037 -0.06471303 -0.06677489 -0.0650148
0.0535 -0.065 -0.065 -0.065 -0.065 -0.065699816 -0.06470696 -0.06675348 -0.06501011
0.054 -0.065 -0.065 -0.065 -0.065 -0.065689355 -0.064700976 -0.066732176 -0.065005474
0.0545 -0.065 -0.065 -0.065 -0.065 -0.065678984 -0.06469508 -0.066710986 -0.065000884
0.055 -0.065 -0.065 -0.065 -0.065 -0.0656687 -0.06468928 -0.06668992 -0.06499635
0.0555 -0.065 -0.065 -0.065 -0.065 -0.06565852 -0.064683564 -0.06666898 -0.06499186
0.056 -0.065 -0.065 -0.065 -0.065 -0.06564843 -0.064677946 -0.06664818 -0.06498743
0.0565 -0.065 -0.065 -0.065 -0.065 -0.06563844 -0.06467241 -0.06662751 -0.06498305
0.057 -0.065 -0.065 -0.065 -0.065 -0.06562855 -0.06466697 -0.06660698 -0.06497872
0.0575 -0.065 -0.065 -0.065 -0.065 -0.06561876 -0.06466163 -0.06658661 -0.06497445
0.058 -0.065 -0.065 -0.065 -0.065 -0.065609075 -0.06465637 -0.066566385 -0.064970225
0.0585 -0.065 -0.065 -0.065 -0.065 -0.065599486 -0.064651206 -0.066546306 -0.06496607
0.059 -0.065 -0.065 -0.065 -0.065 -0.06559 -0.064646125 -0.06652639 -0.064961955
0.0595 -0.065 -0.065 -0.065 -0.065 -0.06558062 -0.06464115 -0.06650664 -0.0649579
0.06 -0.065 -0.065 -0.065 -0.065 -0.06557135 -0.064636245 -0.06648705 -0.06495391
0.0605 -0.065 -0.065 -0.065 -0.065 -0.06556218 -0.06463145 -0.06646763 -0.06494997
0.061 -0.065 -0.065 -0.065 -0.065 -0.065553114 -0.06462673 -0.066448376 -0.06494608
0.0615 -0.065 -0.065 -0.065 -0.065 -0.06554416 -0.06462211 -0.066429295 -0.06494225
0.062 -0.065 -0.065 -0.065 -0.065 -0.06553531 -0.064617574 -0.06641039 -0.06493847
0.0625 -0.065 -0.065 -0.065 -0.065 -0.06552656 -0.064613126 -0.06639167 -0.064934745
0.063 -0.065 -0.065 -0.065 -0.065 -0.06551792 -0.06460876 -0.066373125 -0.06493108
0.0635 -0.065 -0.065 -0.065 -0.065 -0.06550938 -0.06460449 -0.06635476 -0.06492746
0.064 -0.065 -0.065 -0.065 -0.065 -0.06550095 -0.0646003 -0.06633657 -0.064923905
0.0645 -0.065 -0.065 -0.065 -0.065 -0.06549263 -0.0645962 -0.06631858 -0.0649204
0.065 -0.065 -0.065 -0.065 -0.065 -0.06548441 -0.06459218 -0.066300765 -0.064916946
0.0655 -0.065 -0.065 -0.065 -0.065 -0.0654763 -0.06458824 -0.066283144 -0.06491355
0.066 -0.065 -0.065 -0.065 -0.065 -0.0654683 -0.06458439 -0.06626571 -0.06491021
0.0665 -0.065 -0.065 -0.065 -0.065 -0.06546039 -0.06458062 -0.06624847 -0.06490692
0.067 -0.065 -0.065 -0.065 -0.065 -0.06545259 -0.06457693 -0.066231415 -0.06490368
0.0675 -0.065 -0.065 -0.065 -0.065 -0.0654449 -0.06457332 -0.066214554 -0.06490049
0.068 -0.065 -0.065 -0.065 -0.065 -0.06543731 -0.06456979 -0.06619789 -0.06489736
0.0685 -0.065 -0.065 -0.065 -0.065 -0.06542982 -0.064566344 -0.06618141 -0.064894274
0.069 -0.065 -0.065 -0.065 -0.065 -0.06542244 -0.06456298 -0.06616513 -0.06489124
0.0695 -0.065 -0.065 -0.065 -0.065 -0.06541515 -0.064559676 -0.06614904 -0.064888254
0.07 -0.065 -0.065 -0.065 -0.065 -0.06540797 -0.06455646 -0.06613315 -0.064885326
0.0705 -0.065 -0.065 -0.065 -0.065 -0.06540088 -0.06455331 -0.06611745 -0.06488244
0.071 -0.065 -0.065 -0.065 -0.065 -0.0653939 -0.06455024 -0.066101946 -0.0648796
0.0715 -0.065 -0.065 -0.065 -0.065 -0.065387025 -0.06454725 -0.066086635 -0.06487682
0.072 -0.065 -0.065 -0.065 -0.065 -0.06538024 -0.06454433 -0.066071525 -0.06487408
0.0725 -0.065 -0.065 -0.065 -0.065 -0.06537355 -0.064541474 -0.06605661 -0.06487139
0.073 -0.065 -0.065 -0.065 -0.065 -0.06536696 -0.064538695 -0.06604188 -0.06486875
0.0735 -0.065 -0.065 -0.065 -0.065 -0.065360464 -0.06453598 -0.06602735 -0.06486615
0.074 -0.065 -0.065 -0.065 -0.065 -0.065354064 -0.06453334 -0.06601301 -0.0648636
0.0745 -0.065 -0.065 -0.065 -0.065 -0.06534776 -0.06453076 -0.06599887 -0.0648611
0.075 -0.065 -0.065 -0.065 -0.065 -0.065341555 -0.06452826 -0.06598492 -0.06485863
0.0755 -0.065 -0.065 -0.065 -0.065 -0.06533544 -0.06452581 -0.065971166 -0.06485622
0.076 -0.065 -0.065 -0.065 -0.065 -0.06532941 -0.06452343 -0.0659576 -0.06485384
0.0765 -0.065 -0.065 -0.065 -0.065 -0.06532347 -0.06452112 -0.065944225 -0.06485151
0.077 -0.065 -0.065 -0.065 -0.065 -0.06531763 -0.06451887 -0.065931045 -0.06484922
0.0775 -0.065 -0.065 -0.065 -0.065 -0.06531187 -0.06451668 -0.06591805 -0.06484698
0.078 -0.065 -0.065 -0.065 -0.065 -0.0653062 -0.06451455 -0.06590524 -0.06484477
0.0785 -0.065 -0.065 -0.065 -0.065 -0.06530062 -0.064512484 -0.06589263 -0.06484261
0.079 -0.065 -0.065 -0.065 -0.065 -0.06529513 -0.06451047 -0.0658802 -0.06484049
0.0795 -0.065 -0.065 -0.065 -0.065 -0.06528972 -0.06450853 -0.06586796 -0.0648384
0.08 -0.065 -0.065 -0.065 -0.065 -0.0652844 -0.06450663 -0.065855905 -0.06483636
0.0805 -0.065 -0.065 -0.065 -0.065 -0.065279156 -0.06450479 -0.06584403 -0.06483436
0.081 -0.065 -0.065 -0.065 -0.065 -0.065274 -0.06450301 -0.06583234 -0.06483239
0.0815 -0.065 -0.065 -0.065 -0.065 -0.06526893 -0.06450128 -0.065820836 -0.06483045
0.082 -0.065 -0.065 -0.065 -0.065 -0.065263934 -0.06449961 -0.06580951 -0.06482856
0.0825 -0.065 -0.065 -0.065 -0.065 -0.06525902 -0.06449799 -0.06579837 -0.064826705
0.083 -0.065 -0.065 -0.065 -0.065 -0.06525418 -0.06449643 -0.065787405 -0.06482489
0.0835 -0.065 -0.065 -0.065 -0.065 -0.06524943 -0.06449491 -0.06577662 -0.0648231
0.084 -0.065 -0.065 -0.065 -0.065 -0.06524475 -0.06449345 -0.06576601 -0.06482135
0.0845 -0.065 -0.065 -0.065 -0.065 -0.065240145 -0.06449203 -0.065755576 -0.064819634
0.085 -0.065 -0.065 -0.065 -0.065 -0.065235615 -0.06449066 -0.065745324 -0.06481795
0.0855 -0.065 -0.065 -0.065 -0.065 -0.06523116 -0.06448935 -0.065735236 -0.0648163
0.086 -0.065 -0.065 -0.065 -0.065 -0.06522678 -0.06448808 -0.06572532 -0.064814694
0.0865 -0.065 -0.065 -0.065 -0.065 -0.06522247 -0.064486854 -0.06571558 -0.06481311
0.087 -0.065 -0.065 -0.065 -0.065 -0.06521824 -0.064485684 -0.06570601 -0.06481156
0.0875 -0.065 -0.065 -0.065 -0.065 -0.065214075 -0.06448455 -0.065696605 -0.06481004
0.088 -0.065 -0.065 -0.065 -0.065 -0.065209985 -0.064483464 -0.065687366 -0.06480855
0.0885 -0.065 -0.065 -0.065 -0.065 -0.065205954 -0.06448241 -0.0656783 -0.06480709
0.089 -0.065 -0.065 -0.065 -0.065 -0.065202 -0.06448141 -0.06566939 -0.06480566
0.0895 -0.065 -0.065 -0.065 -0.065 -0.06519811 -0.064480454 -0.06566064 -0.06480426
0.09 -0.065 -0.065 -0.065 -0.065 -0.06519428 -0.06447954 -0.06565206 -0.06480289
0.0905 -0.065 -0.065 -0.065 -0.065 -0.065190524 -0.06447866 -0.06564364 -0.06480155
0.091 -0.065 -0.065 -0.065 -0.065 -0.06518683 -0.06447782 -0.06563537 -0.06480023
0.0915 -0.065 -0.065 -0.065 -0.065 -0.0651832 -0.06447703 -0.06562726 -0.06479895
0.092 -0.065 -0.065 -0.065 -0.065 -0.06517963 -0.06447627 -0.065619305 -0.06479769
0.0925 -0.065 -0.065 -0.065 -0.065 -0.06517613 -0.06447555 -0.06561151 -0.064796455
0.093 -0.065 -0.065 -0.065 -0.065 -0.06517269 -0.064474866 -0.06560387 -0.06479525
0.0935 -0.065 -0.065 -0.065 -0.065 -0.065169305 -0.064474225 -0.06559638 -0.06479407
0.094 -0.065 -0.065 -0.065 -0.065 -0.06516598 -0.064473614 -0.06558903 -0.064792916
0.0945 -0.065 -0.065 -0.065 -0.065 -0.06516272 -0.06447304 -0.06558184 -0.06479178
0.095 -0.065 -0.065 -0.065 -0.065 -0.06515951 -0.0644725 -0.065574795 -0.06479067
0.0955 -0.065 -0.065 -0.065 -0.065 -0.06515636 -0.06447199 -0.065567896 -0.06478959
0.096 -0.065 -0.065 -0.065 -0.065 -0.06515327 -0.06447152 -0.06556114 -0.064788535
0.0965 -0.065 -0.065 -0.065 -0.065 -0.06515023 -0.06447108 -0.06555452 -0.06478751
0.097 -0.065 -0.065 -0.065 -0.065 -0.06514725 -0.06447068 -0.06554805 -0.064786494
0.0975 -0.065 -0.065 -0.065 -0.065 -0.06514432 -0.0644703 -0.065541714 -0.0647855
0.098 -0.065 -0.065 -0.065 -0.065 -0.06514145 -0.06446996 -0.06553552 -0.064784534
0.0985 -0.065 -0.065 -0.065 -0.065 -0.06513862 -0.06446965 -0.065529466 -0.06478359
0.099 -0.065 -0.065 -0.065 -0.065 -0.06513585 -0.06446937 -0.06552355 -0.064782664
0.0995 -0.065 -0.065 -0.065 -0.065 -0.06513314 -0.06446912 -0.06551777 -0.06478176
0.1 -0.065 -0.065 -0.065 -0.065 -0.056169897 -0.05329383 -0.056675144 -0.05330989
0.1005 -0.05395411 -0.05424113 -0.0503403 -0.04905331 -0.04793821 -0.040093914 -0.047143195 -0.042131834
0.101 -0.03890795 -0.03747828 -0.03240716 -0.03278831 -0.040369347 -0.025088893 -0.036990874 -0.031259444
0.1015 -0.02814193 -0.01790903 -0.01727841 -0.02045658 -0.0333945 -0.008506529 -0.026291464 -0.020702284
0.102 -0.02069542 0.003178119 -0.004227219 -0.009795039 -0.026945807 0.009422936 -0.015120484 -0.010466706
0.1025 -0.0150448 0.0250925 0.007807406 0.0001286696 -0.020957816 0.02847325 -0.0035534985 -0.0005556047
0.103 -0.01028089 0.0474125 0.01940331 0.009585489 -0.015368894 0.04842844 0.008336078 0.009031579
0.1035 -0.005937762 0.06993615 0.03085921 0.0186779 -0.010122247 0.069088064 0.02047931 0.018298566
0.104 -0.00178744 0.09256156 0.04231596 0.02745464 -0.0051668175 0.09027032 0.03281268 0.027251646
0.1045 0.002247947 0.1152241 0.05373037 0.03590317 -0.0004573688 0.11181431 0.04527949 0.035899214
0.105 0.006173272 0.1378681 0.06514498 0.04397101 0.004045345 0.13358003 0.057829645 0.044251204
0.1055 0.01004466 0.1604401 0.07662013 0.05175869 0.008374974 0.15544763 0.07041973 0.052318536
0.106 0.01390944 0.1828917 0.08816177 0.05932093 0.012560032 0.17731643 0.08301282 0.06011282
0.1065 0.01777463 0.2051775 0.09972897 0.06667168 0.016624369 0.19910264 0.09557773 0.06764588
0.107 0.02162822 0.2272565 0.1113051 0.07379875 0.02058781 0.22073755 0.10808842 0.07492961
0.1075 0.02547291 0.2490907 0.1228791 0.08072575 0.024466686 0.24216571 0.12052359 0.08197571
0.108 0.02931324 0.2706478 0.134441 0.08746946 0.028274335 0.26334283 0.13286567 0.08879556
0.1085 0.03314654 0.2919015 0.1459791 0.09403694 0.032021567 0.28423414 0.14510068 0.09540011
0.109 0.03696713 0.3124343 0.1574776 0.1004319 0.035717092 0.30481282 0.1572174 0.10179986
0.1095 0.04076905 0.3318113 0.1689008 0.1066564 0.03936787 0.32505882 0.16920711 0.10800475
0.11 0.04454797 0.3506541 0.1802432 0.112717 0.042979434 0.3449577 0.18106309 0.11402427
0.1105 0.04830111 0.3692651 0.1915119 0.1186187 0.046556152 0.3644993 0.19278035 0.11986734
0.111 0.0520266 0.3877729 0.2027119 0.1243664 0.050101392 0.38367742 0.2043553 0.12554242
0.1115 0.05572328 0.4062089 0.2138441 0.1299648 0.05361776 0.40248874 0.21578553 0.13105741
0.112 0.05939041 0.424555 0.2249059 0.1354189 0.057107218 0.42093244 0.2270695 0.13641979
0.1125 0.06302755 0.4427713 0.2358928 0.1407335 0.06057123 0.4390095 0.2382065 0.14163658
0.113 0.06663443 0.4608112 0.2467994 0.1459072 0.06401085 0.45672262 0.24919653 0.14671443
0.1135 0.07021071 0.4786304 0.2576206 0.1509458 0.06742679 0.47407573 0.26003996 0.15165947
0.114 0.07375616 0.4961907 0.2683517 0.1558612 0.070819534 0.49107355 0.2707376 0.15647759
0.1145 0.07727063 0.5134613 0.2789883 0.1606582 0.07418937 0.50772166 0.2812906 0.1611743
0.115 0.08075414 0.5304188 0.2895263 0.1653407 0.0775364 0.524026 0.2917003 0.16575472
0.1155 0.08419939 0.5470457 0.2999613 0.1699053 0.08086064 0.53999305 0.30196837 0.17022377
0.116 0.08759454 0.5633286 0.3102875 0.1743514 0.084162004 0.55562943 0.31209648 0.17458604
0.1165 0.090956 0.579261 0.320505 0.1786939 0.087440304 0.5709422 0.32208642 0.17884584
0.117 0.09429381 0.5948416 0.330614 0.1829395 0.09069542 0.58593833 0.33194008 0.18300727
0.1175 0.09760871 0.6100723 0.3406131 0.1870861 0.09392705 0.60062474 0.3416595 0.18707417
0.118 0.1008762 0.6249548 0.3504918 0.1910754 0.097135 0.6150084 0.35124642 0.19105022
0.1185 0.1040922 0.6394943 0.360248 0.1949488 0.100318976 0.6290963 0.3607029 0.19493882
0.119 0.1072797 0.6536994 0.3698906 0.198749 0.10347872 0.6428953 0.3700309 0.19874327
0.1195 0.1104494 0.6675795 0.3794235 0.2024867 0.106613986 0.65641207 0.37923235 0.20246662
0.12 0.1136016 0.6811439 0.3888463 0.2061625 0.09964562 0.6794031 0.37267664 0.19128583
0.1205 0.1056945 0.6836455 0.3835005 0.1938438 0.09472396 0.67924815 0.37540033 0.18314585
0.121 0.09376481 0.6798537 0.3747673 0.1811464 0.0908361 0.6745549 0.37673444 0.17577381
0.1215 0.08607036 0.672966 0.3686282 0.1722852 0.087713845 0.66722697 0.37642136 0.1689202
0.122 0.08165093 0.6642719 0.3644061 0.1650065 0.08516408 0.6580449 0.3747835 0.16248141
0.1225 0.0789815 0.6544249 0.3610936 0.1584 0.08303549 0.64755976 0.372129 0.15638827
0.123 0.07714956 0.6437882 0.3580944 0.152182 0.081212215 0.63618284 0.36870775 0.15059106
0.1235 0.07570082 0.632589 0.3551244 0.1462609 0.07960714 0.62421864 0.36471525 0.14505346
0.124 0.07442282 0.6209856 0.3520651 0.1405996 0.078155614 0.6118914 0.36030176 0.13974825
0.1245 0.07321814 0.6090977 0.348875 0.1351772 0.07681004 0.5993651 0.3555823 0.13465463
0.125 0.07204241 0.5970201 0.3455463 0.1299784 0.07553559 0.5867596 0.35064408 0.12975626
0.1255 0.07087549 0.5848299 0.3420845 0.1249903 0.07430694 0.5741622 0.34555313 0.1250399
0.126 0.06970829 0.5725902 0.3384999 0.1202012 0.07310595 0.56163627 0.34035957 0.12049459
0.1265 0.06853682 0.5603535 0.3348044 0.1156003 0.07191958 0.5492276 0.33510083 0.1161108
0.127 0.06735947 0.5481625 0.3310095 0.1111776 0.07073874 0.5369691 0.32980534 0.11188027
0.1275 0.06617582 0.5360527 0.3271265 0.1069236 0.06955718 0.5248843 0.3244944 0.10779558
0.128 0.06498601 0.524053 0.3231655 0.1028294 0.06837071 0.51298934 0.3191843 0.10384993
0.1285 0.0637905 0.5121868 0.3191361 0.09888679 0.06717672 0.50129527 0.313887 0.10003705
0.129 0.06258987 0.500473 0.315047 0.0950879 0.06597375 0.48980922 0.30861178 0.09635116
0.1295 0.06138479 0.4889266 0.3109065 0.09142542 0.06476108 0.47853547 0.30336568 0.092786744
0.13 0.06017367 0.4775586 0.3067209 0.08788509 0.0635386 0.46747607 0.29815394 0.0893386
0.1305 0.05895455 0.4663773 0.3024956 0.08446058 0.062306665 0.45663154 0.29298067 0.08600186
0.131 0.0577328 0.4553904 0.2982393 0.08115505 0.06106583 0.44600093 0.2878489 0.08277179
0.1315 0.05651169 0.4446032 0.2939592 0.07796437 0.05981689 0.435583 0.28276104 0.079643995
0.132 0.05529204 0.4340193 0.2896607 0.07488132 0.058560766 0.42537534 0.27771893 0.0766142
0.1325 0.05407319 0.42364 0.285347 0.07189732 0.05729848 0.41537544 0.27272406 0.073678344
0.133 0.05285543 0.4134662 0.2810237 0.06901175 0.056030996 0.40557998 0.26777747 0.07083252
0.1335 0.05163928 0.4034984 0.2766957 0.06622027 0.054759383 0.39598596 0.26288006 0.06807305
0.134 0.05042502 0.3937357 0.2723672 0.06351795 0.053484656 0.38658997 0.25803247 0.0653964
0.1345 0.04921289 0.3841768 0.2680415 0.06090024 0.05220782 0.37738842 0.25323525 0.062799156
0.135 0.04800321 0.3748197 0.263722 0.05836294 0.05092985 0.36837775 0.24848884 0.060278118
0.1355 0.04679634 0.3656619 0.2594118 0.05590223 0.04965166 0.3595543 0.24379349 0.05783017
0.136 0.04559267 0.3567006 0.2551137 0.05351453 0.04837413 0.3509146 0.23914942 0.055452377
0.1365 0.04439264 0.3479328 0.2508304 0.05119654 0.047098137 0.342455 0.23455688 0.053141907
0.137 0.04319664 0.3393551 0.2465644 0.04894518 0.045824453 0.3341719 0.23001593 0.05089608
0.1375 0.04200509 0.3309642 0.2423182 0.04675755 0.044553854 0.32606176 0.22552666 0.048712358
0.138 0.04081836 0.3227567 0.2380938 0.04463093 0.043287 0.31812114 0.22108912 0.046588242
0.1385 0.03963683 0.3147288 0.2338933 0.04256277 0.04202459 0.31034648 0.2167032 0.044521414
0.139 0.03846084 0.3068771 0.2297186 0.04055067 0.040767238 0.30273446 0.212369 0.042509668
0.1395 0.03729072 0.2991979 0.2255714 0.03859235 0.03951551 0.2952817 0.20808634 0.04055085
0.14 0.03612677 0.2916876 0.2214533 0.03668567 0.038269944 0.287985 0.20385525 0.038642943
0.1405 0.03496928 0.2843424 0.2173658 0.0348286 0.037031047 0.280841 0.1996755 0.036784016
0.141 0.03381853 0.277159 0.2133101 0.03301922 0.035799302 0.27384663 0.19554707 0.034972228
0.1415 0.03267476 0.2701336 0.2092876 0.03125572 0.034575097 0.26699877 0.19146976 0.033205815
0.142 0.03153821 0.2632627 0.2052994 0.02953636 0.033358864 0.26029426 0.18744332 0.0314831
0.1425 0.03040911 0.256543 0.2013464 0.02785951 0.03215093 0.2537302 0.18346766 0.029802471
0.143 0.02928764 0.2499709 0.1974296 0.02622363 0.030951656 0.2473036 0.17954253 0.028162427
0.1435 0.02817402 0.2435431 0.1935499 0.02462723 0.02976133 0.24101159 0.17566769 0.026561484
0.144 0.02706841 0.2372564 0.189708 0.02306891 0.028580256 0.23485133 0.17184295 0.02499827
0.1445 0.02597098 0.2311074 0.1859046 0.02154733 0.027408682 0.22882009 0.168068 0.023471475
0.145 0.02488189 0.225093 0.1821403 0.02006124 0.026246823 0.22291511 0.16434266 0.021979809
0.1455 0.02380127 0.2192102 0.1784156 0.01860941 0.025094919 0.21713376 0.16066658 0.020522073
0.146 0.02272926 0.2134558 0.174731 0.01719069 0.023953132 0.2114734 0.1570395 0.019097127
0.1465 0.02166598 0.2078269 0.171087 0.01580399 0.022821635 0.20593151 0.1534611 0.017703854
0.147 0.02061153 0.2023206 0.1674839 0.01444825 0.021700583 0.20050555 0.14993101 0.01634121
0.1475 0.01956601 0.1969341 0.163922 0.01312248 0.020590119 0.19519311 0.14644906 0.015008204
0.148 0.01852952 0.1916645 0.1604015 0.01182572 0.019490354 0.18999177 0.14301476 0.013703868
0.1485 0.01750213 0.1865093 0.1569227 0.01055705 0.018401377 0.18489918 0.13962787 0.012427285
0.149 0.01648392 0.1814656 0.1534857 0.009315597 0.017323293 0.17991301 0.13628796 0.011177577
0.1495 0.01547496 0.1765311 0.1500907 0.008100531 0.016256168 0.17503104 0.13299476 0.009953916
0.15 0.01447529 0.1717031 0.1467376 0.006911049 0.015200056 0.17025104 0.1297478 0.00875549
0.1505 0.01348498 0.1669791 0.1434266 0.005746384 0.014155008 0.16557086 0.12654673 0.007581547
0.151 0.01250405 0.1623568 0.1401576 0.004605803 0.013121061 0.16098839 0.12339124 0.006431341
0.1515 0.01153255 0.1578339 0.1369307 0.003488599 0.012098245 0.1565015 0.12028089 0.0053041726
0.152 0.01057051 0.1534081 0.1337458 0.0023941 0.011086591 0.15210828 0.117215306 0.0041993856
0.1525 0.009617944 0.149077 0.1306027 0.001321656 0.010086082 0.14780664 0.11419405 0.0031163096
0.153 0.008674874 0.1448387 0.1275014 0.0002706462 0.009096742 0.14359468 0.11121677 0.0020543411
0.1535 0.007741309 0.1406908 0.1244417 -0.0007595279 0.00811854 0.13947049 0.10828301 0.0010128915
0.154 0.006817257 0.1366315 0.1214235 -0.00176944 0.007151462 0.13543218 0.10539237 -8.620322e-06
0.1545 0.005902717 0.1326585 0.1184466 -0.002759643 0.006195493 0.13147792 0.10254443 -0.0010107309
0.155 0.004997685 0.1287701 0.1155107 -0.003730667 0.0052505955 0.127606 0.09973878 -0.0019939616
0.1555 0.004102152 0.1249642 0.1126157 -0.004683023 0.0043167397 0.12381462 0.09697497 -0.0029588193
0.156 0.003216105 0.121239 0.1097613 -0.005617204 0.0033938885 0.12010204 0.09425259 -0.0039057918
0.1565 0.002339527 0.1175926 0.1069472 -0.006533684 0.0024819896 0.116466604 0.0915712 -0.0048353374
0.157 0.001472396 0.1140233 0.1041732 -0.007432918 0.0015809909 0.11290669 0.08893037 -0.005747907
0.1575 0.0006146865 0.1105292 0.1014389 -0.008315348 0.00069083273 0.10942068 0.08632967 -0.0066439286
0.158 -0.0002336294 0.1071089 0.09874418 -0.009181397 -0.00018854439 0.10600697 0.08376862 -0.0075238124
0.1585 -0.001072584 0.1037604 0.09608858 -0.01003148 -0.0010572076 0.102664076 0.08124682 -0.008387968
0.159 -0.001902213 0.1004823 0.09347181 -0.01086598 -0.0019152239 0.099390455 0.07876381 -0.009236775
0.1595 -0.002722554 0.09727298 0.09089354 -0.01168529 -0.002762653 0.09618466 0.07631919 -0.010070592
0.16 -0.00353365 0.09413085 0.08835342 -0.01248977 -0.0035995767 0.09304523 0.0739125 -0.010889791
0.1605 -0.004335543 0.09105442 0.0858511 -0.01327979 -0.0044260733 0.089970745 0.07154325 -0.011694707
0.161 -0.005128279 0.08804222 0.0833862 -0.01405568 -0.005242221 0.08695983 0.06921102 -0.0124856755
0.1615 -0.005911909 0.08509282 0.08095838 -0.01481779 -0.0060481206 0.0840111 0.06691536 -0.013263032
0.162 -0.006686483 0.08220481 0.07856724 -0.01556642 -0.00684382 0.08112333 0.064655885 -0.0140270665
0.1625 -0.007452055 0.07937683 0.07621241 -0.0163019 -0.007629432 0.07829512 0.062432084 -0.014778085
0.163 -0.008208678 0.07660754 0.0738935 -0.01702452 -0.008405045 0.07552523 0.06024353 -0.015516382
0.1635 -0.008956412 0.07389564 0.07161011 -0.01773458 -0.009170741 0.07281243 0.05808979 -0.016242236
0.164 -0.009695313 0.07123986 0.06936187 -0.01843236 -0.009926602 0.070155494 0.055970427 -0.016955912
0.1645 -0.01042544 0.06863895 0.06714836 -0.01911813 -0.010672741 0.067553245 0.05388498 -0.017657686
0.165 -0.01114687 0.06609169 0.06496919 -0.01979217 -0.011409234 0.0650045 0.051833022 -0.018347804
0.1655 -0.01185964 0.06359691 0.06282395 -0.02045473 -0.012136176 0.06250813 0.04981413 -0.01902651
0.166 -0.01256384 0.06115344 0.06071224 -0.02110605 -0.012853667 0.060063004 0.047827836 -0.019694045
0.1665 -0.01325952 0.05876016 0.05863365 -0.02174639 -0.013561804 0.057668053 0.045873743 -0.02035065
0.167 -0.01394675 0.05641596 0.05658777 -0.02237598 -0.014260687 0.055322178 0.043951396 -0.02099654
0.1675 -0.0146256 0.05411976 0.0545742 -0.02299505 -0.014950402 0.053024374 0.04206035 -0.021631941
0.168 -0.01529614 0.05187051 0.05259252 -0.02360381 -0.01563105 0.050773576 0.040200222 -0.02225706
0.1685 -0.01595844 0.04966718 0.05064234 -0.02420249 -0.016302742 0.048568793 0.03837054 -0.022872105
0.169 -0.01661257 0.04750876 0.04872323 -0.02479129 -0.016965553 0.046409063 0.036570918 -0.023477279
0.1695 -0.0172586 0.04539429 0.0468348 -0.02537043 -0.017619595 0.044293426 0.034800928 -0.02407277
0.17 -0.0178966 0.04332279 0.04497663 -0.02594009 -0.018264964 0.042220913 0.033060145 -0.024658777
0.1705 -0.01852665 0.04129333 0.04314832 -0.02650047 -0.018901758 0.040190637 0.031348173 -0.025235474
0.171 -0.01914881 0.03930499 0.04134946 -0.02705176 -0.019530077 0.038201682 0.029664572 -0.025803048
0.1715 -0.01976317 0.03735689 0.03957966 -0.02759414 -0.020150013 0.036253177 0.028008949 -0.026361674
0.172 -0.02036979 0.03544815 0.03783851 -0.02812779 -0.020761661 0.03434425 0.0263809 -0.026911512
0.1725 -0.02096876 0.03357792 0.0361256 -0.02865287 -0.021365125 0.032474063 0.024780031 -0.027452737
0.173 -0.02156014 0.03174536 0.03444056 -0.02916957 -0.021960504 0.030641787 0.023205917 -0.027985513
0.1735 -0.022144 0.02994965 0.03278297 -0.02967804 -0.022547886 0.028846629 0.021658216 -0.02850999
0.174 -0.02272044 0.02819002 0.03115246 -0.03017844 -0.02312737 0.0270878 0.020136494 -0.029026318
0.1745 -0.02328951 0.02646567 0.02954862 -0.03067094 -0.023699056 0.025364526 0.01864038 -0.029534657
0.175 -0.02385129 0.02477585 0.02797108 -0.03115567 -0.02426304 0.023676023 0.017169457 -0.030035146
0.1755 -0.02440587 0.02311981 0.02641945 -0.03163279 -0.024819404 0.02202157 0.015723389 -0.030527934
0.176 -0.02495331 0.02149684 0.02489335 -0.03210244 -0.025368255 0.02040045 0.014301773 -0.031013153
0.1765 -0.02549369 0.01990621 0.0233924 -0.03256477 -0.02590968 0.018811963 0.012904253 -0.031490944
0.177 -0.02602708 0.01834725 0.02191623 -0.03301991 -0.026443772 0.017255388 0.011530455 -0.031961434
0.1775 -0.02655356 0.01681927 0.02046447 -0.03346799 -0.026970632 0.015730068 0.010179993 -0.03242476
0.178 -0.02707321 0.01532161 0.01903675 -0.03390914 -0.027490348 0.014235318 0.008852538 -0.032881048
0.1785 -0.0275861 0.01385363 0.01763271 -0.0343435 -0.028002996 0.012770519 0.00754771 -0.03333041
0.179 -0.0280923 0.01241469 0.01625198 -0.03477119 -0.028508686 0.011335008 0.0062651522 -0.033772986
0.1795 -0.02859188 0.01100418 0.01489422 -0.03519232 -0.029007498 0.009928174 0.0050045364 -0.03420888
0.18 -0.02908493 0.00962149 0.01355907 -0.03560702 -0.029499516 0.008549433 0.0037655197 -0.034638207
0.1805 -0.02957151 0.008266033 0.01224618 -0.03601541 -0.02998484 0.007198155 0.0025477372 -0.03506109
0.181 -0.0300517 0.006937233 0.01095521 -0.03641759 -0.030463543 0.0058737732 0.001350861 -0.03547763
0.1815 -0.03052557 0.005634525 0.009685814 -0.03681367 -0.03093572 0.004575718 0.00017455965 -0.03588794
0.182 -0.0309932 0.004357359 0.008437655 -0.03720377 -0.031401455 0.003303431 -0.0009814985 -0.03629213
0.1825 -0.03145465 0.003105197 0.007210402 -0.037588 -0.031860832 0.0020563751 -0.00211763 -0.036690295
0.183 -0.03190999 0.001877512 0.006003725 -0.03796644 -0.032313935 0.00083401427 -0.003234163 -0.03708254
0.1835 -0.03235931 0.0006737882 0.004817299 -0.03833922 -0.032760844 -0.0003641881 -0.0043314174 -0.03746897
0.184 -0.03280266 -0.0005064762 0.003650802 -0.03870641 -0.03320165 -0.0015387274 -0.0054097027 -0.037849672
0.1845 -0.03324012 -0.001663773 0.002503918 -0.03906813 -0.03363642 -0.0026901066 -0.006469328 -0.038224753
0.185 -0.03367177 -0.002798585 0.001376332 -0.03942446 -0.03406525 -0.0038188174 -0.00751061 -0.038594298
0.1855 -0.03409766 -0.00391138 0.0002677365 -0.0397755 -0.03448821 -0.0049253255 -0.008533828 -0.038958404
0.186 -0.03451787 -0.005002619 -0.0008221751 -0.04012134 -0.034905378 -0.0060101077 -0.009539288 -0.039317153
0.1865 -0.03493247 -0.006072752 -0.001893704 -0.04046206 -0.035316832 -0.0070736185 -0.01052729 -0.039670642
0.187 -0.03534153 -0.007122217 -0.002947147 -0.04079776 -0.035722658 -0.008116305 -0.011498116 -0.040018957
0.1875 -0.03574511 -0.008151445 -0.003982798 -0.04112852 -0.036122914 -0.0091386065 -0.012452055 -0.040362176
0.188 -0.03614327 -0.009160857 -0.005000946 -0.04145442 -0.036517695 -0.010140948 -0.0133893825 -0.040700383
0.1885 -0.0365361 -0.01015086 -0.006001877 -0.04177554 -0.036907062 -0.011123747 -0.014310382 -0.041033663
0.189 -0.03692364 -0.01112186 -0.006985872 -0.04209196 -0.037291095 -0.012087423 -0.01521533 -0.0413621
0.1895 -0.03730597 -0.01207425 -0.007953209 -0.04240377 -0.037669867 -0.013032362 -0.016104482 -0.041685756
0.19 -0.03768316 -0.01300842 -0.008904161 -0.04271103 -0.038043447 -0.013958961 -0.016978115 -0.042004727
0.1905 -0.03805526 -0.01392473 -0.009838999 -0.04301383 -0.0384119 -0.014867611 -0.017836485 -0.042319074
0.191 -0.03842234 -0.01482356 -0.01075799 -0.04331223 -0.038775306 -0.015758678 -0.018679854 -0.042628877
0.1915 -0.03878447 -0.01570526 -0.01166139 -0.04360631 -0.039133728 -0.016632527 -0.019508477 -0.042934213
0.192 -0.0391417 -0.0165702 -0.01254947 -0.04389613 -0.039487243 -0.017489526 -0.020322595 -0.043235146
0.1925 -0.03949409 -0.0174187 -0.01342247 -0.04418178 -0.039835908 -0.018330023 -0.02112247 -0.04353175
0.193 -0.03984172 -0.01825112 -0.01428065 -0.0444633 -0.040179793 -0.019154359 -0.021908335 -0.043824084
0.1935 -0.04018464 -0.01906777 -0.01512425 -0.04474079 -0.040518958 -0.019962862 -0.022680417 -0.044112228
0.194 -0.0405229 -0.01986898 -0.01595352 -0.04501428 -0.04085348 -0.020755861 -0.023438964 -0.04439624
0.1945 -0.04085658 -0.02065506 -0.0167687 -0.04528386 -0.041183416 -0.02153369 -0.024184212 -0.044676185
0.195 -0.04118572 -0.02142633 -0.01757002 -0.04554958 -0.04150883 -0.022296663 -0.024916388 -0.04495213
0.1955 -0.0415104 -0.02218308 -0.01835772 -0.04581151 -0.041829787 -0.023045076 -0.025635716 -0.045224145
0.196 -0.04183065 -0.0229256 -0.01913202 -0.0460697 -0.04214634 -0.023779232 -0.026342407 -0.045492273
0.1965 -0.04214655 -0.0236542 -0.01989316 -0.04632421 -0.042458564 -0.024499433 -0.02703669 -0.045756586
0.197 -0.04245815 -0.02436914 -0.02064134 -0.04657511 -0.042766508 -0.025205964 -0.027718782 -0.046017144
0.1975 -0.0427655 -0.02507071 -0.0213768 -0.04682244 -0.043070238 -0.0258991 -0.028388891 -0.046274003
0.198 -0.04306866 -0.02575917 -0.02209975 -0.04706627 -0.043369807 -0.026579121 -0.02904722 -0.046527218
0.1985 -0.04336768 -0.02643479 -0.02281039 -0.04730666 -0.043665275 -0.027246295 -0.029693972 -0.046776846
0.199 -0.04366263 -0.02709783 -0.02350895 -0.04754364 -0.0439567 -0.02790089 -0.03032936 -0.047022946
0.1995 -0.04395354 -0.02774854 -0.02419561 -0.04777728 -0.044244137 -0.02854316 -0.030953571 -0.047265567
0.2 -0.04424048 -0.02838716 -0.02487059 -0.04800763 -0.044527642 -0.029173357 -0.031566814 -0.047504764
0.2005 -0.0445235 -0.02901395 -0.02553408 -0.04823474 -0.04480727 -0.029791728 -0.032169253 -0.047740586
0.201 -0.04480265 -0.02962913 -0.02618628 -0.04845866 -0.045083072 -0.030398514 -0.032761104 -0.047973096
0.2015 -0.04507798 -0.03023294 -0.02682738 -0.04867943 -0.045355104 -0.030993959 -0.033342548 -0.048202332
0.202 -0.04534954 -0.0308256 -0.02745757 -0.04889711 -0.04562342 -0.031578287 -0.03391376 -0.04842835
0.2025 -0.04561738 -0.03140735 -0.02807704 -0.04911175 -0.04588807 -0.03215172 -0.034474924 -0.048651196
0.203 -0.04588155 -0.03197839 -0.02868597 -0.04932339 -0.046149105 -0.032714486 -0.035026215 -0.048870914
0.2035 -0.04614211 -0.03253893 -0.02928454 -0.04953207 -0.046406575 -0.033266794 -0.035567798 -0.04908756
0.204 -0.04639909 -0.0330892 -0.02987292 -0.04973785 -0.046660528 -0.033808872 -0.036099862 -0.049301177
0.2045 -0.04665254 -0.03362938 -0.0304513 -0.04994076 -0.04691102 -0.034340907 -0.03662256 -0.049511813
0.205 -0.04690252 -0.03415968 -0.03101984 -0.05014084 -0.047158092 -0.034863107 -0.037136063 -0.049719505
0.2055 -0.04714907 -0.03468029 -0.03157872 -0.05033815 -0.047401793 -0.03537568 -0.03764054 -0.0499243
0.206 -0.04739224 -0.03519141 -0.03212809 -0.05053273 -0.04764217 -0.035878815 -0.038136136 -0.050126247
0.2065 -0.04763207 -0.03569323 -0.03266812 -0.0507246 -0.04787927 -0.03637269 -0.038623016 -0.05032538
0.207 -0.0478686 -0.03618591 -0.03319898 -0.05091382 -0.048113145 -0.036857508 -0.03910133 -0.050521746
0.2075 -0.04810189 -0.03666966 -0.03372081 -0.05110043 -0.04834383 -0.037333436 -0.039571233 -0.050715387
0.208 -0.04833196 -0.03714463 -0.03423379 -0.05128445 -0.048571374 -0.03780067 -0.040032875 -0.05090634
0.2085 -0.04855888 -0.037611 -0.03473805 -0.05146594 -0.048795823 -0.03825937 -0.040486407 -0.05109465
0.209 -0.04878268 -0.03806895 -0.03523374 -0.05164493 -0.049017217 -0.038709704 -0.040931962 -0.051280353
0.2095 -0.0490034 -0.03851862 -0.03572102 -0.05182146 -0.049235597 -0.03915184 -0.041369684 -0.051463485
0.21 -0.04922109 -0.0389602 -0.03620004 -0.05199555 -0.04945101 -0.03958596 -0.041799724 -0.051644087
0.2105 -0.04943578 -0.03939382 -0.03667092 -0.05216726 -0.04966349 -0.0400122 -0.042222206 -0.051822193
0.211 -0.04964752 -0.03981966 -0.03713382 -0.05233661 -0.04987309 -0.04043072 -0.042637266 -0.051997844
0.2115 -0.04985635 -0.04023785 -0.03758888 -0.05250364 -0.05007984 -0.040841684 -0.043045036 -0.052171074
0.212 -0.0500623 -0.04064855 -0.03803621 -0.05266838 -0.050283782 -0.04124523 -0.043445654 -0.052341916
0.2125 -0.05026542 -0.04105191 -0.03847597 -0.05283087 -0.050484955 -0.04164151 -0.04383924 -0.05251041
0.213 -0.05046575 -0.04144805 -0.03890828 -0.05299113 -0.0506834 -0.042030666 -0.044225924 -0.052676585
0.2135 -0.05066331 -0.04183713 -0.03933327 -0.05314921 -0.050879154 -0.04241284 -0.044605818 -0.05284048
0.214 -0.05085816 -0.04221928 -0.03975107 -0.05330513 -0.051072255 -0.042788163 -0.044979054 -0.053002123
0.2145 -0.05105033 -0.04259463 -0.04016179 -0.05345893 -0.051262736 -0.043156773 -0.04534575 -0.05316155
0.215 -0.05123985 -0.04296332 -0.04056557 -0.05361063 -0.051450633 -0.043518804 -0.04570601 -0.05331879
0.2155 -0.05142676 -0.04332546 -0.04096253 -0.05376026 -0.051635988 -0.04387438 -0.046059974 -0.05347388
0.216 -0.0516111 -0.04368119 -0.04135277 -0.05390787 -0.051818833 -0.044223633 -0.046407737 -0.053626847
0.2165 -0.0517929 -0.04403063 -0.04173642 -0.05405346 -0.051999208 -0.044566683 -0.046749413 -0.053777725
0.217 -0.0519722 -0.0443739 -0.0421136 -0.05419709 -0.052177135 -0.044903643 -0.047085106 -0.053926535
0.2175 -0.05214902 -0.04471112 -0.0424844 -0.05433876 -0.05235266 -0.045234647 -0.047414936 -0.05407332
0.218 -0.05232342 -0.0450424 -0.04284896 -0.05447852 -0.05252581 -0.045559794 -0.04773899 -0.0542181
0.2185 -0.05249541 -0.04536785 -0.04320736 -0.05461638 -0.052696623 -0.04587921 -0.048057392 -0.054360904
0.219 -0.05266503 -0.04568759 -0.04355972 -0.05475238 -0.05286513 -0.046193004 -0.048370227 -0.05450177
0.2195 -0.05283232 -0.04600172 -0.04390614 -0.05488654 -0.05303136 -0.046501275 -0.048677605 -0.05464071
0.22 -0.05299731 -0.04631036 -0.04424674 -0.05501889 -0.053195342 -0.046804138 -0.048979614 -0.054777764
0.2205 -0.05316002 -0.04661359 -0.04458159 -0.05514945 -0.053357117 -0.04710169 -0.049276352 -0.054912955
0.221 -0.0533205 -0.04691154 -0.04491082 -0.05527825 -0.053516705 -0.047394045 -0.049567923 -0.055046313
0.2215 -0.05347876 -0.04720428 -0.0452345 -0.05540532 -0.05367414 -0.047681287 -0.049854413 -0.055177853
0.222 -0.05363485 -0.04749193 -0.04555275 -0.05553068 -0.053829458 -0.047963526 -0.050135903 -0.05530761
0.2225 -0.05378879 -0.04777458 -0.04586565 -0.05565435 -0.05398268 -0.048240848 -0.0504125 -0.055435613
0.223 -0.0539406 -0.04805233 -0.0461733 -0.05577635 -0.054133836 -0.048513353 -0.050684273 -0.055561874
0.2235 -0.05409033 -0.04832526 -0.04647578 -0.05589672 -0.05428296 -0.048781127 -0.05095133 -0.05568643
0.224 -0.054238 -0.04859346 -0.04677319 -0.05601547 -0.054430075 -0.049044266 -0.051213734 -0.0558093
0.2245 -0.05438364 -0.04885703 -0.04706562 -0.05613263 -0.054575212 -0.04930286 -0.05147159 -0.05593051
0.225 -0.05452727 -0.04911604 -0.04735314 -0.05624822 -0.054718398 -0.049556985 -0.051724963 -0.056050077
0.2255 -0.05466893 -0.04937059 -0.04763585 -0.05636226 -0.054859657 -0.049806733 -0.051973943 -0.05616803
0.226 -0.05480864 -0.04962076 -0.04791383 -0.05647477 -0.054999016 -0.05005218 -0.052218597 -0.05628439
0.2265 -0.05494642 -0.04986663 -0.04818716 -0.05658578 -0.0551365 -0.050293416 -0.052459013 -0.05639918
0.227 -0.05508231 -0.05010827 -0.04845592 -0.0566953 -0.055272143 -0.050530512 -0.052695263 -0.056512423
0.2275 -0.05521634 -0.05034578 -0.04872018 -0.05680336 -0.055405963 -0.050763547 -0.052927427 -0.056624137
0.228 -0.05534852 -0.05057921 -0.04898004 -0.05690998 -0.055537984 -0.050992604 -0.05315557 -0.05673435
0.2285 -0.05547888 -0.05080866 -0.04923556 -0.05701517 -0.055668235 -0.051217746 -0.053379767 -0.056843076
0.229 -0.05560745 -0.05103418 -0.04948682 -0.05711896 -0.05579674 -0.051439058 -0.053600088 -0.05695034
0.2295 -0.05573425 -0.05125586 -0.04973389 -0.05722137 -0.055923518 -0.051656596 -0.0538166 -0.057056155
0.23 -0.05585931 -0.05147377 -0.04997684 -0.05732241 -0.0560486 -0.051870447 -0.054029383 -0.057160556
0.2305 -0.05598266 -0.05168797 -0.05021575 -0.05742211 -0.056172002 -0.05208067 -0.05423849 -0.05726355
0.231 -0.05610431 -0.05189853 -0.05045068 -0.05752048 -0.056293756 -0.052287333 -0.054443993 -0.05736516
0.2315 -0.05622428 -0.05210553 -0.05068171 -0.05761754 -0.056413874 -0.052490503 -0.05464595 -0.057465404
0.232 -0.05634261 -0.05230901 -0.05090889 -0.05771332 -0.056532383 -0.052690238 -0.054844435 -0.057564307
0.2325 -0.05645932 -0.05250905 -0.05113231 -0.05780782 -0.056649312 -0.052886613 -0.055039506 -0.05766188
0.233 -0.05657442 -0.05270572 -0.05135202 -0.05790106 -0.05676467 -0.05307968 -0.05523122 -0.057758145
0.2335 -0.05668794 -0.05289907 -0.05156808 -0.05799307 -0.056878485 -0.0532695 -0.055419635 -0.057853118
0.234 -0.05679991 -0.05308916 -0.05178056 -0.05808386 -0.05699078 -0.053456143 -0.055604823 -0.05794682
0.2345 -0.05691034 -0.05327605 -0.05198952 -0.05817345 -0.057101574 -0.053639654 -0.055786826 -0.05803927
0.235 -0.05701925 -0.0534598 -0.05219502 -0.05826184 -0.05721089 -0.053820103 -0.055965714 -0.05813048
0.2355 -0.05712667 -0.05364047 -0.05239712 -0.05834907 -0.05731874 -0.05399753 -0.056141533 -0.05822047
0.236 -0.05723262 -0.05381811 -0.05259588 -0.05843515 -0.05742515 -0.054172 -0.056314338 -0.058309253
0.2365 -0.05733711 -0.05399277 -0.05279136 -0.05852008 -0.057530142 -0.054343574 -0.056484193 -0.058396854
0.237 -0.05744017 -0.05416452 -0.05298361 -0.05860389 -0.057633728 -0.05451229 -0.056651138 -0.058483284
0.2375 -0.05754182 -0.0543334 -0.05317269 -0.0586866 -0.057735935 -0.0546782 -0.05681523 -0.058568556
0.238 -0.05764208 -0.05449947 -0.05335865 -0.05876821 -0.05783678 -0.054841366 -0.056976527 -0.05865269
0.2385 -0.05774096 -0.05466277 -0.05354154 -0.05884875 -0.057936274 -0.055001833 -0.057135068 -0.0587357
0.239 -0.05783849 -0.05482335 -0.05372142 -0.05892822 -0.058034442 -0.055159643 -0.057290904 -0.058817603
0.2395 -0.05793468 -0.05498127 -0.05389835 -0.05900665 -0.0581313 -0.055314854 -0.05744409 -0.05889841
0.24 -0.05802956 -0.05513657 -0.05407236 -0.05908404 -0.05822687 -0.05546751 -0.057594664 -0.058978148
0.2405 -0.05812314 -0.05528929 -0.05424352 -0.05916041 -0.058321163 -0.055617645 -0.05774268 -0.059056815
0.241 -0.05821544 -0.05543949 -0.05441186 -0.05923577 -0.058414202 -0.055765316 -0.057888184 -0.059134435
0.2415 -0.05830647 -0.05558721 -0.05457744 -0.05931015 -0.058506 -0.055910565 -0.05803121 -0.05921102
0.242 -0.05839626 -0.05573249 -0.05474031 -0.05938354 -0.058596574 -0.056053437 -0.058171816 -0.059286587
0.2425 -0.05848482 -0.05587538 -0.05490051 -0.05945597 -0.058685947 -0.056193963 -0.05831003 -0.059361145
0.243 -0.05857218 -0.05601591 -0.05505808 -0.05952745 -0.05877413 -0.0563322 -0.058445908 -0.059434712
0.2435 -0.05865833 -0.05615414 -0.05521308 -0.05959799 -0.058861133 -0.05646818 -0.058579482 -0.059507303
0.244 -0.05874331 -0.05629009 -0.05536554 -0.0596676 -0.058946982 -0.05660195 -0.0587108 -0.05957892
0.2445 -0.05882713 -0.05642382 -0.05551551 -0.0597363 -0.059031688 -0.056733534 -0.058839895 -0.059649594
0.245 -0.05890981 -0.05655535 -0.05566303 -0.0598041 -0.059115265 -0.05686298 -0.058966808 -0.05971932
0.2455 -0.05899135 -0.05668474 -0.05580814 -0.059871 -0.059197735 -0.05699033 -0.059091587 -0.059788123
0.246 -0.05907179 -0.05681201 -0.05595089 -0.05993703 -0.059279107 -0.057115614 -0.059214257 -0.059856012
0.2465 -0.05915112 -0.0569372 -0.05609132 -0.0600022 -0.059359394 -0.05723887 -0.05933486 -0.059922997
0.247 -0.05922937 -0.05706035 -0.05622945 -0.06006651 -0.059438616 -0.05736013 -0.059453435 -0.05998909
0.2475 -0.05930656 -0.0571815 -0.05636534 -0.06012998 -0.059516788 -0.05747944 -0.05957002 -0.06005431
0.248 -0.05938269 -0.05730068 -0.05649902 -0.06019262 -0.05959392 -0.057596825 -0.05968464 -0.06011866
0.2485 -0.05945779 -0.05741792 -0.05663053 -0.06025443 -0.059670024 -0.057712317 -0.05979734 -0.060182154
0.249 -0.05953186 -0.05753327 -0.0567599 -0.06031544 -0.059745118 -0.057825953 -0.059908144 -0.06024481
0.2495 -0.05960492 -0.05764674 -0.05688718 -0.06037565 -0.059819218 -0.057937764 -0.060017094 -0.06030663
0.25 -0.05967699 -0.05775838 -0.05701239 -0.06043508 -0.05989233 -0.05804778 -0.060124222 -0.060367633
0.2505 -0.05974807 -0.05786821 -0.05713557 -0.06049373 -0.059964474 -0.058156036 -0.060229555 -0.060427826
0.251 -0.05981819 -0.05797627 -0.05725676 -0.06055161 -0.06003566 -0.05826256 -0.060333125 -0.06048722
0.2515 -0.05988736 -0.05808259 -0.05737599 -0.06060873 -0.060105905 -0.058367386 -0.060434967 -0.060545824
0.252 -0.05995558 -0.0581872 -0.05749329 -0.06066511 -0.06017521 -0.058470532 -0.06053511 -0.060603656
0.2525 -0.06002287 -0.05829012 -0.0576087 -0.06072076 -0.0602436 -0.05857204 -0.060633585 -0.060660716
0.253 -0.06008925 -0.0583914 -0.05772225 -0.06077568 -0.06031108 -0.058671925 -0.06073042 -0.06071702
0.2535 -0.06015473 -0.05849104 -0.05783396 -0.06082988 -0.06037767 -0.058770232 -0.060825646 -0.060772583
0.254 -0.06021931 -0.05858909 -0.05794388 -0.06088338 -0.06044337 -0.05886697 -0.060919285 -0.060827404
0.2545 -0.06028302 -0.05868557 -0.05805203 -0.06093618 -0.060508203 -0.058962177 -0.061011367 -0.060881503
0.255 -0.06034587 -0.05878051 -0.05815843 -0.06098829 -0.060572177 -0.05905588 -0.06110193 -0.060934883
0.2555 -0.06040786 -0.05887393 -0.05826313 -0.06103972 -0.060635302 -0.059148096 -0.061190985 -0.060987554
0.256 -0.060469 -0.05896586 -0.05836614 -0.06109048 -0.06069759 -0.05923885 -0.06127856 -0.06103953
0.2565 -0.06052932 -0.05905633 -0.0584675 -0.06114059 -0.06075905 -0.059328176 -0.061364688 -0.06109082
0.257 -0.06058882 -0.05914536 -0.05856724 -0.06119004 -0.060819697 -0.059416093 -0.061449397 -0.061141428
0.2575 -0.06064751 -0.05923297 -0.05866537 -0.06123885 -0.06087954 -0.059502624 -0.061532706 -0.061191365
0.258 -0.06070541 -0.05931919 -0.05876194 -0.06128702 -0.06093859 -0.0595878 -0.061614633 -0.061240643
0.2585 -0.06076252 -0.05940404 -0.05885696 -0.06133457 -0.060996857 -0.059671625 -0.061695218 -0.061289266
0.259 -0.06081886 -0.05948755 -0.05895046 -0.0613815 -0.061054353 -0.059754144 -0.06177447 -0.061337247
0.2595 -0.06087443 -0.05956973 -0.05904246 -0.06142782 -0.061111085 -0.059835367 -0.06185242 -0.061384592
0.26 -0.06092925 -0.05965062 -0.059133 -0.06147354 -0.06116707 -0.05991532 -0.06192909 -0.06143131
0.2605 -0.06098333 -0.05973023 -0.05922209 -0.06151866 -0.061222307 -0.059994016 -0.0620045 -0.06147741
0.261 -0.06103668 -0.05980859 -0.05930977 -0.0615632 -0.06127682 -0.06007149 -0.06207867 -0.061522905
0.2615 -0.0610893 -0.05988571 -0.05939604 -0.06160716 -0.061330605 -0.060147755 -0.062151626 -0.06156779
0.262 -0.06114122 -0.05996161 -0.05948095 -0.06165056 -0.06138368 -0.06022282 -0.062223386 -0.061612085
0.2625 -0.06119243 -0.06003633 -0.0595645 -0.06169338 -0.06143605 -0.060296725 -0.062293977 -0.061655797
0.263 -0.06124294 -0.06010987 -0.05964673 -0.06173566 -0.06148773 -0.060369477 -0.06236341 -0.06169893
0.2635 -0.06129278 -0.06018225 -0.05972765 -0.06177739 -0.061538722 -0.0604411 -0.062431708 -0.061741486
0.264 -0.06134194 -0.0602535 -0.05980728 -0.06181857 -0.061589044 -0.060511608 -0.06249889 -0.061783485
0.2645 -0.06139044 -0.06032364 -0.05988566 -0.06185922 -0.061638698 -0.06058102 -0.06256498 -0.061824925
0.265 -0.06143828 -0.06039268 -0.05996279 -0.06189935 -0.06168769 -0.060649365 -0.06263 -0.06186582
0.2655 -0.06148547 -0.06046064 -0.0600387 -0.06193896 -0.061736036 -0.060716644 -0.06269395 -0.061906174
0.266 -0.06153203 -0.06052754 -0.06011341 -0.06197805 -0.061783742 -0.060782887 -0.062756866 -0.061945993
0.2665 -0.06157796 -0.0605934 -0.06018694 -0.06201664 -0.06183082 -0.060848106 -0.062818766 -0.061985288
0.267 -0.06162327 -0.06065824 -0.06025931 -0.06205473 -0.06187727 -0.060912322 -0.06287966 -0.06202406
0.2675 -0.06166797 -0.06072206 -0.06033054 -0.06209233 -0.061923105 -0.060975544 -0.06293957 -0.06206232
0.268 -0.06171207 -0.0607849 -0.06040064 -0.06212944 -0.061968334 -0.061037786 -0.0629985 -0.062100075
0.2685 -0.06175557 -0.06084676 -0.06046964 -0.06216607 -0.062012967 -0.061099082 -0.063056484 -0.062137328
0.269 -0.06179849 -0.06090765 -0.06053756 -0.06220223 -0.062057003 -0.061159432 -0.06311353 -0.062174093
0.2695 -0.06184082 -0.06096761 -0.0606044 -0.06223792 -0.062100463 -0.06121885 -0.06316966 -0.062210374
0.27 -0.06188259 -0.06102664 -0.0606702 -0.06227315 -0.06214335 -0.06127736 -0.06322488 -0.062246166
0.2705 -0.06192379 -0.06108476 -0.06073496 -0.06230793 -0.06218566 -0.061334975 -0.06327921 -0.062281493
0.271 -0.06196444 -0.06114198 -0.0607987 -0.06234225 -0.062227417 -0.061391704 -0.06333268 -0.062316347
0.2715 -0.06200455 -0.06119831 -0.06086145 -0.06237614 -0.06226862 -0.06144756 -0.06338528 -0.062350743
0.272 -0.06204411 -0.06125378 -0.06092321 -0.06240958 -0.062309273 -0.06150257 -0.06343703 -0.062384684
0.2725 -0.06208314 -0.0613084 -0.06098401 -0.0624426 -0.06234939 -0.061556738 -0.063487954 -0.062418174
0.273 -0.06212165 -0.06136217 -0.06104385 -0.06247519 -0.06238898 -0.06161008 -0.06353806 -0.062451225
0.2735 -0.06215964 -0.06141512 -0.06110276 -0.06250736 -0.06242804 -0.061662607 -0.06358737 -0.062483836
0.274 -0.06219712 -0.06146726 -0.06116075 -0.06253911 -0.062466584 -0.061714336 -0.063635886 -0.06251602
0.2745 -0.06223409 -0.0615186 -0.06121783 -0.06257046 -0.06250462 -0.061765276 -0.06368363 -0.06254777
0.275 -0.06227057 -0.06156915 -0.06127403 -0.0626014 -0.062542155 -0.061815448 -0.06373062 -0.06257911
0.2755 -0.06230656 -0.06161893 -0.06132935 -0.06263195 -0.062579185 -0.061864845 -0.06377685 -0.06261003
0.276 -0.06234206 -0.06166795 -0.0613838 -0.0626621 -0.06261573 -0.061913505 -0.06382236 -0.06264054
0.2765 -0.06237709 -0.06171622 -0.06143741 -0.06269186 -0.06265179 -0.06196142 -0.06386713 -0.06267065
0.277 -0.06241165 -0.06176375 -0.06149019 -0.06272124 -0.062687375 -0.06200861 -0.063911185 -0.06270036
0.2775 -0.06244575 -0.06181056 -0.06154215 -0.06275024 -0.06272249 -0.062055085 -0.063954554 -0.06272967
0.278 -0.06247939 -0.06185665 -0.0615933 -0.06277887 -0.062757134 -0.06210086 -0.06399723 -0.0627586
0.2785 -0.06251257 -0.06190205 -0.06164366 -0.06280713 -0.062791325 -0.06214594 -0.06403923 -0.06278715
0.279 -0.06254532 -0.06194675 -0.06169323 -0.06283502 -0.06282506 -0.06219034 -0.064080566 -0.06281532
0.2795 -0.06257762 -0.06199078 -0.06174204 -0.06286256 -0.06285835 -0.062234074 -0.064121254 -0.062843114
0.28 -0.06260949 -0.06203414 -0.0617901 -0.06288974 -0.0628912 -0.062277142 -0.06416129 -0.06287055
0.2805 -0.06264094 -0.06207684 -0.06183741 -0.06291658 -0.06292361 -0.06231956 -0.06420071 -0.06289761
0.281 -0.06267196 -0.06211889 -0.06188399 -0.06294307 -0.062955596 -0.06236135 -0.064239495 -0.06292432
0.2815 -0.06270257 -0.06216031 -0.06192985 -0.06296922 -0.062987156 -0.0624025 -0.06427768 -0.06295067
0.282 -0.06273277 -0.06220111 -0.06197501 -0.06299503 -0.06301829 -0.06244304 -0.06431525 -0.06297667
0.2825 -0.06276257 -0.06224129 -0.06201947 -0.06302051 -0.063049026 -0.06248296 -0.06435224 -0.06300233
0.283 -0.06279196 -0.06228086 -0.06206324 -0.06304567 -0.06307935 -0.06252229 -0.06438865 -0.06302766
0.2835 -0.06282097 -0.06231983 -0.06210634 -0.0630705 -0.06310927 -0.062561035 -0.064424485 -0.06305265
0.284 -0.06284958 -0.06235822 -0.06214878 -0.06309501 -0.06313879 -0.0625992 -0.06445977 -0.0630773
0.2845 -0.06287782 -0.06239604 -0.06219056 -0.06311921 -0.06316792 -0.06263678 -0.0644945 -0.06310163
0.285 -0.06290568 -0.06243328 -0.06223171 -0.0631431 -0.063196674 -0.06267381 -0.06452868 -0.06312563
0.2855 -0.06293316 -0.06246996 -0.06227222 -0.06316668 -0.06322504 -0.06271027 -0.06456233 -0.06314932
0.286 -0.06296028 -0.0625061 -0.06231211 -0.06318996 -0.06325303 -0.0627462 -0.06459546 -0.0631727
0.2865 -0.06298704 -0.06254169 -0.0623514 -0.06321295 -0.06328065 -0.06278159 -0.064628065 -0.063195765
0.287 -0.06301344 -0.06257675 -0.06239008 -0.06323563 -0.063307896 -0.062816456 -0.06466018 -0.06321852
0.2875 -0.06303948 -0.06261129 -0.06242817 -0.06325803 -0.06333479 -0.062850796 -0.06469178 -0.06324098
0.288 -0.06306519 -0.06264531 -0.06246567 -0.06328014 -0.063361324 -0.06288463 -0.064722896 -0.06326314
0.2885 -0.06309054 -0.06267882 -0.06250261 -0.06330196 -0.063387506 -0.06291795 -0.06475353 -0.06328501
0.289 -0.06311556 -0.06271183 -0.06253898 -0.06332351 -0.063413344 -0.06295078 -0.06478369 -0.063306585
0.2895 -0.06314025 -0.06274436 -0.06257479 -0.06334478 -0.06343883 -0.062983125 -0.06481339 -0.06332788
0.29 -0.06316461 -0.06277639 -0.06261007 -0.06336578 -0.06346399 -0.06301499 -0.06484263 -0.06334889
0.2905 -0.06318864 -0.06280795 -0.0626448 -0.06338651 -0.06348881 -0.06304638 -0.06487141 -0.06336962
0.291 -0.06321236 -0.06283904 -0.06267901 -0.06340697 -0.0635133 -0.06307731 -0.06489976 -0.063390076
0.2915 -0.06323575 -0.06286967 -0.06271269 -0.06342717 -0.06353747 -0.06310777 -0.06492766 -0.06341026
0.292 -0.06325884 -0.06289985 -0.06274587 -0.06344712 -0.06356131 -0.063137785 -0.06495514 -0.063430175
0.2925 -0.06328162 -0.06292957 -0.06277854 -0.0634668 -0.06358484 -0.063167356 -0.06498219 -0.06344983
0.293 -0.0633041 -0.06295886 -0.06281071 -0.06348624 -0.06360806 -0.06319649 -0.06500883 -0.063469216
0.2935 -0.06332628 -0.06298771 -0.0628424 -0.06350543 -0.06363097 -0.063225195 -0.06503506 -0.06348835
0.294 -0.06334816 -0.06301614 -0.06287361 -0.06352437 -0.06365357 -0.06325347 -0.06506089 -0.06350724
0.2945 -0.06336975 -0.06304415 -0.06290435 -0.06354307 -0.06367588 -0.06328133 -0.06508633 -0.06352586
0.295 -0.06339106 -0.06307174 -0.06293462 -0.06356153 -0.06369789 -0.06330878 -0.06511138 -0.06354424
0.2955 -0.06341208 -0.06309893 -0.06296443 -0.06357976 -0.0637196 -0.06333582 -0.065136045 -0.063562386
0.296 -0.06343283 -0.06312571 -0.0629938 -0.06359775 -0.06374103 -0.06336247 -0.065160334 -0.06358028
0.2965 -0.06345329 -0.0631521 -0.06302272 -0.06361552 -0.06376217 -0.06338872 -0.06518425 -0.06359795
0.297 -0.06347349 -0.06317811 -0.06305121 -0.06363305 -0.063783035 -0.06341459 -0.06520781 -0.063615374
0.2975 -0.06349342 -0.06320373 -0.06307927 -0.06365036 -0.06380362 -0.06344008 -0.065231 -0.06363256
0.298 -0.06351309 -0.06322897 -0.0631069 -0.06366745 -0.06382393 -0.06346519 -0.065253854 -0.063649535
0.2985 -0.06353249 -0.06325385 -0.06313412 -0.06368433 -0.06384397 -0.06348994 -0.065276355 -0.06366628
0.299 -0.06355164 -0.06327835 -0.06316093 -0.06370098 -0.06386375 -0.06351431 -0.06529851 -0.063682795
0.2995 -0.06357053 -0.06330251 -0.06318734 -0.06371743 -0.06388326 -0.06353833 -0.06532034 -0.06369909
0.3 -0.06358917 -0.0633263 -0.06321335 -0.06373366 -0.06390251 -0.063562 -0.06534184 -0.063715175
0.3005 -0.06360757 -0.06334975 -0.06323897 -0.06374969 -0.06392151 -0.063585326 -0.06536301 -0.063731045
0.301 -0.06362572 -0.06337286 -0.06326421 -0.06376551 -0.06394026 -0.0636083 -0.06538387 -0.0637467
0.3015 -0.06364363 -0.06339562 -0.06328907 -0.06378114 -0.06395875 -0.06363095 -0.065404415 -0.06376215
0.302 -0.06366131 -0.06341806 -0.06331356 -0.06379656 -0.063976996 -0.06365327 -0.06542464 -0.063777395
0.3025 -0.06367875 -0.06344017 -0.06333769 -0.06381178 -0.063995 -0.063675255 -0.065444574 -0.06379244
0.303 -0.06369596 -0.06346196 -0.06336145 -0.06382681 -0.064012766 -0.06369692 -0.0654642 -0.06380728
0.3035 -0.06371295 -0.06348342 -0.06338486 -0.06384165 -0.0640303 -0.063718274 -0.06548354 -0.06382192
0.304 -0.0637297 -0.06350458 -0.06340792 -0.0638563 -0.06404759 -0.06373931 -0.065502584 -0.06383637
0.3045 -0.06374624 -0.06352543 -0.06343063 -0.06387077 -0.06406466 -0.063760035 -0.065521345 -0.06385063
0.305 -0.06376256 -0.06354598 -0.06345301 -0.06388505 -0.0640815 -0.06378047 -0.06553983 -0.06386469
0.3055 -0.06377866 -0.06356623 -0.06347505 -0.06389915 -0.06409811 -0.063800596 -0.06555804 -0.06387857
0.306 -0.06379455 -0.06358618 -0.06349677 -0.06391306 -0.0641145 -0.06382043 -0.06557597 -0.06389227
0.3065 -0.06381023 -0.06360585 -0.06351816 -0.0639268 -0.06413068 -0.06383998 -0.065593645 -0.063905776
0.307 -0.06382571 -0.06362523 -0.06353924 -0.06394037 -0.06414664 -0.06385925 -0.06561105 -0.06391911
0.3075 -0.06384098 -0.06364433 -0.06356 -0.06395376 -0.06416238 -0.06387823 -0.0656282 -0.06393227
0.308 -0.06385604 -0.06366315 -0.06358046 -0.06396699 -0.06417792 -0.06389694 -0.0656451 -0.06394525
0.3085 -0.06387091 -0.0636817 -0.06360061 -0.06398004 -0.06419325 -0.06391537 -0.06566174 -0.063958056
0.309 -0.06388559 -0.06369999 -0.06362047 -0.06399293 -0.06420837 -0.06393354 -0.06567814 -0.06397069
0.3095 -0.06390007 -0.06371801 -0.06364003 -0.06400565 -0.0642233 -0.06395145 -0.0656943 -0.06398316
0.31 -0.06391436 -0.06373577 -0.0636593 -0.06401821 -0.06423802 -0.06396909 -0.065710224 -0.06399546
0.3105 -0.06392846 -0.06375328 -0.06367829 -0.06403062 -0.06425255 -0.06398648 -0.06572591 -0.064007595
0.311 -0.06394237 -0.06377053 -0.06369699 -0.06404286 -0.06426688 -0.06400362 -0.06574136 -0.06401957
0.3115 -0.0639561 -0.06378753 -0.06371543 -0.06405495 -0.064281024 -0.06402051 -0.06575659 -0.064031385
0.312 -0.06396965 -0.06380429 -0.06373358 -0.06406688 -0.06429498 -0.06403715 -0.065771595 -0.064043045
0.3125 -0.06398303 -0.06382081 -0.06375148 -0.06407867 -0.06430875 -0.06405356 -0.065786384 -0.06405455
0.313 -0.06399622 -0.0638371 -0.06376911 -0.0640903 -0.06432233 -0.06406972 -0.06580095 -0.064065896
0.3135 -0.06400924 -0.06385314 -0.06378647 -0.06410179 -0.06433573 -0.064085655 -0.06581531 -0.064077094
0.314 -0.0640221 -0.06386896 -0.06380359 -0.06411313 -0.06434895 -0.06410135 -0.065829456 -0.064088136
0.3145 -0.06403478 -0.06388456 -0.06382045 -0.06412432 -0.064362 -0.064116836 -0.06584339 -0.064099036
0.315 -0.06404729 -0.06389992 -0.06383707 -0.06413537 -0.06437487 -0.06413209 -0.06585713 -0.064109795
0.3155 -0.06405964 -0.06391507 -0.06385344 -0.06414629 -0.064387575 -0.06414713 -0.06587067 -0.064120404
0.316 -0.06407183 -0.06393001 -0.06386957 -0.06415706 -0.06440011 -0.06416194 -0.06588401 -0.06413087
0.3165 -0.06408386 -0.06394473 -0.06388547 -0.0641677 -0.06441247 -0.064176545 -0.06589716 -0.0641412
0.317 -0.06409573 -0.06395924 -0.06390113 -0.0641782 -0.064424664 -0.06419094 -0.065910116 -0.06415139
0.3175 -0.06410745 -0.06397354 -0.06391656 -0.06418857 -0.0644367 -0.064205125 -0.065922886 -0.06416145
0.318 -0.06411901 -0.06398764 -0.06393177 -0.06419881 -0.06444857 -0.0642191 -0.06593548 -0.06417137
0.3185 -0.06413042 -0.06400153 -0.06394676 -0.06420891 -0.064460285 -0.064232886 -0.065947875 -0.06418116
0.319 -0.06414168 -0.06401523 -0.06396152 -0.06421889 -0.06447184 -0.06424646 -0.0659601 -0.06419081
0.3195 -0.06415279 -0.06402874 -0.06397608 -0.06422874 -0.06448325 -0.06425986 -0.06597215 -0.06420034
0.32 -0.06416375 -0.06404205 -0.06399042 -0.06423847 -0.0644945 -0.064273044 -0.065984026 -0.06420974
0.3205 -0.06417458 -0.06405518 -0.06400455 -0.06424807 -0.06450559 -0.064286046 -0.06599574 -0.06421901
0.321 -0.06418526 -0.06406811 -0.06401847 -0.06425756 -0.064516544 -0.06429887 -0.06600727 -0.06422816
0.3215 -0.0641958 -0.06408087 -0.0640322 -0.06426692 -0.06452735 -0.064311504 -0.06601865 -0.06423719
0.322 -0.0642062 -0.06409344 -0.06404572 -0.06427616 -0.06453801 -0.06432396 -0.066029854 -0.064246096
0.3225 -0.06421646 -0.06410584 -0.06405905 -0.06428528 -0.06454853 -0.06433623 -0.0660409 -0.06425488
0.323 -0.06422659 -0.06411806 -0.06407218 -0.06429429 -0.06455891 -0.06434833 -0.066051796 -0.06426355
0.3235 -0.06423659 -0.0641301 -0.06408512 -0.06430319 -0.06456914 -0.06436026 -0.06606254 -0.064272106
0.324 -0.06424646 -0.06414198 -0.06409788 -0.06431197 -0.06457924 -0.06437202 -0.06607312 -0.06428055
0.3245 -0.0642562 -0.06415369 -0.06411045 -0.06432064 -0.0645892 -0.0643836 -0.06608355 -0.06428887
0.325 -0.06426581 -0.06416523 -0.06412284 -0.0643292 -0.06459904 -0.064395025 -0.06609384 -0.06429709
0.3255 -0.06427529 -0.06417661 -0.06413505 -0.06433766 -0.06460874 -0.06440628 -0.06610398 -0.064305186
0.326 -0.06428465 -0.06418783 -0.06414708 -0.064346 -0.064618304 -0.064417385 -0.06611398 -0.06431318
0.3265 -0.06429389 -0.06419889 -0.06415894 -0.06435424 -0.064627744 -0.06442832 -0.066123836 -0.06432107
0.327 -0.06430301 -0.0642098 -0.06417063 -0.06436238 -0.06463706 -0.0644391 -0.06613355 -0.06432885
0.3275 -0.06431201 -0.06422055 -0.06418215 -0.06437041 -0.064646244 -0.06444973 -0.066143125 -0.06433652
0.328 -0.06432089 -0.06423115 -0.0641935 -0.06437834 -0.06465531 -0.06446021 -0.06615257 -0.0643441
0.3285 -0.06432965 -0.0642416 -0.06420469 -0.06438617 -0.06466425 -0.06447054 -0.066161886 -0.06435157
0.329 -0.0643383 -0.06425191 -0.06421572 -0.0643939 -0.06467308 -0.06448072 -0.066171065 -0.06435895
0.3295 -0.06434684 -0.06426207 -0.06422659 -0.06440153 -0.06468178 -0.06449075 -0.06618012 -0.06436622
0.33 -0.06435527 -0.06427209 -0.0642373 -0.06440907 -0.06469037 -0.064500645 -0.06618904 -0.0643734
0.3305 -0.06436358 -0.06428196 -0.06424786 -0.06441651 -0.06469884 -0.064510405 -0.06619784 -0.064380474
0.331 -0.06437179 -0.0642917 -0.06425827 -0.06442386 -0.0647072 -0.06452002 -0.06620652 -0.064387456
0.3315 -0.06437989 -0.06430131 -0.06426853 -0.06443111 -0.064715445 -0.06452949 -0.06621508 -0.06439435
0.332 -0.06438788 -0.06431077 -0.06427864 -0.06443827 -0.06472358 -0.06453884 -0.06622352 -0.06440114
0.3325 -0.06439577 -0.06432011 -0.06428861 -0.06444534 -0.064731605 -0.06454805 -0.06623184 -0.06440785
0.333 -0.06440356 -0.06432931 -0.06429843 -0.06445232 -0.064739525 -0.064557135 -0.06624005 -0.064414464
0.3335 -0.06441125 -0.06433839 -0.06430812 -0.06445922 -0.06474733 -0.064566076 -0.06624814 -0.06442099
0.334 -0.06441883 -0.06434734 -0.06431766 -0.06446602 -0.06475504 -0.064574905 -0.06625612 -0.06442743
0.3345 -0.06442632 -0.06435617 -0.06432707 -0.06447274 -0.064762644 -0.06458361 -0.06626399 -0.064433776
0.335 -0.06443371 -0.06436487 -0.06433634 -0.06447938 -0.06477015 -0.06459218 -0.06627175 -0.06444004
0.3355 -0.064441 -0.06437345 -0.06434548 -0.06448593 -0.064777546 -0.06460064 -0.066279404 -0.064446226
0.336 -0.0644482 -0.06438191 -0.0643545 -0.06449239 -0.06478485 -0.064608976 -0.06628695 -0.06445233
0.3365 -0.0644553 -0.06439025 -0.06436338 -0.06449878 -0.064792044 -0.06461719 -0.0662944 -0.06445834
0.337 -0.06446231 -0.06439848 -0.06437213 -0.06450509 -0.064799145 -0.06462529 -0.06630173 -0.06446427
0.3375 -0.06446923 -0.06440659 -0.06438077 -0.06451131 -0.064806156 -0.06463328 -0.066308975 -0.06447013
0.338 -0.06447606 -0.06441459 -0.06438927 -0.06451746 -0.06481307 -0.06464115 -0.06631611 -0.06447591
0.3385 -0.0644828 -0.06442248 -0.06439766 -0.06452353 -0.06481989 -0.06464891 -0.06632316 -0.0644816
0.339 -0.06448946 -0.06443026 -0.06440593 -0.06452952 -0.064826615 -0.06465656 -0.06633011 -0.06448723
0.3395 -0.06449602 -0.06443793 -0.06441408 -0.06453544 -0.06483325 -0.06466411 -0.06633697 -0.06449277
0.34 -0.0645025 -0.06444549 -0.06442212 -0.06454128 -0.0648398 -0.064671546 -0.066343725 -0.06449824
0.3405 -0.0645089 -0.06445295 -0.06443004 -0.06454705 -0.06484626 -0.064678885 -0.06635039 -0.06450364
0.341 -0.06451521 -0.06446031 -0.06443785 -0.06455274 -0.06485264 -0.064686105 -0.06635697 -0.06450896
0.3415 -0.06452144 -0.06446756 -0.06444554 -0.06455836 -0.06485892 -0.06469324 -0.06636346 -0.06451421
0.342 -0.0645276 -0.06447472 -0.06445313 -0.06456392 -0.06486513 -0.06470027 -0.06636986 -0.0645194
0.3425 -0.06453367 -0.06448177 -0.06446061 -0.0645694 -0.064871244 -0.0647072 -0.06637617 -0.06452451
0.343 -0.06453966 -0.06448873 -0.06446799 -0.06457481 -0.06487728 -0.06471403 -0.06638241 -0.064529546
0.3435 -0.06454557 -0.06449559 -0.06447526 -0.06458016 -0.06488323 -0.064720765 -0.06638855 -0.06453452
0.344 -0.06455141 -0.06450236 -0.06448243 -0.06458543 -0.0648891 -0.0647274 -0.06639461 -0.064539425
0.3445 -0.06455717 -0.06450903 -0.0644895 -0.06459064 -0.0648949 -0.06473395 -0.066400595 -0.06454427
0.345 -0.06456286 -0.06451561 -0.06449646 -0.06459579 -0.06490062 -0.064740404 -0.066406496 -0.064549044
0.3455 -0.06456847 -0.0645221 -0.06450333 -0.06460087 -0.064906254 -0.06474677 -0.066412315 -0.06455375
0.346 -0.06457401 -0.0645285 -0.06451011 -0.06460588 -0.06491182 -0.06475305 -0.06641806 -0.0645584
0.3465 -0.06457948 -0.06453481 -0.06451678 -0.06461083 -0.0649173 -0.06475924 -0.06642373 -0.064562984
0.347 -0.06458487 -0.06454104 -0.06452337 -0.06461572 -0.06492272 -0.064765334 -0.06642932 -0.06456751
0.3475 -0.0645902 -0.06454718 -0.06452986 -0.06462055 -0.064928055 -0.06477135 -0.06643484 -0.06457196
0.348 -0.06459546 -0.06455324 -0.06453626 -0.06462532 -0.06493332 -0.064777285 -0.066440284 -0.064576365
0.3485 -0.06460065 -0.06455921 -0.06454256 -0.06463002 -0.06493852 -0.06478313 -0.06644565 -0.0645807
0.349 -0.06460577 -0.0645651 -0.06454879 -0.06463467 -0.06494365 -0.0647889 -0.06645095 -0.064584985
0.3495 -0.06461083 -0.06457091 -0.06455492 -0.06463926 -0.0649487 -0.064794585 -0.066456184 -0.0645892
0.35 -0.06461582 -0.06457664 -0.06456097 -0.06464379 -0.06495369 -0.06480019 -0.06646135 -0.064593375
0.3505 -0.06462074 -0.06458229 -0.06456693 -0.06464826 -0.06495861 -0.064805724 -0.06646644 -0.06459748
0.351 -0.06462561 -0.06458786 -0.06457281 -0.06465268 -0.06496346 -0.06481117 -0.06647147 -0.06460153
0.3515 -0.0646304 -0.06459336 -0.0645786 -0.06465704 -0.06496825 -0.06481655 -0.06647643 -0.064605534
0.352 -0.06463514 -0.06459878 -0.06458432 -0.06466135 -0.064972974 -0.06482185 -0.06648133 -0.064609475
0.3525 -0.06463982 -0.06460413 -0.06458995 -0.0646656 -0.06497763 -0.06482707 -0.06648616 -0.06461337
0.353 -0.06464443 -0.06460941 -0.06459551 -0.0646698 -0.06498223 -0.064832225 -0.066490926 -0.06461721
0.3535 -0.06464899 -0.06461461 -0.06460099 -0.06467394 -0.064986765 -0.06483731 -0.066495635 -0.064620994
0.354 -0.06465348 -0.06461974 -0.06460639 -0.06467804 -0.064991236 -0.06484231 -0.06650028 -0.06462473
0.3545 -0.06465792 -0.0646248 -0.06461172 -0.06468208 -0.06499565 -0.06484726 -0.06650486 -0.06462841
0.355 -0.0646623 -0.06462979 -0.06461697 -0.06468607 -0.065 -0.06485213 -0.06650939 -0.06463204
0.3555 -0.06466663 -0.06463472 -0.06462215 -0.06469001 -0.06500429 -0.06485694 -0.06651385 -0.06463563
0.356 -0.06467089 -0.06463957 -0.06462726 -0.0646939 -0.06500852 -0.06486168 -0.06651826 -0.064639166
0.3565 -0.06467511 -0.06464436 -0.06463229 -0.06469774 -0.0650127 -0.06486635 -0.06652261 -0.06464265
0.357 -0.06467927 -0.06464909 -0.06463726 -0.06470153 -0.06501682 -0.06487095 -0.066526905 -0.06464609
0.3575 -0.06468337 -0.06465375 -0.06464216 -0.06470528 -0.06502088 -0.0648755 -0.06653115 -0.064649485
0.358 -0.06468742 -0.06465835 -0.06464698 -0.06470898 -0.06502489 -0.064879976 -0.06653533 -0.06465283
0.3585 -0.06469142 -0.06466288 -0.06465175 -0.06471263 -0.065028846 -0.064884394 -0.06653947 -0.06465613
0.359 -0.06469537 -0.06466735 -0.06465644 -0.06471624 -0.06503275 -0.06488875 -0.06654355 -0.06465939
0.3595 -0.06469927 -0.06467177 -0.06466107 -0.0647198 -0.065036595 -0.06489305 -0.06654757 -0.0646626
0.36 -0.06470311 -0.06467612 -0.06466564 -0.06472331 -0.06504039 -0.06489729 -0.06655155 -0.064665765
0.3605 -0.06470691 -0.06468041 -0.06467014 -0.06472678 -0.065044135 -0.06490147 -0.06655547 -0.064668894
0.361 -0.06471066 -0.06468465 -0.06467458 -0.06473021 -0.06504782 -0.06490559 -0.06655935 -0.06467198
0.3615 -0.06471436 -0.06468882 -0.06467896 -0.06473359 -0.065051466 -0.06490966 -0.066563174 -0.06467502
0.362 -0.06471801 -0.06469294 -0.06468328 -0.06473693 -0.06505506 -0.06491367 -0.06656695 -0.06467801
0.3625 -0.06472161 -0.06469701 -0.06468754 -0.06474023 -0.065058604 -0.06491762 -0.066570684 -0.06468097
0.363 -0.06472517 -0.06470102 -0.06469173 -0.06474349 -0.0650621 -0.06492152 -0.066574365 -0.06468389
0.3635 -0.06472868 -0.06470497 -0.06469588 -0.06474671 -0.06506555 -0.06492536 -0.066578 -0.06468677
0.364 -0.06473215 -0.06470888 -0.06469996 -0.06474988 -0.06506895 -0.06492916 -0.06658159 -0.06468961
0.3645 -0.06473557 -0.06471272 -0.06470399 -0.06475302 -0.065072306 -0.0649329 -0.06658514 -0.06469241
0.365 -0.06473895 -0.06471652 -0.06470796 -0.06475612 -0.06507561 -0.064936586 -0.06658864 -0.064695165
0.3655 -0.06474228 -0.06472027 -0.06471188 -0.06475917 -0.06507888 -0.06494022 -0.0665921 -0.06469789
0.366 -0.06474557 -0.06472396 -0.06471574 -0.06476219 -0.065082096 -0.06494381 -0.06659551 -0.06470058
0.3665 -0.06474882 -0.06472761 -0.06471955 -0.06476518 -0.06508528 -0.06494735 -0.066598885 -0.064703226
0.367 -0.06475203 -0.0647312 -0.06472331 -0.06476812 -0.065088406 -0.06495084 -0.06660222 -0.06470584
0.3675 -0.06475519 -0.06473475 -0.06472701 -0.06477103 -0.0650915 -0.06495429 -0.06660551 -0.06470842
0.368 -0.06475832 -0.06473825 -0.06473067 -0.0647739 -0.065094545 -0.064957686 -0.06660876 -0.06471096
0.3685 -0.0647614 -0.0647417 -0.06473427 -0.06477673 -0.065097556 -0.06496103 -0.06661197 -0.06471347
0.369 -0.06476445 -0.0647451 -0.06473783 -0.06477953 -0.06510052 -0.06496434 -0.066615134 -0.064715944
0.3695 -0.06476746 -0.06474846 -0.06474133 -0.06478229 -0.06510344 -0.064967595 -0.06661826 -0.06471839
0.37 -0.06477042 -0.06475178 -0.06474479 -0.06478502 -0.065106325 -0.06497081 -0.06662136 -0.064720795
0.3705 -0.06477335 -0.06475505 -0.0647482 -0.06478771 -0.06510917 -0.06497398 -0.06662442 -0.064723164
0.371 -0.06477624 -0.06475827 -0.06475156 -0.06479037 -0.06511198 -0.06497711 -0.06662743 -0.0647255
0.3715 -0.0647791 -0.06476145 -0.06475488 -0.064793 -0.06511475 -0.06498019 -0.06663041 -0.06472781
0.372 -0.06478191 -0.06476459 -0.06475815 -0.06479559 -0.06511748 -0.064983234 -0.06663335 -0.06473009
0.3725 -0.06478469 -0.06476769 -0.06476138 -0.06479816 -0.065120175 -0.06498623 -0.06663626 -0.06473234
0.373 -0.06478744 -0.06477075 -0.06476456 -0.06480068 -0.06512283 -0.06498919 -0.066639125 -0.064734556
0.3735 -0.06479015 -0.06477376 -0.0647677 -0.06480318 -0.06512545 -0.06499211 -0.066641964 -0.06473674
0.374 -0.06479282 -0.06477673 -0.0647708 -0.06480565 -0.065128036 -0.06499499 -0.06664477 -0.06473889
0.3745 -0.06479546 -0.06477967 -0.06477385 -0.06480808 -0.065130584 -0.06499783 -0.06664754 -0.06474102
0.375 -0.06479807 -0.06478256 -0.06477686 -0.06481049 -0.065133095 -0.06500063 -0.06665027 -0.06474312
0.3755 -0.06480064 -0.06478542 -0.06477983 -0.06481286 -0.06513558 -0.065003395 -0.066652976 -0.06474519
0.376 -0.06480318 -0.06478824 -0.06478276 -0.0648152 -0.06513803 -0.06500612 -0.06665564 -0.06474722
0.3765 -0.06480569 -0.06479102 -0.06478566 -0.06481752 -0.06514044 -0.06500881 -0.06665829 -0.06474923
0.377 -0.06480817 -0.06479376 -0.06478851 -0.0648198 -0.06514282 -0.065011464 -0.066660896 -0.064751215
0.3775 -0.06481061 -0.06479646 -0.06479132 -0.06482206 -0.065145165 -0.06501408 -0.066663474 -0.064753175
0.378 -0.06481302 -0.06479913 -0.06479409 -0.06482429 -0.06514748 -0.065016665 -0.066666014 -0.064755104
0.3785 -0.0648154 -0.06480177 -0.06479683 -0.06482649 -0.06514977 -0.06501921 -0.06666853 -0.064757004
0.379 -0.06481775 -0.06480436 -0.06479953 -0.06482866 -0.06515202 -0.06502172 -0.066671014 -0.06475888
0.3795 -0.06482008 -0.06480693 -0.06480219 -0.06483081 -0.06515424 -0.065024205 -0.06667347 -0.06476074
0.38 -0.06482237 -0.06480946 -0.06480481 -0.06483292 -0.06515643 -0.06502665 -0.066675894 -0.06476256
0.3805 -0.06482463 -0.06481195 -0.0648074 -0.06483502 -0.06515859 -0.06502906 -0.06667829 -0.064764366
0.381 -0.06482686 -0.06481442 -0.06480996 -0.06483708 -0.06516073 -0.06503144 -0.06668067 -0.06476614
0.3815 -0.06482906 -0.06481684 -0.06481248 -0.06483912 -0.06516283 -0.065033786 -0.06668301 -0.06476789
0.382 -0.06483124 -0.06481924 -0.06481496 -0.06484114 -0.0651649 -0.0650361 -0.06668533 -0.06476962
0.3825 -0.06483339 -0.06482161 -0.06481742 -0.06484312 -0.06516695 -0.06503839 -0.066687614 -0.064771324
0.383 -0.0648355 -0.06482394 -0.06481983 -0.06484509 -0.06516897 -0.06504065 -0.06668988 -0.064773
0.3835 -0.0648376 -0.06482624 -0.06482222 -0.06484703 -0.06517096 -0.065042876 -0.066692114 -0.06477466
0.384 -0.06483966 -0.06482851 -0.06482457 -0.06484894 -0.06517292 -0.06504507 -0.06669433 -0.064776294
0.3845 -0.0648417 -0.06483075 -0.0648269 -0.06485083 -0.065174855 -0.065047234 -0.06669651 -0.0647779
0.385 -0.06484372 -0.06483297 -0.06482919 -0.0648527 -0.06517676 -0.06504937 -0.06669867 -0.06477949
0.3855 -0.0648457 -0.06483515 -0.06483145 -0.06485454 -0.06517865 -0.06505148 -0.06670081 -0.06478106
0.386 -0.06484766 -0.0648373 -0.06483367 -0.06485636 -0.06518051 -0.06505356 -0.06670292 -0.064782605
0.3865 -0.0648496 -0.06483942 -0.06483587 -0.06485816 -0.065182336 -0.06505561 -0.066704996 -0.06478413
0.387 -0.06485151 -0.06484152 -0.06483804 -0.06485993 -0.065184146 -0.065057635 -0.06670707 -0.06478564
0.3875 -0.0648534 -0.06484359 -0.06484018 -0.06486169 -0.06518593 -0.06505963 -0.06670911 -0.06478712
0.388 -0.06485526 -0.06484563 -0.06484229 -0.06486342 -0.065187685 -0.06506161 -0.06671112 -0.06478858
0.3885 -0.0648571 -0.06484764 -0.06484437 -0.06486513 -0.06518942 -0.06506355 -0.06671311 -0.064790025
0.389 -0.06485892 -0.06484963 -0.06484643 -0.06486681 -0.065191135 -0.065065466 -0.066715084 -0.06479145
0.3895 -0.06486071 -0.06485159 -0.06484845 -0.06486848 -0.06519282 -0.065067366 -0.06671703 -0.06479285
0.39 -0.06486248 -0.06485352 -0.06485045 -0.06487013 -0.06519448 -0.06506923 -0.066718966 -0.064794235
0.3905 -0.06486423 -0.06485543 -0.06485242 -0.06487175 -0.06519613 -0.065071076 -0.066720866 -0.0647956
0.391 -0.06486595 -0.06485732 -0.06485437 -0.06487335 -0.065197736 -0.065072894 -0.06672275 -0.06479694
0.3915 -0.06486766 -0.06485917 -0.06485629 -0.06487494 -0.06519934 -0.0650747 -0.06672461 -0.06479827
0.392 -0.06486934 -0.06486101 -0.06485818 -0.0648765 -0.06520091 -0.06507647 -0.06672645 -0.06479958
0.3925 -0.064871 -0.06486282 -0.06486005 -0.06487805 -0.06520247 -0.065078214 -0.06672828 -0.064800866
0.393 -0.06487263 -0.0648646 -0.06486189 -0.06487957 -0.065203995 -0.06507994 -0.06673008 -0.06480214
0.3935 -0.06487425 -0.06486636 -0.06486371 -0.06488108 -0.06520551 -0.06508164 -0.066731855 -0.0648034
0.394 -0.06487585 -0.0648681 -0.0648655 -0.06488257 -0.065207 -0.065083325 -0.06673362 -0.06480463
0.3945 -0.06487742 -0.06486982 -0.06486727 -0.06488403 -0.065208465 -0.06508498 -0.066735364 -0.06480586
0.395 -0.06487898 -0.06487151 -0.06486901 -0.06488548 -0.06520992 -0.06508662 -0.066737086 -0.06480706
0.3955 -0.06488051 -0.06487318 -0.06487074 -0.06488692 -0.06521135 -0.06508823 -0.06673879 -0.06480824
0.396 -0.06488203 -0.06487483 -0.06487244 -0.06488833 -0.06521276 -0.06508983 -0.066740476 -0.06480941
0.3965 -0.06488353 -0.06487645 -0.06487411 -0.06488973 -0.06521415 -0.0650914 -0.066742145 -0.06481057
0.397 -0.06488501 -0.06487806 -0.06487576 -0.0648911 -0.06521552 -0.06509295 -0.0667438 -0.06481171
0.3975 -0.06488646 -0.06487964 -0.0648774 -0.06489247 -0.06521687 -0.065094486 -0.06674544 -0.06481283
0.398 -0.0648879 -0.06488121 -0.06487901 -0.06489381 -0.06521821 -0.065096 -0.06674705 -0.06481394
0.3985 -0.06488933 -0.06488275 -0.06488059 -0.06489514 -0.06521952 -0.065097496 -0.06674864 -0.06481503
0.399 -0.06489073 -0.06488427 -0.06488216 -0.06489645 -0.06522082 -0.06509896 -0.06675023 -0.06481611
0.3995 -0.06489212 -0.06488577 -0.06488371 -0.06489774 -0.0652221 -0.06510042 -0.066751786 -0.06481717
0.4 -0.06489348 -0.06488725 -0.06488523 -0.06489902 -0.065223366 -0.065101855 -0.066753335 -0.06481822
0.4005 -0.06489483 -0.06488872 -0.06488673 -0.06490028 -0.06522461 -0.06510327 -0.06675486 -0.06481925
0.401 -0.06489617 -0.06489016 -0.06488822 -0.06490153 -0.06522584 -0.06510467 -0.06675638 -0.06482027
0.4015 -0.06489748 -0.06489158 -0.06488968 -0.06490276 -0.06522705 -0.06510606 -0.06675789 -0.06482127
0.402 -0.06489878 -0.06489299 -0.06489113 -0.06490398 -0.065228246 -0.06510741 -0.06675937 -0.064822264
0.4025 -0.06490007 -0.06489438 -0.06489255 -0.06490518 -0.06522942 -0.06510876 -0.06676084 -0.06482324
0.403 -0.06490133 -0.06489574 -0.06489396 -0.06490636 -0.065230586 -0.065110095 -0.06676229 -0.0648242
0.4035 -0.06490258 -0.06489709 -0.06489535 -0.06490753 -0.06523173 -0.0651114 -0.06676372 -0.064825155
0.404 -0.06490382 -0.06489843 -0.06489672 -0.06490869 -0.065232866 -0.065112695 -0.066765144 -0.064826086
0.4045 -0.06490504 -0.06489974 -0.06489807 -0.06490983 -0.06523398 -0.06511397 -0.06676655 -0.06482701
0.405 -0.06490624 -0.06490104 -0.0648994 -0.06491095 -0.065235086 -0.065115236 -0.066767946 -0.06482793
0.4055 -0.06490743 -0.06490232 -0.06490072 -0.06491207 -0.06523617 -0.06511648 -0.06676933 -0.06482882
0.406 -0.0649086 -0.06490358 -0.06490201 -0.06491317 -0.06523724 -0.06511771 -0.066770695 -0.06482971
0.4065 -0.06490976 -0.06490483 -0.06490329 -0.06491425 -0.0652383 -0.065118924 -0.06677204 -0.06483059
0.407 -0.0649109 -0.06490606 -0.06490456 -0.06491532 -0.06523934 -0.065120116 -0.066773385 -0.06483144
0.4075 -0.06491203 -0.06490728 -0.0649058 -0.06491638 -0.06524037 -0.06512131 -0.0667747 -0.06483229
0.408 -0.06491314 -0.06490848 -0.06490703 -0.06491742 -0.06524138 -0.06512247 -0.066776015 -0.06483313
0.4085 -0.06491424 -0.06490966 -0.06490825 -0.06491846 -0.06524238 -0.065123625 -0.06677731 -0.064833954
0.409 -0.06491533 -0.06491083 -0.06490945 -0.06491947 -0.06524336 -0.065124765 -0.0667786 -0.06483477
0.4095 -0.0649164 -0.06491198 -0.06491063 -0.06492048 -0.06524434 -0.06512589 -0.06677987 -0.06483557
0.41 -0.06491746 -0.06491312 -0.06491179 -0.06492147 -0.0652453 -0.065127 -0.066781126 -0.06483637
0.4105 -0.0649185 -0.06491424 -0.06491294 -0.06492245 -0.06524624 -0.06512809 -0.06678237 -0.06483714
0.411 -0.06491954 -0.06491535 -0.06491408 -0.06492342 -0.06524718 -0.065129176 -0.06678361 -0.06483792
0.4115 -0.06492055 -0.06491644 -0.0649152 -0.06492438 -0.065248094 -0.06513024 -0.06678483 -0.06483868
0.412 -0.06492156 -0.06491752 -0.0649163 -0.06492532 -0.065249 -0.0651313 -0.066786036 -0.06483943
0.4125 -0.06492255 -0.06491858 -0.06491739 -0.06492626 -0.065249905 -0.06513234 -0.066787235 -0.06484017
0.413 -0.06492353 -0.06491963 -0.06491847 -0.06492718 -0.065250784 -0.06513337 -0.06678843 -0.06484089
0.4135 -0.0649245 -0.06492067 -0.06491953 -0.06492809 -0.065251656 -0.06513439 -0.0667896 -0.06484161
0.414 -0.06492545 -0.06492169 -0.06492058 -0.06492899 -0.06525251 -0.06513539 -0.06679076 -0.06484232
0.4145 -0.0649264 -0.0649227 -0.06492161 -0.06492987 -0.06525336 -0.06513638 -0.066791914 -0.06484302
0.415 -0.06492733 -0.0649237 -0.06492263 -0.06493075 -0.0652542 -0.065137364 -0.066793054 -0.06484371
0.4155 -0.06492825 -0.06492468 -0.06492364 -0.06493161 -0.06525502 -0.06513833 -0.06679419 -0.064844385
0.416 -0.06492915 -0.06492565 -0.06492463 -0.06493247 -0.065255836 -0.065139286 -0.066795304 -0.064845055
0.4165 -0.06493005 -0.06492661 -0.06492561 -0.06493331 -0.06525664 -0.06514023 -0.066796415 -0.06484572
0.417 -0.06493093 -0.06492756 -0.06492658 -0.06493414 -0.06525743 -0.06514116 -0.06679751 -0.06484637
0.4175 -0.06493181 -0.06492849 -0.06492753 -0.06493496 -0.06525821 -0.06514208 -0.066798605 -0.06484701
0.418 -0.06493267 -0.06492941 -0.06492847 -0.06493578 -0.06525899 -0.06514299 -0.06679968 -0.06484764
0.4185 -0.06493352 -0.06493032 -0.0649294 -0.06493658 -0.06525975 -0.06514389 -0.06680075 -0.06484827
0.419 -0.06493436 -0.06493122 -0.06493032 -0.06493737 -0.06526049 -0.06514478 -0.06680181 -0.064848885
0.4195 -0.06493519 -0.0649321 -0.06493122 -0.06493815 -0.06526123 -0.06514566 -0.06680286 -0.064849496
0.42 -0.06493601 -0.06493298 -0.06493212 -0.06493892 -0.06526196 -0.06514652 -0.06680389 -0.06485009
0.4205 -0.06493682 -0.06493384 -0.064933 -0.06493969 -0.06526268 -0.06514737 -0.06680492 -0.06485068
0.421 -0.06493762 -0.06493469 -0.06493387 -0.06494044 -0.06526339 -0.06514822 -0.06680594 -0.06485126
0.4215 -0.06493841 -0.06493553 -0.06493473 -0.06494118 -0.06526409 -0.06514905 -0.06680694 -0.064851835
0.422 -0.06493918 -0.06493636 -0.06493557 -0.06494192 -0.065264784 -0.06514987 -0.06680794 -0.0648524
0.4225 -0.06493995 -0.06493718 -0.06493641 -0.06494264 -0.06526546 -0.065150686 -0.06680894 -0.06485296
0.423 -0.06494071 -0.06493799 -0.06493723 -0.06494336 -0.06526614 -0.06515149 -0.066809915 -0.06485351
0.4235 -0.06494146 -0.06493878 -0.06493805 -0.06494406 -0.0652668 -0.06515228 -0.06681089 -0.064854056
0.424 -0.0649422 -0.06493957 -0.06493885 -0.06494476 -0.06526745 -0.06515306 -0.06681186 -0.06485459
0.4245 -0.06494293 -0.06494035 -0.06493964 -0.06494545 -0.0652681 -0.06515384 -0.06681281 -0.06485512
0.425 -0.06494365 -0.06494111 -0.06494042 -0.06494613 -0.06526873 -0.065154605 -0.06681375 -0.06485564
0.4255 -0.06494436 -0.06494187 -0.06494119 -0.0649468 -0.065269366 -0.065155365 -0.06681469 -0.06485616
0.426 -0.06494506 -0.06494262 -0.06494196 -0.06494747 -0.065269984 -0.06515611 -0.06681562 -0.06485666
0.4265 -0.06494576 -0.06494335 -0.06494271 -0.06494812 -0.065270595 -0.065156855 -0.06681655 -0.06485716
0.427 -0.06494644 -0.06494408 -0.06494345 -0.06494877 -0.0652712 -0.065157585 -0.06681746 -0.064857654
0.4275 -0.06494712 -0.0649448 -0.06494418 -0.06494941 -0.065271795 -0.06515831 -0.06681837 -0.06485814
0.428 -0.06494779 -0.06494551 -0.0649449 -0.06495004 -0.06527238 -0.065159015 -0.066819265 -0.064858615
0.4285 -0.06494845 -0.06494621 -0.06494561 -0.06495066 -0.06527296 -0.06515972 -0.06682015 -0.06485909
0.429 -0.0649491 -0.0649469 -0.06494632 -0.06495128 -0.06527353 -0.065160416 -0.06682104 -0.064859554
0.4295 -0.06494974 -0.06494758 -0.06494701 -0.06495189 -0.06527409 -0.06516111 -0.06682191 -0.064860016
0.43 -0.06495037 -0.06494825 -0.0649477 -0.06495249 -0.06527465 -0.06516178 -0.06682278 -0.06486046
0.4305 -0.064951 -0.06494891 -0.06494837 -0.06495308 -0.06527519 -0.06516246 -0.06682363 -0.06486091
0.431 -0.06495162 -0.06494957 -0.06494904 -0.06495367 -0.065275736 -0.06516312 -0.066824496 -0.06486135
0.4315 -0.06495223 -0.06495021 -0.0649497 -0.06495424 -0.06527627 -0.06516378 -0.06682534 -0.06486179
0.432 -0.06495283 -0.06495085 -0.06495035 -0.06495481 -0.065276794 -0.065164424 -0.06682617 -0.064862214
0.4325 -0.06495343 -0.06495148 -0.06495099 -0.06495538 -0.065277316 -0.065165065 -0.066827 -0.06486264
0.433 -0.06495401 -0.0649521 -0.06495162 -0.06495593 -0.06527783 -0.0651657 -0.066827826 -0.064863056
0.4335 -0.06495459 -0.06495272 -0.06495225 -0.06495648 -0.06527834 -0.065166324 -0.06682864 -0.064863466
0.434 -0.06495517 -0.06495332 -0.06495286 -0.06495703 -0.065278836 -0.06516694 -0.06682946 -0.06486387
0.4345 -0.06495573 -0.06495392 -0.06495347 -0.06495756 -0.06527933 -0.06516756 -0.066830255 -0.06486426
0.435 -0.06495629 -0.06495451 -0.06495407 -0.06495809 -0.06527981 -0.065168165 -0.06683105 -0.064864665
0.4355 -0.06495684 -0.06495509 -0.06495466 -0.06495861 -0.06528029 -0.06516876 -0.06683185 -0.06486505
0.436 -0.06495739 -0.06495567 -0.06495525 -0.06495913 -0.065280765 -0.06516936 -0.06683263 -0.06486543
0.4365 -0.06495792 -0.06495624 -0.06495582 -0.06495964 -0.065281235 -0.065169945 -0.06683341 -0.06486581
0.437 -0.06495845 -0.0649568 -0.06495639 -0.06496014 -0.06528169 -0.06517052 -0.06683418 -0.064866185
0.4375 -0.06495898 -0.06495735 -0.06495696 -0.06496064 -0.06528214 -0.06517109 -0.06683494 -0.06486655
0.438 -0.06495949 -0.0649579 -0.06495751 -0.06496113 -0.0652826 -0.06517166 -0.0668357 -0.064866915
0.4385 -0.06496 -0.06495843 -0.06495806 -0.06496162 -0.06528304 -0.06517222 -0.066836454 -0.064867266
0.439 -0.06496051 -0.06495897 -0.0649586 -0.06496209 -0.06528348 -0.06517277 -0.06683721 -0.06486762
0.4395 -0.06496101 -0.06495949 -0.06495913 -0.06496257 -0.0652839 -0.06517332 -0.066837944 -0.064867966
0.44 -0.0649615 -0.06496001 -0.06495966 -0.06496303 -0.06528433 -0.06517386 -0.06683868 -0.06486831
0.4405 -0.06496198 -0.06496052 -0.06496018 -0.06496349 -0.065284744 -0.065174386 -0.06683941 -0.06486865
0.441 -0.06496246 -0.06496102 -0.06496069 -0.06496395 -0.06528516 -0.065174915 -0.06684013 -0.06486898
0.4415 -0.06496293 -0.06496152 -0.0649612 -0.0649644 -0.06528557 -0.065175444 -0.06684085 -0.064869314
0.442 -0.0649634 -0.06496201 -0.06496169 -0.06496484 -0.06528597 -0.06517596 -0.06684156 -0.064869635
0.4425 -0.06496386 -0.0649625 -0.06496219 -0.06496528 -0.06528637 -0.06517647 -0.066842265 -0.064869955
0.443 -0.06496432 -0.06496298 -0.06496267 -0.06496571 -0.06528676 -0.06517698 -0.066842966 -0.06487027
0.4435 -0.06496477 -0.06496345 -0.06496315 -0.06496614 -0.06528715 -0.06517748 -0.06684366 -0.06487058
0.444 -0.06496521 -0.06496392 -0.06496363 -0.06496656 -0.06528753 -0.06517797 -0.06684435 -0.06487089
0.4445 -0.06496565 -0.06496438 -0.0649641 -0.06496698 -0.06528791 -0.06517846 -0.06684504 -0.064871185
0.445 -0.06496608 -0.06496483 -0.06496456 -0.06496739 -0.06528828 -0.065178946 -0.066845715 -0.06487148
0.4455 -0.06496651 -0.06496528 -0.06496501 -0.0649678 -0.06528865 -0.06517942 -0.06684639 -0.06487178
0.446 -0.06496693 -0.06496573 -0.06496546 -0.0649682 -0.06528901 -0.0651799 -0.066847056 -0.06487207
0.4465 -0.06496735 -0.06496616 -0.06496591 -0.0649686 -0.06528937 -0.06518037 -0.06684773 -0.064872354
0.447 -0.06496776 -0.0649666 -0.06496634 -0.06496899 -0.06528972 -0.06518083 -0.06684838 -0.06487264
0.4475 -0.06496816 -0.06496702 -0.06496678 -0.06496937 -0.06529007 -0.065181285 -0.06684904 -0.06487291
0.448 -0.06496857 -0.06496744 -0.0649672 -0.06496976 -0.065290414 -0.06518174 -0.06684969 -0.06487319
0.4485 -0.06496896 -0.06496786 -0.06496762 -0.06497013 -0.06529076 -0.06518219 -0.066850334 -0.06487346
0.449 -0.06496935 -0.06496827 -0.06496804 -0.0649705 -0.06529109 -0.065182626 -0.066850975 -0.064873725
0.4495 -0.06496974 -0.06496867 -0.06496845 -0.06497087 -0.06529142 -0.065183066 -0.0668516 -0.064873986
0.45 -0.06497012 -0.06496907 -0.06496885 -0.06497124 -0.06529175 -0.065183505 -0.066852234 -0.06487425
0.4505 -0.06497049 -0.06496947 -0.06496925 -0.06497159 -0.06529207 -0.06518394 -0.06685286 -0.0648745
0.451 -0.06497087 -0.06496986 -0.06496965 -0.06497195 -0.06529239 -0.065184355 -0.066853486 -0.06487475
0.4515 -0.06497123 -0.06497024 -0.06497004 -0.0649723 -0.0652927 -0.06518479 -0.066854104 -0.06487501
0.452 -0.06497159 -0.06497062 -0.06497042 -0.06497264 -0.065293014 -0.065185204 -0.06685472 -0.06487525
0.4525 -0.06497195 -0.06497099 -0.0649708 -0.06497298 -0.06529332 -0.065185614 -0.06685533 -0.06487549
0.453 -0.06497231 -0.06497136 -0.06497117 -0.06497332 -0.06529362 -0.06518602 -0.06685594 -0.06487573
0.4535 -0.06497265 -0.06497173 -0.06497154 -0.06497365 -0.065293916 -0.065186426 -0.066856526 -0.06487597
0.454 -0.064973 -0.06497209 -0.06497191 -0.06497398 -0.06529421 -0.06518683 -0.06685713 -0.0648762
0.4545 -0.06497334 -0.06497244 -0.06497227 -0.0649743 -0.065294504 -0.06518722 -0.066857725 -0.06487643
0.455 -0.06497367 -0.06497279 -0.06497262 -0.06497462 -0.065294795 -0.06518762 -0.066858314 -0.06487665
0.4555 -0.064974 -0.06497314 -0.06497297 -0.06497494 -0.06529508 -0.065188006 -0.0668589 -0.06487688
0.456 -0.06497433 -0.06497348 -0.06497332 -0.06497525 -0.06529535 -0.06518839 -0.066859476 -0.0648771
0.4565 -0.06497465 -0.06497382 -0.06497366 -0.06497556 -0.06529564 -0.065188766 -0.06686005 -0.06487732
0.457 -0.06497497 -0.06497415 -0.064974 -0.06497587 -0.065295905 -0.065189146 -0.06686062 -0.06487753
0.4575 -0.06497529 -0.06497448 -0.06497433 -0.06497617 -0.06529617 -0.06518952 -0.06686119 -0.06487774
0.458 -0.0649756 -0.06497481 -0.06497466 -0.06497646 -0.06529644 -0.06518989 -0.066861756 -0.06487795
0.4585 -0.0649759 -0.06497513 -0.06497498 -0.06497676 -0.0652967 -0.065190256 -0.066862315 -0.06487815
0.459 -0.06497621 -0.06497544 -0.0649753 -0.06497705 -0.06529696 -0.06519061 -0.06686287 -0.06487836
0.4595 -0.06497651 -0.06497576 -0.06497562 -0.06497733 -0.065297216 -0.06519097 -0.06686342 -0.06487855
0.46 -0.0649768 -0.06497607 -0.06497593 -0.06497761 -0.06529747 -0.06519133 -0.06686397 -0.064878754
0.4605 -0.06497709 -0.06497637 -0.06497624 -0.06497789 -0.065297715 -0.06519168 -0.06686452 -0.06487895
0.461 -0.06497738 -0.06497667 -0.06497654 -0.06497817 -0.06529797 -0.06519203 -0.06686506 -0.06487914
0.4615 -0.06497767 -0.06497697 -0.06497684 -0.06497844 -0.06529821 -0.06519237 -0.0668656 -0.06487933
0.462 -0.06497795 -0.06497726 -0.06497714 -0.06497871 -0.065298446 -0.065192714 -0.06686614 -0.064879514
0.4625 -0.06497822 -0.06497755 -0.06497743 -0.06497897 -0.065298684 -0.06519306 -0.066866666 -0.0648797
0.463 -0.0649785 -0.06497783 -0.06497772 -0.06497924 -0.06529892 -0.065193385 -0.066867195 -0.06487988
0.4635 -0.06497877 -0.06497812 -0.064978 -0.06497949 -0.06529915 -0.06519372 -0.06686771 -0.06488006
0.464 -0.06497903 -0.06497839 -0.06497829 -0.06497975 -0.06529938 -0.06519405 -0.06686824 -0.06488024
0.4645 -0.0649793 -0.06497867 -0.06497856 -0.06498 -0.06529961 -0.065194376 -0.06686875 -0.06488041
0.465 -0.06497956 -0.06497894 -0.06497884 -0.06498025 -0.06529983 -0.065194696 -0.066869274 -0.06488058
0.4655 -0.06497982 -0.06497921 -0.06497911 -0.0649805 -0.06530005 -0.06519502 -0.06686978 -0.06488075
0.466 -0.06498007 -0.06497947 -0.06497937 -0.06498074 -0.06530027 -0.06519533 -0.06687029 -0.06488092
0.4665 -0.06498032 -0.06497973 -0.06497964 -0.06498098 -0.06530048 -0.06519565 -0.06687079 -0.06488109
0.467 -0.06498057 -0.06497999 -0.0649799 -0.06498122 -0.065300696 -0.06519595 -0.06687129 -0.06488125
0.4675 -0.06498081 -0.06498024 -0.06498015 -0.06498145 -0.065300904 -0.06519626 -0.06687179 -0.06488141
0.468 -0.06498105 -0.06498049 -0.06498041 -0.06498168 -0.06530111 -0.06519657 -0.06687229 -0.06488157
0.4685 -0.06498129 -0.06498074 -0.06498066 -0.06498191 -0.065301314 -0.06519687 -0.06687278 -0.06488172
0.469 -0.06498152 -0.06498099 -0.0649809 -0.06498213 -0.065301515 -0.06519717 -0.06687327 -0.064881876
0.4695 -0.06498176 -0.06498123 -0.06498115 -0.06498236 -0.06530172 -0.06519747 -0.06687376 -0.064882025
0.47 -0.06498199 -0.06498147 -0.06498139 -0.06498258 -0.06530191 -0.065197766 -0.06687424 -0.06488218
0.4705 -0.06498221 -0.0649817 -0.06498163 -0.06498279 -0.06530211 -0.06519806 -0.06687473 -0.06488233
0.471 -0.06498244 -0.06498193 -0.06498186 -0.06498301 -0.065302305 -0.06519835 -0.0668752 -0.06488247
0.4715 -0.06498266 -0.06498216 -0.06498209 -0.06498322 -0.06530249 -0.06519863 -0.06687568 -0.06488262
0.472 -0.06498287 -0.06498239 -0.06498232 -0.06498343 -0.06530268 -0.06519891 -0.06687614 -0.06488276
0.4725 -0.06498309 -0.06498261 -0.06498254 -0.06498363 -0.06530286 -0.0651992 -0.06687662 -0.064882904
0.473 -0.0649833 -0.06498283 -0.06498277 -0.06498384 -0.06530305 -0.06519948 -0.06687709 -0.06488304
0.4735 -0.06498351 -0.06498305 -0.06498299 -0.06498404 -0.065303236 -0.06519975 -0.06687755 -0.06488318
0.474 -0.06498372 -0.06498327 -0.0649832 -0.06498424 -0.065303415 -0.06520002 -0.06687802 -0.064883314
0.4745 -0.06498392 -0.06498348 -0.06498342 -0.06498443 -0.06530359 -0.0652003 -0.066878475 -0.06488345
0.475 -0.06498412 -0.06498369 -0.06498363 -0.06498463 -0.065303765 -0.06520057 -0.06687893 -0.06488358
0.4755 -0.06498432 -0.06498389 -0.06498384 -0.06498482 -0.06530394 -0.065200835 -0.066879384 -0.06488371
0.476 -0.06498452 -0.0649841 -0.06498404 -0.06498501 -0.06530411 -0.065201096 -0.06687984 -0.064883836
0.4765 -0.06498471 -0.0649843 -0.06498425 -0.06498519 -0.06530428 -0.06520136 -0.06688028 -0.06488396
0.477 -0.06498491 -0.0649845 -0.06498445 -0.06498538 -0.06530444 -0.06520162 -0.06688073 -0.06488409
0.4775 -0.0649851 -0.06498469 -0.06498464 -0.06498556 -0.06530461 -0.06520188 -0.06688117 -0.06488421
0.478 -0.06498528 -0.06498489 -0.06498484 -0.06498574 -0.06530477 -0.06520213 -0.06688161 -0.064884335
0.4785 -0.06498547 -0.06498508 -0.06498503 -0.06498592 -0.065304935 -0.065202385 -0.066882044 -0.064884454
0.479 -0.06498565 -0.06498527 -0.06498522 -0.06498609 -0.06530509 -0.06520263 -0.06688248 -0.06488457
0.4795 -0.06498583 -0.06498546 -0.06498541 -0.06498627 -0.065305255 -0.065202884 -0.06688292 -0.064884685
0.48 -0.06498601 -0.06498564 -0.0649856 -0.06498644 -0.065305404 -0.06520313 -0.06688335 -0.064884804
0.4805 -0.06498618 -0.06498582 -0.06498578 -0.06498661 -0.06530556 -0.065203376 -0.06688378 -0.064884916
0.481 -0.06498636 -0.064986 -0.06498596 -0.06498677 -0.06530571 -0.06520362 -0.066884205 -0.06488503
0.4815 -0.06498653 -0.06498618 -0.06498614 -0.06498694 -0.06530587 -0.06520386 -0.06688462 -0.06488514
0.482 -0.0649867 -0.06498635 -0.06498632 -0.0649871 -0.065306015 -0.0652041 -0.06688505 -0.06488525
0.4825 -0.06498686 -0.06498653 -0.06498649 -0.06498726 -0.065306164 -0.06520434 -0.06688547 -0.064885356
0.483 -0.06498703 -0.0649867 -0.06498666 -0.06498742 -0.065306306 -0.065204576 -0.06688589 -0.06488547
0.4835 -0.06498719 -0.06498687 -0.06498683 -0.06498758 -0.065306455 -0.0652048 -0.0668863 -0.06488557
0.484 -0.06498735 -0.06498703 -0.064987 -0.06498773 -0.0653066 -0.06520504 -0.06688671 -0.064885676
0.4845 -0.06498751 -0.0649872 -0.06498716 -0.06498788 -0.06530673 -0.06520526 -0.066887125 -0.06488577
0.485 -0.06498767 -0.06498736 -0.06498733 -0.06498803 -0.06530687 -0.06520549 -0.06688753 -0.06488588
0.4855 -0.06498782 -0.06498752 -0.06498749 -0.06498818 -0.065307006 -0.06520571 -0.06688793 -0.064885974
0.486 -0.06498797 -0.06498768 -0.06498765 -0.06498833 -0.06530715 -0.06520594 -0.06688833 -0.06488608
0.4865 -0.06498812 -0.06498783 -0.0649878 -0.06498847 -0.06530728 -0.065206155 -0.066888735 -0.064886175
0.487 -0.06498827 -0.06498799 -0.06498796 -0.06498862 -0.065307416 -0.06520638 -0.06688913 -0.06488627
0.4875 -0.06498842 -0.06498814 -0.06498811 -0.06498876 -0.06530754 -0.065206595 -0.06688953 -0.06488636
0.488 -0.06498857 -0.06498829 -0.06498826 -0.0649889 -0.06530768 -0.06520681 -0.06688993 -0.06488646
0.4885 -0.06498871 -0.06498844 -0.06498841 -0.06498904 -0.0653078 -0.065207034 -0.066890314 -0.06488655
0.489 -0.06498885 -0.06498858 -0.06498856 -0.06498917 -0.06530793 -0.06520724 -0.06689071 -0.06488664
0.4895 -0.06498899 -0.06498873 -0.0649887 -0.06498931 -0.06530806 -0.06520746 -0.0668911 -0.06488673
0.49 -0.06498913 -0.06498887 -0.06498885 -0.06498944 -0.06530818 -0.06520767 -0.066891484 -0.064886816
0.4905 -0.06498926 -0.06498901 -0.06498899 -0.06498957 -0.0653083 -0.06520787 -0.06689187 -0.064886905
0.491 -0.0649894 -0.06498915 -0.06498913 -0.0649897 -0.06530843 -0.065208085 -0.06689226 -0.064886995
0.4915 -0.06498953 -0.06498928 -0.06498927 -0.06498983 -0.06530855 -0.065208286 -0.06689264 -0.06488708
0.492 -0.06498966 -0.06498942 -0.0649894 -0.06498996 -0.06530867 -0.065208495 -0.06689302 -0.064887166
0.4925 -0.06498979 -0.06498955 -0.06498954 -0.06499008 -0.06530879 -0.0652087 -0.06689339 -0.06488725
0.493 -0.06498992 -0.06498969 -0.06498967 -0.06499021 -0.0653089 -0.0652089 -0.06689377 -0.06488733
0.4935 -0.06499005 -0.06498982 -0.0649898 -0.06499033 -0.06530902 -0.065209106 -0.066894144 -0.06488741
0.494 -0.06499017 -0.06498994 -0.06498993 -0.06499045 -0.06530913 -0.0652093 -0.06689452 -0.064887494
0.4945 -0.06499029 -0.06499007 -0.06499006 -0.06499057 -0.06530925 -0.06520949 -0.06689488 -0.06488757
0.495 -0.06499042 -0.0649902 -0.06499018 -0.06499068 -0.06530936 -0.06520969 -0.066895254 -0.06488765
0.4955 -0.06499054 -0.06499032 -0.06499031 -0.0649908 -0.06530947 -0.06520988 -0.06689562 -0.06488773
0.496 -0.06499065 -0.06499044 -0.06499043 -0.06499091 -0.065309584 -0.065210074 -0.066895984 -0.06488781
0.4965 -0.06499077 -0.06499056 -0.06499055 -0.06499103 -0.06530969 -0.06521027 -0.06689635 -0.06488788
0.497 -0.06499089 -0.06499068 -0.06499067 -0.06499114 -0.0653098 -0.06521046 -0.066896714 -0.064887956
0.4975 -0.064991 -0.0649908 -0.06499079 -0.06499125 -0.065309905 -0.065210655 -0.066897064 -0.06488803
0.498 -0.06499111 -0.06499092 -0.06499091 -0.06499136 -0.06531001 -0.065210834 -0.06689742 -0.064888105
0.4985 -0.06499123 -0.06499103 -0.06499102 -0.06499146 -0.06531011 -0.06521103 -0.06689778 -0.06488817
0.499 -0.06499134 -0.06499114 -0.06499114 -0.06499157 -0.06531022 -0.06521121 -0.06689814 -0.06488825
0.4995 -0.06499144 -0.06499126 -0.06499125 -0.06499168 -0.06531032 -0.06521139 -0.066898495 -0.06488831
0.5 -0.06499155 -0.06499137 -0.06499136 -0.06499178 -0.06531042 -0.06521157 -0.06689884 -0.06488839
