2.552392899990081898e-01 2.465881109237670898e-01
2.377243369817733654e-01 2.282935976982116699e-01
2.201277792453765758e-01 2.094656676054000854e-01
2.023738563060760443e-01 1.925217807292938232e-01
1.860871732234954945e-01 1.771213412284851074e-01
1.713057398796081487e-01 1.629564166069030762e-01
1.584269315004348810e-01 1.503922790288925171e-01
1.462655559182167164e-01 1.394446939229965210e-01
1.358607016503810827e-01 1.296098828315734863e-01
1.257850691676139776e-01 1.209226548671722412e-01
1.171883240342140170e-01 1.128940954804420471e-01
1.094530746340751648e-01 1.055817157030105591e-01
1.019092947244644165e-01 9.876176714897155762e-02
9.535002782940864285e-02 9.263475239276885986e-02
8.904720544815063199e-02 8.711508661508560181e-02
8.308788537979125421e-02 8.201082050800323486e-02
7.786153554916382113e-02 7.735563069581985474e-02
7.327352687716484625e-02 7.324648648500442505e-02
6.864571869373321811e-02 6.959383189678192139e-02
6.495748907327651700e-02 6.622769683599472046e-02
6.161005049943923950e-02 6.317935883998870850e-02
5.831885635852813998e-02 6.045877188444137573e-02
5.551129132509231845e-02 5.800662934780120850e-02
5.303249359130859236e-02 5.573455244302749634e-02
5.092074722051620483e-02 5.361240729689598083e-02
4.878597259521484653e-02 5.173579230904579163e-02
4.700104072690010348e-02 5.007917806506156921e-02
4.535344094038009505e-02 4.868010804057121277e-02
4.405120015144348145e-02 4.746125638484954834e-02
4.277203455567359786e-02 4.637035354971885681e-02
4.173465818166732788e-02 4.535480216145515442e-02
4.066251069307327132e-02 4.442496970295906067e-02
3.983544781804084639e-02 4.355246573686599731e-02
3.900130018591881076e-02 4.278946667909622192e-02
3.822137936949730058e-02 4.209919273853302002e-02
3.756893761456012865e-02 4.146477207541465759e-02
3.687552250921725949e-02 4.091392457485198975e-02
3.618850186467170715e-02 4.047016054391860962e-02
3.562777265906334062e-02 4.003695398569107056e-02
3.508657030761241913e-02 3.961900249123573303e-02
3.455738425254821500e-02 3.919303417205810547e-02
3.402362242341041426e-02 3.877983242273330688e-02
3.357558473944664140e-02 3.839024528861045837e-02
3.316490873694420000e-02 3.794723749160766602e-02
3.272237703204154691e-02 3.745584934949874878e-02
3.229440078139304837e-02 3.689325600862503052e-02
3.187338858842849593e-02 3.629703819751739502e-02
3.144880756735801697e-02 3.573353961110115051e-02
3.104601129889488290e-02 3.518021106719970703e-02
3.071140162646770339e-02 3.466401621699333191e-02
3.039073981344699721e-02 3.423239290714263916e-02
3.007395155727863451e-02 3.388433903455734253e-02
2.977055497467517853e-02 3.359125927090644836e-02
2.946589365601539473e-02 3.335636854171752930e-02
2.918417416512966017e-02 3.314236551523208618e-02
2.889159992337226798e-02 3.293332830071449280e-02
2.861545272171497206e-02 3.275233879685401917e-02
2.836696952581405778e-02 3.259599581360816956e-02
2.810975089669227531e-02 3.240302577614784241e-02
2.785704471170902252e-02 3.219690546393394470e-02
2.761717960238456795e-02 3.196885809302330017e-02
2.737258225679397444e-02 3.173957392573356628e-02
2.715431898832321167e-02 3.152177855372428894e-02
2.692092992365360121e-02 3.131258115172386169e-02
2.671456411480903695e-02 3.112247958779335022e-02
2.653182782232761314e-02 3.094010055065155029e-02
2.632908970117569039e-02 3.081887774169445038e-02
2.615512236952781747e-02 3.072934783995151520e-02
2.597674168646335602e-02 3.064149804413318634e-02
2.578895092010497977e-02 3.057956881821155548e-02
2.561301589012145857e-02 3.053220734000205994e-02
2.547899112105369429e-02 3.045029006898403168e-02
2.530691698193550040e-02 3.030392713844776154e-02
2.512560263276100020e-02 3.011616505682468414e-02
2.496122941374778748e-02 2.987312339246273041e-02
2.481000870466232300e-02 2.965155616402626038e-02
2.466617152094841003e-02 2.948673628270626068e-02
2.451653182506561418e-02 2.932447567582130432e-02
2.437416911125183175e-02 2.915243618190288544e-02
2.424317747354507585e-02 2.902004308998584747e-02
2.413641065359115739e-02 2.891591563820838928e-02
2.404241077601909637e-02 2.881143242120742798e-02
2.390318922698497772e-02 2.872760407626628876e-02
2.373617254197597434e-02 2.866320125758647919e-02
2.359753660857677460e-02 2.860508672893047333e-02
2.349193245172500472e-02 2.856046520173549652e-02
2.336370572447776794e-02 2.854047901928424835e-02
2.326695546507835319e-02 2.853474393486976624e-02
2.322064042091369698e-02 2.844828180968761444e-02
2.310936227440834115e-02 2.831109054386615753e-02
2.294937297701835771e-02 2.822655066847801208e-02
2.285128850489854743e-02 2.819312736392021179e-02
2.279457896947860787e-02 2.816576883196830750e-02
2.272209711372852325e-02 2.812677063047885895e-02
2.264646999537944794e-02 2.803790941834449768e-02
2.252879925072193146e-02 2.792616002261638641e-02
2.242553792893886566e-02 2.785487286746501923e-02
2.235563211143016746e-02 2.772846072912216187e-02
2.228477075695991377e-02 2.753379754722118378e-02
2.221186533570289681e-02 2.738337963819503784e-02
2.213156558573246141e-02 2.726129814982414246e-02
2.202405706048011710e-02 2.714783698320388794e-02
2.193875946104526659e-02 2.707556076347827911e-02
2.189065739512443404e-02 2.702543325722217560e-02
2.181915491819381644e-02 2.694699726998806000e-02
2.173492945730686257e-02 2.685273438692092896e-02
2.164474502205848694e-02 2.677571401000022888e-02
2.155858725309372018e-02 2.672063000500202179e-02
2.148991245776414941e-02 2.669018879532814026e-02
2.141591496765613695e-02 2.665318362414836884e-02
2.134917341172695021e-02 2.661210298538208008e-02
2.128613553941249847e-02 2.657738327980041504e-02
2.126082517206668784e-02 2.652758732438087463e-02
2.120932303369045188e-02 2.639980986714363098e-02
2.113244086503982683e-02 2.624180912971496582e-02
2.104278728365898202e-02 2.608868479728698730e-02
2.095982264727353980e-02 2.597224712371826172e-02
2.087763734161853652e-02 2.588745392858982086e-02
2.081913165748119215e-02 2.580820396542549133e-02
2.076347060501575539e-02 2.572865039110183716e-02
2.071276791393756797e-02 2.565121464431285858e-02
2.064672131091356208e-02 2.559627592563629150e-02
2.059921920299529960e-02 2.558940462768077850e-02
2.053633704781532288e-02 2.560616843402385712e-02
2.048914134502410889e-02 2.563960663974285126e-02
2.045094631612300734e-02 2.571223676204681396e-02
2.046363428235054016e-02 2.576279267668724060e-02
2.045711576938629220e-02 2.571528404951095581e-02
2.041328065097331931e-02 2.559603564441204071e-02
2.031615935266017914e-02 2.541956119239330292e-02
2.022750638425350328e-02 2.534654177725315094e-02
2.020823135972022941e-02 2.528494782745838165e-02
2.015419229865074088e-02 2.518043480813503265e-02
2.006902210414409499e-02 2.514480613172054291e-02
2.001429870724678178e-02 2.512197196483612061e-02
1.999407671391963820e-02 2.507661655545234680e-02
1.993520632386207650e-02 2.497444674372673035e-02
1.990928649902343889e-02 2.489981241524219513e-02
1.984771713614463806e-02 2.487205527722835541e-02
1.980947479605674882e-02 2.482642792165279388e-02
1.976633034646511217e-02 2.478141523897647858e-02
1.972960680723190308e-02 2.473633736371994019e-02
1.968877837061882088e-02 2.471246942877769470e-02
1.968708261847496033e-02 2.473938278853893280e-02
1.969984918832778931e-02 2.470514737069606781e-02
1.965190693736076216e-02 2.467114478349685669e-02
1.956978626549243927e-02 2.468100935220718384e-02
1.950099095702171464e-02 2.472623996436595917e-02
1.948934271931648116e-02 2.479082345962524414e-02
1.943729817867279053e-02 2.481868863105773926e-02
1.940419450402259757e-02 2.484044805169105530e-02
1.936939321458339830e-02 2.483707666397094727e-02
1.934243720024824212e-02 2.484205551445484161e-02
1.934338472783565452e-02 2.477442473173141479e-02
1.927826479077339103e-02 2.464616671204566956e-02
1.922143399715423723e-02 2.454431168735027313e-02
1.917593665421008994e-02 2.448112703859806061e-02
1.914666406810283661e-02 2.444939501583576202e-02
1.909891888499259949e-02 2.443260699510574341e-02
1.906539797782897880e-02 2.441900968551635742e-02
1.906062476336956024e-02 2.439495362341403961e-02
1.904587745666503837e-02 2.433401532471179962e-02
1.899802386760711739e-02 2.426719665527343750e-02
1.895649507641792436e-02 2.423576638102531433e-02
1.892110556364059309e-02 2.421427890658378601e-02
1.890863776206970145e-02 2.419281378388404846e-02
1.888378579169511934e-02 2.417063526809215546e-02
1.885263454169034888e-02 2.417635545134544373e-02
1.882981266826391081e-02 2.416092529892921448e-02
1.880908049643039565e-02 2.414166741073131561e-02
1.876967996358871321e-02 2.415606752038002014e-02
1.875779256224632124e-02 2.415542490780353546e-02
1.872034836560487747e-02 2.416211552917957306e-02
1.870873458683490823e-02 2.416931465268135071e-02
1.869628187268972466e-02 2.416415512561798096e-02
1.866642087697982857e-02 2.418425120413303375e-02
1.867182813584804604e-02 2.416765876114368439e-02
1.864290200173854967e-02 2.407898940145969391e-02
1.860332302749156952e-02 2.398737706243991852e-02
1.856805700808763365e-02 2.389033883810043335e-02
1.853401586413383484e-02 2.383579127490520477e-02
1.850610822439193587e-02 2.381871640682220459e-02
1.850952729582786699e-02 2.379678376019001007e-02
1.847714558243751526e-02 2.381267026066780090e-02
1.846006065607070853e-02 2.388371154665946960e-02
1.849449314177036355e-02 2.391253784298896790e-02
1.843943819403648376e-02 2.390769869089126587e-02
1.841127313673496246e-02 2.394538000226020813e-02
1.844808869063854079e-02 2.391858026385307312e-02
1.838890314102172713e-02 2.391140535473823547e-02
1.833931282162666251e-02 2.391479164361953735e-02
1.832181699573993613e-02 2.388100139796733856e-02
1.829876825213432381e-02 2.385671809315681458e-02
1.826689913868904253e-02 2.384929731488227844e-02
1.825316771864891191e-02 2.388805150985717773e-02
1.829567402601241927e-02 2.389337494969367981e-02
1.827897317707538605e-02 2.371426112949848175e-02
1.816332675516605516e-02 2.367251552641391754e-02
1.817874796688556671e-02 2.363769896328449249e-02
1.827074475586414407e-02 2.357827685773372650e-02
1.833393834531307082e-02 2.350953966379165649e-02
1.827137395739555220e-02 2.344527654349803925e-02
1.818514056503772736e-02 2.341762930154800415e-02
1.806734930723905702e-02 2.346589975059032440e-02
1.803775206208229134e-02 2.359016425907611847e-02
1.804362926632165770e-02 2.370122447609901428e-02
1.810809150338172843e-02 2.376530691981315613e-02
1.815098896622657776e-02 2.367012575268745422e-02
1.805614531040191512e-02 2.343438751995563507e-02
1.800219789147377084e-02 2.327151596546173096e-02
1.792172901332378387e-02 2.322699874639511108e-02
1.795040965080261369e-02 2.322922274470329285e-02
1.794650442898273329e-02 2.319956757128238678e-02
1.793690361082554002e-02 2.325075119733810425e-02
1.791188344359397749e-02 2.324300818145275116e-02
1.787723526358604362e-02 2.322135306894779205e-02
1.781119406223297119e-02 2.335647493600845337e-02
1.792954690754413466e-02 2.341206930577754974e-02
1.784406602382659912e-02 2.332581393420696259e-02
1.785644348710775306e-02 2.352086827158927917e-02
1.798097454011440138e-02 2.359760738909244537e-02
1.803307645022868971e-02 2.354535460472106934e-02
1.799496077001094818e-02 2.339918911457061768e-02
1.787819713354110718e-02 2.320851758122444153e-02
1.774568408727645805e-02 2.315022610127925873e-02
1.773023232817649841e-02 2.330113761126995087e-02
1.780452579259872437e-02 2.310748584568500519e-02
1.769161038100719452e-02 2.312302961945533752e-02
1.770214475691318443e-02 2.311283536255359650e-02
1.767768599092960427e-02 2.301684580743312836e-02
1.765612773597240517e-02 2.296827360987663269e-02
1.760122776031494002e-02 2.291844785213470459e-02
1.757554225623607705e-02 2.290087006986141205e-02
1.757847182452678542e-02 2.292012609541416168e-02
1.757495030760765006e-02 2.294386364519596100e-02
1.759620644152164529e-02 2.285918407142162323e-02
1.753601133823394845e-02 2.281908318400382996e-02
1.752552725374698778e-02 2.279714867472648621e-02
1.753847561776638100e-02 2.280480228364467621e-02
1.754287779331207414e-02 2.276842854917049408e-02
1.750063151121139526e-02 2.273490838706493378e-02
1.744333766400813987e-02 2.297469787299633026e-02
1.759200617671012948e-02 2.318289503455162048e-02
1.765580438077449937e-02 2.282360568642616272e-02
1.740076020359992981e-02 2.305281907320022583e-02
1.762104295194149087e-02 2.323537506163120270e-02
1.772492192685604095e-02 2.318912744522094727e-02
1.769713535904884200e-02 2.299559861421585083e-02
1.751049496233463357e-02 2.275423705577850342e-02
1.744554247707128664e-02 2.312192693352699280e-02
1.760040912777185301e-02 2.277667447924613953e-02
1.736541651189327240e-02 2.295920625329017639e-02
1.745638363063335349e-02 2.312028780579566956e-02
1.757428143173456192e-02 2.314334362745285034e-02
1.758385747671127250e-02 2.304724790155887604e-02
1.748635563999414305e-02 2.290017902851104736e-02
1.734546571969985962e-02 2.277917228639125824e-02
1.726352591067552636e-02 2.326245978474617004e-02
1.761515699326992104e-02 2.289506234228610992e-02
1.734168194234371116e-02 2.281250990927219391e-02
1.728239543735981057e-02 2.294755727052688599e-02
1.738634016364812990e-02 2.306398190557956696e-02
1.746186986565589905e-02 2.306713163852691650e-02
1.744940746575594087e-02 2.295349352061748505e-02
1.733587142080068519e-02 2.279200404882431030e-02
1.724438704550266405e-02 2.279262430965900421e-02
1.724878139793872833e-02 2.261996828019618988e-02
1.722294762730598380e-02 2.258004993200302124e-02
1.720213070511817863e-02 2.253540419042110443e-02
1.718214899301528931e-02 2.250341325998306274e-02
1.718135103583335807e-02 2.247892506420612335e-02
1.719934083521366258e-02 2.240889519453048706e-02
1.715013645589351723e-02 2.239778824150562286e-02
1.714051421731710434e-02 2.242927625775337219e-02
1.711702272295951774e-02 2.244811877608299255e-02
1.710190176963806083e-02 2.246392890810966492e-02
1.708266772329807351e-02 2.247575670480728149e-02
1.707232967019080977e-02 2.249801903963088989e-02
1.706263329833745956e-02 2.253520302474498749e-02
1.705445442348718643e-02 2.258263900876045227e-02
1.706816777586937089e-02 2.260642126202583313e-02
1.703287269920110772e-02 2.269715815782546997e-02
1.714021787047386239e-02 2.272541262209415436e-02
1.709443517029285431e-02 2.265221253037452698e-02
1.705929823219776154e-02 2.262715063989162445e-02
1.704991143196821213e-02 2.258506976068019867e-02
1.702332515269517829e-02 2.257904782891273499e-02
1.706830747425556322e-02 2.261264435946941376e-02
1.713968738913536002e-02 2.258406952023506165e-02
1.712527573108673165e-02 2.240110374987125397e-02
1.698425114154815743e-02 2.227230556309223175e-02
1.711439304053783556e-02 2.240928262472152710e-02
1.709311865270137648e-02 2.230626717209815979e-02
1.707526184618473122e-02 2.247033268213272095e-02
1.722715757787227769e-02 2.257743291556835175e-02
1.722844541072845320e-02 2.256556786596775055e-02
1.713749095797538827e-02 2.244019508361816406e-02
1.704481244087219238e-02 2.237288653850555420e-02
1.693449392914771895e-02 2.260002680122852325e-02
1.703155077993869643e-02 2.243992313742637634e-02
1.690808795392513206e-02 2.244702540338039398e-02
1.690642964094877382e-02 2.244879491627216339e-02
1.691877767443656852e-02 2.242443338036537170e-02
1.690384522080421587e-02 2.241532504558563232e-02
1.692582666873931885e-02 2.236946113407611847e-02
1.684574298560619424e-02 2.233820408582687378e-02
1.681903153657913347e-02 2.270756475627422333e-02
1.701744720339775155e-02 2.237563394010066986e-02
1.685040779411792894e-02 2.265007421374320984e-02
1.707375347614288261e-02 2.277154289186000824e-02
1.724985726177692344e-02 2.275931090116500854e-02
1.726846694946288993e-02 2.264596708118915558e-02
1.717650331556797028e-02 2.245609834790229797e-02
1.700678039342164855e-02 2.218769863247871399e-02
1.683348324149847031e-02 2.221535891294479370e-02
1.681564673781394889e-02 2.245278842747211456e-02
1.696101557463407586e-02 2.211233787238597870e-02
1.673187147825956275e-02 2.211109548807144165e-02
1.669919714331626753e-02 2.213566564023494720e-02
1.670477278530597617e-02 2.216460928320884705e-02
1.672589033842086792e-02 2.219476550817489624e-02
1.673769801855087141e-02 2.219134196639060974e-02
1.672213859856128831e-02 2.212000824511051178e-02
1.668859682977199416e-02 2.203551866114139557e-02
1.664811819791793893e-02 2.205320075154304504e-02
1.668107435107231071e-02 2.207112126052379608e-02
1.666524447500705719e-02 2.201822213828563690e-02
1.661823913455009322e-02 2.206338569521903992e-02
1.667978763580322404e-02 2.209578454494476318e-02
1.660470999777317186e-02 2.213902212679386139e-02
1.656186729669571062e-02 2.290950715541839600e-02
1.701203137636184831e-02 2.225699461996555328e-02
1.658356711268425127e-02 2.223031036555767059e-02
1.657225061208009859e-02 2.227724902331829071e-02
1.660196632146835466e-02 2.229847945272922516e-02
1.658759769052266936e-02 2.234905585646629333e-02
1.655831076204776833e-02 2.233842387795448303e-02
1.650887802243232796e-02 2.229865826666355133e-02
1.655131317675113609e-02 2.225194685161113739e-02
1.658249404281377654e-02 2.217019349336624146e-02
1.656186990439891676e-02 2.210602350533008575e-02
1.648469083011150360e-02 2.210630290210247040e-02
1.643762458115816116e-02 2.221736684441566467e-02
1.647381260991096635e-02 2.220625616610050201e-02
1.643948629498481750e-02 2.211437001824378967e-02
1.653261035680770805e-02 2.206819690763950348e-02
1.660388447344303062e-02 2.200984582304954529e-02
1.659857556223869393e-02 2.193504385650157928e-02
1.652682833373546670e-02 2.181859314441680908e-02
1.644153948873281618e-02 2.175414375960826874e-02
1.639427635818719795e-02 2.176021039485931396e-02
1.642163544893264840e-02 2.173112891614437103e-02
1.639599613845348428e-02 2.173004671931266785e-02
1.639303080737590859e-02 2.180043421685695648e-02
1.640244908630848070e-02 2.189360745251178741e-02
1.640663743019104073e-02 2.193240076303482056e-02
1.630378998816013267e-02 2.209671586751937866e-02
1.631046757102012565e-02 2.235697768628597260e-02
1.627929881215095520e-02 2.210772782564163208e-02
1.610593572258949349e-02 2.223175764083862305e-02
1.619112789630889823e-02 2.233557961881160736e-02
1.617356352508068223e-02 2.237671613693237305e-02
1.614295393228530953e-02 2.266878448426723480e-02
1.614339239895343919e-02 2.240368723869323730e-02
1.599224377423524857e-02 2.232970856130123138e-02
1.605596020817756653e-02 2.232938446104526520e-02
1.609985865652561327e-02 2.232616953551769257e-02
1.606138274073600630e-02 2.234062552452087402e-02
1.599128134548664232e-02 2.272246219217777252e-02
1.614417284727096696e-02 2.233476378023624420e-02
1.595892347395420213e-02 2.228388190269470215e-02
1.598322037607431342e-02 2.230691723525524139e-02
1.605421379208564828e-02 2.226741798222064972e-02
1.596673429012298445e-02 2.226888202130794525e-02
1.592543572187423567e-02 2.262043394148349762e-02
1.610912811011076112e-02 2.218922041356563568e-02
1.589677371084690163e-02 2.212690189480781555e-02
1.591340694576501985e-02 2.212390676140785217e-02
1.590526923537254403e-02 2.221326343715190887e-02
1.589186936616897652e-02 2.265032008290290833e-02
1.604704819619655679e-02 2.220709249377250671e-02
1.591048929840326379e-02 2.235463820397853851e-02
1.611691359430551460e-02 2.244470641016960144e-02
1.617802213877439499e-02 2.242959849536418915e-02
1.608123872429132600e-02 2.237358316779136658e-02
1.590099073946476052e-02 2.244501747190952301e-02
1.589131820946931839e-02 2.241913415491580963e-02
1.585513912141323090e-02 2.239700034260749817e-02
1.587260775268077920e-02 2.240454778075218201e-02
1.589508019387721877e-02 2.234562300145626068e-02
1.583965905010700087e-02 2.229765243828296661e-02
1.575405076146125724e-02 2.250520698726177216e-02
1.590571422129869600e-02 2.231033705174922943e-02
1.575261540710926056e-02 2.215725183486938477e-02
1.589787974953651289e-02 2.217579632997512817e-02
1.587277799844741960e-02 2.213594876229763031e-02
1.580089442431926658e-02 2.235129289329051971e-02
1.580967716872692247e-02 2.215367741882801056e-02
1.575190909206867357e-02 2.215911634266376495e-02
1.580042913556099077e-02 2.214488759636878967e-02
1.579285524785518577e-02 2.210872434079647064e-02
1.572523228824138780e-02 2.211213298141956329e-02
1.570617184042930742e-02 2.230670116841793060e-02
1.581944711506366730e-02 2.210403792560100555e-02
1.572104394435882430e-02 2.203686349093914032e-02
1.580917648971080780e-02 2.202315442264080048e-02
1.586196981370448927e-02 2.198068611323833466e-02
1.580347716808318953e-02 2.195727452635765076e-02
1.563754752278328011e-02 2.249878458678722382e-02
1.593182645738124709e-02 2.249986119568347931e-02
1.584654599428176810e-02 2.206300571560859680e-02
1.562833674252033303e-02 2.211386524140834808e-02
1.572865806519985199e-02 2.221709676086902618e-02
1.575572472065687318e-02 2.226760424673557281e-02
1.566351875662803581e-02 2.237326279282569885e-02
1.563349552452564240e-02 2.254085987806320190e-02
1.570421196520328452e-02 2.230579778552055359e-02
1.564088948071002891e-02 2.229200303554534912e-02
1.566394660621881624e-02 2.227334864437580109e-02
1.564588155597448210e-02 2.228783816099166870e-02
1.560545489192008937e-02 2.225610613822937012e-02
1.557705029845237767e-02 2.217760309576988220e-02
1.559196487069130013e-02 2.210081368684768677e-02
1.559506580233573948e-02 2.202218770980834961e-02
1.562901027500629425e-02 2.196643128991127014e-02
1.558052562177181244e-02 2.206909656524658203e-02
1.560418140143155982e-02 2.209283225238323212e-02
1.563497856259345870e-02 2.196731045842170715e-02
1.556785032153129578e-02 2.188304066658020020e-02
1.554462686181068420e-02 2.183190919458866119e-02
1.554504465311765636e-02 2.184108830988407135e-02
1.562064774334430764e-02 2.184097655117511749e-02
1.560328453779220512e-02 2.180806919932365417e-02
1.556525677442550590e-02 2.177026681602001190e-02
1.551963873207569053e-02 2.181779406964778900e-02
1.559658683836460079e-02 2.189803682267665863e-02
1.549763940274715389e-02 2.172098495066165924e-02
1.552435718476772274e-02 2.174182049930095673e-02
1.562529336661100388e-02 2.175131812691688538e-02
1.561186332255601848e-02 2.174890041351318359e-02
1.553278192877769436e-02 2.179032377898693085e-02
1.542809270322322880e-02 2.248384244740009308e-02
1.582101993262767861e-02 2.202487178146839142e-02
1.547779962420463631e-02 2.184727787971496582e-02
1.546984165906906128e-02 2.192419208586215973e-02
1.564175877720117708e-02 2.198408171534538269e-02
1.567262094467878480e-02 2.198573015630245209e-02
1.554575040936470066e-02 2.201537787914276123e-02
1.537358500063419273e-02 2.321866527199745178e-02
1.606529541313648363e-02 2.204545587301254272e-02
1.548662558197975124e-02 2.217003144323825836e-02
1.572182811796665053e-02 2.226930297911167145e-02
1.583877503871917655e-02 2.223739027976989746e-02
1.579837016761303017e-02 2.218629419803619385e-02
1.565555594861507346e-02 2.220745757222175598e-02
1.558329425752163003e-02 2.233678847551345825e-02
1.554869841784238885e-02 2.248845435678958893e-02
1.562496591359376942e-02 2.226796746253967285e-02
1.544683016836643184e-02 2.208366990089416504e-02
1.544867679476738011e-02 2.207882329821586609e-02
1.549025233834981988e-02 2.206289023160934448e-02
1.550803165882825782e-02 2.202072739601135254e-02
1.546149365603923832e-02 2.199272811412811279e-02
1.536909993737936055e-02 2.203132212162017822e-02
1.543055996298789943e-02 2.191004157066345215e-02
1.532629076391458546e-02 2.188148349523544312e-02
1.548886708915233647e-02 2.190463803708553314e-02
1.557158865034580231e-02 2.188133448362350464e-02
1.553837582468986511e-02 2.183032780885696411e-02
1.543387509882450034e-02 2.182669192552566528e-02
1.531974151730537345e-02 2.209366671741008759e-02
1.548665836453437875e-02 2.180835418403148651e-02
1.535878106951713527e-02 2.166468650102615356e-02
1.529879048466682365e-02 2.161963097751140594e-02
1.531798336654901539e-02 2.158919163048267365e-02
1.529751475900411641e-02 2.161303162574768066e-02
1.525658704340457882e-02 2.179956063628196716e-02
1.536362692713737557e-02 2.174833603203296661e-02
1.528723593801259960e-02 2.158307842910289764e-02
1.526868939399719273e-02 2.159263752400875092e-02
1.545044835656881298e-02 2.159001119434833527e-02
1.552970632910728385e-02 2.153749763965606689e-02
1.551014818251133034e-02 2.145690470933914185e-02
1.538414694368839264e-02 2.142037265002727509e-02
1.530667506158351829e-02 2.177879959344863892e-02
1.548655834048986470e-02 2.142530120909214020e-02
1.525445580482482841e-02 2.145558595657348633e-02
1.557837612926959991e-02 2.153315953910350800e-02
1.567580327391624589e-02 2.155182696878910065e-02
1.563183516263961723e-02 2.152938954532146454e-02
1.548368465155363152e-02 2.150772139430046082e-02
1.530214399099349976e-02 2.161457389593124390e-02
1.529586203396320412e-02 2.178108133375644684e-02
1.530129984021186794e-02 2.156404778361320496e-02
1.521206814795732568e-02 2.154947444796562195e-02
1.532459203153848683e-02 2.158667519688606262e-02
1.540544740855693748e-02 2.158125489950180054e-02
1.528032496571540833e-02 2.165105752646923065e-02
1.525412127375602722e-02 2.181345224380493164e-02
1.526609212160110439e-02 2.161699347198009491e-02
1.518378555774688686e-02 2.160123549401760101e-02
1.525173746049404179e-02 2.160938270390033722e-02
1.532312184572219918e-02 2.158034965395927429e-02
1.529901362955570290e-02 2.152229845523834229e-02
1.521626207977533340e-02 2.157591655850410461e-02
1.525375060737133026e-02 2.158969454467296600e-02
1.520276889204979012e-02 2.148688770830631256e-02
1.528052538633346488e-02 2.143441885709762573e-02
1.532017719000577927e-02 2.134777791798114777e-02
1.524255108088254894e-02 2.130907028913497925e-02
1.517317239195108483e-02 2.132756635546684265e-02
1.513550002127885853e-02 2.138905972242355347e-02
1.517101693898439442e-02 2.135817147791385651e-02
1.515346169471740688e-02 2.129583805799484253e-02
1.514197494834661553e-02 2.127533033490180969e-02
1.514464691281318734e-02 2.126093208789825439e-02
1.512919701635837520e-02 2.129631303250789642e-02
1.513098757714033057e-02 2.133517153561115265e-02
1.513509303331375157e-02 2.136529423296451569e-02
1.511037107557058369e-02 2.145943976938724518e-02
1.513088308274745941e-02 2.148319967091083527e-02
1.511033512651920388e-02 2.146939188241958618e-02
1.508245188742876088e-02 2.145361155271530151e-02
1.509764865040779183e-02 2.149366401135921478e-02
1.513196155428886414e-02 2.152198180556297302e-02
1.513053998351097072e-02 2.152368240058422089e-02
1.510262042284011771e-02 2.159448340535163879e-02
1.507979594171047176e-02 2.182513847947120667e-02
1.522813290357589652e-02 2.171189337968826294e-02
1.516427733004093240e-02 2.166858874261379242e-02
1.513925716280937160e-02 2.157159335911273956e-02
1.511968262493610347e-02 2.145257033407688141e-02
1.512942817062139580e-02 2.136937901377677917e-02
1.514048501849174500e-02 2.135420218110084534e-02
1.512424815446138451e-02 2.137673087418079376e-02
1.507851667702198029e-02 2.144734747707843781e-02
1.509501449763774907e-02 2.152381278574466705e-02
1.509319581091403926e-02 2.142463065683841705e-02
1.504550762474536965e-02 2.142689563333988190e-02
1.503902245312929188e-02 2.143804542720317841e-02
1.503310147672891686e-02 2.142235822975635529e-02
1.503525879234075477e-02 2.138698659837245941e-02
1.505590379238128627e-02 2.135536074638366699e-02
1.507179588079452480e-02 2.131878025829792023e-02
1.506020352244377171e-02 2.128981985151767731e-02
1.503856144845485722e-02 2.129498682916164398e-02
1.502123065292835201e-02 2.135801501572132111e-02
1.502468138933181832e-02 2.148010022938251495e-02
1.508348286151886021e-02 2.143584191799163818e-02
1.504250764846801723e-02 2.138214744627475739e-02
1.507372744381427730e-02 2.137132547795772552e-02
1.505236364901065861e-02 2.139862999320030212e-02
1.502047367393970559e-02 2.142643369734287262e-02
1.505742967128753662e-02 2.150277607142925262e-02
1.500530932098627021e-02 2.135509252548217773e-02
1.498061697930097580e-02 2.130541205406188965e-02
1.508071273565292358e-02 2.129001542925834656e-02
1.508621610701084068e-02 2.132709510624408722e-02
1.500489600002765690e-02 2.135066315531730652e-02
1.498587839305400883e-02 2.129455655813217163e-02
1.498171370476484264e-02 2.129431627690792084e-02
1.502641886472702061e-02 2.134608849883079529e-02
1.499484702944755589e-02 2.149802632629871368e-02
1.500336043536663021e-02 2.157475240528583527e-02
1.500811595469713280e-02 2.152694389224052429e-02
1.497179791331291164e-02 2.150317654013633728e-02
1.496446654200553859e-02 2.150584757328033447e-02
1.498039178550243308e-02 2.152403816580772400e-02
1.502138897776603664e-02 2.151118405163288116e-02
1.503165382891893422e-02 2.147609181702136993e-02
1.498523242771625588e-02 2.142493054270744324e-02
1.494828145951032639e-02 2.138892188668251038e-02
1.491224542260169948e-02 2.135280519723892212e-02
1.498620435595512425e-02 2.136168442666530609e-02
1.498227678239345481e-02 2.141943015158176422e-02
1.495210584253072773e-02 2.139587327837944031e-02
1.493870690464973484e-02 2.135382033884525299e-02
1.494634039700031350e-02 2.140963450074195862e-02
1.501701828092336620e-02 2.142496593296527863e-02
1.500591486692428624e-02 2.134933136403560638e-02
1.497054807841777767e-02 2.130733057856559753e-02
1.493260208517313038e-02 2.131919190287590027e-02
1.490272469818592141e-02 2.127387933433055878e-02
1.489278376102447579e-02 2.123747020959854126e-02
1.492892336100339924e-02 2.122377231717109680e-02
1.492030359804630280e-02 2.123679593205451965e-02
1.491159461438655923e-02 2.133446186780929565e-02
1.493462529033422539e-02 2.130549401044845581e-02
1.490264665335416794e-02 2.124588750302791595e-02
1.485726106911897625e-02 2.116664685308933258e-02
1.497529745101928642e-02 2.115089446306228638e-02
1.493830569088458980e-02 2.120062150061130524e-02
1.490953117609023978e-02 2.164071612060070038e-02
1.501883435994386638e-02 2.118479087948799133e-02
1.486221253871917655e-02 2.118291892111301422e-02
1.501544807106256450e-02 2.117433026432991028e-02
1.507910676300525631e-02 2.112804912030696869e-02
1.505924146622419392e-02 2.107783593237400055e-02
1.500664092600345612e-02 2.107008360326290131e-02
1.501241624355316093e-02 2.116177603602409363e-02
1.498716715723276069e-02 2.119387127459049225e-02
1.500393152236938546e-02 2.114573493599891663e-02
1.496773734688758815e-02 2.100135944783687592e-02
1.488330736756324733e-02 2.091864868998527527e-02
1.484311185777187347e-02 2.094631642103195190e-02
1.491386499255895580e-02 2.103815227746963501e-02
1.492724437266588176e-02 2.117712795734405518e-02
1.486719027161598206e-02 2.132797054946422577e-02
1.484479773789644172e-02 2.134682051837444305e-02
1.482528857886791264e-02 2.140087820589542389e-02
1.485828664153814385e-02 2.137636952102184296e-02
1.481185629963874782e-02 2.129080519080162048e-02
1.492463015019893612e-02 2.134022302925586700e-02
1.497154235839843681e-02 2.139334939420223236e-02
1.494594737887382577e-02 2.152067981660366058e-02
1.500649284571409225e-02 2.156651392579078674e-02
1.496736817061901023e-02 2.130923233926296234e-02
1.487980224192142487e-02 2.124274149537086487e-02
1.477552931755781243e-02 2.132626064121723175e-02
1.477014925330877304e-02 2.148739621043205261e-02
1.486459560692310333e-02 2.125594019889831543e-02
1.475721094757318462e-02 2.118667587637901306e-02
1.485523656010627816e-02 2.116818726062774658e-02
1.493972521275281976e-02 2.111580595374107361e-02
1.486024707555770943e-02 2.111870050430297852e-02
1.479539889842271770e-02 2.138243429362773895e-02
1.485979184508323669e-02 2.133050374686717987e-02
1.481060571968555520e-02 2.121127024292945862e-02
1.479639783501624992e-02 2.116911485791206360e-02
1.484451740980148246e-02 2.118294313549995422e-02
1.488610170781612396e-02 2.118957787752151489e-02
1.482386179268360173e-02 2.124197036027908325e-02
1.476281285285949672e-02 2.164179459214210510e-02
1.488564684987068142e-02 2.155271545052528381e-02
1.477179992944002186e-02 2.143155597150325775e-02
1.474600695073604618e-02 2.144332043826580048e-02
1.477159913629293511e-02 2.150715142488479614e-02
1.477999966591596673e-02 2.157688140869140625e-02
1.476400531828403473e-02 2.160620503127574921e-02
1.475328058004379307e-02 2.156726643443107605e-02
1.474027056246995926e-02 2.152337506413459778e-02
1.470320783555507591e-02 2.147795259952545166e-02
1.469240933656692540e-02 2.141149714589118958e-02
1.474059391766786506e-02 2.136440947651863098e-02
1.473988257348537480e-02 2.137857303023338318e-02
1.476171612739562988e-02 2.145361714065074921e-02
1.473278254270553658e-02 2.134668268263339996e-02
1.469300389289856026e-02 2.128119580447673798e-02
1.466228030622005428e-02 2.113114856183528900e-02
1.471876688301563228e-02 2.104221284389495850e-02
1.471218075603246758e-02 2.106198109686374664e-02
1.468091532588005135e-02 2.116427384316921234e-02
1.471723802387714386e-02 2.133017219603061676e-02
1.479029171168804238e-02 2.126695774495601654e-02
1.474369429051875999e-02 2.115985192358493805e-02
1.474098041653633048e-02 2.117215842008590698e-02
1.472393795847892761e-02 2.122919447720050812e-02
1.467042677104473183e-02 2.132497355341911316e-02
1.468232497572898899e-02 2.142023853957653046e-02
1.466826945543289219e-02 2.146355807781219482e-02
1.475580576807260583e-02 2.153768390417098999e-02
1.483095176517963340e-02 2.153042517602443695e-02
1.474891472607850994e-02 2.151562459766864777e-02
1.467968635261058738e-02 2.155083604156970978e-02
1.463834531605243648e-02 2.143734693527221680e-02
1.462069787085056374e-02 2.135669626295566559e-02
1.470340378582477535e-02 2.132964134216308594e-02
1.477311365306377411e-02 2.127038501203060150e-02
1.471941694617271389e-02 2.124265208840370178e-02
1.464529782533645699e-02 2.139585092663764954e-02
1.472616605460643803e-02 2.132889255881309509e-02
1.471036002039909432e-02 2.123455889523029327e-02
1.468505561351776158e-02 2.121477387845516205e-02
1.468658968806266750e-02 2.131694369018077850e-02
1.461626067757606541e-02 2.185453101992607117e-02
1.484288461506366730e-02 2.132358774542808533e-02
1.477112732827663352e-02 2.129552327096462250e-02
1.481962595134973457e-02 2.124841883778572083e-02
1.483854707330465282e-02 2.116536535322666168e-02
1.479582916945219005e-02 2.109733968973159790e-02
1.472845710813999211e-02 2.110089920461177826e-02
1.458773203194141388e-02 2.115141227841377258e-02
1.461471021175384487e-02 2.110526338219642639e-02
1.463029459118843009e-02 2.096968516707420349e-02
1.460000984370708396e-02 2.095732092857360840e-02
1.460019368678331340e-02 2.101072669029235840e-02
1.457909513264894416e-02 2.100240625441074371e-02
1.456558816134929588e-02 2.099297195672988892e-02
1.459827236831188167e-02 2.106946893036365509e-02
1.458732988685369422e-02 2.123728953301906586e-02
1.462180707603693078e-02 2.113396860659122467e-02
1.454897914081811940e-02 2.104393579065799713e-02
1.453551426529884304e-02 2.102252282202243805e-02
1.457217615097761154e-02 2.102568931877613068e-02
1.457864455878734623e-02 2.104051783680915833e-02
1.460002753883600166e-02 2.104678563773632050e-02
1.455241851508617436e-02 2.098290435969829559e-02
1.457634530961513485e-02 2.096473239362239838e-02
1.455552633851766621e-02 2.115583233535289764e-02
1.461889371275901760e-02 2.090069279074668884e-02
1.456884443759918178e-02 2.080311626195907593e-02
1.461517661809921299e-02 2.076051197946071625e-02
1.465426608920097386e-02 2.079091407358646393e-02
1.446095257997512783e-02 2.166938968002796173e-02
1.496029011905193259e-02 2.102739922702312469e-02
1.445113588124513626e-02 2.088190242648124695e-02
1.471338234841823578e-02 2.095574513077735901e-02
1.496374383568763698e-02 2.097861282527446747e-02
1.494310144335031509e-02 2.099782973527908325e-02
1.474426202476024697e-02 2.108385786414146423e-02
1.457401197403669288e-02 2.141433395445346832e-02
1.462991368025541236e-02 2.160386927425861359e-02
1.464966181665658916e-02 2.132966369390487671e-02
1.451574470847845008e-02 2.130363509058952332e-02
1.454770006239414215e-02 2.133631706237792969e-02
1.450502909719944035e-02 2.158890105783939362e-02
1.469184737652540207e-02 2.164846286177635193e-02
1.463762484490871429e-02 2.124895155429840088e-02
1.453048773109912907e-02 2.117465995252132416e-02
1.458879821002483437e-02 2.118225023150444031e-02
1.453495286405086587e-02 2.136442065238952637e-02
1.456718258559703758e-02 2.140233851969242096e-02
1.456587240099906956e-02 2.124340459704399109e-02
1.448840666562318732e-02 2.129303291440010071e-02
1.450368463993072579e-02 2.130877599120140076e-02
1.448817458003759384e-02 2.122658863663673401e-02
1.448047161102294922e-02 2.125431038439273834e-02
1.445445306599140237e-02 2.157184667885303497e-02
1.469305027276277507e-02 2.140687406063079834e-02
1.450417656451463699e-02 2.126440033316612244e-02
1.463258825242519379e-02 2.129031717777252197e-02
1.481884587556123699e-02 2.126142196357250214e-02
1.484382022172212566e-02 2.124175429344177246e-02
1.472675595432519982e-02 2.129592373967170715e-02
1.470542307943105767e-02 2.143414504826068878e-02
1.465461235493421485e-02 2.151791006326675415e-02
1.466686036437749897e-02 2.139459922909736633e-02
1.450639106333255837e-02 2.118355967104434967e-02
1.453785859048366616e-02 2.121156081557273865e-02
1.469859145581722294e-02 2.110424265265464783e-02
1.460102871060371330e-02 2.096155472099781036e-02
1.443245001137256553e-02 2.106898836791515350e-02
1.453016996383666923e-02 2.109806053340435028e-02
1.460695937275886466e-02 2.073851227760314941e-02
1.455598026514053414e-02 2.056759037077426910e-02
1.448297202587127755e-02 2.061583474278450012e-02
1.444868054240941967e-02 2.069510333240032196e-02
1.448006778955459629e-02 2.064693346619606018e-02
1.446367986500263214e-02 2.063519321382045746e-02
1.445507444441318512e-02 2.067592740058898926e-02
1.439535245299339294e-02 2.082921750843524933e-02
1.441862098872661625e-02 2.087412215769290924e-02
1.439237315207719803e-02 2.086440473794937134e-02
1.439483929425477982e-02 2.089479006826877594e-02
1.440942101180553436e-02 2.093996666371822357e-02
1.439990866929292609e-02 2.092354558408260345e-02
1.441207528114318848e-02 2.094052359461784363e-02
1.439922414720058372e-02 2.108083479106426239e-02
1.442877352237701381e-02 2.093023993074893951e-02
1.433212943375110696e-02 2.071598917245864868e-02
1.442214921116828988e-02 2.058876305818557739e-02
1.456228345632553170e-02 2.051534131169319153e-02
1.459696423262357712e-02 2.049433998763561249e-02
1.448641270399093559e-02 2.050474844872951508e-02
1.444002408534288476e-02 2.054500766098499298e-02
1.435923092067241738e-02 2.060976065695285797e-02
1.435487270355224540e-02 2.067197300493717194e-02
1.432627774775028194e-02 2.057037502527236938e-02
1.433955952525138924e-02 2.050327509641647339e-02
1.448720935732126201e-02 2.050109580159187317e-02
1.451736707240343024e-02 2.054415270686149597e-02
1.442844681441783974e-02 2.070578373968601227e-02
1.431183889508247375e-02 2.101055532693862915e-02
1.443506330251693656e-02 2.101256325840950012e-02
1.439173463732004200e-02 2.086044661700725555e-02
1.435910277068614890e-02 2.079707756638526917e-02
1.438653711229562725e-02 2.073509059846401215e-02
1.440303735435008968e-02 2.078344486653804779e-02
1.434737592935562099e-02 2.098133042454719543e-02
1.434828117489814724e-02 2.109943330287933350e-02
1.435567550361156394e-02 2.097829990088939667e-02
1.432670392096042564e-02 2.097368799149990082e-02
1.429129708558321034e-02 2.111528441309928894e-02
1.432087365537881851e-02 2.129420079290866852e-02
1.440471373498439754e-02 2.115382999181747437e-02
1.438246853649616241e-02 2.100582979619503021e-02
1.429042983800172736e-02 2.104762941598892212e-02
1.428368538618087803e-02 2.111932262778282166e-02
1.429389603435993195e-02 2.101507224142551422e-02
1.425953395664691925e-02 2.081736735999584198e-02
1.429525744169950555e-02 2.072960324585437775e-02
1.432545389980077744e-02 2.073908597230911255e-02
1.431120112538337638e-02 2.090650238096714020e-02
1.442017611116170814e-02 2.084165066480636597e-02
1.435015797615051339e-02 2.053392678499221802e-02
1.432515382766723702e-02 2.047800272703170776e-02
1.441192738711833884e-02 2.050914056599140167e-02
1.430379599332809448e-02 2.074517123401165009e-02
1.427711416035890545e-02 2.108631469309329987e-02
1.435587871819734608e-02 2.079462818801403046e-02
1.422645058482885361e-02 2.073840238153934479e-02
1.424816790968179772e-02 2.082304283976554871e-02
1.422791574150323798e-02 2.097505889832973480e-02
1.426230017095804145e-02 2.098737470805644989e-02
1.430192403495311737e-02 2.091353386640548706e-02
1.426656618714332650e-02 2.076141722500324249e-02
1.423268038779497077e-02 2.062675543129444122e-02
1.426196135580539738e-02 2.066647075116634369e-02
1.420297157019376720e-02 2.086406759917736053e-02
1.425893474370241130e-02 2.078646793961524963e-02
1.435156874358653988e-02 2.064129523932933807e-02
1.429131347686052322e-02 2.065827324986457825e-02
1.425076201558113029e-02 2.073987945914268494e-02
1.421387419104576041e-02 2.084544114768505096e-02
1.420240458101034234e-02 2.082459442317485809e-02
1.418342273682355811e-02 2.071048505604267120e-02
1.422741822898387909e-02 2.062013559043407440e-02
1.430520378053188289e-02 2.059072256088256836e-02
1.427823994308710133e-02 2.068471536040306091e-02
1.421790644526481698e-02 2.090740576386451721e-02
1.423907317221164738e-02 2.089033648371696472e-02
1.419026013463735650e-02 2.056419476866722107e-02
1.416780818253755500e-02 2.038060873746871948e-02
1.429049074649810756e-02 2.031207829713821411e-02
1.432926505804061820e-02 2.035827934741973877e-02
1.424797344952821732e-02 2.049667201936244965e-02
1.415579169988632167e-02 2.078266069293022156e-02
1.422808524221181800e-02 2.085725404322147369e-02
1.422983370721340145e-02 2.066391333937644958e-02
1.427011340856552089e-02 2.071370929479598999e-02
1.432944051921367611e-02 2.075740881264209747e-02
1.421462912112474511e-02 2.097070217132568359e-02
1.421711705625057151e-02 2.094511128962039948e-02
1.416797451674938271e-02 2.069144137203693390e-02
1.416820343583822216e-02 2.058784849941730499e-02
1.420824062079191138e-02 2.054223418235778809e-02
1.420099064707756008e-02 2.055826969444751740e-02
1.417232304811477661e-02 2.082730084657669067e-02
1.424992233514785732e-02 2.089510858058929443e-02
1.423453576862812077e-02 2.051523700356483459e-02
1.407571285963058437e-02 2.039447985589504242e-02
1.417573168873786926e-02 2.035694755613803864e-02
1.429727040231227805e-02 2.043275721371173859e-02
1.425122376531362534e-02 2.062087319791316986e-02
1.417344175279140403e-02 2.093957178294658661e-02
1.415306758135557140e-02 2.149044722318649292e-02
1.442933976650238002e-02 2.127210050821304321e-02
1.426831819117069244e-02 2.123324200510978699e-02
1.418403200805187260e-02 2.126657776534557343e-02
1.417030245065689122e-02 2.108150534331798553e-02
1.408359128981828690e-02 2.080835960805416107e-02
1.409532763063907693e-02 2.061394415795803070e-02
1.417346727102994884e-02 2.043813094496726990e-02
1.419974155724048649e-02 2.033201418817043304e-02
1.418025176972150837e-02 2.033338509500026703e-02
1.412741094827651978e-02 2.038706466555595398e-02
1.409767866134643485e-02 2.025287784636020660e-02
1.405174564570188522e-02 2.009223960340023041e-02
1.407413389533758094e-02 2.010166272521018982e-02
1.409803349524736335e-02 2.010912820696830750e-02
1.408244725316762889e-02 2.011119760572910309e-02
1.406522300094366004e-02 2.028511092066764832e-02
1.402533054351806641e-02 2.050702460110187531e-02
1.406251844018697669e-02 2.043940685689449310e-02
1.408157702535390784e-02 2.030559070408344269e-02
1.416701767593622242e-02 2.026690170168876648e-02
1.413827985525131260e-02 2.039288356900215149e-02
1.397009044885635411e-02 2.093904465436935425e-02
1.418736390769481659e-02 2.071119472384452820e-02
1.414057519286870956e-02 2.050906233489513397e-02
1.413832046091556549e-02 2.054955065250396729e-02
1.411407683044671978e-02 2.061030268669128418e-02
1.395808272063732078e-02 2.093304507434368134e-02
1.404361966997385094e-02 2.086353302001953125e-02
1.393874976783990825e-02 2.054464817047119141e-02
1.405170559883117676e-02 2.049230784177780151e-02
1.420502141118049587e-02 2.038091048598289490e-02
1.416044756770134042e-02 2.023582533001899719e-02
1.411456950008869136e-02 2.049427106976509094e-02
1.422249153256416321e-02 2.072566561400890350e-02
1.429572924971580540e-02 2.049833722412586212e-02
1.410189419984817470e-02 2.006172202527523041e-02
1.405371464788913657e-02 2.012952230870723724e-02
1.420682929456234048e-02 2.020391449332237244e-02
1.403126064687967335e-02 2.059589885175228119e-02
1.392079256474971702e-02 2.119891904294490814e-02
1.409891247749328613e-02 2.068593725562095642e-02
1.419808249920606613e-02 2.074132114648818970e-02
1.438731551170349156e-02 2.071151137351989746e-02
1.412583850324153865e-02 2.095088735222816467e-02
1.408934779465198517e-02 2.128198556602001190e-02
1.424625534564256599e-02 2.086257375776767731e-02
1.396161913871765171e-02 2.065180055797100067e-02
1.395227536559104885e-02 2.067517116665840149e-02
1.394287534058094059e-02 2.053481526672840118e-02
1.399727128446102108e-02 2.036310732364654541e-02
1.398760862648487126e-02 2.027033455669879913e-02
1.384967882186174427e-02 2.017367258667945862e-02
1.388854496181011165e-02 2.026433125138282776e-02
1.390385776758193935e-02 2.034379169344902039e-02
1.381946615874767373e-02 2.028976194560527802e-02
1.379672754555940663e-02 2.036771178245544434e-02
1.379825100302696159e-02 2.034843526780605316e-02
1.391481496393680642e-02 2.026772126555442810e-02
1.380003690719604562e-02 2.053524181246757507e-02
1.392780486494302715e-02 2.024366334080696106e-02
1.391195841133594478e-02 1.971575058996677399e-02
1.392970718443393638e-02 1.988848298788070679e-02
1.382006872445344994e-02 2.035550773143768311e-02
1.388901937752962112e-02 2.048791572451591492e-02
1.395366936922073399e-02 2.056382969021797180e-02
1.394468154758215020e-02 2.062449790537357330e-02
1.391053088009357522e-02 2.053046971559524536e-02
1.383425183594226907e-02 2.052148804068565369e-02
1.386165227741003106e-02 2.050829678773880005e-02
1.383551843464374612e-02 2.049447596073150635e-02
1.379102990031242336e-02 2.053720131516456604e-02
1.378041636198759114e-02 2.058178745210170746e-02
1.375618427991867100e-02 2.047924138605594635e-02
1.373804174363613129e-02 2.033889852464199066e-02
1.373076364398002555e-02 2.021116577088832855e-02
1.372283492237329552e-02 2.003716677427291870e-02
1.367862988263368607e-02 1.981971971690654755e-02
1.382131278514862026e-02 1.972926035523414612e-02
1.368816439062356914e-02 2.013647183775901794e-02
1.382597535848617554e-02 2.016171067953109741e-02
1.389746591448783909e-02 1.985088735818862915e-02
1.374217439442873036e-02 1.992444507777690887e-02
1.367711368948221207e-02 1.993745379149913788e-02
1.356973052024841239e-02 1.974493451416492462e-02
1.358242966234684060e-02 1.974809914827346802e-02
1.374033484607934882e-02 1.971412636339664459e-02
1.390185095369815896e-02 1.973542757332324982e-02
1.375893838703632320e-02 1.987633295357227325e-02
1.354072466492652928e-02 2.061481028795242310e-02
1.387428976595401695e-02 2.034034766256809235e-02
1.361890416592359543e-02 1.999743282794952393e-02
1.351889260113239323e-02 1.968579739332199097e-02
1.350064128637313773e-02 1.984338462352752686e-02
1.362109854817390373e-02 1.983198896050453186e-02
1.362423002719879116e-02 1.976305060088634491e-02
1.349926125258207356e-02 1.980177126824855804e-02
1.346336565911769936e-02 2.015999704599380493e-02
1.343648210167884896e-02 1.974911987781524658e-02
1.349362656474113395e-02 1.955020427703857422e-02
1.337382271885871957e-02 1.957671903073787689e-02
1.332651562988758018e-02 1.944593526422977448e-02
1.328586228191852570e-02 2.035753428936004639e-02
1.374960951507091592e-02 1.928495988249778748e-02
1.345345359295606683e-02 1.927068829536437988e-02
1.427225843071937630e-02 1.901320740580558777e-02
1.344407312572002376e-02 2.147338166832923889e-02
1.499265003949403798e-02 2.135462872684001923e-02
1.451474744826555287e-02 2.012181840837001801e-02
1.400958243757486309e-02 2.098305895924568176e-02
1.477993093430995941e-02 2.092314697802066803e-02
1.413157843053340981e-02 2.125213854014873505e-02
1.403286568820476601e-02 2.093284577131271362e-02
1.395865865051746334e-02 2.031346596777439117e-02
1.376328170299529960e-02 2.005980722606182098e-02
1.367223709821701119e-02 1.991839893162250519e-02
1.351985614746809006e-02 2.002710103988647461e-02
1.344613842666149070e-02 2.003277465701103210e-02
1.335247568786144222e-02 2.001007646322250366e-02
1.326575037091970444e-02 1.998019777238368988e-02
1.343441382050514221e-02 1.993457600474357605e-02
1.339201629161834717e-02 1.931946165859699249e-02
1.301489565521478722e-02 1.906136237084865570e-02
1.319078020751476323e-02 1.889264769852161407e-02
1.317833904176950524e-02 1.881024800240993500e-02
1.321347970515489648e-02 1.911928690969944000e-02
1.347727198153734172e-02 1.884374767541885376e-02
1.321383249014615978e-02 1.842995360493659973e-02
1.294144541025161674e-02 1.884616352617740631e-02
1.319445353001356090e-02 1.845033094286918640e-02
1.280438229441642831e-02 1.872054487466812134e-02
1.278428155928850243e-02 1.882801763713359833e-02
1.274562478065490757e-02 1.868042349815368652e-02
1.263237185776233673e-02 1.854467764496803284e-02
1.261643264442682301e-02 1.843585260212421417e-02
1.254363935440778663e-02 1.854191347956657410e-02
1.261407323181629181e-02 1.834204979240894318e-02
1.247696466743946145e-02 1.849238201975822449e-02
1.251629032194614445e-02 1.862039044499397278e-02
1.253532432019710541e-02 1.845969818532466888e-02
1.239252407103776966e-02 1.832714863121509552e-02
1.262944433838129009e-02 1.826520450413227081e-02
1.242024246603250573e-02 1.840854994952678680e-02
1.268807128071785043e-02 1.859105750918388367e-02
1.262322291731834446e-02 1.823429018259048462e-02
1.233709696680307388e-02 1.801330409944057465e-02
1.218397151678800652e-02 1.824698038399219513e-02
1.230081729590892792e-02 1.794369146227836609e-02
1.228902060538530384e-02 1.805039308965206146e-02
1.244274079799652030e-02 1.770815812051296234e-02
1.224154997617006232e-02 1.778971590101718903e-02
1.193823004141449963e-02 1.800497435033321381e-02
1.218729168176651070e-02 1.779771409928798676e-02
1.210820488631725311e-02 1.813301257789134979e-02
1.232459209859371185e-02 1.804474182426929474e-02
