3.471138596534729115e-01 3.003716528415679710e-01
2.813519090414047241e-01 2.403886854648590032e-01
2.273470640182495006e-01 1.950551569461822510e-01
1.856523066759109553e-01 1.617590934038162231e-01
1.524583607912063654e-01 1.361075878143310491e-01
1.262074902653694264e-01 1.152222424745559665e-01
1.066302716732025202e-01 9.806614965200424749e-02
9.030659347772598822e-02 8.476811945438385287e-02
7.798585817217826288e-02 7.460177540779114325e-02
6.790367811918258945e-02 6.709877401590347290e-02
6.069363430142402788e-02 6.135797202587127408e-02
5.554640591144562045e-02 5.699427276849746565e-02
5.093807503581047197e-02 5.351248979568481307e-02
4.793926998972893039e-02 5.089190751314163347e-02
4.511451274156570712e-02 4.894327968358993391e-02
4.302550330758094649e-02 4.730020612478256364e-02
4.133299812674522122e-02 4.585046321153640747e-02
3.975105918943881711e-02 4.457737654447555681e-02
3.828527219593524933e-02 4.332043975591659546e-02
3.702344521880149980e-02 4.229229390621185025e-02
3.594977557659149309e-02 4.135480299592018266e-02
3.490177392959594588e-02 4.034144654870033125e-02
3.383455909788608829e-02 3.947793841361999650e-02
3.303875401616096497e-02 3.868052139878273149e-02
3.221798948943614682e-02 3.791272044181823869e-02
3.144390471279621263e-02 3.724672496318817000e-02
3.085640668869018416e-02 3.663296028971672197e-02
3.019558824598789215e-02 3.610203191637992998e-02
2.962731458246707986e-02 3.560853451490401944e-02
2.911172546446323325e-02 3.514168262481689314e-02
2.862644828855991433e-02 3.474327549338340759e-02
2.814857512712478499e-02 3.443369194865227023e-02
2.776910178363323212e-02 3.404246494174003462e-02
2.736924923956394334e-02 3.372066244482994218e-02
2.699881084263324599e-02 3.342852145433426042e-02
2.667298279702663352e-02 3.319348022341728210e-02
2.633690834045410156e-02 3.293908089399337491e-02
2.603822238743305068e-02 3.263552710413932662e-02
2.570064328610897203e-02 3.238390237092971663e-02
2.541084624826907973e-02 3.219367489218712131e-02
2.517060153186321397e-02 3.192813247442245761e-02
2.488195411860942910e-02 3.171316459774971286e-02
2.461641840636730194e-02 3.153243735432624539e-02
2.437348514795303206e-02 3.132169842720031877e-02
2.415818832814693382e-02 3.115106821060180733e-02
2.389379162341356139e-02 3.088041916489601274e-02
2.363971062004566193e-02 3.068662434816360474e-02
2.340480424463748862e-02 3.053943961858749528e-02
2.316330280154943466e-02 3.028812855482101302e-02
2.290761545300483773e-02 3.004904985427856584e-02
2.268689218908548355e-02 2.983552590012550354e-02
2.240874953567981859e-02 2.958608716726303031e-02
2.212085686624050071e-02 2.934241592884063651e-02
2.185493186116218428e-02 2.916577458381652832e-02
2.165348269045352936e-02 2.902518287301063607e-02
2.143384534865617683e-02 2.882603630423545907e-02
2.123019136488437514e-02 2.867593839764594893e-02
2.098429333418607573e-02 2.856027409434318612e-02
2.085012141615152220e-02 2.837637178599834373e-02
2.055304199457168648e-02 2.819767035543918610e-02
2.035663984715938707e-02 2.807273790240287850e-02
2.009457405656576295e-02 2.798780351877212455e-02
2.025379128754139016e-02 2.779785543680191040e-02
1.978447716683149477e-02 2.760406583547592163e-02
1.962501946836709907e-02 2.760330401360988617e-02
1.993486825376749108e-02 2.786646820604801039e-02
1.976767536252737115e-02 2.741861492395401140e-02
1.961259283125400474e-02 2.716510556638240814e-02
1.908391192555427412e-02 2.709589041769504617e-02
1.903915312141180038e-02 2.688865847885608604e-02
1.878933813422918250e-02 2.673563882708549638e-02
1.882380582392215868e-02 2.677455693483352800e-02
1.889103855937719276e-02 2.722933441400527885e-02
1.896613407880067687e-02 2.687450014054775307e-02
1.847264096140861442e-02 2.683828361332416673e-02
1.830326505005359580e-02 2.647714950144290993e-02
1.834304500371217866e-02 2.628205716609954834e-02
1.794079728424548964e-02 2.626591250300407479e-02
1.790143121033906798e-02 2.608518972992896964e-02
1.784345656633377214e-02 2.603682130575180054e-02
1.782314758747816086e-02 2.607728615403175423e-02
1.789284422993659904e-02 2.603661082684993744e-02
1.799753289669752190e-02 2.593780085444450517e-02
1.806005332618951936e-02 2.648262381553649972e-02
1.810268945991993020e-02 2.589798383414745192e-02
1.783476229757070472e-02 2.562046051025390625e-02
1.739848181605339189e-02 2.590274587273597856e-02
1.768819820135831763e-02 2.563300989568233559e-02
1.757203545421361784e-02 2.543941922485828261e-02
1.719617396593093803e-02 2.539462968707084656e-02
1.710519529879093309e-02 2.550986073911189894e-02
1.721798293292522292e-02 2.550625577569008012e-02
1.727838218212127824e-02 2.530265450477599959e-02
1.707964818924665590e-02 2.513625063002109666e-02
1.717220190912484984e-02 2.548174932599067688e-02
1.712025236338376999e-02 2.505266480147838593e-02
1.681255791336298128e-02 2.506130971014499526e-02
1.702718529850244522e-02 2.521970942616462777e-02
1.686367597430944373e-02 2.523667141795158525e-02
1.689909044653177192e-02 2.490241900086402962e-02
1.671910192817449570e-02 2.502727918326854567e-02
1.675926782190799783e-02 2.491487078368663857e-02
1.664932463318109443e-02 2.479713708162307670e-02
1.643362771719693999e-02 2.500722594559192519e-02
1.702604200690984587e-02 2.530903927981853485e-02
1.700182184576988151e-02 2.474147640168666840e-02
1.660281009972095628e-02 2.455684542655944824e-02
1.647683866322040627e-02 2.459568716585636139e-02
1.632538791745901177e-02 2.510672174394130637e-02
1.616887040436267714e-02 2.463149540126323769e-02
1.637998204678297112e-02 2.442449852824211259e-02
1.629600804299115996e-02 2.436829209327697615e-02
1.647412963211536407e-02 2.476260475814342360e-02
1.640105005353689055e-02 2.424638196825981001e-02
1.607139129191637039e-02 2.426525428891181807e-02
1.619682628661394189e-02 2.421458736062049796e-02
1.623553782701492310e-02 2.409611716866493294e-02
1.610576324164867540e-02 2.421663254499435355e-02
1.607005521655082564e-02 2.432469576597213676e-02
1.591533962637186120e-02 2.395319491624832084e-02
1.579354684799909661e-02 2.421032376587390830e-02
1.580590326339006285e-02 2.392812632024288177e-02
1.595024522393941740e-02 2.380774989724159310e-02
1.572193577885627747e-02 2.417356036603450845e-02
1.569865755736827781e-02 2.380330227315425803e-02
1.594947893172502656e-02 2.422909624874591827e-02
1.652427408844232490e-02 2.489419132471084456e-02
1.676913388073444228e-02 2.452955618500709395e-02
1.628867685794830461e-02 2.373859472572803497e-02
1.576850563287734985e-02 2.431998662650585244e-02
1.666206270456314226e-02 2.504401989281177660e-02
1.702933702617883543e-02 2.487252317368984084e-02
1.663786824792623520e-02 2.441330626606941223e-02
1.611400209367275238e-02 2.374134808778762679e-02
1.582105457782745361e-02 2.375218123197555403e-02
1.563405208289623399e-02 2.382871732115745406e-02
1.550883222371339867e-02 2.384600304067134927e-02
1.534629985690116882e-02 2.349571213126182626e-02
1.534455586224794423e-02 2.361053563654422899e-02
1.530652679502964020e-02 2.363000102341174941e-02
1.555055119097232749e-02 2.345288060605526040e-02
1.529353987425565754e-02 2.350457720458507677e-02
1.514805704355239903e-02 2.343033701181411813e-02
1.537102013826370170e-02 2.336498722434043884e-02
1.539480611681938102e-02 2.357975728809833665e-02
1.525403056293725933e-02 2.385801598429680009e-02
1.517069414258003304e-02 2.332067526876926283e-02
1.502662003040313755e-02 2.356863617897033553e-02
1.503835320472717355e-02 2.317812778055667808e-02
1.495647244155406952e-02 2.319777905941009660e-02
1.513634715229272842e-02 2.332043983042240282e-02
1.516969762742519448e-02 2.330742739140987535e-02
1.511763967573642731e-02 2.311798818409442971e-02
1.504855714738368919e-02 2.336951903998851776e-02
1.498627718538045848e-02 2.372704856097698073e-02
1.478381138294935192e-02 2.321744114160537859e-02
1.505998782813549111e-02 2.303810343146324088e-02
1.472597960382699897e-02 2.305365167558193207e-02
1.489654555916786194e-02 2.294535599648952345e-02
1.475809123367071221e-02 2.292510643601417680e-02
1.479643359780311550e-02 2.293779924511909346e-02
1.463990416377782856e-02 2.294149436056613922e-02
1.462942752987146308e-02 2.289575599133968423e-02
1.461527496576309204e-02 2.308163605630397797e-02
1.523238811641931464e-02 2.364662140607833724e-02
1.501256730407476460e-02 2.282095998525619437e-02
1.443846840411424672e-02 2.277363650500774384e-02
1.475596614181995392e-02 2.288098037242889543e-02
1.433192342519760097e-02 2.422778159379958968e-02
1.525070592761039803e-02 2.386218421161174705e-02
1.550497636198997463e-02 2.349897213280200889e-02
1.522802188992500305e-02 2.344225272536277702e-02
1.436677370220422814e-02 2.285221740603447099e-02
1.443783827126026223e-02 2.283247113227844169e-02
1.432430315762758290e-02 2.276915535330772261e-02
1.417357716709375347e-02 2.298108078539371629e-02
1.432768292725086247e-02 2.262044772505760262e-02
1.404332127422094380e-02 2.261645123362541338e-02
1.400677729398012127e-02 2.281849682331085066e-02
1.401139907538890769e-02 2.263366952538490434e-02
1.396061927080154488e-02 2.279877401888370445e-02
1.383485849946737220e-02 2.248076945543289046e-02
1.397683881223201786e-02 2.252032533288001945e-02
1.405988484621048008e-02 2.241203226149082045e-02
1.385578764602541854e-02 2.230603955686092515e-02
1.362099871039390564e-02 2.311859428882599016e-02
1.433808803558349679e-02 2.299227789044380049e-02
1.425277087837457587e-02 2.229519970715045790e-02
1.386337876319885219e-02 2.227420024573802809e-02
1.366111654788255622e-02 2.220500558614730766e-02
1.367668434977531433e-02 2.222662270069122176e-02
1.366736032068729435e-02 2.210708521306514740e-02
1.350565608590841363e-02 2.216385602951049735e-02
1.359208524227142369e-02 2.210729643702507088e-02
1.351432166993618046e-02 2.217045947909355302e-02
1.349315848201513256e-02 2.213926948606968065e-02
1.341796386986970901e-02 2.203481197357177665e-02
1.343854721635579993e-02 2.226754017174243858e-02
1.336343865841627121e-02 2.227450273931026389e-02
1.415808219462633133e-02 2.230268083512782981e-02
1.425729691982269287e-02 2.298698388040065765e-02
1.504523642361164058e-02 2.401814460754394392e-02
1.587250232696533342e-02 2.392023876309394906e-02
1.542651969939470326e-02 2.374192699790000916e-02
1.504744552075862850e-02 2.320510856807232042e-02
1.436917968094348838e-02 2.224045209586620470e-02
1.369496416300535271e-02 2.236852273344993453e-02
1.394062917679548229e-02 2.245846278965473244e-02
1.383514665067195858e-02 2.183341607451438904e-02
1.398350428789854084e-02 2.173949219286441803e-02
1.377894468605518272e-02 2.217199578881263664e-02
1.402148567140102352e-02 2.301746495068073342e-02
1.437205020338296925e-02 2.261033020913600852e-02
1.359222661703824928e-02 2.194248251616954734e-02
1.329792682081460883e-02 2.186087705194950104e-02
1.322231944650411641e-02 2.170068211853504181e-02
1.313658859580755199e-02 2.282082550227642129e-02
1.401017531752586295e-02 2.245315797626972268e-02
1.422963812947273220e-02 2.219886966049671242e-02
1.371418740600347484e-02 2.340602576732635567e-02
1.370388772338628804e-02 2.238990776240825514e-02
1.427324619144201313e-02 2.253510318696498940e-02
1.392394602298736503e-02 2.176688760519027849e-02
1.306820157915353740e-02 2.179003208875656197e-02
1.306131463497877190e-02 2.154821902513504028e-02
1.297970842570066521e-02 2.165809050202369829e-02
1.306285355240106513e-02 2.140335515141487260e-02
1.317689493298530509e-02 2.155388332903385162e-02
1.305170990526676247e-02 2.140172943472862244e-02
1.315739825367927621e-02 2.159279175102710863e-02
1.299605909734964301e-02 2.159595973789691856e-02
1.294363513588905369e-02 2.153716459870338301e-02
1.296912832185626030e-02 2.145550847053527901e-02
1.297908294945955207e-02 2.130290605127811362e-02
1.305068079382181237e-02 2.143935151398181777e-02
1.318115442991256783e-02 2.152149081230163644e-02
1.361072976142168114e-02 2.198813445866108079e-02
1.344914063811302254e-02 2.141082733869552682e-02
1.282955333590507507e-02 2.129318267107009957e-02
1.314770635217428138e-02 2.142045460641384125e-02
1.287607243284583092e-02 2.184044197201728821e-02
1.383882779628038337e-02 2.224554568529129098e-02
1.508811824023723568e-02 2.303718253970146040e-02
1.500178799033164909e-02 2.321389317512512207e-02
1.483696345239877631e-02 2.301521115005016396e-02
1.444829553365707328e-02 2.246606759727001051e-02
1.379495915025472606e-02 2.159142196178436349e-02
1.300347093492746318e-02 2.170715592801570823e-02
1.282534841448068619e-02 2.135122455656528542e-02
1.294321492314338615e-02 2.128733098506927629e-02
1.284629683941602638e-02 2.133325301110744476e-02
1.352702956646680867e-02 2.177723385393619607e-02
1.347711924463510479e-02 2.158619314432144026e-02
1.325080497190356255e-02 2.198259755969047408e-02
1.301673296838998760e-02 2.111034169793129037e-02
1.278837192803621362e-02 2.091620862483978271e-02
1.274881493300199578e-02 2.076865956187248091e-02
1.309651806950569083e-02 2.130382470786571641e-02
1.288119610399007797e-02 2.110701538622379234e-02
1.263854168355465005e-02 2.110438272356986861e-02
1.261766701936721871e-02 2.099890150129795144e-02
1.260325452312827110e-02 2.067786157131195138e-02
1.301582511514425347e-02 2.029451876878738542e-02
1.271680090576410294e-02 2.100270241498947144e-02
1.395019926130771672e-02 2.213020920753478935e-02
1.415680442005395889e-02 2.216628640890121529e-02
1.388391312211751868e-02 2.184080071747302940e-02
1.324836667627096211e-02 2.117547765374183655e-02
1.286898907274007867e-02 2.097872681915759902e-02
1.239031422883272136e-02 2.067210450768470695e-02
1.254294570535421406e-02 2.023956514894962450e-02
1.251760572195053170e-02 2.070216163992881844e-02
1.241670940071344306e-02 2.095169126987457206e-02
1.232085023075342109e-02 2.059433683753013680e-02
1.238185223191976513e-02 2.022878788411617418e-02
1.237583812326192856e-02 2.078079022467136522e-02
1.243554316461086343e-02 2.081791833043098588e-02
1.314879022538661957e-02 2.110518887639045715e-02
1.293837428092956508e-02 2.085781805217266222e-02
1.275456231087446213e-02 2.077738419175147871e-02
1.283620297908782959e-02 2.120411098003387521e-02
1.296299174427986180e-02 2.063820771872997353e-02
1.284094583243131603e-02 2.026199549436569214e-02
1.261374913156032562e-02 2.088283710181713243e-02
1.284719519317150185e-02 2.068822421133518358e-02
1.259301714599132468e-02 2.073854766786098480e-02
1.230799471959471633e-02 2.068679146468639304e-02
1.235003266483545269e-02 2.049651630222797463e-02
1.227715965360403130e-02 2.022222578525543352e-02
1.253025066107511451e-02 2.052455767989158630e-02
1.228510122746229172e-02 2.131820879876613478e-02
1.288004759699106286e-02 2.068343758583068848e-02
1.288930438458919456e-02 2.060872316360473633e-02
1.208797860890626838e-02 2.058274224400520255e-02
1.236628014594316413e-02 2.008382119238376687e-02
1.226546950638294185e-02 2.047638148069381644e-02
1.201873570680618217e-02 2.019526697695255349e-02
1.216501928865909576e-02 2.027625292539596627e-02
1.191080920398235321e-02 2.037721872329711914e-02
1.217285916209220886e-02 2.032407224178314070e-02
1.217191182076931069e-02 1.962742432951927046e-02
1.198228430002927850e-02 1.980937160551548074e-02
1.191775444895029103e-02 2.017107717692851951e-02
1.203374676406383445e-02 2.008572742342949052e-02
1.200690548866987194e-02 2.002833858132362435e-02
1.206953823566436768e-02 1.941322796046733926e-02
1.199676282703876495e-02 2.035511992871761461e-02
1.200917251408100198e-02 2.048567831516266008e-02
1.211130879819393227e-02 2.052637152373790880e-02
1.196961533278226818e-02 2.051446065306663374e-02
1.195952985435724293e-02 2.006205618381500314e-02
1.203786060214042698e-02 2.013397105038166116e-02
1.257195975631475449e-02 2.079905569553375244e-02
1.249952912330627372e-02 2.035040333867072990e-02
1.216563861817121506e-02 2.023253701627254417e-02
1.283904332667589257e-02 2.121495790779590745e-02
1.365597527474165032e-02 2.143753431737422874e-02
1.340319029986858368e-02 2.114766165614128182e-02
1.277062613517046009e-02 2.046264596283435891e-02
1.244615893810987507e-02 2.082703150808811257e-02
1.338801644742488792e-02 2.168650925159454346e-02
1.409737393260002136e-02 2.177430763840675423e-02
1.365957632660865818e-02 2.173974998295307229e-02
1.342548131942749093e-02 2.127064801752567152e-02
1.279187304899096454e-02 2.041276097297668388e-02
1.175243072211742436e-02 2.055414579808712006e-02
1.191441752016544377e-02 1.957972608506679604e-02
1.193720847368240356e-02 2.017442397773265908e-02
1.188073223456740345e-02 2.022473551332950453e-02
1.192540228366851737e-02 2.019563876092433929e-02
1.171444952487945591e-02 2.039031982421874931e-02
1.168414587154984439e-02 2.004040665924549172e-02
1.208214350044727395e-02 1.999364681541919778e-02
1.176462192088365520e-02 1.975283063948154311e-02
1.176925320178270375e-02 1.976564899086952209e-02
1.292854640632867813e-02 2.036781609058380127e-02
1.256875284016132320e-02 2.021847665309906006e-02
1.200338080525398254e-02 2.040282376110553672e-02
1.215564329177141155e-02 2.009167186915874342e-02
1.188372429460287164e-02 1.992978714406490326e-02
1.164780315011739766e-02 1.969452612102031569e-02
1.286257337778806686e-02 2.046669423580169817e-02
1.279685739427804947e-02 2.048720158636569907e-02
1.239290069788694451e-02 2.004005536437034746e-02
1.199296396225690842e-02 1.992241665720939636e-02
1.169167403131723439e-02 1.995370276272296836e-02
1.197157893329858780e-02 1.956777535378933022e-02
1.143533121794462239e-02 1.964395754039287637e-02
1.163990609347820282e-02 1.958594694733619551e-02
1.157800033688545158e-02 1.986041292548179626e-02
1.152973296120762825e-02 1.904692687094211578e-02
1.132954880595207249e-02 1.946416907012462477e-02
1.136432569473981927e-02 1.953390054404735565e-02
1.148837823420762946e-02 1.947044432163238387e-02
1.121607087552547490e-02 1.960346400737762382e-02
1.137493094429373706e-02 1.927621848881244659e-02
1.161490287631750107e-02 1.925250142812728882e-02
1.138821337372064590e-02 1.951312087476253510e-02
1.129184514284133946e-02 1.869704686105251243e-02
1.121873827651143074e-02 1.945884749293327193e-02
1.138325594365596771e-02 1.898621395230293274e-02
1.129709240049123729e-02 1.968125998973846436e-02
1.127758771181106533e-02 1.908855438232421806e-02
1.163760442286729778e-02 1.909941956400871416e-02
1.132445335388183524e-02 1.914861910045146873e-02
1.108163762837648461e-02 1.887243203818798204e-02
1.115869227796792949e-02 1.947555728256702284e-02
1.137424800544977257e-02 1.890619844198226929e-02
1.104915961623191903e-02 1.904143914580345293e-02
1.122775003314018319e-02 1.933660991489887307e-02
1.249125096946954692e-02 1.994004547595977853e-02
1.269770115613937447e-02 1.992854103446006775e-02
1.232173778116702964e-02 1.961414068937301566e-02
1.166851725429296494e-02 1.881890892982483049e-02
1.112650670111179317e-02 1.838473491370678017e-02
1.156582422554492881e-02 1.875103898346424172e-02
1.110131852328777313e-02 1.890094242990016798e-02
1.116148661822080612e-02 1.829905919730663230e-02
1.116935200989246403e-02 1.799448430538177351e-02
1.083319000899791648e-02 1.830515079200267792e-02
1.090200794860720669e-02 1.813194379210471968e-02
1.075797080993652274e-02 1.881518550217151781e-02
1.092272996902465820e-02 1.778635196387767792e-02
1.108743809163570404e-02 1.865372210741043230e-02
1.110438834875821998e-02 1.829909086227416923e-02
1.061551719903945992e-02 1.787401996552944253e-02
1.138074770569801400e-02 1.752129681408405235e-02
1.092175673693418503e-02 1.796894147992134094e-02
1.035916488617658580e-02 1.699883230030536582e-02
1.119564101099967957e-02 1.733977012336253981e-02
1.059914128854870866e-02 1.803384795784950326e-02
1.059930389747023617e-02 1.694449000060558458e-02
1.036982890218496323e-02 1.757523715496063163e-02
1.056753750890493393e-02 1.821900568902492384e-02
1.075191572308540310e-02 1.765289381146430830e-02
1.048112846910953522e-02 1.659894734621047974e-02
1.030992474406957661e-02 1.757088489830493927e-02
1.210934594273567130e-02 1.783907413482666016e-02
1.199897602200508152e-02 1.870215088129043718e-02
1.171472910791635479e-02 1.721139587461948534e-02
1.095220753923058579e-02 1.702653765678405900e-02
1.021261289715766872e-02 1.792272962629794936e-02
1.058020936325192521e-02 1.801957488059997489e-02
1.052970532327890396e-02 1.695372834801673820e-02
1.055875103920698131e-02 1.710184589028358390e-02
1.028704782947897911e-02 1.595079675316810747e-02
9.774823393672704003e-03 1.634056661278009484e-02
9.733659401535987160e-03 1.621374227106571128e-02
1.000536261126399110e-02 1.644747033715248177e-02
1.043919790536165272e-02 1.652237065136432509e-02
1.085138674825429986e-02 1.755092442035675188e-02
1.181127578020095895e-02 1.758341789245605399e-02
2.241571582853794237e-02 1.792592033743858199e-02
1.245348025113344158e-02 2.005171068012714247e-02
1.431689634919166600e-02 2.029870040714740892e-02
1.427099704742431675e-02 1.991229206323623727e-02
1.380588896572589909e-02 2.007764540612697740e-02
1.359510887414216995e-02 1.949716620147228310e-02
1.295671891421079636e-02 1.864034011960029671e-02
1.234705932438373566e-02 1.804795935750007699e-02
1.169358715415000881e-02 1.737943738698959420e-02
1.032946901395916973e-02 1.626211702823638847e-02
1.061219461262226035e-02 1.770977452397346635e-02
1.099844416603446007e-02 1.805077586323022842e-02
1.087978761643171310e-02 1.744923740625381470e-02
9.947093203663825989e-03 1.621135566383600374e-02
9.890279639512300838e-03 1.577064581215381622e-02
9.832684695720673301e-03 1.499551441520452499e-02
9.365222603082656166e-03 1.564992945641279290e-02
9.469570592045783997e-03 1.520035453140735661e-02
9.733843524008989681e-03 1.546972133219242165e-02
1.014151722192764213e-02 1.577202454209327559e-02
9.877059515565634121e-03 1.556346341967582668e-02
1.046032365411520004e-02 1.839212365448474745e-02
1.191829927265644108e-02 1.870111525058746477e-02
1.151160411536693642e-02 1.853659041225910048e-02
1.061723902821540798e-02 1.829517502337694307e-02
1.025728732347488438e-02 1.709846612066030433e-02
9.776075929403304707e-03 1.596472710371017387e-02
1.005449052900075912e-02 1.688109785318374703e-02
1.006258381530642475e-02 1.642117165029048989e-02
1.154066529124975204e-02 2.159183099865913391e-02
1.408299971371889184e-02 2.297482118010520796e-02
1.363760512322187424e-02 2.234254144132137229e-02
1.288881246000528336e-02 2.194891683757305145e-02
1.275831125676631962e-02 2.158712223172187805e-02
1.214453279972076485e-02 2.066189497709274361e-02
1.185139510780572857e-02 1.997608318924903870e-02
1.169497594237327645e-02 1.913176514208316664e-02
1.129985367879271507e-02 1.869580522179603577e-02
1.094861403107643197e-02 1.784597076475620200e-02
1.103422772139310906e-02 1.824731603264808516e-02
1.107245488092303311e-02 1.796637959778308799e-02
1.067043524235486950e-02 1.785984896123409341e-02
1.046512071043253014e-02 1.670350097119808336e-02
1.041788328438997269e-02 1.681946478784084389e-02
1.016745697706937859e-02 1.653838418424129555e-02
1.014447575435042416e-02 1.615443192422389915e-02
1.008718255907297204e-02 1.696937419474124978e-02
1.005161022767424653e-02 1.654888428747653892e-02
1.010109828785061767e-02 1.611757948994636466e-02
9.756174311041832317e-03 1.670414097607135842e-02
1.010022349655628239e-02 1.620806753635406494e-02
9.989398624747991215e-03 1.623813081532716682e-02
9.948546905070543636e-03 1.668967343866824965e-02
1.202960237860679557e-02 1.807028204202652116e-02
1.318197790533304214e-02 1.833321936428546767e-02
1.308098807930946350e-02 1.849036142230033736e-02
1.301072165369987488e-02 1.848261021077633043e-02
1.242228606715798343e-02 1.785569190979003837e-02
1.204377822577953373e-02 1.724671237170696120e-02
1.106470096856355598e-02 1.646034270524978499e-02
1.053490154445171391e-02 1.621971800923347612e-02
1.051921807229518925e-02 1.710314601659774711e-02
1.269643139094114338e-02 1.873552910983562400e-02
1.419913321733474662e-02 1.914169453084468842e-02
1.380920764058828423e-02 1.951708123087882857e-02
1.391220241785049404e-02 1.970707178115844657e-02
1.369845308363437653e-02 1.947942413389682631e-02
1.328462027013301884e-02 1.910471804440021584e-02
1.289073564112186432e-02 1.827674321830272813e-02
1.238510180264711449e-02 1.763839684426784377e-02
1.177592687308788230e-02 1.703941933810710838e-02
1.091833095997571910e-02 1.635948903858661790e-02
1.037569437175989151e-02 1.528684347867965629e-02
9.715903922915459026e-03 1.452812142670154537e-02
9.665260929614305843e-03 1.498730275779962609e-02
9.751420002430677414e-03 1.487317793071269920e-02
9.484260994940995476e-03 1.508704386651515961e-02
9.416469931602477680e-03 1.546712890267372062e-02
9.566001128405332565e-03 1.548522990196943283e-02
9.708952903747559288e-03 1.501959580928087165e-02
9.340691566467284462e-03 1.447293311357498134e-02
9.182261209934950222e-03 1.487442981451749836e-02
9.174120705574750553e-03 1.512142568826675346e-02
9.083972871303558003e-03 1.446336340159177711e-02
9.118268825113772999e-03 1.451683230698108673e-02
9.461164381355047573e-03 1.445878092199564049e-02
9.244307223707438209e-03 1.469171792268753052e-02
9.155259188264607689e-03 1.480176299810409546e-02
9.195091668516397476e-03 1.539137233048677375e-02
9.134501125663519253e-03 1.481683626770973275e-02
9.096624236553907741e-03 1.479486282914876938e-02
9.129774011671542427e-03 1.452615782618522575e-02
9.541546739637852409e-03 1.585888117551803589e-02
1.032535312697291374e-02 1.574037149548530509e-02
9.966377448290587165e-03 1.529776696115732124e-02
9.189579449594021537e-03 1.562577169388532777e-02
8.987517002969980587e-03 1.504007764160633122e-02
9.152312856167554508e-03 1.459270156919956207e-02
9.466173127293586731e-03 1.441105399280786549e-02
9.046659898012876164e-03 1.488888133317232097e-02
9.053829219192266117e-03 1.507936976850032806e-02
8.783174585551023830e-03 1.473735757172107627e-02
9.312365856021641991e-03 1.448148470371961663e-02
9.377972874790429375e-03 1.438401099294423988e-02
9.080246556550264359e-03 1.474663391709327663e-02
8.932666108012198708e-03 1.482583899050951039e-02
9.368691872805357673e-03 1.504951268434524467e-02
8.790614176541566502e-03 1.435301210731267964e-02
8.852399978786706577e-03 1.426350865513086388e-02
8.860353287309408535e-03 1.393988430500030587e-02
8.806384541094303478e-03 1.453459076583385468e-02
9.197350684553384434e-03 1.470708809792995418e-02
8.990164846181869507e-03 1.418860834091901710e-02
9.008258301764725945e-03 1.438213158398866584e-02
9.034768119454384197e-03 1.427240036427974632e-02
9.006442129611968647e-03 1.397574450820684468e-02
8.831353206187487342e-03 1.415702421218156815e-02
8.813385944813489567e-03 1.395955178886651958e-02
8.771778177469968449e-03 1.425779145210981369e-02
8.946836553514003407e-03 1.495695039629936149e-02
8.977864682674408653e-03 1.426621153950691223e-02
9.800571389496326793e-03 1.606555506587028365e-02
9.684477560222148548e-03 1.504754759371280601e-02
1.020974498242139747e-02 1.570374183356761794e-02
1.024806387722492287e-02 1.636340096592903137e-02
1.083683948963880608e-02 1.723856851458549500e-02
1.201343648135662009e-02 1.845417059957981179e-02
1.286207381635904277e-02 1.797106042504310539e-02
1.261481493711471592e-02 1.783569157123565674e-02
1.245095487684011459e-02 1.739008687436580797e-02
1.174156665802001884e-02 1.665462329983711381e-02
1.088818442076444626e-02 1.621525920927524567e-02
1.082267472520470619e-02 1.557300686836242745e-02
1.019980497658252647e-02 1.516481582075357437e-02
9.657010994851588856e-03 1.440259795635938714e-02
9.255130868405103337e-03 1.489106193184852600e-02
9.719219151884317051e-03 1.540498398244380916e-02
1.018451824784278800e-02 1.508916709572076867e-02
9.630244690924882889e-03 1.452187672257423436e-02
8.931627962738275528e-03 1.468378715217113530e-02
9.217822458595037460e-03 1.464837696403264999e-02
9.402433782815933574e-03 1.451572272926568950e-02
9.268738422542810093e-03 1.379137113690376282e-02
8.461520727723836205e-03 1.481090895831584965e-02
8.964293543249369015e-03 1.452440712600946461e-02
8.695721905678511360e-03 1.380560193210840156e-02
8.741972036659717560e-03 1.398916039615869487e-02
8.800894673913716576e-03 1.371707916259765590e-02
8.621849678456782948e-03 1.390797160565853188e-02
8.625233173370360981e-03 1.359953489154577290e-02
8.721535652875899922e-03 1.373462229967117344e-02
8.706259820610285499e-03 1.406949162483215297e-02
8.846297301352024425e-03 1.434342321008443867e-02
8.904882613569498409e-03 1.367586739361286233e-02
8.839429821819067001e-03 1.385643538087606361e-02
8.742559514939785698e-03 1.411304306238889660e-02
8.941312041133641503e-03 1.376629136502742837e-02
8.821386564522980950e-03 1.408418081700801849e-02
8.772160578519105217e-03 1.383349131792783668e-02
8.898702263832092979e-03 1.390997152775525977e-02
8.831875026226043354e-03 1.405583471059799160e-02
8.704671636223793030e-03 1.450371164828538964e-02
8.711072336882352135e-03 1.371894665062427590e-02
8.572965394705533981e-03 1.364912595599889790e-02
8.602247759699820778e-03 1.345480829477310215e-02
8.605997450649738659e-03 1.343955434858798946e-02
9.017083141952753761e-03 1.369461826980114018e-02
8.676113653928041111e-03 1.396204419434070657e-02
8.761543687433004726e-03 1.415606662631034920e-02
9.098856337368487965e-03 1.364889293909072807e-02
8.980862516909837029e-03 1.370680443942546775e-02
9.243932273238896630e-03 1.451881714165210654e-02
9.399187192320824016e-03 1.445437651127576793e-02
9.324067831039428364e-03 1.465869098901748623e-02
9.779535606503486980e-03 1.500818040221929550e-02
1.032949220389127801e-02 1.665303632616996904e-02
1.073582321405410801e-02 1.566812805831432204e-02
9.913653414696455696e-03 1.585172470659017632e-02
9.728501178324222218e-03 1.532324943691492150e-02
9.458143822848796498e-03 1.520109288394451072e-02
9.541606437414884914e-03 1.506979875266551902e-02
9.443990048021077763e-03 1.405296679586172034e-02
9.095458965748547814e-03 1.534253209829330479e-02
9.838819131255149494e-03 1.543842423707246850e-02
1.011679545044899022e-02 1.568850446492433409e-02
9.124462865293026317e-03 1.563055664300918440e-02
1.043821983039379050e-02 1.649666633456945558e-02
1.146285049617290497e-02 1.646074205636978080e-02
1.134596858173608780e-02 1.640568785369396140e-02
1.077654017135500943e-02 1.613305360078811507e-02
1.026198212057352101e-02 1.476729661226272583e-02
9.395144041627645146e-03 1.370462793856859138e-02
8.709259983152150414e-03 1.317623257637023926e-02
8.492166455835104683e-03 1.343258898705244030e-02
8.591748028993605873e-03 1.424584109336137806e-02
8.834911603480577122e-03 1.451642010360956227e-02
1.074343454092741013e-02 1.584102697670459678e-02
1.136504597961902549e-02 1.606066562235355238e-02
1.115727433934807743e-02 1.584717817604541779e-02
1.042631538584828411e-02 1.523782946169376443e-02
9.805432148277759205e-03 1.436220910400152172e-02
9.020825847983360291e-03 1.369558554142713547e-02
8.854894433170557022e-03 1.333724483847618068e-02
8.989825192838907936e-03 1.382047794759273460e-02
8.626116067171096455e-03 1.345791723579168285e-02
8.582912199199200370e-03 1.318110842257738148e-02
8.483103755861521461e-03 1.357211135327815975e-02
8.559586852788925518e-03 1.308607477694749902e-02
8.734727930277585289e-03 1.426239348948001896e-02
9.160580672323703419e-03 1.401568185538053582e-02
9.439643193036317131e-03 1.477260850369930233e-02
9.459413029253483166e-03 1.485313102602958679e-02
9.519462566822766911e-03 1.484104599803686211e-02
9.278098121285438538e-03 1.441593207418918540e-02
8.962152153253554951e-03 1.379844788461923565e-02
8.882294874638319016e-03 1.439008042216300895e-02
9.512617904692887566e-03 1.442456655204296147e-02
9.367997758090496063e-03 1.461596526205539634e-02
9.356053080409765244e-03 1.410620436072349514e-02
9.150081500411032936e-03 1.349020265042781899e-02
8.941057324409484169e-03 1.401452049612999032e-02
9.492899756878614426e-03 1.404897887259721687e-02
9.187915362417697906e-03 1.426982060074806144e-02
9.652839973568916321e-03 1.414049975574016571e-02
9.068198408931494106e-03 1.339098513126373360e-02
8.645366132259368203e-03 1.330923307687044074e-02
8.639902528375386498e-03 1.302812155336141586e-02
8.680641092360020031e-03 1.283229757100343670e-02
8.770670089870691993e-03 1.273958627134561504e-02
8.873624168336391796e-03 1.271100789308548043e-02
8.879817044362425110e-03 1.374048870056867634e-02
8.703542686998844841e-03 1.352273561060428689e-02
8.780945930629968990e-03 1.296048555523157154e-02
8.808484952896832726e-03 1.306981723755598103e-02
8.664666023105383613e-03 1.280579566955566441e-02
8.654091414064169277e-03 1.334848571568727528e-02
8.455564267933368683e-03 1.301400493830442463e-02
8.530363254249096611e-03 1.344929337501525948e-02
8.637420274317264904e-03 1.288662776350974967e-02
8.777196239680051110e-03 1.295776758342981339e-02
8.760994952172040245e-03 1.297262702137231757e-02
8.565484639257192265e-03 1.361645888537168538e-02
8.595297671854495655e-03 1.348048299551010167e-02
8.720554504543542515e-03 1.353115290403366158e-02
8.788061607629061439e-03 1.359029021114110947e-02
8.455996681004763343e-03 1.335756052285432850e-02
8.467930089682339928e-03 1.378373559564352070e-02
8.538229018449782978e-03 1.338974945247173309e-02
8.594127930700778614e-03 1.317962296307086979e-02
9.194672480225563396e-03 1.363606266677379678e-02
8.782098535448312759e-03 1.293861120939254761e-02
1.852572076022624900e-02 3.676864877343177795e-02
1.089766602963209222e-02 1.641313806176185677e-02
1.295563261955976452e-02 1.653156392276287218e-02
1.204057056456804206e-02 1.596397161483764648e-02
1.147593706846237148e-02 1.635158807039260864e-02
1.279273778200149501e-02 1.859820038080215593e-02
1.264774799346923828e-02 1.861242689192295005e-02
1.106908787041902507e-02 1.787688583135604858e-02
1.043759956955909660e-02 1.765922717750072549e-02
1.238250974565744365e-02 1.739267446100711823e-02
1.196097452193498577e-02 1.722996421158313682e-02
1.161666773259639740e-02 1.657635793089866708e-02
1.047868737950921093e-02 1.509430017322301899e-02
9.599597193300724030e-03 1.458288840949535300e-02
8.936919271945953369e-03 1.466232184320688178e-02
9.238285757601261833e-03 1.547638624906539848e-02
1.082000602036714554e-02 1.560032032430172001e-02
1.045739660039544071e-02 1.539396196603775094e-02
9.885446354746817849e-03 1.475575026124715736e-02
9.254520479589700005e-03 1.331745162606239388e-02
8.455077745020389210e-03 1.365150865167379449e-02
8.728811144828796040e-03 1.354086380451917718e-02
8.330193022266030659e-03 1.293137986212968861e-02
8.472040668129921306e-03 1.315940599888563121e-02
8.469970617443322441e-03 1.305291913449764182e-02
8.411761652678251960e-03 1.297412011772394215e-02
8.330057002604007374e-03 1.356292255222797324e-02
8.332418836653232228e-03 1.287493444979190792e-02
8.259036578238010406e-03 1.345106959342956543e-02
8.684867434203625072e-03 1.292619369924068520e-02
8.851522114127874374e-03 1.313236895948648522e-02
8.445043768733739159e-03 1.327613424509763683e-02
8.388790022581815026e-03 1.334816776216030121e-02
8.686844538897276619e-03 1.289901826530694996e-02
8.675436023622751236e-03 1.298894677311182057e-02
8.476880099624394677e-03 1.361787542700767552e-02
8.619483467191458095e-03 1.330408919602632523e-02
8.360534533858298908e-03 1.274560596793889930e-02
8.137670904397964131e-03 1.270435061305761303e-02
8.087908755987882961e-03 1.244360636919736827e-02
8.102778624743223884e-03 1.240521185100078652e-02
8.106700424104929664e-03 1.243807990103960003e-02
8.117363043129443428e-03 1.281070820987224509e-02
8.663061074912548065e-03 1.301921475678682362e-02
8.323190361261367451e-03 1.243067029863595928e-02
1.169729717075824668e-02 1.267968006432056496e-02
1.002766527235507930e-02 1.554322093725204502e-02
1.170668583363294532e-02 1.536885127425193821e-02
1.102961804717779090e-02 1.550911031663417851e-02
1.092637758702039684e-02 1.517684366554021905e-02
1.016566595062613418e-02 1.421036086976528237e-02
9.468180220574140202e-03 1.310722716152667999e-02
8.414798276498913418e-03 1.255371924489736592e-02
8.831017091870308269e-03 1.303737517446279526e-02
8.987172879278660168e-03 1.299360580742359161e-02
9.013018105179071426e-03 1.263191010802984168e-02
8.498149644583462975e-03 1.354529652744531666e-02
8.612072188407182347e-03 1.240948904305696522e-02
8.252230007201433182e-03 1.254015490412712167e-02
8.123194985091685555e-03 1.264939624816179345e-02
8.086372073739767422e-03 1.256011053919792175e-02
8.268818724900484085e-03 1.260183323174715077e-02
8.100000396370887062e-03 1.220829822123050724e-02
8.290314767509698174e-03 1.357322894036769832e-02
8.584261126816272042e-03 1.323289368301630055e-02
8.812210801988840797e-03 1.339460536837577820e-02
9.667958132922649384e-03 1.465921662747859955e-02
9.488013200461864124e-03 1.539080217480659485e-02
1.018152534961700405e-02 1.423758789896964992e-02
9.967509284615516316e-03 1.440098844468593563e-02
9.992091357707977642e-03 1.430827863514423301e-02
1.008476568385958602e-02 1.491889096796512534e-02
1.005167188122868538e-02 1.455794908106327126e-02
9.433445613831281315e-03 1.354820374399423599e-02
8.780238591134548534e-03 1.327478904277086189e-02
9.341217298060654900e-03 1.569945625960826943e-02
1.040545292198657990e-02 1.530247181653976440e-02
9.575491026043891213e-03 1.441111005842685665e-02
9.460307378321885369e-03 1.444147061556577682e-02
9.245408419519662163e-03 1.377040259540080955e-02
9.087094385176897743e-03 1.315709333866834675e-02
8.903975039720535625e-03 1.290731932967901195e-02
8.557308744639158943e-03 1.229867096990346943e-02
8.389673009514809349e-03 1.229090131819248269e-02
8.590906858444213867e-03 1.290296763181686401e-02
8.536268770694733360e-03 1.212049257010221551e-02
8.396073337644338261e-03 1.205660123378038406e-02
8.559961616992951133e-03 1.260744202882051537e-02
8.467451948672533729e-03 1.222954113036394189e-02
8.105299435555934906e-03 1.207180637866258656e-02
8.070414047688245426e-03 1.192377246916294029e-02
8.166906889528036118e-03 1.222721170634031261e-02
7.954182289540766976e-03 1.205523181706666912e-02
7.973925303667783390e-03 1.223396584391594002e-02
8.117271680384873997e-03 1.270043440163135494e-02
8.111724723130464207e-03 1.265837959945201839e-02
8.167368639260531166e-03 1.247919816523790359e-02
8.424650039523839604e-03 1.238849442452192272e-02
8.001142740249633442e-03 1.191770937293767929e-02
7.990125659853219639e-03 1.201933287084102665e-02
7.865081820636988380e-03 1.200595423579215934e-02
7.881008088588714600e-03 1.237214896827936242e-02
7.856112625449895165e-03 1.231349352747201920e-02
7.841506414115429272e-03 1.206659972667694161e-02
8.132742531597614982e-03 1.241234485059976647e-02
7.982625998556614269e-03 1.239776387810707058e-02
7.862202264368534435e-03 1.207706797868013382e-02
8.239531144499778054e-03 1.257274132221937110e-02
8.073798008263110768e-03 1.307321432977914810e-02
8.288554288446903576e-03 1.261904519051313366e-02
8.448582142591476440e-03 1.264492087066173588e-02
8.385140355676412929e-03 1.206650435924530064e-02
8.323401119560003628e-03 1.337989941239356960e-02
1.087422659620642697e-02 1.575063578784465651e-02
1.142122019082307885e-02 1.498618479818105732e-02
1.073025558143854072e-02 1.514739431440830300e-02
1.049424409866333077e-02 1.440415177494287421e-02
9.328340645879507065e-03 1.296761482954025303e-02
8.635445125401019703e-03 1.276096999645233085e-02
8.366677816957235683e-03 1.307775266468524933e-02
8.985277824103831898e-03 1.389780361205339432e-02
9.410350676625966679e-03 1.403213087469339440e-02
9.243293106555939068e-03 1.381363216787576641e-02
8.887215517461299896e-03 1.307819094508886303e-02
8.266543876379728664e-03 1.235310714691877435e-02
7.882953807711600563e-03 1.176290735602378811e-02
8.059464301913977016e-03 1.207398418337106774e-02
8.205678593367338874e-03 1.194895282387733494e-02
7.928045932203531265e-03 1.274441797286272014e-02
8.335168100893497120e-03 1.282279826700687478e-02
7.994600944221020092e-03 1.298992037773132394e-02
7.990887761116028179e-03 1.256502252072095802e-02
8.026234246790409435e-03 1.232731472700834309e-02
7.929459679871797562e-03 1.211833693087100913e-02
8.044391311705112804e-03 1.234864220023155178e-02
7.957978919148445823e-03 1.239653974771499564e-02
7.915665488690137516e-03 1.224410478025674855e-02
7.885767798870801232e-03 1.245583780109882355e-02
7.941441331058739922e-03 1.284575983881950344e-02
7.941470108926295887e-03 1.173638813197612832e-02
7.934314105659723629e-03 1.229926291853189468e-02
8.259592391550541618e-03 1.225915271788835526e-02
7.682723924517631531e-03 1.253678537905216286e-02
7.953864242881535790e-03 1.219336930662393535e-02
7.811323273926973343e-03 1.254810690879821708e-02
8.472091332077980735e-03 1.217943597584962914e-02
8.127982262521982193e-03 1.236412525177001988e-02
8.861326705664395939e-03 1.357818879187107017e-02
9.036187920719385494e-03 1.439769472926855087e-02
9.935104381293058048e-03 1.450707539916038478e-02
9.324774146080017090e-03 1.347251459956169163e-02
9.222413413226604462e-03 1.463839747011661495e-02
9.905999619513749729e-03 1.346353329718113015e-02
9.157240949571132313e-03 1.219339240342378651e-02
9.309469535946846702e-03 1.230417303740978172e-02
8.385491743683814309e-03 1.204795613884925877e-02
8.593929838389158596e-03 1.202679239213466644e-02
8.157984353601932526e-03 1.207693088799715112e-02
8.123484067618846546e-03 1.209326684474945103e-02
8.243643119931221355e-03 1.310433726757764816e-02
8.332517836242914547e-03 1.262564454227685894e-02
8.055355492979287754e-03 1.259862370789050987e-02
8.133014570921659817e-03 1.238174270838499069e-02
8.251939620822667382e-03 1.268058195710182121e-02
8.203034382313489567e-03 1.198691204190254281e-02
7.720367051661014557e-03 1.310578156262636254e-02
9.054234623908996929e-03 1.362855993211269448e-02
8.685004152357577584e-03 1.428086198866367409e-02
9.605381265282630573e-03 1.278322674334049155e-02
8.222972787916661003e-03 1.229248065501451458e-02
7.897888496518134377e-03 1.203572116792201926e-02
7.779981847852468838e-03 1.192873064428567886e-02
7.721381261944770813e-03 1.194077972322702373e-02
7.847701944410801628e-03 1.218017078936100075e-02
8.079332206398249019e-03 1.276419125497341156e-02
8.028404740616678498e-03 1.239467989653348853e-02
7.769536692649126053e-03 1.251257248222827946e-02
7.876129169017077186e-03 1.252383589744567906e-02
8.376787789165974010e-03 1.416099797934293816e-02
9.573914576321840286e-03 1.373237837105989456e-02
9.553033486008643757e-03 1.377075370401143958e-02
8.600951079279184688e-03 1.315648034214973380e-02
8.546630293130874981e-03 1.220417506992816856e-02
8.633005525916814457e-03 1.225941795855760644e-02
1.151086129248142173e-02 2.629628516733646323e-02
1.677608210593461990e-02 2.731788903474807739e-02
1.644840911030769418e-02 2.761497646570205619e-02
1.615070253610611031e-02 2.755467258393764357e-02
1.595511026680469444e-02 2.750966884195804596e-02
1.537020746618509258e-02 2.682386822998523643e-02
1.500022597610950470e-02 2.614047266542911599e-02
1.446486879140138591e-02 2.540019564330577712e-02
1.392225157469511101e-02 2.431456483900546958e-02
1.359755136072635616e-02 2.359265908598899911e-02
1.348626837134361302e-02 2.312095314264297347e-02
1.296224351972341537e-02 2.255340851843357086e-02
1.295409742742776801e-02 2.195314280688762804e-02
1.246691215783357620e-02 2.217697985470295022e-02
1.274749096482992103e-02 2.085878960788250039e-02
1.347861383110284840e-02 2.070327214896678855e-02
1.329452246427536080e-02 2.016587704420089860e-02
1.275844089686870540e-02 1.944380067288875580e-02
1.149435564875602757e-02 2.054511457681655953e-02
1.180005837231874397e-02 1.857015490531921387e-02
1.181073905900120735e-02 1.800446920096874376e-02
1.109275389462709496e-02 1.732181981205940108e-02
1.060635875910520554e-02 1.687992662191390922e-02
1.063798759132623603e-02 1.632519178092479636e-02
1.050090771168470452e-02 1.633477061986923079e-02
1.081088194623589481e-02 1.619740407913923194e-02
1.027723588049411774e-02 1.633425615727901459e-02
1.038184240460395848e-02 1.580683793872594833e-02
1.026056567206978798e-02 1.564660370349884103e-02
1.007986515760421822e-02 1.598551180213689943e-02
1.084539620205760002e-02 1.616928726434707642e-02
1.089188382029533317e-02 1.573936659842729499e-02
9.895607829093933105e-03 1.567725967615842680e-02
1.033863788470625912e-02 1.613158825784921646e-02
1.091747181490063633e-02 1.624143570661544869e-02
1.073989961296319996e-02 1.574613358825445106e-02
9.965123422443867424e-03 1.527584977447986672e-02
9.598400536924600254e-03 1.669038236141204973e-02
9.876573178917168877e-03 1.524971351027488639e-02
9.931140579283237457e-03 1.515841539949178661e-02
9.727825596928595803e-03 1.622424665838479926e-02
9.585596621036529541e-03 1.617286000400781562e-02
9.440335817635059704e-03 1.558088511228561401e-02
9.134508948773146370e-03 1.522396504878997803e-02
9.081391990184784282e-03 1.507330033928155899e-02
9.131268784403800270e-03 1.501281317323446308e-02
9.033271390944720008e-03 1.428479421883821487e-02
8.897670637816190373e-03 1.463977005332708393e-02
8.893741853535174977e-03 1.475804094225168298e-02
8.822919987142085335e-03 1.468656808137893711e-02
8.697796054184437145e-03 1.445378940552472999e-02
8.676914311945439079e-03 1.439057402312755515e-02
8.572383690625429500e-03 1.380199175328016351e-02
8.754546102136374214e-03 1.299398355185985530e-02
8.695695549249649048e-03 1.312215924263000419e-02
8.610004466027021755e-03 1.314102225005626609e-02
8.458415418863296856e-03 1.360275764018297265e-02
8.383074123412371376e-03 1.372674982994794880e-02
8.359450101852416298e-03 1.354837585240602563e-02
8.323025237768889167e-03 1.335312165319919517e-02
8.245666511356830597e-03 1.337878592312335968e-02
8.209305163472891548e-03 1.294325031340122154e-02
8.260783553123474815e-03 1.300940699875354802e-02
8.662865869700909008e-03 1.300714686512947048e-02
8.146177418529987682e-03 1.271877977997064660e-02
8.434053696691989205e-03 1.355319563299417496e-02
8.607920352369546543e-03 1.278687119483947789e-02
8.443171437829733589e-03 1.327871363610029151e-02
8.371144719421862862e-03 1.345866303890943562e-02
8.198488038033246994e-03 1.267129816114902566e-02
8.401780854910612106e-03 1.273679789155721630e-02
8.480812795460224499e-03 1.270816307514905860e-02
8.325709961354732513e-03 1.264168936759233440e-02
8.400162775069474827e-03 1.332065891474485363e-02
8.713507466018200268e-03 1.475636456161737511e-02
8.613899908959865223e-03 1.334451474249362911e-02
8.401256939396261475e-03 1.267092227935790946e-02
8.207099419087171902e-03 1.277309600263834034e-02
8.031179476529360511e-03 1.256599538028240273e-02
7.799163646996021444e-03 1.264003291726112366e-02
8.386145811527967453e-03 1.279515549540519680e-02
8.418960124254226338e-03 1.222144719213247299e-02
8.890954125672579506e-03 1.251374445855617593e-02
8.395891077816486706e-03 1.296901553869247471e-02
8.390573691576719631e-03 1.309988126158714329e-02
8.566488604992627751e-03 1.263187415897846187e-02
8.825360145419836738e-03 1.432732157409191166e-02
9.492803178727627494e-03 1.426854636520147324e-02
8.820832148194313396e-03 1.283086948096752097e-02
8.694652467966079712e-03 1.360034216195344856e-02
9.308281634002924659e-03 1.458533797413110768e-02
9.504496119916439056e-03 1.340609714388847282e-02
9.227337222546339382e-03 1.317029595375061000e-02
8.604238647967577328e-03 1.305363085120916401e-02
8.655361458659171711e-03 1.227725278586149285e-02
8.146127033978701332e-03 1.257167942821979523e-02
8.302433136850594780e-03 1.225429195910692284e-02
7.813456561416387211e-03 1.174176912754774059e-02
7.883964758366345665e-03 1.171415783464908530e-02
7.708046119660139084e-03 1.161433290690183640e-02
7.817758433520793221e-03 1.169760841876268422e-02
7.765936572104692806e-03 1.176976077258586918e-02
7.698856107890605753e-03 1.186185255646705558e-02
8.547320589423179280e-03 1.265638675540685723e-02
8.638496883213520397e-03 1.280850935727357795e-02
8.539884909987449299e-03 1.228239145129919087e-02
8.692036569118499062e-03 1.190195064991712501e-02
8.118925429880619743e-03 1.142577398568391835e-02
7.950959168374538769e-03 1.153136007487773861e-02
7.998497970402241447e-03 1.166355051100254059e-02
7.869761995971202503e-03 1.128630861639976467e-02
7.768013235181570227e-03 1.114041041582822765e-02
7.903766725212335933e-03 1.113837566226720879e-02
8.038592617958783756e-03 1.136992480605840752e-02
7.850333489477634777e-03 1.110794246196746861e-02
7.622280577197671110e-03 1.137356348335743020e-02
8.256497513502835534e-03 1.174515020102262497e-02
8.219449594616890648e-03 1.209586840122938226e-02
8.520143479108810772e-03 1.167575474828481605e-02
8.283284679055213234e-03 1.129339877516031231e-02
7.913899142295122147e-03 1.182396560907363926e-02
7.942238543182610772e-03 1.162905450910329749e-02
7.591892965137958527e-03 1.123121827840805123e-02
7.522050477564335043e-03 1.113390922546386719e-02
7.525039324536919767e-03 1.095308419317007030e-02
7.485624495893716465e-03 1.102767251431941917e-02
7.700608111917972565e-03 1.112927906215190922e-02
7.466808985918759953e-03 1.092210728675127064e-02
7.468431442975998098e-03 1.118557825684547355e-02
7.429108396172523845e-03 1.105452105402946437e-02
7.567594572901725596e-03 1.119564548134803841e-02
7.664154376834630619e-03 1.133401673287153313e-02
8.060474647209048271e-03 1.198864821344614029e-02
8.319114474579692234e-03 1.250551585108041798e-02
9.439188148826360356e-03 1.308117862790822948e-02
9.416969213634728691e-03 1.290021501481533085e-02
8.634898066520690224e-03 1.151321642100811005e-02
8.299683406949042580e-03 1.137122232466936111e-02
8.095050975680351951e-03 1.184228938072919880e-02
8.007041923701763847e-03 1.136003825813531806e-02
8.672996517270803105e-03 1.485339384526014259e-02
1.223840899765491451e-02 1.549051590263843606e-02
1.210896447300910915e-02 1.573068164288997720e-02
1.235108273103833164e-02 1.538362838327884605e-02
1.158614382147788932e-02 1.440605223178863595e-02
1.113322060555219616e-02 1.400020550936460426e-02
1.062568817287683556e-02 1.313025653362274135e-02
9.448093641549349525e-03 1.261395364999771083e-02
1.119192484766244958e-02 1.246053408831357921e-02
9.119665343314408909e-03 1.417250931262969971e-02
1.045793341472744942e-02 1.435134671628475120e-02
1.007030010223388707e-02 1.343737263232469559e-02
9.335601516067982414e-03 1.279047224670648575e-02
