7.359338551759719849e-02 1.489330679178237915e-01
1.533073633909225464e-01 3.405003994703292847e-02
2.855958044528961182e-02 5.800199508666992188e-02
5.096181109547615051e-02 4.257683828473091125e-02
3.681186959147453308e-02 2.564979530870914459e-02
2.210402488708496094e-02 3.352356329560279846e-02
3.157297521829605103e-02 3.023447468876838684e-02
2.863360010087490082e-02 2.282671257853507996e-02
2.016618847846984863e-02 2.366129122674465179e-02
1.943987980484962463e-02 2.724026516079902649e-02
2.223907224833965302e-02 2.476118318736553192e-02
2.002933435142040253e-02 2.015919797122478485e-02
1.601643860340118408e-02 1.699590496718883514e-02
1.327621471136808395e-02 1.628535054624080658e-02
1.290723867714405060e-02 1.649867184460163116e-02
1.376586873084306717e-02 1.527574099600315094e-02
1.336244959384202957e-02 1.392435468733310699e-02
1.237674057483673096e-02 1.253678835928440094e-02
1.063948217779397964e-02 1.236549392342567444e-02
9.386541321873664856e-03 1.326235104352235794e-02
9.150810539722442627e-03 1.290051825344562531e-02
8.613890036940574646e-03 1.073304563760757446e-02
7.302979938685894012e-03 8.469411171972751617e-03
6.126786582171916962e-03 6.911915726959705353e-03
5.255921743810176849e-03 6.397348828613758087e-03
5.031884647905826569e-03 6.390786264091730118e-03
5.154751241207122803e-03 6.226886529475450516e-03
5.087906029075384140e-03 5.870456807315349579e-03
4.783872514963150024e-03 5.523381289094686508e-03
4.378424026072025299e-03 5.399381741881370544e-03
4.102165345102548599e-03 5.524100270122289658e-03
4.085810389369726181e-03 5.532737821340560913e-03
4.060116596519947052e-03 5.152325145900249481e-03
3.759745508432388306e-03 4.654748830944299698e-03
3.395370673388242722e-03 4.253187216818332672e-03
3.150441450998187065e-03 3.940917085856199265e-03
3.027980914339423180e-03 3.759909886866807938e-03
3.038313938304781914e-03 3.600352909415960312e-03
3.004282247275114059e-03 3.404657822102308273e-03
2.837158506736159325e-03 3.323456970974802971e-03
2.701554913073778152e-03 3.405960742384195328e-03
2.677989192306995392e-03 3.549178596585988998e-03
2.727929269894957542e-03 3.543849335983395576e-03
2.729834755882620811e-03 3.298302646726369858e-03
2.605794463306665421e-03 3.037806600332260132e-03
2.492940751835703850e-03 2.926930785179138184e-03
2.463846001774072647e-03 2.920050639659166336e-03
2.451977692544460297e-03 2.948529552668333054e-03
2.422383055090904236e-03 2.948148641735315323e-03
2.354502445086836815e-03 2.936491509899497032e-03
2.297213766723871231e-03 2.946426160633563995e-03
2.293360885232686996e-03 2.934793243184685707e-03
2.277294406667351723e-03 2.908361842855811119e-03
2.225286327302455902e-03 2.883946523070335388e-03
2.171514788642525673e-03 2.847032854333519936e-03
2.147633815184235573e-03 2.805748954415321350e-03
2.153307897970080376e-03 2.766201039776206017e-03
2.135863527655601501e-03 2.746146172285079956e-03
2.096263458952307701e-03 2.744331024587154388e-03
2.076875884085893631e-03 2.733950736001133919e-03
2.070153597742319107e-03 2.728468738496303558e-03
2.058487385511398315e-03 2.724638674408197403e-03
2.028421964496374130e-03 2.713678870350122452e-03
1.996723935008049011e-03 2.708241809159517288e-03
1.988646807149052620e-03 2.693561604246497154e-03
1.984181348234415054e-03 2.664086874574422836e-03
1.969321630895137787e-03 2.645180094987154007e-03
1.950966543518006802e-03 2.660783939063549042e-03
1.942976145073771477e-03 2.677859272807836533e-03
1.942043425515294075e-03 2.646914683282375336e-03
1.929056132212281227e-03 2.602364169433712959e-03
1.912780688144266605e-03 2.591512398794293404e-03
1.904642558656632900e-03 2.601044252514839172e-03
1.902933814562857151e-03 2.600003499537706375e-03
1.897430978715419769e-03 2.585011767223477364e-03
1.884263590909540653e-03 2.568729221820831299e-03
1.875151181593537331e-03 2.559000626206398010e-03
1.869187923148274422e-03 2.560502616688609123e-03
1.860713935457170010e-03 2.554192440584301949e-03
1.849283231422305107e-03 2.537101507186889648e-03
1.840837066993117332e-03 2.532076556235551834e-03
1.835797214880585670e-03 2.533259568735957146e-03
1.827385975047945976e-03 2.526354044675827026e-03
1.817519427277147770e-03 2.516503911465406418e-03
1.808946253731846809e-03 2.505172975361347198e-03
1.802006969228386879e-03 2.491156570613384247e-03
1.793364295735955238e-03 2.484856406226754189e-03
1.783885410986840725e-03 2.477311762049794197e-03
1.775948680005967617e-03 2.464632270857691765e-03
1.767861424013972282e-03 2.462992677465081215e-03
1.758358208462595940e-03 2.466165693476796150e-03
1.748680486343801022e-03 2.465566154569387436e-03
1.740523846819996834e-03 2.458328846842050552e-03
1.731713884510099888e-03 2.442066790536046028e-03
1.722328597679734230e-03 2.433416433632373810e-03
1.713353209197521210e-03 2.431278117001056671e-03
1.704761991277337074e-03 2.422638703137636185e-03
1.695140032097697258e-03 2.415560418739914894e-03
1.685180002823472023e-03 2.406908897683024406e-03
1.675936044193804264e-03 2.399801509454846382e-03
1.666634343564510345e-03 2.391360234469175339e-03
1.656695967540144920e-03 2.378236502408981323e-03
1.646840712055563927e-03 2.373308409005403519e-03
1.637293375097215176e-03 2.367477631196379662e-03
1.627184450626373291e-03 2.366541884839534760e-03
1.616969471797347069e-03 2.361383289098739624e-03
1.607129117473959923e-03 2.359567442908883095e-03
1.597288297489285469e-03 2.354605589061975479e-03
1.587095903232693672e-03 2.350163646042346954e-03
1.577149378135800362e-03 2.339974511414766312e-03
1.567338826134800911e-03 2.337005222216248512e-03
1.557441544719040394e-03 2.326742047443985939e-03
1.547700027003884315e-03 2.335523720830678940e-03
1.538396812975406647e-03 2.303567947819828987e-03
1.529656117781996727e-03 2.362526487559080124e-03
1.524895662441849709e-03 2.249218989163637161e-03
1.544948550872504711e-03 2.821165602654218674e-03
1.733862096443772316e-03 3.284696955233812332e-03
2.977877156808972359e-03 1.244112290441989899e-02
9.217190556228160858e-03 1.039743609726428986e-02
1.056404691189527512e-02 4.263986833393573761e-03
2.519565168768167496e-03 8.768479339778423309e-03
5.937800742685794830e-03 3.574305679649114609e-03
2.208567922934889793e-03 5.166215356439352036e-03
5.030692089349031448e-03 3.213337855413556099e-03
2.510126447305083275e-03 5.526637192815542221e-03
3.645615186542272568e-03 5.177422426640987396e-03
3.157148137688636780e-03 3.877678187564015388e-03
2.779471222311258316e-03 3.507493529468774796e-03
3.076807130128145218e-03 3.365495009347796440e-03
2.646686043590307236e-03 3.972630482167005539e-03
2.605639863759279251e-03 4.045754671096801758e-03
2.566468669101595879e-03 3.525611013174057007e-03
2.505382290109992027e-03 2.750400686636567116e-03
2.135987626388669014e-03 3.124686656519770622e-03
2.495705615729093552e-03 3.025094978511333466e-03
2.101264195516705513e-03 3.024609060958027840e-03
1.981609966605901718e-03 3.287788946181535721e-03
2.356995129957795143e-03 2.622029744088649750e-03
1.815613009966909885e-03 2.688681241124868393e-03
2.019554376602172852e-03 2.686542924493551254e-03
2.076814649626612663e-03 2.445817459374666214e-03
1.736990874633193016e-03 2.820890396833419800e-03
1.941558206453919411e-03 2.831374993547797203e-03
1.842677360400557518e-03 2.642765408381819725e-03
1.745855086483061314e-03 2.488861791789531708e-03
1.812361762858927250e-03 2.338146325200796127e-03
1.753667602315545082e-03 2.443094504997134209e-03
1.708210795186460018e-03 2.672071568667888641e-03
1.701274537481367588e-03 2.721827942878007889e-03
1.696708030067384243e-03 2.470657462254166603e-03
1.634733984246850014e-03 2.278278116136789322e-03
1.645193668082356453e-03 2.278302330523729324e-03
1.624626806005835533e-03 2.442464232444763184e-03
1.579041010700166225e-03 2.623088425025343895e-03
1.613310887478291988e-03 2.491580322384834290e-03
1.547365216538310051e-03 2.335309749469161034e-03
1.548370462842285633e-03 2.300367224961519241e-03
1.557777170091867447e-03 2.362210303544998169e-03
1.493052579462528229e-03 2.537928521633148193e-03
1.522540813311934471e-03 2.500454895198345184e-03
1.496341079473495483e-03 2.346717519685626030e-03
1.466298592276871204e-03 2.308148425072431564e-03
1.484260777942836285e-03 2.350961789488792419e-03
1.453850534744560719e-03 2.442220458760857582e-03
1.445914269424974918e-03 2.441279590129852295e-03
1.441263360902667046e-03 2.362726023420691490e-03
1.428477349691092968e-03 2.330604707822203636e-03
1.416294020600616932e-03 2.379345940425992012e-03
1.410530647262930870e-03 2.426951657980680466e-03
1.402749214321374893e-03 2.400986151769757271e-03
1.386132556945085526e-03 2.355994423851370811e-03
1.387400319799780846e-03 2.330865710973739624e-03
1.371772144921123981e-03 2.365109743550419807e-03
1.365762786008417606e-03 2.398793585598468781e-03
1.361573114991188049e-03 2.382212784141302109e-03
1.347681274637579918e-03 2.363712294027209282e-03
1.347218872979283333e-03 2.357558812946081161e-03
1.333731575869023800e-03 2.379948738962411880e-03
1.330396276898682117e-03 2.385335974395275116e-03
1.322919502854347229e-03 2.373130060732364655e-03
1.313645974732935429e-03 2.374961739405989647e-03
1.311207539401948452e-03 2.380841877311468124e-03
1.300177653320133686e-03 2.384670544415712357e-03
1.296623027883470058e-03 2.369687194004654884e-03
1.289479201659560204e-03 2.361034275963902473e-03
1.282497076317667961e-03 2.370159374549984932e-03
1.277638366445899010e-03 2.373688388615846634e-03
1.270767766982316971e-03 2.359186299145221710e-03
1.265393919311463833e-03 2.343044616281986237e-03
1.259517041034996510e-03 2.346149412915110588e-03
1.253581373021006584e-03 2.357941353693604469e-03
1.248187967576086521e-03 2.353664720430970192e-03
1.241821446456015110e-03 2.338983817026019096e-03
1.237045624293386936e-03 2.333567244932055473e-03
1.230578869581222534e-03 2.341982675716280937e-03
1.225567306391894817e-03 2.342782448977231979e-03
1.220009755343198776e-03 2.332594944164156914e-03
1.213854178786277771e-03 2.331186551600694656e-03
1.209200592711567879e-03 2.338576829060912132e-03
1.202742569148540497e-03 2.340390812605619431e-03
1.197934965603053570e-03 2.328517613932490349e-03
1.191860646940767765e-03 2.322770422324538231e-03
1.186610083095729351e-03 2.330811927095055580e-03
1.180829480290412903e-03 2.337764948606491089e-03
1.175324665382504463e-03 2.332009142264723778e-03
1.169704366475343704e-03 2.325374400243163109e-03
1.163999433629214764e-03 2.328697824850678444e-03
1.158509869128465652e-03 2.333042211830615997e-03
1.152682234533131123e-03 2.330266637727618217e-03
1.147084054537117481e-03 2.326235873624682426e-03
1.141376676969230175e-03 2.326640533283352852e-03
1.135529484599828720e-03 2.327144145965576172e-03
1.129902550019323826e-03 2.324912231415510178e-03
1.123902038671076298e-03 2.325888723134994507e-03
1.118188723921775818e-03 2.328678732737898827e-03
1.112148514948785305e-03 2.327291993424296379e-03
1.106310402974486351e-03 2.322976943105459213e-03
1.100199297070503235e-03 2.323192311450839043e-03
1.094252569600939751e-03 2.325792331248521805e-03
1.088074408471584320e-03 2.325306879356503487e-03
1.081998343579471111e-03 2.323521766811609268e-03
1.075783395208418369e-03 2.324214903637766838e-03
1.069567166268825531e-03 2.324664033949375153e-03
1.063318806700408459e-03 2.323570428416132927e-03
1.057020504958927631e-03 2.324391389265656471e-03
1.050700782798230648e-03 2.326404675841331482e-03
1.044361968524754047e-03 2.326101064682006836e-03
1.037974143400788307e-03 2.325859619304537773e-03
1.031608087942004204e-03 2.328526927158236504e-03
1.025210600346326828e-03 2.330996096134185791e-03
1.018830807879567146e-03 2.331401687115430832e-03
1.012470806017518044e-03 2.332451520487666130e-03
1.006114645861089230e-03 2.334420569241046906e-03
9.998227469623088837e-04 2.335405442863702774e-03
9.935445850715041161e-04 2.336586127057671547e-03
9.873495437204837799e-04 2.338623162358999252e-03
9.812057251110672951e-04 2.340027829632163048e-03
9.751405450515449047e-04 2.340957522392272949e-03
9.691656450740993023e-04 2.342257648706436157e-03
9.632774745114147663e-04 2.343537285923957825e-03
9.574942523613572121e-04 2.344875363633036613e-03
9.518165024928748608e-04 2.346123103052377701e-03
9.462420130148530006e-04 2.346407622098922729e-03
9.407745674252510071e-04 2.346400171518325806e-03
9.354237699881196022e-04 2.347000408917665482e-03
9.301573736593127251e-04 2.347586210817098618e-03
9.250097791664302349e-04 2.347396919503808022e-03
9.199419873766601086e-04 2.346611581742763519e-03
9.149684337899088860e-04 2.345896791666746140e-03
9.100729366764426231e-04 2.345348475500941277e-03
9.052607347257435322e-04 2.344188513234257698e-03
9.005099418573081493e-04 2.342603635042905807e-03
8.958323742263019085e-04 2.341005485504865646e-03
8.912122575566172600e-04 2.339177997782826424e-03
8.866505813784897327e-04 2.337523503229022026e-03
8.821423398330807686e-04 2.335925120860338211e-03
8.776881732046604156e-04 2.333957236260175705e-03
8.732837741263210773e-04 2.332097617909312248e-03
8.689255337230861187e-04 2.330178162083029747e-03
8.646199712529778481e-04 2.328341361135244370e-03
8.603599853813648224e-04 2.326810965314507484e-03
8.561516879126429558e-04 2.324823522940278053e-03
8.519898401573300362e-04 2.322973916307091713e-03
8.478820091113448143e-04 2.321460284292697906e-03
8.438259246759116650e-04 2.319728257134556770e-03
8.398249628953635693e-04 2.318317070603370667e-03
8.358814520761370659e-04 2.316837431862950325e-03
8.319969056174159050e-04 2.315218094736337662e-03
8.281760965473949909e-04 2.313670003786683083e-03
8.244185592047870159e-04 2.311870688572525978e-03
8.207286591641604900e-04 2.310363110154867172e-03
8.171070367097854614e-04 2.308565657585859299e-03
8.135569514706730843e-04 2.306578913703560829e-03
8.100800914689898491e-04 2.304930239915847778e-03
8.066770387813448906e-04 2.303112531080842018e-03
8.033495396375656128e-04 2.301356289535760880e-03
8.000970119610428810e-04 2.299311337992548943e-03
7.969209109432995319e-04 2.297440776601433754e-03
7.938207127153873444e-04 2.295565558597445488e-03
7.907965919002890587e-04 2.293498022481799126e-03
7.878487231209874153e-04 2.291565760970115662e-03
7.849751273170113564e-04 2.289351774379611015e-03
7.821760955266654491e-04 2.287273062393069267e-03
7.794497651048004627e-04 2.284941496327519417e-03
7.767958450131118298e-04 2.282900270074605942e-03
7.742119487375020981e-04 2.280490472912788391e-03
7.716973777860403061e-04 2.278289757668972015e-03
7.692502113059163094e-04 2.275801962241530418e-03
7.668684702366590500e-04 2.273636404424905777e-03
7.645508158020675182e-04 2.270944649353623390e-03
7.622951525263488293e-04 2.268856158480048180e-03
7.601003162562847137e-04 2.265975344926118851e-03
7.579650264233350754e-04 2.264214679598808289e-03
7.558900397270917892e-04 2.260824665427207947e-03
7.538807112723588943e-04 2.260173903778195381e-03
7.519542123191058636e-04 2.255475381389260292e-03
7.501628133468329906e-04 2.257776213809847832e-03
7.486650138162076473e-04 2.249854383990168571e-03
7.479512132704257965e-04 2.263015136122703552e-03
7.495448226109147072e-04 2.250525634735822678e-03
7.585451821796596050e-04 2.317442791536450386e-03
7.907334947958588600e-04 2.357570687308907509e-03
9.005450410768389702e-04 2.750761108472943306e-03
1.206603250466287136e-03 3.339292947202920914e-03
1.973810372874140739e-03 3.947325050830841064e-03
2.496172906830906868e-03 3.336595371365547180e-03
1.900672563351690769e-03 2.148675732314586639e-03
7.970075821503996849e-04 2.778961323201656342e-03
1.613728003576397896e-03 2.541784197092056274e-03
1.108197611756622791e-03 2.494297688826918602e-03
1.090925885364413261e-03 2.442324301227927208e-03
1.200129278004169464e-03 2.243494614958763123e-03
9.208759292960166931e-04 2.619116799905896187e-03
1.114258076995611191e-03 2.325788140296936035e-03
8.997224504128098488e-04 2.351640257984399796e-03
1.008599996566772461e-03 2.317046280950307846e-03
9.135363507084548473e-04 2.408835804089903831e-03
9.184206719510257244e-04 2.314398996531963348e-03
9.251741576008498669e-04 2.228025114163756371e-03
8.526601013727486134e-04 2.350612776353955269e-03
9.234682656824588776e-04 2.269849879667162895e-03
8.078186074271798134e-04 2.315599936991930008e-03
9.086804348044097424e-04 2.191735431551933289e-03
7.788843358866870403e-04 2.308419905602931976e-03
8.812663145363330841e-04 2.200698014348745346e-03
7.656153757125139236e-04 2.266594441607594490e-03
8.483669953420758247e-04 2.209823345765471458e-03
7.657784735783934593e-04 2.264257287606596947e-03
8.162453887052834034e-04 2.204878022894263268e-03
7.716449326835572720e-04 2.219609217718243599e-03
7.858952740207314491e-04 2.236603293567895889e-03
7.745057810097932816e-04 2.219397341832518578e-03
7.616500370204448700e-04 2.216029679402709007e-03
7.744327886030077934e-04 2.187133301049470901e-03
7.445184164680540562e-04 2.228772034868597984e-03
7.695605745539069176e-04 2.195751061663031578e-03
7.362653268501162529e-04 2.215738408267498016e-03
7.617225637659430504e-04 2.195425797253847122e-03
7.330487133003771305e-04 2.224299358204007149e-03
7.509795832447707653e-04 2.206671750172972679e-03
7.321778102777898312e-04 2.219125628471374512e-03
7.394003332592546940e-04 2.216699533164501190e-03
7.325920159928500652e-04 2.215720945969223976e-03
7.289113709703087807e-04 2.217508386820554733e-03
7.322343299165368080e-04 2.210404025390744209e-03
7.210611947812139988e-04 2.218715380877256393e-03
7.299710996448993683e-04 2.202643547207117081e-03
7.165353163145482540e-04 2.210180042311549187e-03
7.255360251292586327e-04 2.209446858614683151e-03
7.142591057345271111e-04 2.222457667812705040e-03
7.198012899607419968e-04 2.218503737822175026e-03
7.131285383366048336e-04 2.217942383140325546e-03
7.141444366425275803e-04 2.218915615230798721e-03
7.118012872524559498e-04 2.224171301349997520e-03
7.096921908669173717e-04 2.227006712928414345e-03
7.094084867276251316e-04 2.221286296844482422e-03
7.068853592500090599e-04 2.220551250502467155e-03
7.061600335873663425e-04 2.225545467808842659e-03
7.050089770928025246e-04 2.226769924163818359e-03
7.027970277704298496e-04 2.225671894848346710e-03
7.030845154076814651e-04 2.225190633907914162e-03
7.001777994446456432e-04 2.232061931863427162e-03
7.005840307101607323e-04 2.231322461739182472e-03
6.983833736740052700e-04 2.230480080470442772e-03
6.976427976042032242e-04 2.233442384749650955e-03
6.968766683712601662e-04 2.235038205981254578e-03
6.949936505407094955e-04 2.235810505226254463e-03
6.950155948288738728e-04 2.236445900052785873e-03
6.929992232471704483e-04 2.239291789010167122e-03
6.926734931766986847e-04 2.241202862933278084e-03
6.914322730153799057e-04 2.245250390842556953e-03
6.903511239215731621e-04 2.247511176392436028e-03
6.897093844600021839e-04 2.246335381641983986e-03
6.884665926918387413e-04 2.250378718599677086e-03
6.876705447211861610e-04 2.256287494674324989e-03
6.868886994197964668e-04 2.255082596093416214e-03
6.856844993308186531e-04 2.256039530038833618e-03
6.851838552393019199e-04 2.263897564262151718e-03
6.840273854322731495e-04 2.267524600028991699e-03
6.832853541709482670e-04 2.264902926981449127e-03
6.825100281275808811e-04 2.268278272822499275e-03
6.815048400312662125e-04 2.274602651596069336e-03
6.808379548601806164e-04 2.274735597893595695e-03
6.799687398597598076e-04 2.275282051414251328e-03
6.791113992221653461e-04 2.279549604281783104e-03
6.784431752748787403e-04 2.282285830006003380e-03
6.775659858249127865e-04 2.285261172801256180e-03
6.768041057512164116e-04 2.288926858454942703e-03
6.761237746104598045e-04 2.290365286171436310e-03
6.752395420335233212e-04 2.293761353939771652e-03
6.745973951183259487e-04 2.297943457961082458e-03
6.738163647241890430e-04 2.297932980582118034e-03
6.730738678015768528e-04 2.299826592206954956e-03
6.723662954755127430e-04 2.305701607838273048e-03
6.716698408126831055e-04 2.307045739144086838e-03
6.708930013701319695e-04 2.307576593011617661e-03
6.702700629830360413e-04 2.313081407919526100e-03
6.695149349980056286e-04 2.316362224519252777e-03
6.688378052785992622e-04 2.316536381840705872e-03
6.681613158434629440e-04 2.319823252037167549e-03
6.674778996966779232e-04 2.322955057024955750e-03
6.667803390882909298e-04 2.324585802853107452e-03
6.661471561528742313e-04 2.327529247850179672e-03
6.654553581029176712e-04 2.329697832465171814e-03
6.647977279499173164e-04 2.332196105271577835e-03
6.641558720730245113e-04 2.336251083761453629e-03
6.634942837990820408e-04 2.337838523089885712e-03
6.628431146964430809e-04 2.340062754228711128e-03
6.622108630836009979e-04 2.345341024920344353e-03
6.615703459829092026e-04 2.347703324630856514e-03
6.609231932088732719e-04 2.349247224628925323e-03
6.603077636100351810e-04 2.353734802454710007e-03
6.596731254830956459e-04 2.356599085032939911e-03
6.590475677512586117e-04 2.358672674745321274e-03
6.584271905012428761e-04 2.362357685342431068e-03
6.578168831765651703e-04 2.365046646445989609e-03
6.571927806362509727e-04 2.368133747950196266e-03
6.565863732248544693e-04 2.371552400290966034e-03
6.559810135513544083e-04 2.373795025050640106e-03
6.553737330250442028e-04 2.377669559791684151e-03
6.547701777890324593e-04 2.381228376179933548e-03
6.541739567182958126e-04 2.383075654506683350e-03
6.535790162160992622e-04 2.386974636465311050e-03
6.529808160848915577e-04 2.390627749264240265e-03
6.523931515403091908e-04 2.392879221588373184e-03
6.518047885037958622e-04 2.396587282419204712e-03
6.512186373583972454e-04 2.399831311777234077e-03
6.506326026283204556e-04 2.402779180556535721e-03
6.500537274405360222e-04 2.406302606686949730e-03
6.494749686680734158e-04 2.408974803984165192e-03
6.488967919722199440e-04 2.412606263533234596e-03
6.483219331130385399e-04 2.416104078292846680e-03
6.477499264292418957e-04 2.418479183688759804e-03
6.471803644672036171e-04 2.422282937914133072e-03
6.466097547672688961e-04 2.425581915304064751e-03
6.460434524342417717e-04 2.428245032206177711e-03
6.454787217080593109e-04 2.431865315884351730e-03
6.449157954193651676e-04 2.434889553114771843e-03
6.443533347919583321e-04 2.438291907310485840e-03
6.437932606786489487e-04 2.441674238070845604e-03
6.432353984564542770e-04 2.444628626108169556e-03
6.426785257644951344e-04 2.448485698550939560e-03
6.421229336410760880e-04 2.451492007821798325e-03
6.415683310478925705e-04 2.454651286825537682e-03
6.410159985534846783e-04 2.458437578752636909e-03
6.404648884199559689e-04 2.461439697071909904e-03
6.399148842319846153e-04 2.464959397912025452e-03
6.393656367436051369e-04 2.468270482495427132e-03
6.388176698237657547e-04 2.471660263836383820e-03
6.382714491337537766e-04 2.475288696587085724e-03
6.377259269356727600e-04 2.478293841704726219e-03
6.371815106831490993e-04 2.482029842212796211e-03
6.366377929225564003e-04 2.485365141183137894e-03
6.360953557305037975e-04 2.488642232492566109e-03
6.355537916533648968e-04 2.492316300049424171e-03
6.350131588988006115e-04 2.495598280802369118e-03
6.344739231280982494e-04 2.499307738617062569e-03
6.339347455650568008e-04 2.502598101273179054e-03
6.333970231935381889e-04 2.506274264305830002e-03
6.328597664833068848e-04 2.509899204596877098e-03
6.323237321339547634e-04 2.513251267373561859e-03
6.317886291071772575e-04 2.517062472179532051e-03
6.312543409876525402e-04 2.520479029044508934e-03
6.307211588136851788e-04 2.524259500205516815e-03
6.301886751316487789e-04 2.527705393731594086e-03
6.296571227721869946e-04 2.531478181481361389e-03
6.291266763582825661e-04 2.535142702981829643e-03
6.285973358899354935e-04 2.538728760555386543e-03
6.280690431594848633e-04 2.542580245062708855e-03
6.275419145822525024e-04 2.546183299273252487e-03
6.270160083658993244e-04 2.550093922764062881e-03
6.264910334721207619e-04 2.553655533120036125e-03
6.259673973545432091e-04 2.557679777964949608e-03
6.254454492591321468e-04 2.561260480433702469e-03
6.249241996556520462e-04 2.565272618085145950e-03
6.244046962819993496e-04 2.568912692368030548e-03
6.238867063075304031e-04 2.573022153228521347e-03
6.233701715245842934e-04 2.576619852334260941e-03
6.228553829714655876e-04 2.580830128863453865e-03
6.223421078175306320e-04 2.584418281912803650e-03
6.218309281393885612e-04 2.588788047432899475e-03
6.213210290297865868e-04 2.592158503830432892e-03
6.208132836036384106e-04 2.596928039565682411e-03
6.203076918609440327e-04 2.599827712401747704e-03
6.198047776706516743e-04 2.605365356430411339e-03
6.193051231093704700e-04 2.607139525935053825e-03
6.188109400682151318e-04 2.614573575556278229e-03
6.183267105370759964e-04 2.613483695313334465e-03
6.178641924634575844e-04 2.625642810016870499e-03
6.174550508148968220e-04 2.617166144773364067e-03
6.171829300001263618e-04 2.642228035256266594e-03
6.172815919853746891e-04 2.613742835819721222e-03
6.184176891110837460e-04 2.677388954907655716e-03
6.225390825420618057e-04 2.596380421891808510e-03
6.353120552375912666e-04 2.786674769595265388e-03
6.726016290485858917e-04 2.608064794912934303e-03
7.696005050092935562e-04 3.141283523291349411e-03
9.635688038542866707e-04 2.868295181542634964e-03
1.126251881942152977e-03 3.063293406739830971e-03
1.010889187455177307e-03 2.571926917880773544e-03
7.284111925400793552e-04 2.533179940655827522e-03
7.179317180998623371e-04 2.751900115981698036e-03
8.213045075535774231e-04 2.582643413916230202e-03
7.749198121018707752e-04 2.481849165633320808e-03
6.864677998237311840e-04 2.574481535702943802e-03
7.198792300187051296e-04 2.526522614061832428e-03
7.673882064409554005e-04 2.435012254863977432e-03
6.477521965280175209e-04 2.516450826078653336e-03
6.975608412176370621e-04 2.489370061084628105e-03
7.260158890858292580e-04 2.466122154146432877e-03
6.303927511908113956e-04 2.531973645091056824e-03
6.894822581671178341e-04 2.464932622388005257e-03
6.774873472750186920e-04 2.525682561099529266e-03
6.426522741094231606e-04 2.543373266234993935e-03
6.582621135748922825e-04 2.477779285982251167e-03
6.559617468155920506e-04 2.573732286691665649e-03
6.451683584600687027e-04 2.575582126155495644e-03
6.303566042333841324e-04 2.522046212106943130e-03
6.547442171722650528e-04 2.603540895506739616e-03
6.313784397207200527e-04 2.600731095299124718e-03
6.226709228940308094e-04 2.532849553972482681e-03
6.457420531660318375e-04 2.593854907900094986e-03
6.198627525009214878e-04 2.609605435281991959e-03
6.222167285159230232e-04 2.551380777731537819e-03
6.301379180513322353e-04 2.598151564598083496e-03
6.179775809869170189e-04 2.603753469884395599e-03
6.176191382110118866e-04 2.559593645855784416e-03
6.191020365804433823e-04 2.600064501166343689e-03
6.189845735207200050e-04 2.592440461739897728e-03
6.111725233495235443e-04 2.575870836153626442e-03
6.148168467916548252e-04 2.614120487123727798e-03
6.163580110296607018e-04 2.598339226096868515e-03
6.068260408937931061e-04 2.608759561553597450e-03
6.112105329521000385e-04 2.644828753545880318e-03
6.111844559200108051e-04 2.621887251734733582e-03
6.056976853869855404e-04 2.647288143634796143e-03
6.074054399505257607e-04 2.676509320735931396e-03
6.070184172131121159e-04 2.642703941091895103e-03
6.056945421732962132e-04 2.674456918612122536e-03
6.038334104232490063e-04 2.693533897399902344e-03
6.038518622517585754e-04 2.653358038514852524e-03
6.048962823115289211e-04 2.687727566808462143e-03
6.015645922161638737e-04 2.700766781345009804e-03
6.016319966875016689e-04 2.669284585863351822e-03
6.029102369211614132e-04 2.705755410715937614e-03
6.003622547723352909e-04 2.708520507439970970e-03
5.997468251734972000e-04 2.690100111067295074e-03
6.001681322231888771e-04 2.723241690546274185e-03
5.993683007545769215e-04 2.716662827879190445e-03
5.985052557662129402e-04 2.710860688239336014e-03
5.978023400530219078e-04 2.730968408286571503e-03
5.978936096653342247e-04 2.720251446589827538e-03
5.975559470243752003e-04 2.728537656366825104e-03
5.963013391010463238e-04 2.736025024205446243e-03
5.961640272289514542e-04 2.731940709054470062e-03
5.962959839962422848e-04 2.750949701294302940e-03
5.953194340690970421e-04 2.746826736256480217e-03
5.947042373009026051e-04 2.751702675595879555e-03
5.946549936197698116e-04 2.768294652923941612e-03
5.942637217231094837e-04 2.755291759967803955e-03
5.937529494985938072e-04 2.769340295344591141e-03
5.932413041591644287e-04 2.776231151074171066e-03
5.928750033490359783e-04 2.766018733382225037e-03
5.927111487835645676e-04 2.786215161904692650e-03
5.922599229961633682e-04 2.780690323561429977e-03
5.916561349295079708e-04 2.780803712084889412e-03
5.913894274272024632e-04 2.798618748784065247e-03
5.911986227147281170e-04 2.789732301607728004e-03
5.907440208829939365e-04 2.801163820549845695e-03
5.902718403376638889e-04 2.808491000905632973e-03
5.899733514524996281e-04 2.803878858685493469e-03
5.896777147427201271e-04 2.816985826939344406e-03
5.893221241421997547e-04 2.814180683344602585e-03
5.889583844691514969e-04 2.818822627887129784e-03
5.885699647478759289e-04 2.826306968927383423e-03
5.882335244677960873e-04 2.824825234711170197e-03
5.879782256670296192e-04 2.834600629284977913e-03
5.876456853002309799e-04 2.833603881299495697e-03
5.872311885468661785e-04 2.839330583810806274e-03
5.869008600711822510e-04 2.845353912562131882e-03
5.866349674761295319e-04 2.844826085492968559e-03
5.863122642040252686e-04 2.855488797649741173e-03
5.859636003151535988e-04 2.855112077668309212e-03
5.856423522345721722e-04 2.861983841285109520e-03
5.853192997165024281e-04 2.867648843675851822e-03
5.850000306963920593e-04 2.867837669327855110e-03
5.847070715390145779e-04 2.878460800275206566e-03
5.844060215167701244e-04 2.877634484320878983e-03
5.840782541781663895e-04 2.885255729779601097e-03
5.837529315613210201e-04 2.889502793550491333e-03
5.834492621943354607e-04 2.890438074246048927e-03
5.831596208736300468e-04 2.899562707170844078e-03
5.828667781315743923e-04 2.898208796977996826e-03
5.825585685670375824e-04 2.905893838033080101e-03
5.822451203130185604e-04 2.908252878114581108e-03
5.819434300065040588e-04 2.911312272772192955e-03
5.816516932100057602e-04 2.917596139013767242e-03
5.813600728288292885e-04 2.918118610978126526e-03
5.810669972561299801e-04 2.925761975347995758e-03
5.807761335745453835e-04 2.926620189100503922e-03
5.804843967780470848e-04 2.932913834229111671e-03
5.801899824291467667e-04 2.935961820185184479e-03
5.798967904411256313e-04 2.939614001661539078e-03
5.796091281808912754e-04 2.945245243608951569e-03
5.793262971565127373e-04 2.947100903838872910e-03
5.790456198155879974e-04 2.953937510028481483e-03
5.787651170976459980e-04 2.955508884042501450e-03
5.784826353192329407e-04 2.962044673040509224e-03
5.781985237263143063e-04 2.964189741760492325e-03
5.779156927019357681e-04 2.969852881506085396e-03
5.776364705525338650e-04 2.973129739984869957e-03
5.773599841631948948e-04 2.977523719891905785e-03
5.770850111730396748e-04 2.981954254209995270e-03
5.768115515820682049e-04 2.985335653647780418e-03
5.765387322753667831e-04 2.990259090438485146e-03
5.762661457993090153e-04 2.993392292410135269e-03
5.759941413998603821e-04 2.998387441039085388e-03
5.757228937000036240e-04 3.001717152073979378e-03
5.754535086452960968e-04 3.006466664373874664e-03
5.751854623667895794e-04 3.010049229487776756e-03
5.749188130721449852e-04 3.014628076925873756e-03
5.746538517996668816e-04 3.018277231603860855e-03
5.743906949646770954e-04 3.023103345185518265e-03
5.741298664361238480e-04 3.026138059794902802e-03
5.738722975365817547e-04 3.032201901078224182e-03
5.736220628023147583e-04 3.032956505194306374e-03
5.733892903663218021e-04 3.042663913220167160e-03
5.732041900046169758e-04 3.037015441805124283e-03
5.731508135795593262e-04 3.058127593249082565e-03
5.734997685067355633e-04 3.033207263797521591e-03
5.750432028435170650e-04 3.090668469667434692e-03
5.805228720419108868e-04 3.009106032550334930e-03
5.967061151750385761e-04 3.181076841428875923e-03
6.435571704059839249e-04 2.978319069370627403e-03
7.044308586046099663e-04 3.268798347562551498e-03
7.201214320957660675e-04 2.911415882408618927e-03
6.800184492021799088e-04 3.232007380574941635e-03
7.406961522065103054e-04 2.966810483485460281e-03
8.523460710421204567e-04 3.355492372065782547e-03
8.316504536196589470e-04 2.920534461736679077e-03
8.222643518820405006e-04 3.105388721451163292e-03
7.196356891654431820e-04 2.796882996335625648e-03
6.067567737773060799e-04 2.861367538571357727e-03
6.180786876939237118e-04 3.042775439098477364e-03
6.502952892333269119e-04 2.813415834680199623e-03
6.808232283219695091e-04 2.954124705865979195e-03
6.402921862900257111e-04 2.838553860783576965e-03
5.925750010646879673e-04 2.812719671055674553e-03
6.031031371094286442e-04 2.967717126011848450e-03
6.224229000508785248e-04 2.863534726202487946e-03
6.366953602991998196e-04 2.916395431384444237e-03
5.919199902564287186e-04 2.882575383409857750e-03
5.813825409859418869e-04 2.865984803065657616e-03
6.049285875633358955e-04 2.967433072626590729e-03
6.023437599651515484e-04 2.861600136384367943e-03
5.950094782747328281e-04 2.937621669843792915e-03
5.799263017252087593e-04 2.955265576019883156e-03
5.849911831319332123e-04 2.875373698770999908e-03
5.926451412960886955e-04 2.984670922160148621e-03
5.880194948986172676e-04 2.913959324359893799e-03
5.809168214909732342e-04 2.924119355157017708e-03
5.733936559408903122e-04 2.994083100929856300e-03
5.824947729706764221e-04 2.909076632931828499e-03
5.855639465153217316e-04 2.972718793898820877e-03
5.744997179135680199e-04 2.960317768156528473e-03
5.727870739065110683e-04 2.938724588602781296e-03
5.746770184487104416e-04 3.008669940754771233e-03
5.773406010121107101e-04 2.955763135105371475e-03
5.757016479037702084e-04 2.991851186379790306e-03
5.689531681127846241e-04 3.003846155479550362e-03
5.707302480004727840e-04 2.974870149046182632e-03
5.729008116759359837e-04 3.030036110430955887e-03
5.713588325306773186e-04 2.991794142872095108e-03
5.702776834368705750e-04 3.014110727235674858e-03
5.679361056536436081e-04 3.028092905879020691e-03
5.679875612258911133e-04 3.001324599608778954e-03
5.693345447070896626e-04 3.051554784178733826e-03
5.684440257027745247e-04 3.021590877324342728e-03
5.676348810084164143e-04 3.037472255527973175e-03
5.664080381393432617e-04 3.048940794542431831e-03
5.653506959788501263e-04 3.027995582669973373e-03
5.662941839545965195e-04 3.064862219616770744e-03
5.665461649186909199e-04 3.043070901185274124e-03
5.654900451190769672e-04 3.058179980143904686e-03
5.646408535540103912e-04 3.059889888390898705e-03
5.639243172481656075e-04 3.055470297113060951e-03
5.637407884933054447e-04 3.080824855715036392e-03
5.643755430355668068e-04 3.063994226977229118e-03
5.643290351144969463e-04 3.084336407482624054e-03
5.633617984130978584e-04 3.078097710385918617e-03
5.627443315461277962e-04 3.087616292759776115e-03
5.622599855996668339e-04 3.095914144068956375e-03
5.621126038022339344e-04 3.090989775955677032e-03
5.623713368549942970e-04 3.110832069069147110e-03
5.622701719403266907e-04 3.097461769357323647e-03
5.617946735583245754e-04 3.115837695077061653e-03
5.613697576336562634e-04 3.107266500592231750e-03
5.609075888060033321e-04 3.117732703685760498e-03
5.604682955890893936e-04 3.122479189187288284e-03
5.603296449407935143e-04 3.117523621767759323e-03
5.603126483038067818e-04 3.132706042379140854e-03
5.601637531071901321e-04 3.126276191323995590e-03
5.600686999969184399e-04 3.144582733511924744e-03
5.599449505098164082e-04 3.134670434519648552e-03
5.596929695457220078e-04 3.150786738842725754e-03
5.593964597210288048e-04 3.143323119729757309e-03
5.592220695689320564e-04 3.157878760248422623e-03
5.589748616330325603e-04 3.155031707137823105e-03
5.587774212472140789e-04 3.165008500218391418e-03
5.586131592281162739e-04 3.166902111843228340e-03
5.585796898230910301e-04 3.173576202243566513e-03
5.585222388617694378e-04 3.173565492033958435e-03
5.587356863543391228e-04 3.184224711731076241e-03
5.589707288891077042e-04 3.179489169269800186e-03
5.599794094450771809e-04 3.197111655026674271e-03
5.606953054666519165e-04 3.182061715051531792e-03
5.632464308291673660e-04 3.211826551705598831e-03
5.643400363624095917e-04 3.181566949933767319e-03
5.681104375980794430e-04 3.233883995562791824e-03
5.675383727066218853e-04 3.172616939991712570e-03
5.691414116881787777e-04 3.263907972723245621e-03
5.688489181920886040e-04 3.159062936902046204e-03
5.716604646295309067e-04 3.309481311589479446e-03
5.773765151388943195e-04 3.146043745800852776e-03
5.876437062397599220e-04 3.369034733623266220e-03
6.010347278788685799e-04 3.139259992167353630e-03
6.192779401317238808e-04 3.431678516790270805e-03
6.370511837303638458e-04 3.141731023788452148e-03
6.575302686542272568e-04 3.453980432823300362e-03
6.676698103547096252e-04 3.141716122627258301e-03
6.751297623850405216e-04 3.377867164090275764e-03
6.586760864593088627e-04 3.130172844976186752e-03
6.428417400456964970e-04 3.209445159882307053e-03
5.918073002249002457e-04 3.134398255497217178e-03
5.622562021017074585e-04 3.122495021671056747e-03
5.655910936184227467e-04 3.236833494156599045e-03
5.858268123120069504e-04 3.118540393188595772e-03
6.072737742215394974e-04 3.252155613154172897e-03
6.026462069712579250e-04 3.111255355179309845e-03
5.816541961394250393e-04 3.200407372787594795e-03
5.624855984933674335e-04 3.172797383740544319e-03
5.622202297672629356e-04 3.154552774503827095e-03
5.713737918995320797e-04 3.207147587090730667e-03
5.740800406783819199e-04 3.134553786367177963e-03
5.711744888685643673e-04 3.230180125683546066e-03
5.673209670931100845e-04 3.138848114758729935e-03
5.630464875139296055e-04 3.195564495399594307e-03
5.610762163996696472e-04 3.154746489599347115e-03
5.605049082078039646e-04 3.161243395879864693e-03
5.595126422122120857e-04 3.212428884580731392e-03
5.575901013799011707e-04 3.146706148982048035e-03
5.591373774223029613e-04 3.244017716497182846e-03
5.612909444607794285e-04 3.161095548421144485e-03
5.591389490291476250e-04 3.225634340196847916e-03
5.546273314394056797e-04 3.214110387489199638e-03
5.521507700905203819e-04 3.207283793017268181e-03
5.528119509108364582e-04 3.258734242990612984e-03
5.540002603083848953e-04 3.198087913915514946e-03
5.546156316995620728e-04 3.271879628300666809e-03
5.551641224883496761e-04 3.218477126210927963e-03
5.549179622903466225e-04 3.271051449701189995e-03
5.534465308301150799e-04 3.232374787330627441e-03
5.513911601155996323e-04 3.258199896663427353e-03
5.499253747984766960e-04 3.251452464610338211e-03
5.493750213645398617e-04 3.257023636251688004e-03
5.495157092809677124e-04 3.278578864410519600e-03
5.502111744135618210e-04 3.257963107898831367e-03
5.507128080353140831e-04 3.298070281744003296e-03
5.507980822585523129e-04 3.263193648308515549e-03
5.501327686943113804e-04 3.312005428597331047e-03
5.495385266840457916e-04 3.278349060565233231e-03
5.491835763677954674e-04 3.321385709568858147e-03
5.487264716066420078e-04 3.287866245955228806e-03
5.481161642819643021e-04 3.322750795632600784e-03
5.476244841702282429e-04 3.296134294942021370e-03
5.476551596075296402e-04 3.331389976665377617e-03
5.481570260599255562e-04 3.302239580079913139e-03
5.492692580446600914e-04 3.342821495607495308e-03
5.509419133886694908e-04 3.301403718069195747e-03
5.556478281505405903e-04 3.372128354385495186e-03
5.591664230450987816e-04 3.291524248197674751e-03
5.698616150766611099e-04 3.422026289626955986e-03
5.711330450139939785e-04 3.271351102739572525e-03
5.811512237414717674e-04 3.515611169859766960e-03
5.968458717688918114e-04 3.264236031100153923e-03
6.307451403699815273e-04 3.668852848932147026e-03
6.811082712374627590e-04 3.296890761703252792e-03
7.572005270048975945e-04 3.792490344494581223e-03
8.035918581299483776e-04 3.311855252832174301e-03
8.080124971456825733e-04 3.540522884577512741e-03
7.137315697036683559e-04 3.222674829885363579e-03
6.446120678447186947e-04 3.213625866919755936e-03
6.250033620744943619e-04 3.291397821158170700e-03
6.211688742041587830e-04 3.116301260888576508e-03
5.815679905936121941e-04 3.214917611330747604e-03
6.025429465807974339e-04 3.248320193961262703e-03
6.594897713512182236e-04 3.210803028196096420e-03
6.050752708688378334e-04 3.124009585008025169e-03
5.544453160837292671e-04 3.208650741726160049e-03
5.906649166718125343e-04 3.201114013791084290e-03
5.975009989924728870e-04 3.149659140035510063e-03
5.716649466194212437e-04 3.260626690462231636e-03
5.763185326941311359e-04 3.140818327665328979e-03
5.793498712591826916e-04 3.195760771632194519e-03
5.546996253542602062e-04 3.280258504673838615e-03
5.616326816380023956e-04 3.159645246341824532e-03
5.778881604783236980e-04 3.244039136916399002e-03
5.618273862637579441e-04 3.190247807651758194e-03
5.504473811015486717e-04 3.194458782672882080e-03
5.604735342785716057e-04 3.276234026998281479e-03
5.561346188187599182e-04 3.206291468814015388e-03
5.523979198187589645e-04 3.250502748414874077e-03
5.597355775535106659e-04 3.242387669160962105e-03
5.531383794732391834e-04 3.250464331358671188e-03
5.445535643957555294e-04 3.263067919760942459e-03
5.514916265383362770e-04 3.265951294451951981e-03
5.530028720386326313e-04 3.303704317659139633e-03
5.473758792504668236e-04 3.249970497563481331e-03
5.497260135598480701e-04 3.315533744171261787e-03
5.491698393598198891e-04 3.283171448856592178e-03
5.428353324532508850e-04 3.277758136391639709e-03
5.449011805467307568e-04 3.325606230646371841e-03
5.471554468385875225e-04 3.264920320361852646e-03
5.443671834655106068e-04 3.318580333143472672e-03
5.443772533908486366e-04 3.315639914944767952e-03
5.447600269690155983e-04 3.318411530926823616e-03
5.417398060671985149e-04 3.319754498079419136e-03
5.410062149167060852e-04 3.323096083477139473e-03
5.423821276053786278e-04 3.348878817632794380e-03
5.416234489530324936e-04 3.337244968861341476e-03
5.412396276369690895e-04 3.370828926563262939e-03
5.419669323600828648e-04 3.336963010951876640e-03
5.406506825238466263e-04 3.375422907993197441e-03
5.393130122683942318e-04 3.361474256962537766e-03
5.395305925048887730e-04 3.367227269336581230e-03
5.392856546677649021e-04 3.378224093466997147e-03
5.381904193200170994e-04 3.370819147676229477e-03
5.383389070630073547e-04 3.389837220311164856e-03
5.387752898968756199e-04 3.378066467121243477e-03
5.380716174840927124e-04 3.408011747524142265e-03
5.375767941586673260e-04 3.387320088222622871e-03
5.380323273129761219e-04 3.414707724004983902e-03
5.379236536100506783e-04 3.393412102013826370e-03
5.375919863581657410e-04 3.426709445193409920e-03
5.376414628699421883e-04 3.407119307667016983e-03
5.381320370361208916e-04 3.444127738475799561e-03
5.382093950174748898e-04 3.401479450985789299e-03
5.388548597693443298e-04 3.467812435701489449e-03
5.403282120823860168e-04 3.398142289370298386e-03
5.434449994936585426e-04 3.496913705021142960e-03
5.468728486448526382e-04 3.390050027519464493e-03
5.551920039579272270e-04 3.548301756381988525e-03
5.644213524647057056e-04 3.380610840395092964e-03
5.828677094541490078e-04 3.634624648839235306e-03
6.000113207846879959e-04 3.372214268893003464e-03
6.288334843702614307e-04 3.729858202859759331e-03
6.506798090413212776e-04 3.372268285602331161e-03
6.752878543920814991e-04 3.732603508979082108e-03
6.729331798851490021e-04 3.361811395734548569e-03
6.583678186871111393e-04 3.585103433579206467e-03
6.184917874634265900e-04 3.362513612955808640e-03
5.831516464240849018e-04 3.407370997592806816e-03
5.601099692285060883e-04 3.429888281971216202e-03
5.551765207201242447e-04 3.334154840558767319e-03
5.604111356660723686e-04 3.482329193502664566e-03
5.640236777253448963e-04 3.335476620122790337e-03
5.650338716804981232e-04 3.453408833593130112e-03
5.628924700431525707e-04 3.381483955308794975e-03
5.621833843179047108e-04 3.396907821297645569e-03
5.597684066742658615e-04 3.421507077291607857e-03
5.529086338356137276e-04 3.356682835146784782e-03
5.444430280476808548e-04 3.430577460676431656e-03
5.381186492741107941e-04 3.382185939699411392e-03
5.394335603341460228e-04 3.429557429626584053e-03
5.459232488647103310e-04 3.432790283113718033e-03
5.506753223016858101e-04 3.418701933696866035e-03
5.486162262968719006e-04 3.446392714977264404e-03
5.403243121691048145e-04 3.423030255362391472e-03
5.330973071977496147e-04 3.444305388256907463e-03
5.318186013028025627e-04 3.458147402852773666e-03
5.358402268029749393e-04 3.452923847362399101e-03
5.403292598202824593e-04 3.477315884083509445e-03
5.407657008618116379e-04 3.470455063506960869e-03
5.372925661504268646e-04 3.471121890470385551e-03
5.328761180862784386e-04 3.489207942038774490e-03
5.306956591084599495e-04 3.465616609901189804e-03
5.313324509188532829e-04 3.507067216560244560e-03
5.330999265424907207e-04 3.482532454654574394e-03
5.342263611964881420e-04 3.507359419018030167e-03
5.335690802894532681e-04 3.502022940665483475e-03
5.320500349625945091e-04 3.500613849610090256e-03
5.302322679199278355e-04 3.528119297698140144e-03
5.292915157042443752e-04 3.506758715957403183e-03
5.293815629556775093e-04 3.545501502230763435e-03
5.301021155901253223e-04 3.515728283673524857e-03
5.309876287356019020e-04 3.553407732397317886e-03
5.308551480993628502e-04 3.528645960614085197e-03
5.303879734128713608e-04 3.558931406587362289e-03
5.291297566145658493e-04 3.540103556588292122e-03
5.281127523630857468e-04 3.563345177099108696e-03
5.274274153634905815e-04 3.551650093868374825e-03
5.272288690321147442e-04 3.570431377738714218e-03
5.273529095575213432e-04 3.564800601452589035e-03
5.275457515381276608e-04 3.575614420697093010e-03
5.276644951663911343e-04 3.575361799448728561e-03
5.275464500300586224e-04 3.580554155632853508e-03
5.273442366160452366e-04 3.587254090234637260e-03
5.269747925922274590e-04 3.583898302167654037e-03
5.266664084047079086e-04 3.598828567191958427e-03
5.263382336124777794e-04 3.587774466723203659e-03
5.262360791675746441e-04 3.616357687860727310e-03
5.262988852337002754e-04 3.587401006370782852e-03
5.269495304673910141e-04 3.641224233433604240e-03
5.282070487737655640e-04 3.578018397092819214e-03
5.314485169947147369e-04 3.687300952151417732e-03
5.368776619434356689e-04 3.556106705218553543e-03
5.500775296241044998e-04 3.782763378694653511e-03
5.698341410607099533e-04 3.538311691954731941e-03
6.149303517304360867e-04 3.993877675384283066e-03
6.794818909838795662e-04 3.599880728870630264e-03
8.063997956924140453e-04 4.320105072110891342e-03
9.436348336748778820e-04 3.763592336326837540e-03
1.095337211154401302e-03 4.148045554757118225e-03
1.006660284474492073e-03 3.571844892576336861e-03
8.417762583121657372e-04 3.520242171362042427e-03
7.608103333041071892e-04 3.727901261299848557e-03
8.107961039058864117e-04 3.315164241939783096e-03
7.149406010285019875e-04 3.391162957996129990e-03
6.172774592414498329e-04 3.459538565948605537e-03
6.727349827997386456e-04 3.295376431196928024e-03
6.412091897800564766e-04 3.437887877225875854e-03
6.562274647876620293e-04 3.446030896157026291e-03
6.895591504871845245e-04 3.251803340390324593e-03
5.853463662788271904e-04 3.326178062707185745e-03
6.005767500028014183e-04 3.355013672262430191e-03
6.158704636618494987e-04 3.304734360426664352e-03
5.975327221676707268e-04 3.333620028570294380e-03
5.922287236899137497e-04 3.322696313261985779e-03
5.716614541597664356e-04 3.351499093696475029e-03
5.780092324130237103e-04 3.299605567008256912e-03
5.583911552093923092e-04 3.305445192381739616e-03
5.683816852979362011e-04 3.394012106582522392e-03
5.673482082784175873e-04 3.309784922748804092e-03
5.431190365925431252e-04 3.317700233310461044e-03
5.532004870474338531e-04 3.400064539164304733e-03
5.553357186727225780e-04 3.328576683998107910e-03
5.416795029304921627e-04 3.346670884639024734e-03
5.538014811463654041e-04 3.389479592442512512e-03
5.369716091081500053e-04 3.379428293555974960e-03
5.392454913817346096e-04 3.371683182194828987e-03
5.438318476080894470e-04 3.383266972377896309e-03
5.345728714019060135e-04 3.414057893678545952e-03
5.412764730863273144e-04 3.394102212041616440e-03
5.296290619298815727e-04 3.401068970561027527e-03
5.348644335754215717e-04 3.420521272346377373e-03
5.331562715582549572e-04 3.438503947108983994e-03
5.305572412908077240e-04 3.444142639636993408e-03
5.323929945006966591e-04 3.433662699535489082e-03
5.268168170005083084e-04 3.484585089609026909e-03
5.296033341437578201e-04 3.475212724879384041e-03
5.270047113299369812e-04 3.447587834671139717e-03
5.279385950416326523e-04 3.502002684399485588e-03
5.271175177767872810e-04 3.486279863864183426e-03
5.246571963652968407e-04 3.466148395091295242e-03
5.251932307146489620e-04 3.504094434902071953e-03
5.249556270428001881e-04 3.489858005195856094e-03
5.244087660685181618e-04 3.489650785923004150e-03
5.232383846305310726e-04 3.511198330670595169e-03
5.240806494839489460e-04 3.501654369756579399e-03
5.218926235102117062e-04 3.507889341562986374e-03
5.223238840699195862e-04 3.519478486850857735e-03
5.228540976531803608e-04 3.517296863719820976e-03
5.213196855038404465e-04 3.527016146108508110e-03
5.219042068347334862e-04 3.535721916705369949e-03
5.207282956689596176e-04 3.525084350258111954e-03
5.207262584008276463e-04 3.545011626556515694e-03
5.206908099353313446e-04 3.553587943315505981e-03
5.200235755182802677e-04 3.540726844221353531e-03
5.202334141358733177e-04 3.564789891242980957e-03
5.196477286517620087e-04 3.564069746062159538e-03
5.193469114601612091e-04 3.564918413758277893e-03
5.191102973185479641e-04 3.576565999537706375e-03
5.188989453017711639e-04 3.575173439458012581e-03
5.186925991438329220e-04 3.585447324439883232e-03
5.185697227716445923e-04 3.584697376936674118e-03
5.183524917811155319e-04 3.596353810280561447e-03
5.178510909900069237e-04 3.605157835409045219e-03
5.179160507395863533e-04 3.605337813496589661e-03
5.176110425963997841e-04 3.616041969507932663e-03
5.172669771127402782e-04 3.622881602495908737e-03
5.173350800760090351e-04 3.626123536378145218e-03
5.170538206584751606e-04 3.629985032603144646e-03
5.168354837223887444e-04 3.641758812591433525e-03
5.166633636690676212e-04 3.643383039161562920e-03
5.164312897250056267e-04 3.648172365501523018e-03
5.162699962966144085e-04 3.654786152765154839e-03
5.160824512131512165e-04 3.663548734039068222e-03
5.159324500709772110e-04 3.667543409392237663e-03
5.157244158908724785e-04 3.669945057481527328e-03
