9.455633908510208130e-02 1.909240037202835083e-01
1.700029075145721436e-01 7.531318068504333496e-02
6.872327625751495361e-02 3.643983602523803711e-02
3.299980983138084412e-02 4.300045222043991089e-02
3.844946250319480896e-02 5.784136429429054260e-02
5.009152367711067200e-02 4.979757592082023621e-02
4.094373807311058044e-02 3.458286076784133911e-02
2.672378532588481903e-02 2.850068919360637665e-02
2.217110618948936462e-02 2.957996167242527008e-02
2.482154965400695801e-02 3.050071373581886292e-02
2.738249115645885468e-02 2.925564534962177277e-02
2.720028720796108246e-02 2.634467184543609619e-02
2.437029592692852020e-02 2.269990555942058563e-02
2.009772695600986481e-02 2.031067013740539551e-02
1.665217056870460510e-02 1.984815113246440887e-02
1.530741620808839798e-02 2.045506983995437622e-02
1.557678263634443283e-02 2.097469195723533630e-02
1.620427519083023071e-02 2.086227945983409882e-02
1.639468409121036530e-02 2.021767199039459229e-02
1.609730906784534454e-02 1.919335126876831055e-02
1.544349640607833862e-02 1.791275851428508759e-02
1.452030148357152939e-02 1.668182760477066040e-02
1.355313695967197418e-02 1.584889739751815796e-02
1.283468306064605713e-02 1.550146471709012985e-02
1.246351189911365509e-02 1.539365109056234360e-02
1.225613337010145187e-02 1.520556770265102386e-02
1.194295380264520645e-02 1.481223106384277344e-02
1.142730377614498138e-02 1.426975522190332413e-02
1.079343818128108978e-02 1.359421666711568832e-02
1.007836498320102692e-02 1.278649456799030304e-02
9.286891669034957886e-03 1.198210008442401886e-02
8.532019332051277161e-03 1.130463276058435440e-02
7.924268953502178192e-03 1.070243958383798599e-02
7.421842776238918304e-03 1.011095847934484482e-02
6.947210524231195450e-03 9.523556567728519440e-03
6.470717489719390869e-03 8.945790119469165802e-03
5.989769008010625839e-03 8.400020189583301544e-03
5.517610814422369003e-03 7.954332046210765839e-03
5.119282752275466919e-03 7.656243164092302322e-03
4.860193468630313873e-03 7.450562901794910431e-03
4.705206956714391708e-03 7.229474838823080063e-03
4.554646555334329605e-03 6.934751290827989578e-03
4.356271587312221527e-03 6.590014789253473282e-03
4.126216750591993332e-03 6.255752407014369965e-03
3.898651571944355965e-03 5.974932108074426651e-03
3.689689328894019127e-03 5.763050168752670288e-03
3.505815984681248665e-03 5.613243672996759415e-03
3.349871840327978134e-03 5.494832061231136322e-03
3.211125265806913376e-03 5.376957356929779053e-03
3.077819477766752243e-03 5.261523183435201645e-03
2.955371513962745667e-03 5.164221394807100296e-03
2.849048469215631485e-03 5.076046101748943329e-03
2.751481253653764725e-03 4.974504001438617706e-03
2.652154304087162018e-03 4.845746327191591263e-03
2.542536938562989235e-03 4.696548450738191605e-03
2.426552353426814079e-03 4.549460019916296005e-03
2.317769220098853111e-03 4.421174060553312302e-03
2.219772664830088615e-03 4.312803037464618683e-03
2.123230602592229843e-03 4.220467526465654373e-03
2.024271059781312943e-03 4.141672048717737198e-03
1.931303413584828377e-03 4.069413989782333374e-03
1.851735170930624008e-03 3.992679994553327560e-03
1.784412423148751259e-03 3.905030433088541031e-03
1.725142239592969418e-03 3.805093467235565186e-03
1.668966142460703850e-03 3.692534985020756721e-03
1.609456609003245831e-03 3.572207177057862282e-03
1.545052859000861645e-03 3.456640290096402168e-03
1.482756808400154114e-03 3.355207387357950211e-03
1.428879564628005028e-03 3.265309147536754608e-03
1.381085719913244247e-03 3.180542029440402985e-03
1.334778382442891598e-03 3.100613597780466080e-03
1.290207495912909508e-03 3.028169274330139160e-03
1.248618355020880699e-03 2.963750157505273819e-03
1.209012232720851898e-03 2.906886395066976547e-03
1.171372365206480026e-03 2.855835482478141785e-03
1.136859646067023277e-03 2.806136384606361389e-03
1.104665920138359070e-03 2.754321554675698280e-03
1.073214574716985226e-03 2.701522549614310265e-03
1.042660907842218876e-03 2.650570590049028397e-03
1.013184199109673500e-03 2.602709690108895302e-03
9.842910803854465485e-04 2.557930303737521172e-03
9.567497181706130505e-04 2.514913212507963181e-03
9.313802584074437618e-04 2.471816958859562874e-03
9.073553374037146568e-04 2.429081127047538757e-03
8.841314120218157768e-04 2.388846129179000854e-03
8.621384622529149055e-04 2.351840492337942123e-03
8.407438290305435658e-04 2.318365266546607018e-03
8.190803346224129200e-04 2.289915923029184341e-03
7.978627691045403481e-04 2.266477560624480247e-03
7.778522558510303497e-04 2.245281590148806572e-03
7.587032159790396690e-04 2.223672810941934586e-03
7.401623879559338093e-04 2.200896386057138443e-03
7.223132415674626827e-04 2.177435671910643578e-03
7.051183492876589298e-04 2.154165878891944885e-03
6.887665949761867523e-04 2.131435787305235863e-03
6.731865578331053257e-04 2.108921529725193977e-03
6.577392341569066048e-04 2.086377702653408051e-03
6.422929000109434128e-04 2.063279738649725914e-03
6.273061735555529594e-04 2.038219943642616272e-03
6.128319073468446732e-04 2.010168274864554405e-03
5.987398908473551273e-04 1.979498658329248428e-03
5.851319292560219765e-04 1.947692129760980606e-03
5.720066837966442108e-04 1.917204237543046474e-03
5.593235255219042301e-04 1.890744431875646114e-03
5.471056210808455944e-04 1.869545551016926765e-03
5.351884174160659313e-04 1.852764165960252285e-03
5.234719137661159039e-04 1.838411670178174973e-03
5.120515124872326851e-04 1.824500272050499916e-03
5.008698790334165096e-04 1.809874549508094788e-03
4.898583283647894859e-04 1.794425537809729576e-03
4.791651736013591290e-04 1.778798876330256462e-03
4.688812186941504478e-04 1.763991778716444969e-03
4.589913005474954844e-04 1.750523224472999573e-03
4.494623281061649323e-04 1.737916725687682629e-03
4.401799233164638281e-04 1.725403591990470886e-03
4.310873628128319979e-04 1.712513505481183529e-03
4.222541465424001217e-04 1.698893145658075809e-03
4.137021023780107498e-04 1.684526097960770130e-03
4.054031451232731342e-04 1.670077093876898289e-03
3.973303828388452530e-04 1.656383159570395947e-03
3.894525871146470308e-04 1.643787953071296215e-03
3.817999968305230141e-04 1.632204861380159855e-03
3.744005516637116671e-04 1.621572533622384071e-03
3.672076563816517591e-04 1.611937535926699638e-03
3.602028882596641779e-04 1.603234442882239819e-03
3.534002171363681555e-04 1.595305046066641808e-03
3.467869828455150127e-04 1.587846199981868267e-03
3.403638838790357113e-04 1.580281183123588562e-03
3.341302508488297462e-04 1.572237350046634674e-03
3.280751116108149290e-04 1.564040430821478367e-03
3.221989027224481106e-04 1.556274597533047199e-03
3.164851805195212364e-04 1.549253240227699280e-03
3.109198587480932474e-04 1.543055288493633270e-03
3.055106499232351780e-04 1.537544187158346176e-03
3.002476587425917387e-04 1.532351714558899403e-03
2.951172937173396349e-04 1.527230022475123405e-03
2.901161788031458855e-04 1.522215083241462708e-03
2.852406760212033987e-04 1.517301774583756924e-03
2.804931718856096268e-04 1.512386021204292774e-03
2.758674090728163719e-04 1.507610199041664600e-03
2.713526191655546427e-04 1.503231702372431755e-03
2.669485693331807852e-04 1.499287202022969723e-03
2.626489731483161449e-04 1.495694974437355995e-03
2.584483590908348560e-04 1.492304611019790173e-03
2.543477166909724474e-04 1.488863839767873287e-03
2.503433497622609138e-04 1.485341694205999374e-03
2.464333956595510244e-04 1.481949468143284321e-03
2.426150749670341611e-04 1.478729536756873131e-03
2.388840948697179556e-04 1.475602621212601662e-03
2.352406299905851483e-04 1.472604693844914436e-03
2.316817699465900660e-04 1.469793962314724922e-03
2.282049390487372875e-04 1.467234920710325241e-03
2.248063537990674376e-04 1.465019420720636845e-03
2.214836131315678358e-04 1.463027903810143471e-03
2.182365715270861983e-04 1.461056992411613464e-03
2.150634536519646645e-04 1.459135790355503559e-03
2.119627897627651691e-04 1.457331702113151550e-03
2.089334448100998998e-04 1.455612713471055031e-03
2.059731195913627744e-04 1.453943317756056786e-03
2.030804607784375548e-04 1.452214433811604977e-03
2.002536057261750102e-04 1.450404874049127102e-03
1.974916813196614385e-04 1.448694849386811256e-03
1.947936107171699405e-04 1.447156304493546486e-03
1.921567891258746386e-04 1.445700414478778839e-03
1.895808090921491385e-04 1.444251392967998981e-03
1.870647975010797381e-04 1.442719367332756519e-03
1.846076484071090817e-04 1.441124593839049339e-03
1.822071499191224575e-04 1.439579762518405914e-03
1.798621669877320528e-04 1.438072999007999897e-03
1.775718992576003075e-04 1.436615246348083019e-03
1.753350952640175819e-04 1.435274374671280384e-03
1.731507945805788040e-04 1.434052712284028530e-03
1.710178912617266178e-04 1.432954333722591400e-03
1.689353230176493526e-04 1.431903685443103313e-03
1.669022312853485346e-04 1.430795760825276375e-03
1.649171317694708705e-04 1.429661409929394722e-03
1.629791950108483434e-04 1.428513438440859318e-03
1.610871258890256286e-04 1.427353010512888432e-03
1.592400803929194808e-04 1.426187693141400814e-03
1.574370398884639144e-04 1.425006426870822906e-03
1.556770293973386288e-04 1.423891400918364525e-03
1.539590593893080950e-04 1.422898843884468079e-03
1.522823295090347528e-04 1.421998138539493084e-03
1.506454282207414508e-04 1.421164721250534058e-03
1.490476861363276839e-04 1.420347485691308975e-03
1.474879973102360964e-04 1.419550506398081779e-03
1.459656195947900414e-04 1.418783911503851414e-03
1.444793015252798796e-04 1.418002182617783546e-03
1.430285483365878463e-04 1.417220570147037506e-03
1.416119921486824751e-04 1.416443963535130024e-03
1.402292255079373717e-04 1.415710779838263988e-03
1.388789823977276683e-04 1.415027771145105362e-03
1.375605643261224031e-04 1.414340687915682793e-03
1.362730399705469608e-04 1.413646503351628780e-03
1.350154198007658124e-04 1.412935089319944382e-03
1.337871508440002799e-04 1.412226236425340176e-03
1.325873163295909762e-04 1.411531469784677029e-03
1.314148685196414590e-04 1.410837983712553978e-03
1.302692689932882786e-04 1.410185126587748528e-03
1.291497173951938748e-04 1.409560325555503368e-03
1.280551659874618053e-04 1.408972893841564655e-03
1.269852655241265893e-04 1.408386859111487865e-03
1.259388664038851857e-04 1.407789415679872036e-03
1.249154156539589167e-04 1.407194184139370918e-03
1.239144039573147893e-04 1.406597439199686050e-03
1.229347981279715896e-04 1.406023162417113781e-03
1.219762052642181516e-04 1.405438059009611607e-03
1.210377231473103166e-04 1.404879614710807800e-03
1.201189515995793045e-04 1.404317095875740051e-03
1.192192066810093820e-04 1.403769012540578842e-03
1.183377535198815167e-04 1.403199159540235996e-03
1.174740318674594164e-04 1.402635010890662670e-03
1.166276124422438443e-04 1.402074005454778671e-03
1.157979495474137366e-04 1.401536865159869194e-03
1.149842719314619899e-04 1.401005545631051064e-03
1.141862740041688085e-04 1.400477369315922260e-03
1.134034173446707428e-04 1.399942440912127495e-03
1.126352217397652566e-04 1.399400178343057632e-03
1.118812433560378850e-04 1.398854074068367481e-03
1.111410529119893909e-04 1.398292835801839828e-03
1.104140246752649546e-04 1.397747080773115158e-03
1.096998457796871662e-04 1.397185493260622025e-03
1.089983488782308996e-04 1.396671636030077934e-03
1.083088791347108781e-04 1.396088977344334126e-03
1.076311818906106055e-04 1.395614468492567539e-03
1.069648351403884590e-04 1.394963008351624012e-03
1.063095551216974854e-04 1.394605031237006187e-03
1.056651090038940310e-04 1.393761835061013699e-03
1.050311111612245440e-04 1.393740996718406677e-03
1.044076925609260798e-04 1.392313512042164803e-03
1.037953843479044735e-04 1.393344369716942310e-03
1.031967258313670754e-04 1.390061923302710056e-03
1.026205864036455750e-04 1.394540653564035892e-03
1.020977870211936533e-04 1.385210431180894375e-03
1.017329559545032680e-04 1.401912886649370193e-03
1.018941256916150451e-04 1.373140257783234119e-03
1.038924674503505230e-04 1.439043669961392879e-03
1.123876063502393663e-04 1.361025380901992321e-03
1.440614287275820971e-04 1.669146935455501080e-03
2.493936335667967796e-04 1.603506621904671192e-03
5.511638009920716286e-04 2.809134311974048615e-03
1.133843208663165569e-03 2.562120091170072556e-03
1.677597756497561932e-03 3.092597471550107002e-03
1.378751127049326897e-03 1.468460657633841038e-03
3.118570894002914429e-04 1.456964761018753052e-03
3.046797646675258875e-04 2.413555746898055077e-03
8.917367667891085148e-04 1.487020403146743774e-03
3.871232038363814354e-04 1.343667740002274513e-03
2.033302735071629286e-04 2.041133353486657143e-03
6.143929203972220421e-04 1.364268362522125244e-03
2.403489779680967331e-04 1.379555091261863708e-03
2.524781157262623310e-04 1.872646389529109001e-03
4.501946968957781792e-04 1.351563725620508194e-03
1.358845038339495659e-04 1.446536043658852577e-03
3.216771001461893320e-04 1.619893126189708710e-03
2.758110058493912220e-04 1.411235658451914787e-03
1.422222849214449525e-04 1.446451875381171703e-03
3.159413754474371672e-04 1.418319414369761944e-03
1.454558369005098939e-04 1.512080896645784378e-03
2.033078199019655585e-04 1.378745073452591896e-03
2.232630795333534479e-04 1.345840399153530598e-03
1.164733184850774705e-04 1.566925435326993465e-03
2.212491963291540742e-04 1.354190637357532978e-03
1.349856611341238022e-04 1.359177636913955212e-03
1.496443001087754965e-04 1.519836834631860256e-03
1.796214637579396367e-04 1.369500998407602310e-03
1.067454577423632145e-04 1.355426618829369545e-03
1.670735073275864124e-04 1.427898881956934929e-03
1.279443094972521067e-04 1.406792667694389820e-03
1.176794321509078145e-04 1.344813848845660686e-03
1.502657105447724462e-04 1.369539764709770679e-03
1.014930749079212546e-04 1.436440157704055309e-03
1.288895145989954472e-04 1.339108799584209919e-03
1.217146855196915567e-04 1.343839219771325588e-03
9.922942990669980645e-05 1.430816249921917915e-03
1.260097051272168756e-04 1.335525885224342346e-03
1.017839094856753945e-04 1.333536813035607338e-03
1.042415751726366580e-04 1.410064869560301304e-03
1.149731178884394467e-04 1.344387768767774105e-03
9.378206596011295915e-05 1.332003623247146606e-03
1.061606890289112926e-04 1.388345379382371902e-03
1.035578461596742272e-04 1.351721817627549171e-03
9.190352284349501133e-05 1.325830817222595215e-03
1.039559574564918876e-04 1.368244644254446030e-03
9.557322482578456402e-05 1.360179157927632332e-03
9.171955753117799759e-05 1.332143438048660755e-03
9.964591299649327993e-05 1.366733689792454243e-03
9.081121243070811033e-05 1.371623133309185505e-03
9.115845023188740015e-05 1.338962349109351635e-03
9.539334860164672136e-05 1.365231350064277649e-03
8.807345875538885593e-05 1.375379157252609730e-03
8.975378295872360468e-05 1.342239324003458023e-03
9.177643369184806943e-05 1.364098163321614265e-03
8.621343295089900494e-05 1.377191161736845970e-03
8.799621718935668468e-05 1.347102923318743706e-03
8.891474863048642874e-05 1.364944735541939735e-03
8.476869697915390134e-05 1.376122818328440189e-03
8.615005208412185311e-05 1.349303289316594601e-03
8.665314817335456610e-05 1.366402371786534786e-03
8.353256271220743656e-05 1.375744002871215343e-03
8.437472570221871138e-05 1.352351624518632889e-03
8.481871191179379821e-05 1.368818222545087337e-03
8.241484465543180704e-05 1.374579383991658688e-03
8.274124411400407553e-05 1.353517873212695122e-03
8.321816858369857073e-05 1.367723569273948669e-03
8.139927376760169864e-05 1.368719385936856270e-03
8.125349268084391952e-05 1.352225430309772491e-03
8.176155824912711978e-05 1.367894234135746956e-03
8.047144365264102817e-05 1.366270822472870350e-03
7.995422492967918515e-05 1.354268402792513371e-03
8.039020030992105603e-05 1.369954203255474567e-03
7.958021160447970033e-05 1.364656025543808937e-03
7.883638318162411451e-05 1.356147811748087406e-03
7.908412226242944598e-05 1.370138954371213913e-03
7.869734690757468343e-05 1.361599424853920937e-03
7.789151277393102646e-05 1.357731758616864681e-03
7.785970228724181652e-05 1.369904261082410812e-03
7.775863196002319455e-05 1.359694520942866802e-03
7.708184421062469482e-05 1.360316411592066288e-03
7.676224777242168784e-05 1.369204372167587280e-03
7.675364759052172303e-05 1.358660170808434486e-03
7.632620690856128931e-05 1.362803042866289616e-03
7.584031118312850595e-05 1.366853248327970505e-03
7.572727190563455224e-05 1.357907545752823353e-03
7.552943134214729071e-05 1.364784198813140392e-03
7.507225382141768932e-05 1.363836345262825489e-03
7.477850158466026187e-05 1.358056091703474522e-03
7.465310045517981052e-05 1.365678268484771252e-03
7.435412408085539937e-05 1.360930851660668850e-03
7.397308218060061336e-05 1.359202899038791656e-03
7.375876157311722636e-05 1.364682218991219997e-03
7.358212315011769533e-05 1.357986358925700188e-03
7.326903141802176833e-05 1.360260648652911186e-03
7.295537943718954921e-05 1.362146926112473011e-03
7.275622920133173466e-05 1.356694730930030346e-03
7.255089440150186419e-05 1.361481496132910252e-03
7.225891022244468331e-05 1.359419082291424274e-03
7.198296225396916270e-05 1.357138040475547314e-03
7.178076339187100530e-05 1.361278118565678596e-03
7.156976789701730013e-05 1.356731168925762177e-03
7.130362791940569878e-05 1.358043984510004520e-03
7.104701217031106353e-05 1.359183224849402905e-03
7.083915261318907142e-05 1.355303684249520302e-03
7.063217344693839550e-05 1.358750159852206707e-03
7.039019692456349730e-05 1.356737571768462658e-03
7.014594302745535970e-05 1.355993328616023064e-03
6.993294664425775409e-05 1.358504523523151875e-03
6.973119889153167605e-05 1.355161890387535095e-03
6.951016257517039776e-05 1.357224187813699245e-03
6.927854701643809676e-05 1.356686931103467941e-03
6.906218186486512423e-05 1.354878302663564682e-03
6.886180926812812686e-05 1.357127795927226543e-03
6.865729665150865912e-05 1.354413689114153385e-03
6.844114250270649791e-05 1.355376909486949444e-03
6.822643626946955919e-05 1.355429063551127911e-03
6.802394636906683445e-05 1.353656058199703693e-03
6.782817217754200101e-05 1.355612184852361679e-03
6.762789416825398803e-05 1.353551633656024933e-03
6.742231926182284951e-05 1.354139647446572781e-03
6.721964018652215600e-05 1.354141859337687492e-03
6.702467362629249692e-05 1.352556515485048294e-03
6.683386891381815076e-05 1.353931380435824394e-03
6.664119428023695946e-05 1.352045219391584396e-03
6.644593668170273304e-05 1.352606923319399357e-03
6.625214155064895749e-05 1.352304127067327499e-03
6.606287934118881822e-05 1.351243234239518642e-03
6.587748794117942452e-05 1.352212857455015182e-03
6.569270772160962224e-05 1.350563718006014824e-03
6.550697435159236193e-05 1.351308077573776245e-03
6.532119732582941651e-05 1.350508653558790684e-03
6.513756670756265521e-05 1.350041711702942848e-03
6.495697743957862258e-05 1.350381760857999325e-03
6.477865099441260099e-05 1.349046942777931690e-03
6.460113218054175377e-05 1.349763711914420128e-03
6.442369340220466256e-05 1.348540186882019043e-03
6.424674938898533583e-05 1.348727033473551273e-03
6.407125329133123159e-05 1.348290126770734787e-03
6.389771442627534270e-05 1.347635407000780106e-03
6.372602365445345640e-05 1.347890705801546574e-03
6.355574441840872169e-05 1.346742035821080208e-03
6.338627281365916133e-05 1.347200013697147369e-03
6.321752152871340513e-05 1.346147269941866398e-03
6.304957787506282330e-05 1.346292207017540932e-03
6.288278382271528244e-05 1.345704076811671257e-03
6.271736492635682225e-05 1.345328171737492085e-03
6.255332846194505692e-05 1.345216413028538227e-03
6.239063077373430133e-05 1.344393473118543625e-03
6.222910451469942927e-05 1.344570307992398739e-03
6.206853140611201525e-05 1.343589159660041332e-03
6.190888962009921670e-05 1.343832467682659626e-03
6.175021553644910455e-05 1.342920353636145592e-03
6.159242184367030859e-05 1.343020354397594929e-03
6.143567588878795505e-05 1.342297880910336971e-03
6.127998494775965810e-05 1.342156552709639072e-03
6.112537084845826030e-05 1.341658295132219791e-03
6.097178629715926945e-05 1.341288560070097446e-03
6.081929677748121321e-05 1.341003575362265110e-03
6.066782589186914265e-05 1.340444316156208515e-03
6.051730451872572303e-05 1.340323011390864849e-03
6.036783452145755291e-05 1.339614158496260643e-03
6.021929948474280536e-05 1.339627313427627087e-03
6.007171759847551584e-05 1.338782254606485367e-03
5.992512524244375527e-05 1.338937552645802498e-03
5.977952605462633073e-05 1.337946509011089802e-03
5.963482908555306494e-05 1.338294241577386856e-03
5.949121623416431248e-05 1.337066292762756348e-03
5.934868022450245917e-05 1.337705412879586220e-03
5.920729017816483974e-05 1.336070825345814228e-03
5.906738078920170665e-05 1.337239402346313000e-03
5.892918125027790666e-05 1.334894681349396706e-03
5.879349555470980704e-05 1.337045221589505672e-03
5.866170977242290974e-05 1.333382679149508476e-03
5.853615584783256054e-05 1.337393885478377342e-03
5.842200698680244386e-05 1.331181963905692101e-03
5.832907481817528605e-05 1.338892034254968166e-03
5.827763743582181633e-05 1.327625592239201069e-03
5.830893496749922633e-05 1.343033392913639545e-03
5.851136302226223052e-05 1.321510178968310356e-03
5.907218292122706771e-05 1.353880157694220543e-03
6.040568405296653509e-05 1.311523374170064926e-03
6.341963307932019234e-05 1.384239876642823219e-03
7.019298209343105555e-05 1.302149728871881962e-03
8.535999950254335999e-05 1.482034451328217983e-03
1.197910096379928291e-04 1.344262389466166496e-03
1.968485594261437654e-04 1.844943850301206112e-03
3.688056021928787231e-04 1.722745713777840137e-03
7.158479420468211174e-04 3.043407574295997620e-03
1.331384642980992794e-03 2.774922875687479973e-03
1.914345310069620609e-03 3.618451301008462906e-03
1.837059739045798779e-03 1.636621309444308281e-03
5.784715758636593819e-04 1.316105597652494907e-03
1.542207028251141310e-04 2.353816526010632515e-03
8.674596901983022690e-04 1.544957980513572693e-03
5.249892128631472588e-04 1.275388523936271667e-03
1.288142957491800189e-04 2.051608869805932045e-03
5.910815089009702206e-04 1.358809648081660271e-03
2.585545880720019341e-04 1.355590880848467350e-03
2.166831545764580369e-04 1.900299685075879097e-03
4.284207243472337723e-04 1.353664440102875233e-03
1.061866278178058565e-04 1.449416042305529118e-03
3.285278507973998785e-04 1.549841836094856262e-03
2.024467539740726352e-04 1.483175321482121944e-03
1.609876198926940560e-04 1.406237599439918995e-03
2.704436774365603924e-04 1.345466123893857002e-03
9.400165436090901494e-05 1.612332183867692947e-03
2.349094429519027472e-04 1.335608656518161297e-03
1.183722124551422894e-04 1.355118351057171822e-03
1.553413167130202055e-04 1.545944251120090485e-03
1.637964451219886541e-04 1.420812564902007580e-03
9.381985728396102786e-05 1.364742638543248177e-03
1.706130133243277669e-04 1.388274482451379299e-03
8.237221481977030635e-05 1.493914867751300335e-03
1.359372836304828525e-04 1.317570218816399574e-03
1.048642880050465465e-04 1.313276938162744045e-03
9.167959797196090221e-05 1.458914135582745075e-03
1.221438287757337093e-04 1.339782029390335083e-03
7.179062231443822384e-05 1.314835273660719395e-03
1.127481009461916983e-04 1.380861038342118263e-03
8.068147144513204694e-05 1.393176498822867870e-03
8.647963113617151976e-05 1.303833909332752228e-03
9.461693844059482217e-05 1.312467036768794060e-03
6.861948349978774786e-05 1.390929333865642548e-03
9.346840670332312584e-05 1.297796959988772869e-03
7.099555659806355834e-05 1.293039415031671524e-03
7.749496580800041556e-05 1.370038371533155441e-03
8.067363523878157139e-05 1.328085316345095634e-03
6.556570588145405054e-05 1.299815718084573746e-03
8.062243432505056262e-05 1.342836185358464718e-03
6.742767436662688851e-05 1.349348109215497971e-03
6.978242163313552737e-05 1.297059585340321064e-03
7.339981675613671541e-05 1.316102687269449234e-03
6.271155143622308969e-05 1.356306485831737518e-03
7.117477798601612449e-05 1.306467107497155666e-03
6.514888082165271044e-05 1.311049796640872955e-03
6.365314766298979521e-05 1.357743982225656509e-03
6.799955008318647742e-05 1.321122632361948490e-03
6.087858855607919395e-05 1.308026723563671112e-03
6.475765985669568181e-05 1.344775897450745106e-03
6.335623038467019796e-05 1.329634804278612137e-03
6.003595626680180430e-05 1.306556630879640579e-03
6.365944136632606387e-05 1.332133775576949120e-03
5.990190402371808887e-05 1.335808308795094490e-03
6.022840170771814883e-05 1.308982493355870247e-03
6.137859600130468607e-05 1.324358861893415451e-03
5.816725388285703957e-05 1.339267357252538204e-03
5.993646482238546014e-05 1.313626184128224850e-03
5.904277713852934539e-05 1.320640905760228634e-03
5.752481229137629271e-05 1.339293085038661957e-03
5.902326665818691254e-05 1.316670794039964676e-03
5.737043466069735587e-05 1.315717468969523907e-03
5.718158354284241796e-05 1.334629487246274948e-03
5.785576286143623292e-05 1.319355564191937447e-03
5.633647378999739885e-05 1.315296511165797710e-03
5.676642831531353295e-05 1.333975000306963921e-03
5.669543679687194526e-05 1.325150486081838608e-03
5.565190440393052995e-05 1.317304908297955990e-03
5.618039358523674309e-05 1.331548555754125118e-03
5.573432281380519271e-05 1.325663528405129910e-03
5.513039650395512581e-05 1.315674744546413422e-03
5.552774746320210397e-05 1.327117555774748325e-03
5.496695666806772351e-05 1.325054210610687733e-03
5.466076254379004240e-05 1.315756118856370449e-03
5.488062015501782298e-05 1.325369812548160553e-03
5.434993363451212645e-05 1.325249788351356983e-03
5.420019806479103863e-05 1.315985224209725857e-03
5.427969517768360674e-05 1.323374337516725063e-03
5.382661765906959772e-05 1.324235461652278900e-03
5.374060856411233544e-05 1.315749948844313622e-03
5.372985469875857234e-05 1.321820891462266445e-03
5.335461537470109761e-05 1.323355245403945446e-03
5.328623228706419468e-05 1.315961009822785854e-03
5.323045115801505744e-05 1.320951385423541069e-03
5.292327477945946157e-05 1.322363852523267269e-03
5.284812868922017515e-05 1.315841800533235073e-03
5.277314267004840076e-05 1.319984556175768375e-03
5.251609763945452869e-05 1.320916227996349335e-03
5.243011764832772315e-05 1.315213623456656933e-03
5.234905620454810560e-05 1.318975700996816158e-03
5.213194526731967926e-05 1.319611445069313049e-03
5.203200998948886991e-05 1.314955530688166618e-03
5.195143967284820974e-05 1.318666152656078339e-03
5.176550257601775229e-05 1.318990369327366352e-03
5.165419497643597424e-05 1.315165427513420582e-03
5.157331906957551837e-05 1.318539376370608807e-03
5.141262590768747032e-05 1.318181981332600117e-03
5.129306373419240117e-05 1.314998953603208065e-03
5.121156573295593262e-05 1.318012247793376446e-03
5.107234028400853276e-05 1.317078480497002602e-03
5.094708103570155799e-05 1.314731547608971596e-03
5.086234887130558491e-05 1.317530404776334763e-03
5.074121872894465923e-05 1.316134119406342506e-03
5.061550837126560509e-05 1.314523979090154171e-03
5.052538472227752209e-05 1.316936803050339222e-03
5.041909389547072351e-05 1.315152738243341446e-03
5.029705062042921782e-05 1.314293360337615013e-03
5.020109529141336679e-05 1.316326903179287910e-03
5.010437962482683361e-05 1.314436667598783970e-03
4.998948497814126313e-05 1.314284047111868858e-03
4.988819273421540856e-05 1.315686269663274288e-03
4.979639925295487046e-05 1.313666580244898796e-03
4.969077053829096258e-05 1.313967281021177769e-03
4.958695717505179346e-05 1.314650522544980049e-03
4.949558569933287799e-05 1.312806154601275921e-03
4.939833888784050941e-05 1.313590095378458500e-03
4.929606802761554718e-05 1.313690212555229664e-03
4.920285209664143622e-05 1.312210573814809322e-03
4.911145515507087111e-05 1.313155749812722206e-03
4.901373540633358061e-05 1.312621403485536575e-03
4.891905336990021169e-05 1.311579137109220028e-03
4.882994107902050018e-05 1.312465523369610310e-03
4.873774742009118199e-05 1.311540137976408005e-03
4.864376387558877468e-05 1.311075757257640362e-03
4.855453153140842915e-05 1.311711734160780907e-03
4.846654701395891607e-05 1.310596126131713390e-03
4.837574306293390691e-05 1.310621737502515316e-03
4.828631790587678552e-05 1.310846302658319473e-03
4.820014146389439702e-05 1.309801125898957253e-03
4.811327016795985401e-05 1.310144085437059402e-03
4.802529656444676220e-05 1.309883780777454376e-03
4.793943298864178360e-05 1.309065381065011024e-03
4.785518467542715371e-05 1.309443148784339428e-03
4.777006688527762890e-05 1.308802864514291286e-03
4.768503640661947429e-05 1.308398670516908169e-03
4.760185038321651518e-05 1.308660604991018772e-03
4.751944288727827370e-05 1.307889819145202637e-03
4.743647150462493300e-05 1.307851751334965229e-03
4.735408947453834116e-05 1.307770027779042721e-03
4.727307168650440872e-05 1.307043479755520821e-03
4.719246135209687054e-05 1.307181548327207565e-03
4.711172368843108416e-05 1.306778052821755409e-03
4.703160448116250336e-05 1.306327292695641518e-03
4.695256211562082171e-05 1.306443009525537491e-03
4.687385080615058541e-05 1.305838231928646564e-03
4.679520134232006967e-05 1.305653364397585392e-03
4.671722490456886590e-05 1.305521233007311821e-03
4.663997606257908046e-05 1.304930890910327435e-03
4.656314195017330348e-05 1.304934849031269550e-03
4.648648973670788109e-05 1.304578152485191822e-03
4.641035775421187282e-05 1.304204692132771015e-03
4.633489152183756232e-05 1.304192584939301014e-03
4.625984001904726028e-05 1.303687691688537598e-03
4.618505408870987594e-05 1.303517841733992100e-03
4.611067924997769296e-05 1.303311903029680252e-03
4.603687557391822338e-05 1.302852528169751167e-03
4.596362123265862465e-05 1.302790245972573757e-03
4.589055242831818759e-05 1.302404445596039295e-03
4.581788016366772354e-05 1.302123884670436382e-03
4.574573176796548069e-05 1.301985699683427811e-03
4.567402720567770302e-05 1.301544718444347382e-03
4.560266461339779198e-05 1.301407697610557079e-03
4.553161124931648374e-05 1.301107113249599934e-03
4.546103446045890450e-05 1.300765783526003361e-03
4.539086876320652664e-05 1.300626317970454693e-03
4.532107050181366503e-05 1.300222356803715229e-03
4.525159602053463459e-05 1.300020026974380016e-03
4.518250716500915587e-05 1.299760886467993259e-03
4.511383667704649270e-05 1.299409428611397743e-03
4.504548633121885359e-05 1.299254712648689747e-03
4.497753252508118749e-05 1.298895105719566345e-03
4.490988794714212418e-05 1.298663206398487091e-03
4.484262899495661259e-05 1.298421993851661682e-03
4.477572656469419599e-05 1.298076706007122993e-03
4.470921703614294529e-05 1.297897775657474995e-03
4.464294761419296265e-05 1.297562499530613422e-03
4.457705290406011045e-05 1.297320239245891571e-03
4.451152199180796742e-05 1.297078561037778854e-03
4.444630030775442719e-05 1.296752016060054302e-03
4.438142059370875359e-05 1.296555739827454090e-03
4.431685374584048986e-05 1.296234317123889923e-03
4.425262159202247858e-05 1.295992522500455379e-03
4.418867320055142045e-05 1.295740832574665546e-03
4.412509952089749277e-05 1.295437919907271862e-03
4.406182051752693951e-05 1.295226276852190495e-03
4.399880344863049686e-05 1.294916844926774502e-03
4.393616472952999175e-05 1.294678077101707458e-03
4.387376247905194759e-05 1.294412999413907528e-03
4.381173857836984098e-05 1.294125453568994999e-03
4.374996569822542369e-05 1.293900189921259880e-03
4.368853478808887303e-05 1.293598092161118984e-03
4.362736217444762588e-05 1.293367240577936172e-03
4.356646968517452478e-05 1.293093315325677395e-03
4.350587914814241230e-05 1.292826025746762753e-03
4.344557964941486716e-05 1.292588072828948498e-03
4.338556391303427517e-05 1.292297849431633949e-03
4.332581011112779379e-05 1.292069326154887676e-03
4.326637281337752938e-05 1.291787601076066494e-03
4.320717562222853303e-05 1.291539520025253296e-03
4.314826219342648983e-05 1.291282591409981251e-03
4.308961797505617142e-05 1.291012158617377281e-03
4.303126115701161325e-05 1.290775719098746777e-03
4.297313353163190186e-05 1.290496089495718479e-03
4.291532968636602163e-05 1.290260930545628071e-03
4.285771137801930308e-05 1.289991894736886024e-03
4.280041321180760860e-05 1.289740903303027153e-03
4.274338061804883182e-05 1.289491541683673859e-03
4.268658449291251600e-05 1.289223553612828255e-03
4.263002119841985404e-05 1.288987579755485058e-03
4.257375258021056652e-05 1.288715517148375511e-03
4.251770951668731868e-05 1.288478961214423180e-03
4.246190655976533890e-05 1.288214349187910557e-03
4.240634734742343426e-05 1.287966384552419186e-03
4.235103551764041185e-05 1.287715742364525795e-03
4.229600017424672842e-05 1.287456718273460865e-03
4.224115764372982085e-05 1.287218183279037476e-03
4.218658796162344515e-05 1.286955317482352257e-03
4.213220381643623114e-05 1.286719692870974541e-03
4.207812162349000573e-05 1.286458922550082207e-03
4.202425043331459165e-05 1.286218059249222279e-03
4.197063390165567398e-05 1.285967184230685234e-03
4.191722473478876054e-05 1.285717240534722805e-03
4.186401929473504424e-05 1.285477424971759319e-03
4.181107942713424563e-05 1.285220962017774582e-03
4.175829963060095906e-05 1.284987316466867924e-03
4.170579268247820437e-05 1.284728758037090302e-03
4.165348582318983972e-05 1.284497673623263836e-03
4.160144453635439277e-05 1.284240395762026310e-03
4.154957423452287912e-05 1.284008496440947056e-03
4.149791129748336971e-05 1.283754594624042511e-03
4.144653576076962054e-05 1.283519668504595757e-03
4.139530210522934794e-05 1.283271936699748039e-03
4.134427945245988667e-05 1.283035497181117535e-03
4.129347871639765799e-05 1.282791374251246452e-03
4.124290353502146900e-05 1.282552955672144890e-03
4.119255390833131969e-05 1.282311975955963135e-03
4.114236071472987533e-05 1.282072626054286957e-03
4.109241490368731320e-05 1.281834440305829048e-03
4.104268009541556239e-05 1.281597185879945755e-03
4.099311991012655199e-05 1.281357603147625923e-03
4.094376708962954581e-05 1.281123491935431957e-03
4.089460344403050840e-05 1.280883676372468472e-03
4.084564352524466813e-05 1.280651660636067390e-03
4.079687278135679662e-05 1.280411495827138424e-03
4.074829848832450807e-05 1.280183438211679459e-03
4.069995702593587339e-05 1.279941410757601261e-03
4.065178291057236493e-05 1.279717544093728065e-03
4.060377614223398268e-05 1.279472955502569675e-03
4.055595854879356921e-05 1.279253861866891384e-03
4.050838469993323088e-05 1.279005547985434532e-03
4.046097819809801877e-05 1.278795185498893261e-03
4.041372812935151160e-05 1.278538140468299389e-03
4.036668542539700866e-05 1.278340932913124561e-03
4.031979915453121066e-05 1.278069918043911457e-03
4.027314935228787363e-05 1.277894363738596439e-03
4.022665598313324153e-05 1.277597388252615929e-03
4.018033723696134984e-05 1.277459086850285530e-03
4.013423313153907657e-05 1.277114264667034149e-03
4.008826726931147277e-05 1.277042436413466930e-03
4.004250877187587321e-05 1.276608905754983425e-03
3.999697946710512042e-05 1.276663853786885738e-03
3.995171209680847824e-05 1.276058843359351158e-03
3.990667391917668283e-05 1.276357797905802727e-03
3.986206502304412425e-05 1.275412389077246189e-03
3.981806730735115707e-05 1.276199240237474442e-03
3.977516462327912450e-05 1.274561858735978603e-03
3.973433194914832711e-05 1.276359078474342823e-03
3.969758108723908663e-05 1.273282105103135109e-03
3.966929580201394856e-05 1.277229981496930122e-03
3.965900759794749320e-05 1.271090004593133926e-03
3.968748933402821422e-05 1.279785297811031342e-03
3.980114342994056642e-05 1.267050975002348423e-03
4.010374686913564801e-05 1.286681392230093479e-03
4.083378735231235623e-05 1.259856275282800198e-03
4.253377846907824278e-05 1.306338584981858730e-03
4.648754838854074478e-05 1.251277280971407890e-03
5.563659215113148093e-05 1.370777259580790997e-03
7.715173705946654081e-05 1.273035421036183834e-03
1.269556814804673195e-04 1.620639581233263016e-03
2.440869138808920979e-04 1.536730327643454075e-03
4.985221312381327152e-04 2.603710396215319633e-03
1.030189683660864830e-03 2.647254848852753639e-03
1.770926872268319130e-03 4.174156580120325089e-03
2.368609886616468430e-03 2.317231614142656326e-03
1.376380445435643196e-03 1.460806699469685555e-03
1.620864495635032654e-04 1.958267530426383018e-03
5.497815436683595181e-04 1.848144340328872204e-03
9.068325744010508060e-04 1.470767776481807232e-03
1.749909570207819343e-04 1.869778847321867943e-03
4.183653800282627344e-04 1.543622929602861404e-03
5.152245284989476204e-04 1.397323561832308769e-03
1.051087820087559521e-04 2.014992525801062584e-03
4.482151998672634363e-04 1.391729107126593590e-03
1.785490458132699132e-04 1.408998388797044754e-03
2.340711071155965328e-04 1.741322106681764126e-03
2.861579705495387316e-04 1.452641445212066174e-03
1.101838861359283328e-04 1.437361468560993671e-03
2.959044359158724546e-04 1.427250681445002556e-03
9.618204785510897636e-05 1.662696129642426968e-03
2.216140273958444595e-04 1.361507340334355831e-03
1.291907101403921843e-04 1.364221679978072643e-03
1.375349238514900208e-04 1.590013271197676659e-03
1.612130436114966869e-04 1.439850195311009884e-03
8.263092604465782642e-05 1.360659720376133919e-03
1.638969697523862123e-04 1.381638576276600361e-03
6.947865767870098352e-05 1.510892529040575027e-03
1.323994220001623034e-04 1.309280982241034508e-03
8.527787576895207167e-05 1.310903113335371017e-03
8.988418267108500004e-05 1.454628538340330124e-03
1.028598417178727686e-04 1.358847483061254025e-03
6.421001307899132371e-05 1.304782927036285400e-03
1.025708916131407022e-04 1.341968309134244919e-03
6.183161895023658872e-05 1.385779818519949913e-03
8.289658580906689167e-05 1.279342453926801682e-03
7.294181705219671130e-05 1.289507839828729630e-03
6.313399353530257940e-05 1.382658141665160656e-03
7.868926331866532564e-05 1.307595055550336838e-03
5.766817412222735584e-05 1.288103405386209488e-03
7.019554323051124811e-05 1.355265732854604721e-03
6.287958967732265592e-05 1.338547328487038612e-03
5.758547922596335411e-05 1.286533079110085964e-03
6.532495171995833516e-05 1.315902220085263252e-03
5.335958121577277780e-05 1.345600001513957977e-03
5.938509639236144722e-05 1.287528080865740776e-03
5.682320625055581331e-05 1.289292355068027973e-03
5.167019480722956359e-05 1.338547095656394958e-03
5.775168392574414611e-05 1.298225834034383297e-03
4.979381628800183535e-05 1.285362872295081615e-03
5.290474291541613638e-05 1.328374142758548260e-03
5.218859951128251851e-05 1.314617693424224854e-03
4.765931225847452879e-05 1.287726336158812046e-03
5.248694287729449570e-05 1.309516839683055878e-03
4.692143920692615211e-05 1.319282106123864651e-03
4.860360786551609635e-05 1.287272782064974308e-03
4.870567499892786145e-05 1.295788330025970936e-03
4.518911009654402733e-05 1.320051378570497036e-03
4.841224654228426516e-05 1.293771783821284771e-03
4.517119668889790773e-05 1.291911117732524872e-03
4.577612708089873195e-05 1.314767403528094292e-03
4.631898264051415026e-05 1.298788120038807392e-03
4.396064832690171897e-05 1.288826926611363888e-03
4.567202267935499549e-05 1.307835336774587631e-03
4.416899537318386137e-05 1.305582467466592789e-03
4.390391768538393080e-05 1.290704472921788692e-03
4.453950532479211688e-05 1.302132615819573402e-03
4.317094135330989957e-05 1.305588870309293270e-03
4.368499503470957279e-05 1.288345898501574993e-03
4.336220081313513219e-05 1.294228131882846355e-03
4.271576835890300572e-05 1.302991644479334354e-03
4.308415736886672676e-05 1.289102947339415550e-03
4.254873419995419681e-05 1.289943815208971500e-03
4.230318518239073455e-05 1.299971714615821838e-03
4.247568722348660231e-05 1.289586536586284637e-03
4.195161091047339141e-05 1.286688609980046749e-03
4.190456820651888847e-05 1.297024893574416637e-03
4.192989581497386098e-05 1.290962449274957180e-03
4.144692866248078644e-05 1.285985694266855717e-03
4.157264993409626186e-05 1.294543850235641003e-03
4.141920362599194050e-05 1.291098771616816521e-03
4.107721906621009111e-05 1.284419675357639790e-03
4.124461338506080210e-05 1.290496555157005787e-03
4.094458199688233435e-05 1.289456733502447605e-03
4.080510552739724517e-05 1.282886369153857231e-03
4.087763227289542556e-05 1.287567545659840107e-03
4.056832040078006685e-05 1.288423314690589905e-03
4.055899262311868370e-05 1.282257144339382648e-03
4.051140422234311700e-05 1.285599777474999428e-03
4.028503462905064225e-05 1.287610502913594246e-03
4.029514093417674303e-05 1.282191486097872257e-03
4.018651452497579157e-05 1.284238533116877079e-03
4.003807407571002841e-05 1.286352402530610561e-03
4.002060450147837400e-05 1.281334203667938709e-03
3.991007179138250649e-05 1.282264711335301399e-03
3.979601387982256711e-05 1.284560537897050381e-03
3.975861545768566430e-05 1.280732336454093456e-03
3.966009535361081362e-05 1.281537231989204884e-03
3.955735883209854364e-05 1.283978577703237534e-03
3.951802136725746095e-05 1.280685304664075375e-03
3.942332114093005657e-05 1.280780415982007980e-03
3.933055268134921789e-05 1.282773446291685104e-03
3.929198646801523864e-05 1.280014053918421268e-03
3.919715527445077896e-05 1.280143507756292820e-03
3.911833846359513700e-05 1.282143057323992252e-03
3.907484278897754848e-05 1.279814168810844421e-03
3.898398426827043295e-05 1.279599149711430073e-03
3.891688902513124049e-05 1.281010103411972523e-03
3.886613922077231109e-05 1.278817071579396725e-03
3.878379720845259726e-05 1.278564566746354103e-03
3.872203524224460125e-05 1.279812306165695190e-03
3.866689075948670506e-05 1.277990872040390968e-03
3.859405842376872897e-05 1.277841976843774319e-03
3.853272937703877687e-05 1.278897398151457310e-03
3.847691550618037581e-05 1.277289004065096378e-03
3.841099169221706688e-05 1.277188071981072426e-03
3.834949166048318148e-05 1.278043724596500397e-03
3.829554043477401137e-05 1.276606693863868713e-03
3.823373845079913735e-05 1.276549650356173515e-03
3.817317337961867452e-05 1.277158851735293865e-03
3.812098293565213680e-05 1.275806571356952190e-03
3.806172389886341989e-05 1.275774207897484303e-03
3.800294871325604618e-05 1.276164781302213669e-03
3.795182783505879343e-05 1.274916110560297966e-03
3.789501715800724924e-05 1.274914247915148735e-03
3.783855572692118585e-05 1.275073504075407982e-03
3.778772588702850044e-05 1.273915637284517288e-03
3.773340722545981407e-05 1.274005393497645855e-03
3.767907764995470643e-05 1.274109352380037308e-03
3.762842970900237560e-05 1.273220172151923180e-03
3.757653394131921232e-05 1.273458125069737434e-03
3.752402699319645762e-05 1.273425645194947720e-03
3.747379014384932816e-05 1.272589550353586674e-03
3.742399348993785679e-05 1.272725407034158707e-03
3.737304359674453735e-05 1.272456720471382141e-03
3.732347613549791276e-05 1.271727262064814568e-03
3.727532384800724685e-05 1.271904911845922470e-03
3.722599285538308322e-05 1.271585351787507534e-03
3.717737126862630248e-05 1.271028653718531132e-03
3.713037222041748464e-05 1.271189539693295956e-03
3.708255462697707117e-05 1.270781387574970722e-03
3.703504262375645339e-05 1.270366134122014046e-03
3.698891305248253047e-05 1.270496286451816559e-03
3.694253609864972532e-05 1.270038075745105743e-03
3.689622462843544781e-05 1.269728061743080616e-03
3.685084448079578578e-05 1.269749598577618599e-03
3.680576628539711237e-05 1.269231550395488739e-03
3.676065534818917513e-05 1.269006752409040928e-03
3.671601734822615981e-05 1.268944120965898037e-03
3.667201235657557845e-05 1.268447726033627987e-03
3.662807284854352474e-05 1.268318505026400089e-03
3.658431160147301853e-05 1.268177642486989498e-03
3.654121610452421010e-05 1.267731073312461376e-03
3.649837526609189808e-05 1.267660292796790600e-03
3.645554897957481444e-05 1.267448416911065578e-03
3.641321018221788108e-05 1.267077634111046791e-03
3.637129702838137746e-05 1.267029438167810440e-03
3.632948573795147240e-05 1.266747713088989258e-03
3.628798367572017014e-05 1.266439561732113361e-03
3.624688542913645506e-05 1.266360050067305565e-03
3.620595452957786620e-05 1.266029430553317070e-03
3.616531830630265176e-05 1.265793805941939354e-03
3.612499131122604012e-05 1.265678554773330688e-03
3.608494444051757455e-05 1.265338272787630558e-03
3.604512312449514866e-05 1.265160972252488136e-03
3.600550189730711281e-05 1.264989958144724369e-03
3.596623355406336486e-05 1.264671096578240395e-03
3.592719076550565660e-05 1.264540362171828747e-03
3.588832259993068874e-05 1.264328137040138245e-03
3.584979276638478041e-05 1.264055958017706871e-03
3.581146665965206921e-05 1.263929414562880993e-03
3.577341703930869699e-05 1.263665151782333851e-03
3.573555295588448644e-05 1.263430225662887096e-03
3.569794353097677231e-05 1.263282494619488716e-03
3.566059604054316878e-05 1.263008220121264458e-03
3.562342681107111275e-05 1.262825797311961651e-03
3.558647222234867513e-05 1.262651407159864902e-03
3.554980139597319067e-05 1.262385514564812183e-03
3.551329427864402533e-05 1.262228121049702168e-03
3.547698361217044294e-05 1.262015663087368011e-03
3.544092760421335697e-05 1.261778874322772026e-03
3.540506440913304687e-05 1.261628232896327972e-03
3.536941585480235517e-05 1.261396333575248718e-03
3.533393828547559679e-05 1.261195517145097256e-03
3.529871537466533482e-05 1.261030905880033970e-03
3.526364162098616362e-05 1.260793418623507023e-03
3.522881888784468174e-05 1.260619144886732101e-03
3.519413803587667644e-05 1.260429387912154198e-03
3.515967546263709664e-05 1.260204240679740906e-03
3.512542753014713526e-05 1.260040677152574062e-03
3.509130328893661499e-05 1.259829150512814522e-03
3.505744825815781951e-05 1.259629148989915848e-03
3.502373510855250061e-05 1.259462325833737850e-03
3.499021113384515047e-05 1.259245444089174271e-03
3.495687269605696201e-05 1.259071403183043003e-03
3.492367250146344304e-05 1.258887583389878273e-03
3.489067239570431411e-05 1.258679432794451714e-03
3.485787601675838232e-05 1.258512958884239197e-03
3.482515967334620655e-05 1.258314121514558792e-03
3.479270890238694847e-05 1.258124830201268196e-03
3.476039273664355278e-05 1.257956260815262794e-03
3.472824755590409040e-05 1.257756259292364120e-03
3.469624425633810461e-05 1.257582800462841988e-03
3.466443376964889467e-05 1.257403520867228508e-03
3.463280154392123222e-05 1.257209572941064835e-03
3.460126026766374707e-05 1.257045310921967030e-03
3.456992999417707324e-05 1.256857533007860184e-03
3.453874887782149017e-05 1.256679650396108627e-03
3.450772055657580495e-05 1.256511313840746880e-03
3.447685958235524595e-05 1.256320741958916187e-03
3.444613321335054934e-05 1.256153569556772709e-03
3.441555963945575058e-05 1.255975570529699326e-03
3.438514977460727096e-05 1.255794311873614788e-03
3.435486360103823245e-05 1.255630166269838810e-03
3.432470839470624924e-05 1.255448092706501484e-03
3.429473144933581352e-05 1.255279872566461563e-03
3.426490366109646857e-05 1.255110371857881546e-03
3.423517773626372218e-05 1.254932605661451817e-03
3.420564098632894456e-05 1.254769507795572281e-03
3.417620246182195842e-05 1.254595117643475533e-03
3.414690945646725595e-05 1.254425500519573689e-03
3.411775833228603005e-05 1.254261471331119537e-03
3.408875636523589492e-05 1.254086848348379135e-03
3.405988172744400799e-05 1.253924798220396042e-03
3.403113441891036928e-05 1.253756927326321602e-03
3.400249988771975040e-05 1.253588357940316200e-03
3.397401451366022229e-05 1.253428286872804165e-03
3.394564555492252111e-05 1.253258320502936840e-03
3.391744030523113906e-05 1.253097434528172016e-03
3.388932964298874140e-05 1.252934220246970654e-03
3.386134631000459194e-05 1.252768211998045444e-03
3.383350485819391906e-05 1.252609887160360813e-03
3.380576526978984475e-05 1.252445741556584835e-03
3.377814573468640447e-05 1.252286718226969242e-03
3.375066444277763367e-05 1.252126763574779034e-03
3.372328137629665434e-05 1.251965994015336037e-03
3.369603291503153741e-05 1.251808600500226021e-03
3.366889359313063323e-05 1.251649460755288601e-03
3.364188887644559145e-05 1.251493114978075027e-03
3.361500785103999078e-05 1.251336419954895973e-03
3.358823596499860287e-05 1.251178793609142303e-03
3.356152956257574260e-05 1.251023379154503345e-03
3.353496867930516601e-05 1.250868081115186214e-03
3.350849874550476670e-05 1.250713947229087353e-03
3.348218160681426525e-05 1.250560861080884933e-03
3.345597360748797655e-05 1.250407192856073380e-03
3.342985655763186514e-05 1.250254223123192787e-03
3.340385228511877358e-05 1.250101835466921329e-03
3.337794987601228058e-05 1.249949797056615353e-03
3.335214205435477197e-05 1.249799388460814953e-03
3.332645428599789739e-05 1.249648397788405418e-03
3.330086474306881428e-05 1.249498222023248672e-03
3.327539889141917229e-05 1.249349326826632023e-03
3.325000943732447922e-05 1.249200664460659027e-03
3.322473639855161309e-05 1.249052351340651512e-03
3.319956522318534553e-05 1.248904271051287651e-03
3.317447772133164108e-05 1.248757704161107540e-03
3.314950663479976356e-05 1.248610438778996468e-03
3.312464832561090589e-05 1.248464337550103664e-03
3.309985550004057586e-05 1.248319051228463650e-03
3.307517908979207277e-05 1.248173299245536327e-03
3.305060090497136116e-05 1.248029642738401890e-03
3.302608092781156301e-05 1.247885171324014664e-03
3.300169555586762726e-05 1.247741398401558399e-03
3.297739385743625462e-05 1.247598789632320404e-03
3.295322676422074437e-05 1.247456297278404236e-03
3.292905967100523412e-05 1.247314037755131721e-03
3.290504537289962173e-05 1.247173408046364784e-03
3.288113293820060790e-05 1.247031032107770443e-03
3.285731145297177136e-05 1.246892032213509083e-03
3.283353726146742702e-05 1.246751053258776665e-03
3.280989403720013797e-05 1.246612635441124439e-03
3.278630538261495531e-05 1.246473635546863079e-03
3.276284769526682794e-05 1.246334053575992584e-03
3.273943730164319277e-05 1.246197847649455070e-03
3.271609966759569943e-05 1.246057800017297268e-03
3.269287481089122593e-05 1.245924038812518120e-03
3.266973362769931555e-05 1.245784806087613106e-03
3.264669794589281082e-05 1.245650462806224823e-03
3.262372774770483375e-05 1.245514606125652790e-03
3.260081939515657723e-05 1.245379680767655373e-03
3.257800563005730510e-05 1.245246152393519878e-03
3.255528645240701735e-05 1.245110295712947845e-03
3.253267277614213526e-05 1.244978280737996101e-03
3.251009184168651700e-05 1.244842773303389549e-03
3.248759458074346185e-05 1.244712504558265209e-03
3.246520282118581235e-05 1.244578976184129715e-03
3.244289837311953306e-05 1.244447194039821625e-03
3.242061211494728923e-05 1.244316343218088150e-03
3.239846773794852197e-05 1.244185026735067368e-03
3.237638520658947527e-05 1.244055572897195816e-03
3.235437543480657041e-05 1.243925536982715130e-03
3.233243842259980738e-05 1.243794453330338001e-03
3.231057416996918619e-05 1.243666512891650200e-03
