0.0 -0.065 -0.065 -0.065 -0.065 0.023694055 0.06056816 0.068170264 -0.04773602
0.0005 -0.065 -0.065 -0.065 -0.065 0.015325095 0.04243363 0.08374153 -0.045716926
0.001 -0.065 -0.065 -0.065 -0.065 0.014893063 0.03360498 0.08712008 -0.029785512
0.0015 -0.065 -0.065 -0.065 -0.065 0.0018750224 0.019095654 0.035833642 0.008458607
0.002 -0.065 -0.065 -0.065 -0.065 -0.016476674 0.04526175 -0.0067536253 0.013682026
0.0025 -0.065 -0.065 -0.065 -0.065 -0.01968087 0.06016653 -0.031185333 0.02753118
0.003 -0.065 -0.065 -0.065 -0.065 -0.036893636 0.06748749 -0.018556267 0.02167854
0.0035 -0.065 -0.065 -0.065 -0.065 -0.024891073 0.06772483 0.0073355995 -0.006228201
0.004 -0.065 -0.065 -0.065 -0.065 -0.02726459 0.06791272 0.012304674 -0.02293978
0.0045 -0.065 -0.065 -0.065 -0.065 -0.023046872 0.08925329 0.026068507 -0.033524822
0.005 -0.065 -0.065 -0.065 -0.065 -0.037139997 0.09071242 0.052487273 -0.03755551
0.0055 -0.065 -0.065 -0.065 -0.065 -0.028184155 0.08515613 0.08395827 -0.048736088
0.006 -0.065 -0.065 -0.065 -0.065 -0.02064207 0.06305234 0.090661965 -0.04495048
0.0065 -0.065 -0.065 -0.065 -0.065 -0.033113375 0.048064195 0.06140896 -0.02486774
0.006999999999999999 -0.065 -0.065 -0.065 -0.065 -0.040643834 0.05229664 0.024050692 -0.016311727
0.0075 -0.065 -0.065 -0.065 -0.065 -0.05746381 0.043870088 -0.006897602 0.002225861
0.008 -0.065 -0.065 -0.065 -0.065 -0.05986818 0.047825 -0.0038445499 0.004408978
0.0085 -0.065 -0.065 -0.065 -0.065 -0.054882437 0.034380738 -0.008103985 -0.0114877075
0.009000000000000001 -0.065 -0.065 -0.065 -0.065 -0.054882348 0.039737843 -0.011382595 -0.025850793
0.0095 -0.065 -0.065 -0.065 -0.065 -0.056343824 0.043012552 -0.014682531 -0.029368324
0.01 -0.065 -0.065 -0.065 -0.065 -0.070901334 0.041779254 0.00544776 -0.04126153
0.0105 -0.065 -0.065 -0.065 -0.065 -0.054026924 0.035425335 0.032639146 -0.05274891
0.011000000000000001 -0.065 -0.065 -0.065 -0.065 -0.050246 0.018125048 0.03992614 -0.05631811
0.0115 -0.065 -0.065 -0.065 -0.065 -0.04957991 0.012388431 0.030994145 -0.05144245
0.012 -0.065 -0.065 -0.065 -0.065 -0.059351727 0.0029415023 0.0052629 -0.041933432
0.0125 -0.065 -0.065 -0.065 -0.065 -0.067324966 -0.0045452155 -0.01049732 -0.030391445
0.013000000000000001 -0.065 -0.065 -0.065 -0.065 -0.06800982 -0.012428187 -0.015867945 -0.022181468
0.0135 -0.065 -0.065 -0.065 -0.065 -0.06483759 -0.019608662 -0.027415153 -0.029559087
0.013999999999999999 -0.065 -0.065 -0.065 -0.065 -0.06168192 -0.016137883 -0.03737138 -0.035464972
0.0145 -0.065 -0.065 -0.065 -0.065 -0.07004059 -0.017952684 -0.045708694 -0.033739366
0.015 -0.065 -0.065 -0.065 -0.065 -0.07310327 -0.016486943 -0.031552117 -0.045185436
0.0155 -0.065 -0.065 -0.065 -0.065 -0.06437233 -0.025357503 -0.017850082 -0.052275576
0.016 -0.065 -0.065 -0.065 -0.065 -0.058154494 -0.027767222 -0.008822504 -0.058112524
0.0165 -0.065 -0.065 -0.065 -0.065 -0.056060918 -0.031847466 -0.011678573 -0.058298938
0.017 -0.065 -0.065 -0.065 -0.065 -0.06284022 -0.036257155 -0.019260578 -0.05409513
0.0175 -0.065 -0.065 -0.065 -0.065 -0.06206569 -0.04230433 -0.023556665 -0.047300465
0.018000000000000002 -0.065 -0.065 -0.065 -0.065 -0.065286234 -0.05052831 -0.027861692 -0.041230004
0.0185 -0.065 -0.065 -0.065 -0.065 -0.05933453 -0.05079958 -0.036307514 -0.042679287
0.019 -0.065 -0.065 -0.065 -0.065 -0.060952768 -0.05094418 -0.048125908 -0.041906316
0.0195 -0.065 -0.065 -0.065 -0.065 -0.06610143 -0.049018882 -0.05217976 -0.039513893
0.02 -0.065 -0.065 -0.065 -0.065 -0.066514075 -0.050028205 -0.04660038 -0.044878244
0.0205 -0.065 -0.065 -0.065 -0.065 -0.06278642 -0.053471215 -0.03991984 -0.04983803
0.021 -0.065 -0.065 -0.065 -0.065 -0.057515405 -0.0513841 -0.034695555 -0.05302692
0.0215 -0.065 -0.065 -0.065 -0.065 -0.05859688 -0.05261469 -0.035443433 -0.05490044
0.022000000000000002 -0.065 -0.065 -0.065 -0.065 -0.05994104 -0.052172042 -0.033342667 -0.054651227
0.0225 -0.065 -0.065 -0.065 -0.065 -0.059482247 -0.057585403 -0.03322814 -0.050841358
0.023 -0.065 -0.065 -0.065 -0.065 -0.060133427 -0.060522348 -0.033010617 -0.049256694
0.0235 -0.065 -0.065 -0.065 -0.065 -0.056643747 -0.061209776 -0.03922055 -0.04782645
0.024 -0.065 -0.065 -0.065 -0.065 -0.05940546 -0.060391217 -0.046759054 -0.045851737
0.0245 -0.065 -0.065 -0.065 -0.065 -0.061491556 -0.059249654 -0.04884641 -0.04346995
0.025 -0.065 -0.065 -0.065 -0.065 -0.06280967 -0.060903132 -0.047433384 -0.04525487
0.0255 -0.065 -0.065 -0.065 -0.065 -0.059494086 -0.061148435 -0.044693552 -0.048275843
0.026000000000000002 -0.065 -0.065 -0.065 -0.065 -0.058455326 -0.06013304 -0.043927424 -0.049122736
0.0265 -0.065 -0.065 -0.065 -0.065 -0.059047155 -0.058556676 -0.043364927 -0.051196385
0.027000000000000003 -0.065 -0.065 -0.065 -0.065 -0.05939225 -0.058612086 -0.04049711 -0.051875662
0.0275 -0.065 -0.065 -0.065 -0.065 -0.059184372 -0.0612332 -0.038211748 -0.05062841
0.027999999999999997 -0.065 -0.065 -0.065 -0.065 -0.058070153 -0.062366657 -0.03693694 -0.050925225
0.0285 -0.065 -0.065 -0.065 -0.065 -0.0574174 -0.06328227 -0.040710956 -0.049655516
0.028999999999999998 -0.065 -0.065 -0.065 -0.065 -0.05854655 -0.06194736 -0.04415848 -0.048001904
0.0295 -0.065 -0.065 -0.065 -0.065 -0.060302153 -0.06271596 -0.045735605 -0.046157453
0.03 -0.065 -0.065 -0.065 -0.065 -0.060661033 -0.063287124 -0.044990905 -0.046819072
0.0305 -0.065 -0.065 -0.065 -0.065 -0.05861468 -0.06378235 -0.04517346 -0.047840662
0.031 -0.065 -0.065 -0.065 -0.065 -0.05931536 -0.06290502 -0.045837447 -0.04807368
0.0315 -0.065 -0.065 -0.065 -0.065 -0.05927618 -0.06151346 -0.04562094 -0.049142372
0.032 -0.065 -0.065 -0.065 -0.065 -0.059995003 -0.061986968 -0.043800548 -0.049929105
0.0325 -0.065 -0.065 -0.065 -0.065 -0.05911445 -0.062789984 -0.0413331 -0.049911764
0.033 -0.065 -0.065 -0.065 -0.065 -0.058484167 -0.06371373 -0.04068613 -0.050503034
0.0335 -0.065 -0.065 -0.065 -0.065 -0.05825364 -0.063778356 -0.04221186 -0.050185304
0.034 -0.065 -0.065 -0.065 -0.065 -0.058893226 -0.06338037 -0.04375624 -0.048874263
0.0345 -0.065 -0.065 -0.065 -0.065 -0.060033053 -0.06418832 -0.04433403 -0.04799632
0.035 -0.065 -0.065 -0.065 -0.065 -0.059658088 -0.06461272 -0.043950588 -0.048184324
0.0355 -0.065 -0.065 -0.065 -0.065 -0.05894278 -0.06521256 -0.045071587 -0.04822009
0.036000000000000004 -0.065 -0.065 -0.065 -0.065 -0.05944483 -0.06440182 -0.04585722 -0.048290472
0.0365 -0.065 -0.065 -0.065 -0.065 -0.05976665 -0.064033344 -0.04623279 -0.04850847
0.037000000000000005 -0.065 -0.065 -0.065 -0.065 -0.060064554 -0.06412869 -0.045058638 -0.049172867
0.0375 -0.065 -0.065 -0.065 -0.065 -0.059364058 -0.06467423 -0.043659896 -0.04936206
0.038 -0.065 -0.065 -0.065 -0.065 -0.05914537 -0.06499984 -0.04331384 -0.04994107
0.0385 -0.065 -0.065 -0.065 -0.065 -0.058836922 -0.06487427 -0.043886676 -0.050006114
0.039 -0.065 -0.065 -0.065 -0.065 -0.05952514 -0.06496411 -0.04443194 -0.049223114
0.0395 -0.065 -0.065 -0.065 -0.065 -0.05977641 -0.065380916 -0.044302143 -0.04895632
0.04 -0.065 -0.065 -0.065 -0.065 -0.059543923 -0.06597404 -0.044263348 -0.048986774
0.0405 -0.065 -0.065 -0.065 -0.065 -0.05920723 -0.06617138 -0.045107752 -0.048799444
0.040999999999999995 -0.065 -0.065 -0.065 -0.065 -0.059569724 -0.065859325 -0.04588592 -0.048691884
0.0415 -0.065 -0.065 -0.065 -0.065 -0.05998557 -0.06581898 -0.04624199 -0.048667148
0.042 -0.065 -0.065 -0.065 -0.065 -0.05992244 -0.06586853 -0.04563825 -0.048996292
0.0425 -0.065 -0.065 -0.065 -0.065 -0.05966472 -0.066302985 -0.045102157 -0.049173202
0.043 -0.065 -0.065 -0.065 -0.065 -0.05945862 -0.06622895 -0.044908494 -0.049593017
0.0435 -0.065 -0.065 -0.065 -0.065 -0.059376903 -0.066254705 -0.04525297 -0.049670704
0.044000000000000004 -0.065 -0.065 -0.065 -0.065 -0.05980698 -0.066292934 -0.04521489 -0.04937335
0.0445 -0.065 -0.065 -0.065 -0.065 -0.05974572 -0.06664145 -0.044972777 -0.049303044
0.045 -0.065 -0.065 -0.065 -0.065 -0.059639193 -0.06703997 -0.044967912 -0.04938779
0.0455 -0.065 -0.065 -0.065 -0.065 -0.05940547 -0.06709775 -0.045477517 -0.049184594
0.046 -0.065 -0.065 -0.065 -0.065 -0.059761323 -0.06706296 -0.046055958 -0.049036346
0.0465 -0.065 -0.065 -0.065 -0.065 -0.059950702 -0.067075625 -0.046222404 -0.049000517
0.047 -0.065 -0.065 -0.065 -0.065 -0.059910983 -0.0672487 -0.04602994 -0.049068756
0.0475 -0.065 -0.065 -0.065 -0.065 -0.059777506 -0.067445174 -0.0458666 -0.049216133
0.048 -0.065 -0.065 -0.065 -0.065 -0.059673242 -0.06738269 -0.045878552 -0.049427763
0.0485 -0.065 -0.065 -0.065 -0.065 -0.059718587 -0.06740179 -0.046077892 -0.04947662
0.049 -0.065 -0.065 -0.065 -0.065 -0.05989653 -0.06743263 -0.04589644 -0.04940984
0.0495 -0.065 -0.065 -0.065 -0.065 -0.059848025 -0.0677158 -0.04571148 -0.049415115
0.05 -0.065 -0.065 -0.065 -0.065 -0.05971338 -0.06788642 -0.045673683 -0.049530648
0.0505 -0.065 -0.065 -0.065 -0.065 -0.059641548 -0.067973465 -0.045995817 -0.0493759
0.051 -0.065 -0.065 -0.065 -0.065 -0.059869982 -0.06796158 -0.046286732 -0.049280897
0.0515 -0.065 -0.065 -0.065 -0.065 -0.059932537 -0.06805986 -0.04637584 -0.04924765
0.052000000000000005 -0.065 -0.065 -0.065 -0.065 -0.059939027 -0.06821699 -0.046326667 -0.04923618
0.0525 -0.065 -0.065 -0.065 -0.065 -0.05982583 -0.06830684 -0.04633283 -0.049313284
0.053 -0.065 -0.065 -0.065 -0.065 -0.059845664 -0.06830625 -0.046447285 -0.04940319
0.0535 -0.065 -0.065 -0.065 -0.065 -0.0598723 -0.06829199 -0.04654231 -0.049420387
0.054000000000000006 -0.065 -0.065 -0.065 -0.065 -0.05996918 -0.06837111 -0.04642097 -0.049420148
0.0545 -0.065 -0.065 -0.065 -0.065 -0.059920758 -0.06853058 -0.04628353 -0.04946924
0.055 -0.065 -0.065 -0.065 -0.065 -0.059813462 -0.068622954 -0.046277277 -0.0495483
0.0555 -0.065 -0.065 -0.065 -0.065 -0.05982689 -0.06868811 -0.046456262 -0.049471397
0.055999999999999994 -0.065 -0.065 -0.065 -0.065 -0.059934773 -0.06869106 -0.04656975 -0.049419947
0.0565 -0.065 -0.065 -0.065 -0.065 -0.059968464 -0.06881572 -0.046619505 -0.04940028
0.057 -0.065 -0.065 -0.065 -0.065 -0.05995576 -0.068913475 -0.046598755 -0.049387585
0.0575 -0.065 -0.065 -0.065 -0.065 -0.059900373 -0.068988934 -0.04667846 -0.049404483
0.057999999999999996 -0.065 -0.065 -0.065 -0.065 -0.05994319 -0.0689914 -0.046784975 -0.049447555
0.0585 -0.065 -0.065 -0.065 -0.065 -0.059960492 -0.06900495 -0.046845816 -0.04943477
0.059000000000000004 -0.065 -0.065 -0.065 -0.065 -0.060021147 -0.06907863 -0.046781354 -0.049451668
0.0595 -0.065 -0.065 -0.065 -0.065 -0.05996702 -0.069168866 -0.046704672 -0.049503636
0.06 -0.065 -0.065 -0.065 -0.065 -0.05992189 -0.06923108 -0.04672826 -0.04954432
0.0605 -0.065 -0.065 -0.065 -0.065 -0.059937157 -0.06926167 -0.046814345 -0.049519297
0.061 -0.065 -0.065 -0.065 -0.065 -0.05999989 -0.06929477 -0.046856865 -0.04949371
0.0615 -0.065 -0.065 -0.065 -0.065 -0.060006216 -0.069384925 -0.046868943 -0.04949178
0.062 -0.065 -0.065 -0.065 -0.065 -0.059988484 -0.06945852 -0.04686787 -0.049485344
0.0625 -0.065 -0.065 -0.065 -0.065 -0.059974246 -0.069513835 -0.046945997 -0.04948197
0.063 -0.065 -0.065 -0.065 -0.065 -0.060000114 -0.06952143 -0.047023006 -0.049500395
0.0635 -0.065 -0.065 -0.065 -0.065 -0.06002547 -0.069558896 -0.04706811 -0.049479816
0.064 -0.065 -0.065 -0.065 -0.065 -0.060048938 -0.069608405 -0.047034264 -0.049496137
0.0645 -0.065 -0.065 -0.065 -0.065 -0.060014874 -0.06967494 -0.047013856 -0.049531773
0.065 -0.065 -0.065 -0.065 -0.065 -0.060000457 -0.06970838 -0.047040373 -0.04955288
0.0655 -0.065 -0.065 -0.065 -0.065 -0.060010888 -0.069732934 -0.047088012 -0.04954499
0.066 -0.065 -0.065 -0.065 -0.065 -0.060051993 -0.06977067 -0.047099814 -0.0495396
0.0665 -0.065 -0.065 -0.065 -0.065 -0.060039863 -0.06983095 -0.04709684 -0.04954398
0.067 -0.065 -0.065 -0.065 -0.065 -0.060033172 -0.06988848 -0.047107585 -0.049543545
0.0675 -0.065 -0.065 -0.065 -0.065 -0.06002865 -0.06992252 -0.047160223 -0.049539562
0.068 -0.065 -0.065 -0.065 -0.065 -0.060047887 -0.06994226 -0.04721439 -0.049543094
0.0685 -0.065 -0.065 -0.065 -0.065 -0.06006719 -0.069978565 -0.047240965 -0.049530033
0.069 -0.065 -0.065 -0.065 -0.065 -0.06007351 -0.070018314 -0.047229625 -0.04953848
0.0695 -0.065 -0.065 -0.065 -0.065 -0.06005737 -0.07006533 -0.047236525 -0.049560267
0.07 -0.065 -0.065 -0.065 -0.065 -0.060053058 -0.07008588 -0.0472605 -0.04957028
0.0705 -0.065 -0.065 -0.065 -0.065 -0.060065344 -0.07011073 -0.04729166 -0.049566425
0.071 -0.065 -0.065 -0.065 -0.065 -0.06008581 -0.07014074 -0.04729157 -0.04957173
0.0715 -0.065 -0.065 -0.065 -0.065 -0.060074665 -0.07018608 -0.047290422 -0.04957573
0.07200000000000001 -0.065 -0.065 -0.065 -0.065 -0.06007223 -0.07022411 -0.04730186 -0.04957958
0.0725 -0.065 -0.065 -0.065 -0.065 -0.060071364 -0.070249826 -0.047336206 -0.049577612
0.073 -0.065 -0.065 -0.065 -0.065 -0.060086727 -0.07027177 -0.047369853 -0.04957662
0.0735 -0.065 -0.065 -0.065 -0.065 -0.06009551 -0.07030224 -0.04738468 -0.049570523
0.07400000000000001 -0.065 -0.065 -0.065 -0.065 -0.06009928 -0.070335925 -0.0473859 -0.049574297
0.0745 -0.065 -0.065 -0.065 -0.065 -0.060089923 -0.07036659 -0.0474002 -0.04958655
0.075 -0.065 -0.065 -0.065 -0.065 -0.06009221 -0.07038513 -0.04742229 -0.04959021
0.0755 -0.065 -0.065 -0.065 -0.065 -0.060102373 -0.0704059 -0.047441773 -0.04958827
0.076 -0.065 -0.065 -0.065 -0.065 -0.060111135 -0.07043096 -0.047441684 -0.049595263
0.0765 -0.065 -0.065 -0.065 -0.065 -0.060105138 -0.07046425 -0.04744395 -0.049598932
0.077 -0.065 -0.065 -0.065 -0.065 -0.060103178 -0.07048901 -0.047454126 -0.049603213
0.0775 -0.065 -0.065 -0.065 -0.065 -0.060105793 -0.07051066 -0.047477327 -0.049603082
0.078 -0.065 -0.065 -0.065 -0.065 -0.060115285 -0.07052929 -0.047495835 -0.049602248
0.0785 -0.065 -0.065 -0.065 -0.065 -0.06011928 -0.07055533 -0.04750566 -0.049599644
0.079 -0.065 -0.065 -0.065 -0.065 -0.060121685 -0.07058096 -0.04751058 -0.049602546
0.0795 -0.065 -0.065 -0.065 -0.065 -0.060116366 -0.07060285 -0.047525443 -0.049608365
0.08 -0.065 -0.065 -0.065 -0.065 -0.060121387 -0.07061935 -0.04754337 -0.04960954
0.0805 -0.065 -0.065 -0.065 -0.065 -0.060127854 -0.07063654 -0.047555774 -0.04960864
0.081 -0.065 -0.065 -0.065 -0.065 -0.060132094 -0.07065777 -0.047558375 -0.049613953
0.0815 -0.065 -0.065 -0.065 -0.065 -0.06012871 -0.07068099 -0.047562473 -0.04961735
0.08199999999999999 -0.065 -0.065 -0.065 -0.065 -0.060128354 -0.07069907 -0.047572166 -0.04962019
0.0825 -0.065 -0.065 -0.065 -0.065 -0.060131684 -0.07071612 -0.047587387 -0.049621403
0.083 -0.065 -0.065 -0.065 -0.065 -0.06013704 -0.07073206 -0.047597714 -0.04962123
0.0835 -0.065 -0.065 -0.065 -0.065 -0.060139187 -0.070752904 -0.04760482 -0.049620565
0.084 -0.065 -0.065 -0.065 -0.065 -0.06014009 -0.07077167 -0.047610387 -0.049623374
0.0845 -0.065 -0.065 -0.065 -0.065 -0.06013827 -0.0707886 -0.0476233 -0.04962565
0.085 -0.065 -0.065 -0.065 -0.065 -0.060142748 -0.070802115 -0.047636084 -0.04962618
0.0855 -0.065 -0.065 -0.065 -0.065 -0.060146794 -0.07081716 -0.047644846 -0.049625836
0.086 -0.065 -0.065 -0.065 -0.065 -0.060149066 -0.07083378 -0.047648646 -0.049629416
0.0865 -0.065 -0.065 -0.065 -0.065 -0.060147077 -0.07085066 -0.047654085 -0.049632017
0.087 -0.065 -0.065 -0.065 -0.065 -0.060148343 -0.07086444 -0.04766248 -0.049633738
0.0875 -0.065 -0.065 -0.065 -0.065 -0.06015069 -0.07087763 -0.047672495 -0.049635205
0.08800000000000001 -0.065 -0.065 -0.065 -0.065 -0.060154088 -0.0708913 -0.04767908 -0.049635645
0.0885 -0.065 -0.065 -0.065 -0.065 -0.06015507 -0.070906915 -0.047684275 -0.04963605
0.08900000000000001 -0.065 -0.065 -0.065 -0.065 -0.060155593 -0.07092123 -0.047689892 -0.049638327
0.0895 -0.065 -0.065 -0.065 -0.065 -0.06015563 -0.0709342 -0.04769966 -0.049639326
0.09 -0.065 -0.065 -0.065 -0.065 -0.060158752 -0.07094531 -0.04770857 -0.04963962
0.0905 -0.065 -0.065 -0.065 -0.065 -0.06016145 -0.070958 -0.047715046 -0.049639825
0.091 -0.065 -0.065 -0.065 -0.065 -0.060162567 -0.07097078 -0.047719017 -0.04964201
0.0915 -0.065 -0.065 -0.065 -0.065 -0.060161747 -0.07098346 -0.04772468 -0.049643796
0.092 -0.065 -0.065 -0.065 -0.065 -0.060163468 -0.070994146 -0.04773151 -0.04964495
0.0925 -0.065 -0.065 -0.065 -0.065 -0.060165077 -0.07100468 -0.047738582 -0.049645912
0.09300000000000001 -0.065 -0.065 -0.065 -0.065 -0.060167357 -0.07101583 -0.047743335 -0.049646843
0.0935 -0.065 -0.065 -0.065 -0.065 -0.060167745 -0.07102751 -0.04774747 -0.049647473
0.094 -0.065 -0.065 -0.065 -0.065 -0.06016831 -0.07103839 -0.047752514 -0.049649224
0.0945 -0.065 -0.065 -0.065 -0.065 -0.060169026 -0.07104844 -0.047759496 -0.049649905
0.095 -0.065 -0.065 -0.065 -0.065 -0.06017112 -0.07105763 -0.047765687 -0.049650162
0.0955 -0.065 -0.065 -0.065 -0.065 -0.060172834 -0.071067825 -0.047770537 -0.049650714
0.096 -0.065 -0.065 -0.065 -0.065 -0.060173474 -0.07107767 -0.0477743 -0.049652055
0.0965 -0.065 -0.065 -0.065 -0.065 -0.060173474 -0.071087316 -0.04777942 -0.04965311
0.09699999999999999 -0.065 -0.065 -0.065 -0.065 -0.060174935 -0.07109573 -0.047784775 -0.04965399
0.0975 -0.065 -0.065 -0.065 -0.065 -0.06017618 -0.07110426 -0.04778979 -0.04965467
0.098 -0.065 -0.065 -0.065 -0.065 -0.060177565 -0.07111309 -0.047793567 -0.04965553
0.0985 -0.065 -0.065 -0.065 -0.065 -0.0601779 -0.07112199 -0.0477971 -0.049656305
0.099 -0.065 -0.065 -0.065 -0.065 -0.06017852 -0.071130246 -0.047801413 -0.049657416
0.0995 -0.065 -0.065 -0.065 -0.065 -0.060179293 -0.071138 -0.04780639 -0.049658056
0.1 -0.065 -0.065 -0.065 -0.065 -0.031014161 -0.3971241 0.6395731 -0.03463237
0.1005 -0.05364023 -0.06490283 -0.06393973 -0.05928345 0.27096272 -0.09109244 0.07855809 -0.31420168
0.10099999999999999 -0.04157442 -0.0645434 -0.06229162 -0.05417503 0.42366865 0.6100854 0.16023958 -0.25708672
0.1015 -0.03399742 -0.063925 -0.06095807 -0.05017674 0.1260463 0.38152754 0.2559231 0.017362226
0.102 -0.02910543 -0.06306143 -0.05980025 -0.04654107 0.19512539 0.33016652 0.7740029 -0.17548482
0.1025 -0.02547948 -0.06195835 -0.05866356 -0.04304102 0.29105997 -0.031230826 0.4601097 0.0245875
0.10300000000000001 -0.0224232 -0.06061755 -0.05747113 -0.03961788 0.19978695 0.16370481 0.19213301 0.15973203
0.1035 -0.01962909 -0.05903965 -0.05618988 -0.03625471 0.17231435 0.30359912 -0.014889859 0.21570462
0.10400000000000001 -0.01696454 -0.05722519 -0.05480591 -0.03294492 0.10789777 0.3740669 0.024192303 0.12671013
0.1045 -0.0143766 -0.05517419 -0.05331385 -0.02968757 0.16085497 0.34131134 0.16328205 0.10437024
0.105 -0.01185248 -0.05288624 -0.05171254 -0.02648395 0.13752009 0.27960712 0.22869036 0.095723614
0.1055 -0.009373864 -0.05036459 -0.05000067 -0.02332968 0.17849632 0.3155316 0.20934255 0.072316945
0.106 -0.006917896 -0.04761267 -0.04817635 -0.02021722 0.16734056 0.36934727 0.19224422 0.092450276
0.1065 -0.004476812 -0.04463445 -0.04625566 -0.0171455 0.14603801 0.38321757 0.22950809 0.11296263
0.107 -0.0020544870000000002 -0.04143758 -0.04426162 -0.01411872 0.14606634 0.36382687 0.29060507 0.10193689
0.1075 0.00034927199999999997 -0.03802588 -0.04214916 -0.01113175 0.15726535 0.33118612 0.28607953 0.12086347
0.10800000000000001 0.002732798 -0.03440104 -0.0399083 -0.008180156 0.15214786 0.3485971 0.26768053 0.14676769
0.1085 0.005087009 -0.03056448 -0.03754306 -0.005263348 0.14354655 0.3659163 0.24144332 0.16174683
0.109 0.007420988000000001 -0.0265204 -0.03505803 -0.00238198 0.13753766 0.3879516 0.24857779 0.15875712
0.1095 0.009741419 -0.02227287 -0.03245708 0.0004667019 0.13688684 0.38830608 0.26404354 0.16546744
0.11 0.0120475 -0.0178258 -0.02974595 0.0032844659999999998 0.13269441 0.39046198 0.28201288 0.167805
0.1105 0.01433793 -0.01318304 -0.02692702 0.00607259 0.13539352 0.395689 0.28749475 0.17204386
0.111 0.01661243 -0.008348472 -0.02400054 0.00883208 0.13210702 0.40696794 0.29316825 0.1789365
0.1115 0.01887011 -0.003326013 -0.02096785 0.01156379 0.12960942 0.4154141 0.30292195 0.18589404
0.11199999999999999 0.02111023 0.0018822670000000002 -0.01780116 0.01426877 0.12684166 0.42077756 0.31549403 0.18956624
0.1125 0.0233313 0.007264746 -0.01453417 0.01694871 0.12646487 0.42478496 0.32461637 0.19569208
0.113 0.025531599999999998 0.01277531 -0.01119156 0.01960411 0.12399741 0.4314751 0.3326925 0.20243976
0.1135 0.02771385 0.01838568 -0.0077654740000000005 0.02223484 0.12220954 0.43851972 0.33947465 0.20812976
0.114 0.0298791 0.02411863 -0.004247924 0.024840900000000003 0.120150544 0.44641173 0.34824815 0.21258798
0.1145 0.03202759 0.03000003 -0.0006337942 0.0274233 0.11851648 0.45288932 0.3575636 0.2177571
0.115 0.03415295 0.03604989 0.003076308 0.02997956 0.11658778 0.45960963 0.36785394 0.22202274
0.1155 0.03624133 0.04228006 0.006878648 0.03250492 0.11537336 0.46596402 0.37733588 0.2264258
0.11599999999999999 0.03831053 0.04869519 0.01078039 0.03500817 0.11374257 0.47295463 0.3871376 0.23079607
0.1165 0.04037172 0.05529472 0.01478337 0.03749339 0.11235099 0.47963047 0.39692307 0.23512861
0.11699999999999999 0.04242662 0.06207446 0.018886 0.039961699999999996 0.11087484 0.48639613 0.40708128 0.23898488
0.1175 0.04447343 0.06902794 0.0230857 0.04241351 0.10968001 0.49293762 0.41709468 0.24296308
0.11800000000000001 0.04650941 0.0761475 0.02737446 0.0448487 0.108336434 0.4996541 0.42728293 0.24674377
0.1185 0.04850918 0.0834238 0.03168912 0.04724992 0.10720371 0.5062695 0.43737385 0.25038412
0.11900000000000001 0.05044703 0.09084697 0.0360578 0.04956213 0.10603965 0.5129936 0.44761696 0.2538333
0.1195 0.05235222 0.09840875 0.04052204 0.0518548 0.10500435 0.5196147 0.45785278 0.2572354
0.12 0.05425055 0.1061032 0.04509211 0.05414498 0.103967704 0.5262808 0.46819726 0.2604316
0.1205 0.05613872 0.1139251 0.04976309 0.05642782 0.10306085 0.5328747 0.47849005 0.26354983
0.121 0.05803453 0.12186949999999999 0.05454017 0.05871226 0.10216101 0.5395096 0.48882565 0.266542
0.1215 0.05994227 0.1299325 0.05941987 0.06099947 0.10135602 0.54609174 0.49911392 0.26944295
0.122 0.06185704 0.1381106 0.06439576 0.06328727 0.1005815 0.5526901 0.50940466 0.27221298
0.1225 0.06377222 0.14640060000000002 0.06946169 0.06557310000000001 0.09988813 0.559248 0.5196333 0.27490914
0.12300000000000001 0.06568247 0.1547996 0.07461268 0.06785481 0.09922719 0.5658111 0.5298313 0.27749643
0.1235 0.06758414 0.1633046 0.0798449 0.0701307 0.09863831 0.5723403 0.5399505 0.280003
0.124 0.06947489 0.17191289999999998 0.08515541 0.07239947 0.09808749 0.57886606 0.550007 0.28241915
0.1245 0.07135346 0.1806219 0.09054189 0.07466013 0.097597785 0.58536184 0.5599675 0.2847647
0.125 0.07321929 0.18942920000000002 0.09600249 0.07691199 0.09714796 0.5918464 0.5698383 0.28702924
0.1255 0.07507222 0.1983319 0.10153560000000002 0.07915454 0.096752875 0.59830284 0.5795928 0.28923094
0.126 0.07691236 0.2073272 0.10713989999999998 0.08138746 0.09639669 0.6047428 0.58923244 0.29136553
0.1265 0.07873999 0.2164125 0.1128142 0.08361063 0.09608953 0.6111542 0.598737 0.2934444
0.127 0.08055549999999999 0.2255859 0.11855710000000001 0.08582405 0.09581996 0.6175446 0.60810363 0.2954667
0.1275 0.08235927 0.23484560000000002 0.12436769999999998 0.08802774 0.09559419 0.6239056 0.6173166 0.2974421
0.128 0.08415151 0.24418979999999996 0.1302449 0.09022156 0.09540414 0.63024104 0.6263716 0.29937118
0.1285 0.08593244 0.253617 0.13618770000000002 0.09240564 0.0952533 0.63654506 0.6352556 0.30126134
0.129 0.08770255 0.26312559999999996 0.14219489999999999 0.09458027 0.09513579 0.64281976 0.643963 0.30311444
0.1295 0.08946236 0.2727143 0.1482654 0.09674593 0.09505349 0.6490605 0.6524837 0.30493683
0.13 0.09121223 0.2823817 0.1543986 0.09890285 0.095002 0.6552678 0.6608119 0.30673057
0.1305 0.09295239 0.2921264 0.1605936 0.1010511 0.09498191 0.6614384 0.66893876 0.30850118
0.131 0.09468304 0.30194699999999997 0.16684939999999998 0.103191 0.09499018 0.6675718 0.6768589 0.31025127
0.1315 0.09639811 0.3118419 0.1731644 0.1053175 0.095026724 0.673665 0.6845653 0.3119851
0.132 0.09808528 0.321809 0.1795351 0.1074259 0.09508895 0.6797172 0.69205284 0.31370562
0.1325 0.09976075 0.3318468 0.1859625 0.10952160000000001 0.095176294 0.68572587 0.6993158 0.3154166
0.133 0.10143239999999999 0.3419533 0.1924454 0.11159970000000001 0.09528725 0.69168997 0.7063494 0.31712082
0.1335 0.10310250000000001 0.3521275 0.1989848 0.11366389999999998 0.09542063 0.6976067 0.7131492 0.31882134
0.134 0.104771 0.3623685 0.20558099999999999 0.1157241 0.09557525 0.7034747 0.71971166 0.3205211
0.1345 0.10643659999999999 0.372675 0.21223320000000004 0.1177859 0.09575005 0.70929205 0.7260324 0.3222227
0.135 0.10808430000000001 0.3830455 0.2189381 0.11983339999999998 0.09594403 0.71505684 0.73210907 0.32392845
0.1355 0.1097097 0.3934783 0.22569270000000002 0.12186760000000002 0.09615616 0.7207673 0.7379385 0.3256409
0.136 0.11133030000000001 0.4039722 0.2324991 0.12390219999999999 0.09638553 0.7264216 0.74351823 0.3273624
0.1365 0.1129533 0.41452619999999996 0.239358 0.1259399 0.09663123 0.73201734 0.7488463 0.3290948
0.13699999999999998 0.11457830000000001 0.4251392 0.24626869999999998 0.1279799 0.096892774 0.73755366 0.7539215 0.33083996
0.1375 0.11620280000000001 0.43580990000000003 0.2532297 0.13002060000000001 0.09716918 0.7430278 0.7587415 0.33259994
0.138 0.1178134 0.4465365 0.2602375 0.1320446 0.09745945 0.7484388 0.76330614 0.3343761
0.1385 0.1193989 0.4573170999999999 0.2672881 0.13404860000000002 0.097763866 0.75378424 0.76761436 0.33617005
0.139 0.12097770000000001 0.46815070000000003 0.2743848 0.1360522 0.098080605 0.75906265 0.7716656 0.33798325
0.1395 0.12255930000000001 0.4790366 0.2815293 0.13805989999999999 0.09841031 0.7642725 0.7754601 0.33981672
0.14 0.1241443 0.4899739000000001 0.288721 0.14007120000000003 0.098751605 0.7694116 0.7789973 0.34167185
0.1405 0.1257301 0.5009617000000001 0.2959585 0.1420843 0.099104606 0.774479 0.7822784 0.34354922
0.141 0.12731389999999998 0.5119989 0.3032404 0.1440979 0.0994684 0.77947253 0.78530324 0.34544995
0.1415 0.128894 0.5230844 0.3105655 0.1461112 0.09984315 0.78439075 0.7880732 0.34737477
0.142 0.1304692 0.5342170999999999 0.3179328 0.14812329999999999 0.100228295 0.7892319 0.7905886 0.34932443
0.1425 0.1320387 0.5453958999999999 0.3253413 0.1501336 0.100623354 0.7939949 0.7928511 0.35129917
0.14300000000000002 0.13360229999999998 0.5566198 0.3327903 0.15213220000000002 0.10102819 0.7986782 0.79486203 0.3532993
0.1435 0.1351565 0.5678875 0.3402788 0.15387320000000002 0.10144281 0.8032797 0.79662275 0.3553256
0.14400000000000002 0.1366825 0.5791977 0.34780370000000005 0.1554906 0.10186664 0.8077987 0.79813516 0.3573781
0.1445 0.13817349999999998 0.5905469 0.35536009999999996 0.1571727 0.10229964 0.81223345 0.7994008 0.35945663
0.145 0.1396525 0.6019346 0.3629506 0.1589382 0.1027417 0.8165828 0.8004221 0.3615612
0.1455 0.1411414 0.6133611999999999 0.3705799 0.1607389 0.103192665 0.820845 0.8012006 0.3636922
0.146 0.1426437 0.6248254 0.3782489 0.1624355 0.10365202 0.82501936 0.801739 0.36584908
0.1465 0.14415429999999999 0.6363274999999999 0.38595619999999997 0.1641999 0.10412057 0.8291042 0.8020394 0.3680315
0.147 0.14566800000000002 0.6478673 0.39370029999999995 0.1660497 0.10459704 0.8330984 0.80210423 0.37023923
0.1475 0.1471817 0.6594445999999999 0.4014798 0.167966 0.10508245 0.83700067 0.80193615 0.372472
0.14800000000000002 0.1486936 0.6710587 0.4092938 0.1699305 0.10557595 0.8408101 0.8015375 0.37472913
0.1485 0.15020250000000002 0.682709 0.41714140000000005 0.17192910000000003 0.10607766 0.8445253 0.80091107 0.3770099
0.149 0.1517079 0.6943946 0.42502170000000006 0.1739509 0.1065879 0.84814537 0.8000598 0.3793138
0.1495 0.1532094 0.7061145999999999 0.43293409999999993 0.1759878 0.10710596 0.8516689 0.7989863 0.38164002
0.15 0.1547065 0.7178680000000001 0.4408773 0.1780306 0.10763348 0.8549292 0.79761195 0.38391995
0.1505 0.15619760000000002 0.7295483 0.4487806 0.1800685 0.10713568 0.8474061 0.7907313 0.37958506
0.151 0.1576826 0.7409745 0.45655429999999997 0.18210410000000002 0.10641957 0.8490094 0.7887697 0.37701824
0.1515 0.1591622 0.7520799 0.4642125 0.1841361 0.10535067 0.84745586 0.782889 0.3752772
0.152 0.1606332 0.7628304 0.4717704000000001 0.1861622 0.10358161 0.84723085 0.7782366 0.37142843
0.1525 0.16209229999999997 0.7732073 0.47923530000000003 0.18818010000000002 0.10249537 0.8458218 0.773137 0.36882246
0.153 0.16353689999999999 0.7831991 0.48660909999999996 0.19018210000000002 0.10056409 0.8448699 0.7683921 0.36556363
0.1535 0.164952 0.7927976 0.49388820000000005 0.1921469 0.09930239 0.8433963 0.7634784 0.36222962
0.154 0.16635450000000002 0.8020007 0.5010733 0.19409479999999998 0.09757632 0.84197277 0.75877726 0.3587801
0.1545 0.16774129999999998 0.8108017 0.5077879 0.1960244 0.09619312 0.84016585 0.7539097 0.35537878
0.155 0.1690961 0.8191624 0.5136604 0.1979424 0.09457087 0.8383668 0.7491535 0.3517489
0.1555 0.17045839999999998 0.8270924000000001 0.5197199 0.1998558 0.09316249 0.83626324 0.7442813 0.34812862
0.156 0.17184370000000002 0.8346078000000001 0.5255025 0.20176229999999998 0.091611035 0.83409333 0.7394798 0.34436202
0.1565 0.17322970000000001 0.8416954 0.5310332 0.2036437 0.090196885 0.8316621 0.7346084 0.3405448
0.157 0.1746068 0.8483871999999999 0.5370235 0.20550429999999997 0.08870836 0.8291159 0.72978663 0.3365974
0.1575 0.1759914 0.8547188 0.5434249 0.2073631 0.08731339 0.82633114 0.724928 0.33258656
0.158 0.1773879 0.8607121999999999 0.5500513000000001 0.20921820000000002 0.08588416 0.82339585 0.7201055 0.32845536
0.1585 0.1787898 0.8663784 0.5567430999999999 0.2110558 0.084526144 0.8202341 0.71526885 0.3242449
0.159 0.1801925 0.8717244000000001 0.5633975 0.2128893 0.083160184 0.8168976 0.7104628 0.31992233
0.1595 0.18159460000000002 0.8767538 0.5699562 0.21472420000000003 0.0818526 0.8133387 0.7056571 0.31551105
0.16 0.1829944 0.8814683000000001 0.5763884 0.21655970000000002 0.08055538 0.80958796 0.7008811 0.31099087
0.1605 0.1843902 0.8858696 0.5826809000000001 0.2183938 0.07931006 0.80561477 0.6961169 0.306376
0.161 0.1857808 0.8899597 0.5888304 0.2202245 0.07808812 0.801437 0.69138336 0.30165464
0.1615 0.1871651 0.8937411 0.5948388000000001 0.22205039999999998 0.07691548 0.79703504 0.68666995 0.29683515
0.162 0.18854279999999998 0.8972155999999999 0.600711 0.2238701 0.07577538 0.7924192 0.68198884 0.29191047
0.1625 0.1899136 0.9003873 0.6064526 0.2256827 0.074684225 0.7875769 0.67733383 0.28688648
0.163 0.1912774 0.9032626 0.6120694999999999 0.22748779999999996 0.073631935 0.78251487 0.6727128 0.28175938
0.1635 0.1926344 0.9058476000000001 0.6175670999999999 0.2292846 0.072629355 0.7772254 0.6681217 0.27653316
0.16399999999999998 0.1939845 0.9081484000000001 0.6229505 0.23107289999999997 0.07167048 0.7717126 0.66356504 0.27120665
0.1645 0.1953279 0.9101708000000001 0.628224 0.2328524 0.070761904 0.7659733 0.6590402 0.26578316
0.165 0.19665320000000003 0.9119166 0.6333883000000001 0.2345899 0.06990009 0.7600112 0.6545497 0.2602633
0.1655 0.1979404 0.9133914000000001 0.6384406 0.23627150000000002 0.069089 0.753825 0.6500906 0.25465053
0.166 0.1992145 0.9146044 0.6433906999999999 0.23794479999999998 0.06832632 0.74742 0.64566374 0.2489466
0.1665 0.2004934 0.9155633 0.648246 0.23962529999999996 0.067614034 0.7407977 0.6412661 0.24315584
0.16699999999999998 0.20167929999999998 0.9162753 0.6530098000000001 0.24131370000000002 0.06695026 0.733964 0.6368967 0.23728102
0.1675 0.2027028 0.9167464 0.6576823 0.2430069 0.066335686 0.7269234 0.6325525 0.23132691
0.168 0.20379679999999997 0.9169825 0.6622644 0.24470189999999997 0.06576837 0.7196835 0.6282308 0.22529787
0.1685 0.20499539999999997 0.9169889999999999 0.6667576999999999 0.24639650000000002 0.06524766 0.71225166 0.62392807 0.2191993
0.16899999999999998 0.2062708 0.9167716 0.6711628000000001 0.2480886 0.064771645 0.70463705 0.61964035 0.21303666
0.1695 0.2075625 0.916334 0.6754387 0.2497584 0.06433856 0.69684994 0.6153636 0.2068162
0.17 0.2088527 0.9156798 0.6796093000000001 0.2514077 0.06394596 0.6889019 0.61109304 0.20054403
0.1705 0.2101532 0.9148149 0.6837138 0.2530542 0.06359151 0.6808056 0.60682404 0.19422762
0.171 0.21146170000000003 0.9137457 0.6877563 0.25470160000000003 0.0632724 0.6725747 0.6025512 0.1878739
0.1715 0.21277159999999998 0.9124781 0.6917319000000001 0.2563491 0.06298547 0.66422397 0.5982691 0.1814907
0.172 0.2140768 0.9110173 0.6956352 0.257995 0.06272717 0.65577006 0.59397244 0.1750857
0.1725 0.2153736 0.9093683000000001 0.6994626 0.2596378 0.062494226 0.6472293 0.5896553 0.16866724
0.17300000000000001 0.21665990000000002 0.9075353999999999 0.7032124 0.2612763 0.062282853 0.6386194 0.5853126 0.16224322
0.1735 0.21793420000000002 0.9055231 0.7068840000000001 0.2629094 0.06208925 0.629959 0.5809388 0.1558223
0.174 0.2191955 0.9033353999999999 0.7104775 0.26453590000000005 0.061908998 0.6212668 0.57652855 0.14941269
0.1745 0.2204448 0.9009765 0.7139935000000001 0.2661558 0.06173905 0.61256206 0.5720769 0.14302252
0.175 0.2216839 0.8984503 0.7174331 0.2677691 0.061574303 0.6038644 0.5675789 0.13666002
0.1755 0.22291370000000002 0.8957606 0.7207972 0.2693757 0.06141194 0.5951929 0.56303024 0.1303331
0.17600000000000002 0.22413490000000003 0.8929113999999999 0.724087 0.27097459999999995 0.06124694 0.5865671 0.5584272 0.12404907
0.1765 0.2253479 0.8899063 0.7273035 0.2725657 0.061076544 0.57800525 0.5537659 0.11781569
0.177 0.22655300000000003 0.8867491 0.7304479 0.2741495 0.060896516 0.5695262 0.54904354 0.11163911
0.1775 0.22775079999999998 0.8834433 0.7335213 0.2757259 0.06070392 0.5611468 0.5442575 0.10552646
0.17800000000000002 0.22894160000000002 0.8799923000000001 0.7365246999999999 0.2772952 0.06049502 0.55288374 0.53940594 0.099482834
0.1785 0.23012570000000002 0.8763996999999999 0.7394593 0.27885740000000003 0.06026742 0.5447528 0.53448725 0.093514025
0.179 0.23130309999999998 0.8726684000000001 0.7423251000000001 0.28041209999999994 0.060018204 0.53676784 0.5295005 0.08762455
0.1795 0.2324442 0.8687985 0.7450734999999999 0.2819454 0.05974496 0.5289421 0.5244453 0.08181906
0.18 0.2335623 0.8647905999999999 0.7477351999999999 0.28346659999999996 0.05944542 0.52128714 0.51932144 0.076100826
0.1805 0.23466420000000002 0.8606459999999999 0.7503488 0.2849514 0.059118137 0.5138136 0.51412934 0.070473105
0.18100000000000002 0.2357556 0.8563713 0.7529168 0.2864145 0.058760993 0.50653017 0.5088697 0.06493877
0.1815 0.2368571 0.8519733 0.7554393 0.2878799 0.058372915 0.4994446 0.50354385 0.059499513
0.182 0.2379732 0.8474571 0.7579127 0.28935190000000005 0.057952583 0.4925632 0.498153 0.054157298
0.1825 0.2391 0.8428266 0.7603331999999999 0.290829 0.057499483 0.48589063 0.4926988 0.048913267
0.183 0.24023179999999997 0.8380847 0.7626977 0.29230900000000004 0.05701229 0.47943085 0.48718292 0.043767948
0.1835 0.24136370000000001 0.8332339 0.7650047 0.2937896 0.056491047 0.47318637 0.48160756 0.038722184
0.184 0.24249250000000003 0.8282765999999999 0.7672535 0.2952691 0.055935226 0.46715856 0.47597474 0.03377595
0.1845 0.2436158 0.8232146999999999 0.7694441 0.29674490000000003 0.055344835 0.46134758 0.47028634 0.028928902
0.185 0.2447322 0.8180503 0.7715771 0.2982167 0.0547193 0.4557535 0.46454492 0.024180833
0.1855 0.24584189999999997 0.8127854 0.7736531999999999 0.29968429999999996 0.054059327 0.4503749 0.4587525 0.019530851
0.18600000000000003 0.2469448 0.8074193000000001 0.7756723000000001 0.3011474 0.053364635 0.44520938 0.45291117 0.014978182
0.1865 0.2480389 0.8019527 0.777634 0.30259899999999995 0.05263562 0.44025433 0.4470232 0.010522071
0.187 0.24909740000000002 0.7963844 0.7795316 0.3039955 0.051872402 0.43550694 0.44109064 0.006161224
0.1875 0.2501325 0.7907199 0.7813699000000001 0.30537509999999995 0.051075518 0.43096322 0.43511558 0.001894284
0.188 0.2511683 0.7849649999999999 0.7831585 0.3067495 0.050245147 0.426619 0.42909968 -0.0022797063
0.1885 0.2521913 0.7791229000000001 0.7848651 0.3081258 0.04938162 0.42247045 0.42304507 -0.006362479
0.18899999999999997 0.2531938 0.7731938 0.7864886999999999 0.3094921 0.048485704 0.41851217 0.41695336 -0.010355115
0.1895 0.2542076 0.7671804 0.7880842 0.31085609999999997 0.04755748 0.41473967 0.41082624 -0.014259137
0.19 0.2552376 0.7610859999999999 0.7896588000000001 0.3122259 0.04659749 0.4111482 0.40466526 -0.01807589
0.1905 0.2562772 0.7549134 0.7912060000000001 0.3136015 0.045606054 0.40773207 0.3984721 -0.021806924
0.191 0.2573201 0.7486645000000001 0.7927181999999999 0.3149812 0.044584014 0.4044863 0.39224768 -0.025453405
0.1915 0.258363 0.742341 0.7941903 0.3163636 0.04353077 0.40140617 0.38599378 -0.029016947
0.192 0.2594034 0.7359435999999999 0.7956194999999999 0.3177474 0.042448178 0.39848596 0.37971133 -0.032498725
0.1925 0.26043920000000004 0.7294695 0.796992 0.31913070000000004 0.041334942 0.39572072 0.3734016 -0.035900142
0.193 0.2614199 0.7228817 0.7969046 0.3204907 0.04019298 0.39310527 0.36706552 -0.039222434
0.1935 0.26234959999999996 0.7161466999999999 0.7965749 0.3218368 0.0390214 0.39063483 0.3607045 -0.042466912
0.19399999999999998 0.2632889 0.7093041999999999 0.7968767 0.32318559999999996 0.037821557 0.38830417 0.35431886 -0.045634452
0.1945 0.2642541 0.7023944000000001 0.7977516 0.3245388 0.036592968 0.38610852 0.34790987 -0.04872675
0.195 0.2652409 0.6954416999999999 0.7989789 0.32589450000000003 0.035336517 0.38404322 0.34147814 -0.051744536
0.1955 0.2662402 0.6884566999999999 0.8003733000000001 0.3272509 0.03405211 0.38210374 0.3350247 -0.05468876
0.196 0.2672447 0.6814406999999999 0.8017943000000001 0.32860690000000004 0.03274032 0.3802855 0.3285501 -0.057560835
0.1965 0.2682486 0.6743839 0.8030558000000001 0.3299611 0.031401336 0.37858397 0.32205525 -0.060361534
0.19699999999999998 0.2692482 0.6672793 0.8041373 0.33131309999999997 0.030035404 0.37699497 0.31554067 -0.06309139
0.1975 0.2702422 0.6601231 0.8050972 0.3326614 0.028642602 0.37551475 0.309007 -0.06575196
0.198 0.2712301 0.6529142 0.805988 0.3339915 0.027224142 0.374139 0.3024548 -0.06834376
0.1985 0.2722112 0.6456529999999999 0.8068423000000001 0.335316 0.02577877 0.372864 0.29588506 -0.07086769
0.19899999999999998 0.2731857 0.6383409000000001 0.8076767 0.33664099999999997 0.02430819 0.37168592 0.2892979 -0.0733243
0.1995 0.2741542 0.6309794 0.8084974 0.337966 0.022811716 0.37060124 0.28269428 -0.07571451
0.2 0.275117 0.6235696999999999 0.8093049 0.3392898 0.3518313 0.1662047 0.8176702 -0.69173944
0.2005 0.2631447 0.6157 0.7937732 0.32275570000000003 0.55777735 -0.11771655 0.72820115 -0.6118128
0.201 0.24883609999999998 0.6071656999999999 0.7771444000000001 0.3081375 -0.3044392 -0.6812987 -0.19147228 0.25942114
0.2015 0.23940250000000002 0.5983214 0.7637656 0.29741809999999996 -0.05618409 0.05154655 -0.24370205 0.060871456
0.20199999999999999 0.23324539999999996 0.5894186 0.7525202 0.28815409999999997 0.037853513 -0.018263187 -0.45009112 0.19257951
0.2025 0.2287225 0.5805968 0.7422964 0.2795257 0.031012887 0.37057143 0.05497843 0.18933035
0.203 0.22495229999999997 0.5719316 0.7324943 0.27130279999999996 0.19504632 0.11071653 0.081058964 -0.04558584
0.2035 0.2215244 0.5634664 0.722843 0.26341329999999996 -0.042246655 0.07666719 0.058719873 -0.07350631
0.204 0.2182567 0.5552286 0.7132331999999999 0.2558258 0.16021205 0.238364 -0.026676625 0.13267751
0.2045 0.215069 0.5472369 0.7036269 0.24852080000000001 -0.13715564 0.2652181 0.07104102 0.07250363
0.205 0.21192600000000003 0.5395045 0.694016 0.24148229999999998 0.1699977 0.40790242 0.3044297 -0.022745663
0.2055 0.20881190000000002 0.5320415 0.6844038 0.23469659999999998 0.14373673 0.24337585 0.2787104 0.01618367
0.20600000000000002 0.20571979999999998 0.5248549 0.6747979000000001 0.2281508 0.059863254 0.2570529 0.26131648 0.07967405
0.2065 0.2026467 0.51795 0.6652070999999999 0.22183289999999997 0.058062322 0.2661936 0.13745156 0.11512908
0.207 0.1995914 0.5113300000000001 0.6556401999999999 0.2157319 0.03491585 0.29731047 0.07948546 0.13941436
0.2075 0.19655379999999997 0.504997 0.6461056 0.20983720000000003 0.05929523 0.3714398 0.1909703 0.16420946
0.20800000000000002 0.19353399999999998 0.4989519 0.6366111 0.20413889999999998 0.05623793 0.31012434 0.1911535 0.115455434
0.2085 0.1905324 0.49319440000000003 0.6271641 0.1986279 0.09122469 0.3474983 0.22313218 0.08829327
0.209 0.1875496 0.4877236 0.6177713 0.1932953 0.062439926 0.32651532 0.17470983 0.1557406
0.2095 0.1845862 0.48253779999999996 0.6084387 0.1881329 0.035643898 0.36685663 0.20869006 0.13201343
0.21 0.18164270000000002 0.47763490000000003 0.599172 0.183133 0.073321335 0.36090088 0.22368035 0.13319863
0.2105 0.1787196 0.47301220000000005 0.5899764000000001 0.17828829999999998 0.070403434 0.36479884 0.23717189 0.13953012
0.21100000000000002 0.17581760000000002 0.4686665 0.5808566 0.1735919 0.0755049 0.366912 0.24116531 0.14498425
0.2115 0.1729371 0.46459459999999997 0.5718169 0.1690372 0.060642473 0.3656152 0.22834651 0.15283798
0.212 0.1700786 0.4607928 0.5628612 0.1646183 0.07182041 0.37882495 0.2280153 0.16120952
0.2125 0.1672425 0.45725730000000003 0.5539930999999999 0.1603292 0.062512025 0.38152474 0.23623241 0.16864835
0.213 0.1644295 0.45398409999999995 0.5452156 0.1561646 0.07035576 0.38813782 0.24406663 0.16646266
0.2135 0.16163970000000003 0.4509692 0.5365318 0.15211929999999999 0.07372178 0.39179128 0.24700932 0.16841404
0.214 0.1588736 0.4482084 0.5279441999999999 0.1481884 0.06995675 0.39632565 0.24832256 0.17664836
0.2145 0.1561315 0.4456973 0.5194552 0.1443674 0.070292704 0.4031902 0.25396055 0.17864537
0.215 0.1534138 0.44343190000000005 0.5110669 0.1406518 0.07150608 0.40601826 0.25735095 0.18161152
0.2155 0.1507208 0.4414076 0.5027811 0.1370376 0.07349935 0.4124927 0.26307863 0.18528152
0.21600000000000003 0.1480527 0.43962029999999996 0.4945994000000001 0.1335208 0.07331435 0.41573662 0.2662186 0.18859796
0.2165 0.14540970000000003 0.4380655 0.4865233 0.1300978 0.07356374 0.42088276 0.2699122 0.19141528
0.217 0.1427922 0.43673909999999994 0.478554 0.12676510000000002 0.074529044 0.42517757 0.27297807 0.19525145
0.2175 0.14020020000000002 0.43563679999999994 0.47069259999999996 0.1235193 0.07408425 0.42970687 0.277076 0.19825555
0.218 0.1376339 0.4347544 0.4629399 0.12035739999999999 0.07516156 0.4341265 0.2809347 0.2009559
0.2185 0.1350936 0.4340876 0.4552968 0.11727629999999999 0.0754973 0.43831295 0.28448087 0.20373657
0.21899999999999997 0.13257929999999998 0.43363240000000003 0.4477638 0.1142731 0.07584224 0.44266456 0.28815386 0.20666999
0.2195 0.1300912 0.43338459999999995 0.44034140000000005 0.1113452 0.07604119 0.44676644 0.29177243 0.20931941
0.22 0.1276293 0.4333403 0.4330299 0.1084901 0.07648575 0.45086163 0.29537618 0.2118912
0.2205 0.12519380000000002 0.4334954000000001 0.4258295999999999 0.10570519999999999 0.076813586 0.45491678 0.2989986 0.21447751
0.221 0.1227847 0.43384620000000007 0.4187407 0.1029883 0.07708324 0.4588511 0.30253997 0.21693924
0.2215 0.120402 0.43438859999999996 0.411763 0.1003372 0.07739602 0.46277887 0.30607128 0.21931833
0.222 0.1180458 0.435119 0.4048966 0.09774966 0.07766775 0.46660268 0.3095387 0.22168845
0.2225 0.1157161 0.4360335999999999 0.39814120000000003 0.09522378 0.07790989 0.47040516 0.31303263 0.22395849
0.223 0.1134129 0.43712870000000004 0.3914968 0.09275761 0.07817082 0.4741224 0.31647262 0.22616246
0.2235 0.1111362 0.4384009 0.3849628 0.09034931 0.07841184 0.47780436 0.31989342 0.22830772
0.22399999999999998 0.1088859 0.43984650000000003 0.378539 0.08799714 0.07863648 0.4814251 0.32328528 0.23040104
0.2245 0.10666210000000001 0.4414621 0.3722249 0.08569942 0.07884586 0.48499554 0.3266536 0.23242563
0.225 0.1044647 0.44324430000000004 0.36601999999999996 0.08345455 0.079056226 0.48851532 0.32999283 0.23439538
0.2255 0.1022935 0.4451898 0.3599237 0.08126101 0.07924795 0.4919864 0.33330694 0.23631042
0.226 0.1001487 0.4472952 0.3539354 0.07911731 0.07943198 0.49540895 0.33659396 0.23816872
0.2265 0.09803003 0.4495575 0.34805440000000004 0.07702206 0.079606235 0.4987846 0.33985332 0.23997274
0.22699999999999998 0.09593746 0.4519734 0.34228000000000003 0.07497391 0.07977092 0.5021141 0.34308505 0.2417255
0.2275 0.09387089 0.45453999999999994 0.33661149999999995 0.07297156 0.07992457 0.5053985 0.34629014 0.2434265
0.228 0.09183021 0.457254 0.33104809999999996 0.07101378 0.08006974 0.5086383 0.34946722 0.2450771
0.2285 0.08981531 0.46011270000000004 0.3255889 0.06909938 0.08020553 0.51183444 0.35261643 0.24667883
0.22899999999999998 0.08782607 0.463113 0.320233 0.06722719999999999 0.080331616 0.5149876 0.3557375 0.24823311
0.2295 0.08586236 0.4662522 0.31497970000000003 0.06539615 0.08044851 0.51809865 0.35883078 0.24974036
0.23 0.08392405 0.4695275 0.30982790000000004 0.06360516 0.080556124 0.5211674 0.36189544 0.25120208
0.2305 0.08201101 0.47293599999999997 0.3047768 0.06185323 0.080655016 0.52419525 0.36493194 0.25261918
0.231 0.08012307 0.4764753 0.2998254 0.06013937 0.08074461 0.52718246 0.36793974 0.25399277
0.2315 0.07826010000000001 0.4801425 0.2949726 0.05846263 0.08082523 0.5301292 0.37091914 0.25532392
0.23199999999999998 0.07642194 0.4839353 0.2902175 0.0568221 0.08089716 0.5330363 0.3738698 0.25661355
0.2325 0.07460842 0.4878509 0.2855591 0.05521691 0.08096 0.5359038 0.3767917 0.2578625
0.233 0.07281937 0.4918871 0.2809963 0.05364621 0.08101416 0.53873247 0.37968493 0.25907186
0.2335 0.07105463 0.49604129999999996 0.2765282 0.05210918 0.08105957 0.5415223 0.38254938 0.26024246
0.23399999999999999 0.06931403 0.5003112 0.27215359999999994 0.05060503 0.08109644 0.54427415 0.38538516 0.26137507
0.2345 0.06759737 0.5046944 0.26787150000000004 0.049132999999999996 0.08112455 0.5469881 0.38819212 0.26247063
0.235 0.06590449 0.5091888 0.2636808 0.04769236 0.08114404 0.5496646 0.39097044 0.26352996
0.2355 0.06423519 0.5137921 0.2595804 0.04628238 0.08115513 0.5523038 0.39372024 0.2645539
0.23600000000000002 0.0625893 0.518502 0.2555693 0.04490238 0.0811577 0.55490625 0.39644158 0.2655431
0.2365 0.06096661 0.5233166 0.2516463 0.04355169 0.081152014 0.55747193 0.3991345 0.26649824
0.237 0.05936694 0.5282336 0.2478105 0.04222967 0.0811377 0.56000155 0.40179902 0.26742017
0.2375 0.05779008 0.533251 0.24406060000000002 0.04093569 0.08111539 0.5624951 0.40443537 0.2683096
0.23800000000000002 0.05623585 0.5383669 0.24039560000000001 0.03966915 0.08108468 0.5649531 0.40704387 0.26916695
0.2385 0.05470405 0.5435791999999999 0.23681439999999998 0.03842945 0.08104591 0.56737584 0.40962455 0.26999322
0.239 0.05319446 0.548886 0.233316 0.03721603 0.08099893 0.5697633 0.41217747 0.2707888
0.2395 0.05170689999999999 0.5542855 0.2298991 0.03602834 0.080943905 0.5721163 0.41470328 0.27155417
0.24 0.05024116 0.5597758 0.22656279999999998 0.03486584 0.08088097 0.57443464 0.4172016 0.2722903
0.2405 0.04879703 0.5653551 0.22330589999999997 0.03372801 0.08081013 0.576719 0.41967306 0.2729974
0.24100000000000002 0.04737430000000001 0.5710215999999999 0.2201274 0.03261434 0.080731444 0.5789695 0.4221177 0.27367622
0.2415 0.04597278 0.5767734999999999 0.2170261 0.03152435 0.08064493 0.58118635 0.42453593 0.27432698
0.242 0.04459225 0.5826093000000001 0.2140011 0.03045756 0.08055089 0.5833701 0.42692804 0.27495056
0.2425 0.0432325 0.5885272 0.2110513 0.02941349 0.080449015 0.58552074 0.42929432 0.27554718
0.243 0.04189334 0.5945256 0.2081755 0.02839172 0.080339886 0.58763885 0.4316349 0.2761172
0.2435 0.04057454 0.6006029 0.20537270000000002 0.02739178 0.080223046 0.5897245 0.43395025 0.27666134
0.244 0.03927591 0.6067575 0.20264189999999999 0.02641327 0.08009898 0.59177816 0.43624043 0.27718005
0.2445 0.03799723 0.6129879 0.19998210000000002 0.02545576 0.079967655 0.5938003 0.43850622 0.27767342
0.245 0.0367383 0.6192926 0.1973922 0.02451885 0.079829276 0.5957908 0.4407475 0.2781421
0.2455 0.0354989 0.6256701 0.1948711 0.02360214 0.0796836 0.5977504 0.44296497 0.2785863
0.24600000000000002 0.03427883 0.632119 0.192418 0.02270527 0.07953109 0.5996792 0.4451586 0.27900663
0.2465 0.03307789 0.6386379 0.1900317 0.02182784 0.07937159 0.6015776 0.44732907 0.2794033
0.247 0.03189586 0.6452254 0.1877112 0.0209695 0.07920545 0.60344577 0.44947672 0.27977645
0.2475 0.03073254 0.6518801 0.1854557 0.02012989 0.07903274 0.60528415 0.45160154 0.28012666
0.248 0.02958772 0.6586008000000001 0.183264 0.01930867 0.07885328 0.60709333 0.45370442 0.2804542
0.2485 0.028461200000000002 0.6653861 0.18113529999999997 0.01850549 0.07866722 0.60887325 0.45578536 0.28075957
0.249 0.02735277 0.6722347 0.1790685 0.01772004 0.07847511 0.61062443 0.45784494 0.28104272
0.2495 0.02626224 0.6791454 0.17706270000000002 0.01695199 0.07827666 0.6123471 0.4598835 0.2813039
0.25 0.02518939 0.686117 0.175117 0.01620103 0.07810415 0.6140144 0.46182856 0.28152338
0.2505 0.02413647 0.6930458 0.1732306 0.01549282 0.08088012 0.61294264 0.46091232 0.2779015
0.251 0.02311324 0.6997566999999999 0.1714015 0.01485946 0.082561515 0.61401826 0.45732886 0.2774006
0.2515 0.02212127 0.7061878 0.1696219 0.01428479 0.08156082 0.6141982 0.4518187 0.27840105
0.252 0.02115741 0.7123083 0.1678852 0.01375934 0.079353824 0.6151716 0.44695285 0.2785963
0.2525 0.02021898 0.7181014 0.16618650000000001 0.01327898 0.07839074 0.61587876 0.44246802 0.2785717
0.253 0.01930439 0.7235576 0.164523 0.01284124 0.07729611 0.6164678 0.4385017 0.27841204
0.2535 0.01841274 0.7286716 0.1628921 0.01244419 0.07631898 0.6169102 0.43441358 0.27819508
0.254 0.01754348 0.7334411999999999 0.1612919 0.01208607 0.07532264 0.61742574 0.43015978 0.27789202
0.2545 0.01669624 0.7378659000000001 0.1597208 0.01176525 0.07434725 0.6179128 0.42578518 0.27767727
0.255 0.01587071 0.7419472 0.1581773 0.01148021 0.07327394 0.618374 0.42142624 0.2774445
0.2555 0.01506664 0.7456877 0.1566598 0.01122948 0.07225063 0.6187743 0.41702482 0.27716622
0.256 0.01428377 0.7490912 0.1551672 0.01101172 0.07124533 0.619157 0.4125879 0.27685764
0.2565 0.01352185 0.7521621000000001 0.1536981 0.01082561 0.07024591 0.61949825 0.4080966 0.2765392
0.257 0.01278064 0.7549056 0.1522515 0.01066993 0.069240905 0.6198116 0.40356562 0.276191
0.2575 0.01205991 0.7573274 0.15082620000000002 0.01054351 0.06825124 0.62008625 0.39898664 0.27581847
0.258 0.011359399999999999 0.7594335 0.1494213 0.01044525 0.06726669 0.6203266 0.39436728 0.2754205
0.2585 0.01067887 0.7612305 0.1480358 0.0103741 0.06629154 0.62052745 0.3897031 0.274996
0.259 0.01001808 0.7627246999999999 0.1466687 0.01032906 0.06532494 0.6206919 0.3849953 0.27454236
0.2595 0.00937678 0.7639231 0.14531929999999998 0.01030919 0.064369105 0.6208173 0.38024235 0.2740604
0.26 0.008754727 0.7648323 0.14398670000000002 0.01031358 0.063422345 0.6209039 0.37544516 0.2735487
0.2605 0.008151674 0.7654592 0.1426701 0.01034137 0.062486373 0.6209502 0.3706034 0.27300563
0.261 0.007567374 0.7658107 0.1413687 0.01039176 0.06156145 0.620956 0.36571717 0.27243033
0.2615 0.00700158 0.7658935 0.1400819 0.01046396 0.0606481 0.6209201 0.3607863 0.27182168
0.262 0.006454048 0.7657145000000001 0.138809 0.01055723 0.059746623 0.6208419 0.35581076 0.27117863
0.2625 0.00592453 0.7652804 0.1375494 0.01067086 0.058857664 0.6207207 0.3507908 0.27049935
0.263 0.005412781 0.7645976 0.1363023 0.01080418 0.05798199 0.6205554 0.34572646 0.26978302
0.2635 0.0049185570000000005 0.7636727 0.13506729999999997 0.01095656 0.05711969 0.62034506 0.3406177 0.2690281
0.264 0.004441614 0.7625121 0.1338437 0.01112736 0.05627153 0.6200892 0.33546463 0.26823324
0.2645 0.003981709 0.7611220000000001 0.132631 0.011316 0.055438027 0.6197861 0.3302673 0.26739734
0.265 0.0035385999999999994 0.7595084 0.1314286 0.01152193 0.054619648 0.61943555 0.3250262 0.2665184
0.2655 0.003112047 0.7576774000000001 0.13023610000000002 0.01174459 0.053816974 0.6190362 0.31974143 0.26559493
0.266 0.00270181 0.7556347 0.129053 0.01198349 0.05303084 0.61858684 0.31441328 0.2646256
0.2665 0.0023076520000000003 0.7533861 0.12787880000000001 0.01223812 0.052261442 0.61808664 0.309042 0.2636086
0.267 0.001929336 0.7509371 0.12671300000000002 0.01250801 0.05150962 0.617534 0.30362797 0.26254234
0.2675 0.0015666279999999998 0.7482930999999999 0.1255553 0.0127927 0.05077599 0.61692804 0.29817173 0.26142478
0.268 0.0012192939999999999 0.7454593 0.12440510000000002 0.01309177 0.050061062 0.61626744 0.29267374 0.2602543
0.2685 0.0008871022 0.742441 0.1232622 0.01340479 0.04936561 0.615551 0.2871344 0.25902906
0.26899999999999996 0.0005698243 0.7392430999999999 0.1221261 0.01373137 0.048690163 0.61477715 0.2815543 0.257747
0.2695 0.000267232 0.7358704 0.12099639999999999 0.01407111 0.04803563 0.6139448 0.27593413 0.25640595
0.27 -2.090016e-05 0.7323276999999999 0.1198728 0.01442365 0.04740221 0.6130519 0.2702747 0.25500393
0.2705 -0.000294796 0.7286195 0.118755 0.01478863 0.046791233 0.61209744 0.26457673 0.2535385
0.271 -0.000554677 0.7247504 0.11764260000000001 0.0151657 0.046202973 0.6110797 0.25884116 0.25200787
0.2715 -0.0008007629 0.7207246999999999 0.11653530000000001 0.01555454 0.045638204 0.6099964 0.25306857 0.2504095
0.272 -0.001033271 0.7165467 0.1154328 0.01595483 0.045098007 0.60884684 0.24726066 0.24874052
0.2725 -0.0012524160000000001 0.7122203 0.11433489999999999 0.01636626 0.044582963 0.6076282 0.2414178 0.24699903
0.273 -0.001458411 0.7077496999999999 0.11324110000000001 0.01678854 0.044093445 0.6063392 0.23554198 0.24518207
0.2735 -0.001651468 0.7031387 0.1121513 0.01722138 0.043630973 0.6049775 0.22963375 0.24328712
0.27399999999999997 -0.001833015 0.698391 0.11106310000000001 0.01766342 0.043196145 0.6035411 0.22369501 0.24131119
0.2745 -0.002007568 0.6935098000000001 0.109971 0.01811044 0.04278939 0.6020281 0.21772696 0.23925146
0.275 -0.0021704479999999997 0.6884986999999999 0.1088826 0.01856606 0.04241205 0.6004359 0.21173166 0.23710471
0.2755 -0.00231908 0.6833616 0.1078008 0.01903235 0.042064816 0.5987621 0.20571057 0.23486847
0.276 -0.00245341 0.6781019 0.1067247 0.01950941 0.041748557 0.5970046 0.19966577 0.23253879
0.2765 -0.002574205 0.6727232 0.10565319999999999 0.01999684 0.04146424 0.5951606 0.1935994 0.23011285
0.27699999999999997 -0.002682315 0.6672286999999999 0.10458519999999999 0.02049416 0.041212946 0.5932275 0.1875134 0.22758707
0.2775 -0.0027784479999999998 0.6616214 0.10351969999999999 0.02100092 0.04099529 0.59120256 0.1814102 0.22495815
0.278 -0.002863138 0.6559043999999999 0.10245639999999999 0.02151671 0.040812444 0.5890829 0.17529216 0.22222203
0.2785 -0.002936785 0.6500805000000001 0.1013949 0.02204119 0.04066544 0.58686566 0.16916224 0.2193754
0.27899999999999997 -0.002999687 0.6441525 0.1003348 0.02257403 0.040555105 0.58454764 0.16302302 0.21641436
0.2795 -0.003052086 0.6381232 0.09927596 0.02311495 0.04048243 0.58212596 0.1568778 0.21333498
0.28 -0.003094182 0.6319952 0.09821825 0.02366369 0.04044847 0.57959694 0.1507296 0.21013328
0.2805 -0.003126155 0.6257712 0.0971615 0.02422002 0.040454503 0.5769576 0.14458182 0.20680538
0.281 -0.00314817 0.6194536 0.0961056 0.02478373 0.04050113 0.5742045 0.13843822 0.20334694
0.2815 -0.003160387 0.6130449 0.0950504 0.025354599999999998 0.040589307 0.5713342 0.13230239 0.19975403
0.282 -0.003162962 0.6065476 0.09399581 0.02593245 0.04072028 0.5683427 0.12617823 0.1960222
0.2825 -0.00315605 0.5999639 0.09294171 0.0265171 0.040894907 0.5652269 0.1200701 0.19214751
0.28300000000000003 -0.003139803 0.5932960999999999 0.09188799 0.02710838 0.041114043 0.56198305 0.11398255 0.18812557
0.2835 -0.0031143729999999997 0.5865464 0.09083453 0.02770613 0.04137849 0.5586072 0.107919715 0.18395247
0.284 -0.003079913 0.5797169 0.08978125 0.02831021 0.04168941 0.55509627 0.10188699 0.17962354
0.2845 -0.003036572 0.5728099 0.08872804 0.02892045 0.04204712 0.5514459 0.095888875 0.17513539
0.285 -0.002984502 0.5658272 0.08767480000000001 0.02953673 0.04245273 0.5476533 0.08993074 0.1704838
0.2855 -0.002923851 0.5587709 0.08662145 0.0301589 0.042906616 0.5437146 0.084017806 0.16566515
0.28600000000000003 -0.002854766 0.5516429 0.08556788 0.03078684 0.04340928 0.5396267 0.078155644 0.16067581
0.2865 -0.002777393 0.544445 0.08451402 0.03142041 0.04396104 0.53538644 0.07234968 0.15551275
0.287 -0.0026918759999999997 0.5371791 0.08345978 0.032059500000000005 0.044562448 0.5309908 0.06660594 0.15017319
0.2875 -0.0025983589999999997 0.5298470000000001 0.08240508 0.03270399 0.04521309 0.5264375 0.060929902 0.14465447
0.28800000000000003 -0.002496981 0.5224504 0.08134985 0.03335375 0.045913458 0.52172416 0.055326927 0.1389547
0.2885 -0.002387882 0.5149909 0.08029401 0.03400869 0.04666243 0.5168493 0.049803395 0.13307238
0.289 -0.002271198 0.5074702 0.07923749 0.03466868 0.047460146 0.5118116 0.044364557 0.12700668
0.2895 -0.00214732 0.4990303 0.07816658 0.035331 0.048305392 0.5066102 0.039015606 0.12075788
0.29 -0.002017351 0.4895339 0.07704775 0.03599493 0.049197093 0.50124526 0.03376192 0.11432618
0.2905 -0.0018807320000000002 0.47996130000000004 0.07590002 0.03666481 0.050133757 0.49571764 0.028608266 0.10771385
0.29100000000000004 -0.001737005 0.47069859999999997 0.07474844 0.03734067 0.051113598 0.49002898 0.02355914 0.10092276
0.2915 -0.0015860999999999998 0.4618558 0.07360822 0.03802207 0.052134812 0.4841817 0.018618535 0.09395668
0.292 -0.001428104 0.453413 0.07248563 0.03870866 0.05319435 0.47817934 0.013789507 0.08682065
0.2925 -0.001263162 0.4452974 0.07138134 0.03940014 0.054289535 0.47202694 0.009074721 0.079520255
0.293 -0.001091435 0.4374228 0.07029322 0.04009629 0.055416964 0.46572965 0.004475979 0.07206236
0.2935 -0.0009130811 0.4297083 0.06921807 0.0407969 0.05657295 0.45929503 -5.8915466e-06 0.06445551
0.294 -0.0007282552000000001 0.42208500000000004 0.06815252 0.04150183 0.05775349 0.45273095 -0.0043710396 0.05670901
0.2945 -0.0005371033 0.4144985 0.06709358 0.04221094 0.05895365 0.4460467 -0.008620292 0.048833277
0.295 -0.000339764 0.4069076 0.06603869999999999 0.04292409 0.060168847 0.43925303 -0.012756586 0.040840317
0.2955 -0.0001363691 0.39928259999999993 0.06498589 0.0436412 0.06139361 0.4323616 -0.01678313 0.032742504
0.29600000000000004 7.295643e-05 0.3916031 0.06393361 0.04436215 0.062622376 0.4253856 -0.02070463 0.024553608
0.2965 0.0002881103 0.383856 0.06288073 0.04508686 0.063849464 0.41833836 -0.024526801 0.016287725
0.297 0.0005090073999999999 0.37603359999999997 0.06182645 0.04581527 0.065068975 0.4112351 -0.028256845 0.007959761
0.2975 0.0007355333999999999 0.36813229999999997 0.06077021 0.04654729 0.06627457 0.40409136 -0.031902313 -0.00041534007
0.298 0.0009675625999999999 0.3601514 0.05971164 0.04728284 0.06746004 0.39692307 -0.035472307 -0.008822162
0.2985 0.001204973 0.352092 0.05865052 0.04802185 0.06861935 0.38974684 -0.03897666 -0.017245505
0.299 0.001447651 0.3439567 0.05758673 0.04876423 0.0697463 0.3825794 -0.042425394 -0.0256706
0.2995 0.001695489 0.33574879999999996 0.05652022 0.04950993 0.0708356 0.37543762 -0.045829475 -0.034083303
0.3 0.0019483870000000002 0.32747209999999993 0.05545099 0.05025886 0.071867116 0.3684035 -0.04916004 -0.042369075
0.3005 0.002206351 0.3192331 0.05438081 0.05101225 0.07145078 0.36790246 -0.048567683 -0.040677764
0.301 0.00246979 0.31121 0.05331706 0.05177246 0.067497715 0.36832213 -0.044809207 -0.041610707
0.3015 0.002738815 0.3034678 0.05226568 0.05253933 0.06913129 0.37203526 -0.034628723 -0.0432109
0.302 0.0030133670000000003 0.2960403 0.05123036 0.05331282 0.07155195 0.37228125 -0.02848484 -0.038558066
0.3025 0.003293388 0.2889468 0.05021351 0.05409304 0.07128946 0.37482625 -0.025155626 -0.03308174
0.303 0.0035788290000000004 0.28219890000000003 0.04921684 0.05488001 0.07054995 0.37953365 -0.025289409 -0.026551275
0.3035 0.0038678740000000003 0.275804 0.04824081 0.05566464 0.06894798 0.3855242 -0.026474807 -0.019926377
0.304 0.00415894 0.269766 0.04728582 0.05644886 0.067067295 0.3916983 -0.02672635 -0.013556641
0.3045 0.0044546329999999995 0.2640866 0.04635417 0.05724172 0.06515038 0.39762902 -0.026495788 -0.007993065
0.305 0.004756812 0.2587656 0.04544737 0.05804553 0.06373997 0.40351224 -0.025974106 -0.0030852184
0.3055 0.00506587 0.2538013 0.04456614 0.05886013 0.062106334 0.40925795 -0.025261123 0.0018957481
0.306 0.005381451999999999 0.2491911 0.04371079 0.05968483 0.060439877 0.41498476 -0.024250876 0.0065456256
0.3065 0.005703049 0.24493130000000002 0.04288158 0.06051979 0.058882125 0.42056203 -0.022916079 0.0109198205
0.307 0.006030186 0.2410174 0.04207865 0.06136467 0.057382442 0.42594194 -0.02148825 0.015306089
0.3075 0.0063633280000000006 0.23744429999999997 0.04130234 0.06221796 0.055837717 0.43125266 -0.020009268 0.019586224
0.308 0.006702471999999999 0.234206 0.04055296 0.06307951 0.054294884 0.436526 -0.018515948 0.023743961
0.3085 0.007047296 0.23129639999999999 0.03983069 0.06394926 0.052748688 0.44175828 -0.016977426 0.027804565
0.309 0.007397496 0.22870929999999998 0.03913569 0.06482714 0.05118809 0.44691575 -0.015371673 0.031753864
0.3095 0.007752886 0.2264379 0.03846808 0.06571308 0.049628727 0.45201218 -0.013686687 0.03556599
0.31 0.008113383 0.2244757 0.03782796 0.066607 0.048090413 0.4570402 -0.011933763 0.03925058
0.3105 0.008478964 0.2228159 0.0372154 0.06750885 0.046559155 0.4620011 -0.010110214 0.042817403
0.311 0.008849636999999999 0.2214515 0.03663044 0.06841857 0.0450417 0.4668967 -0.008217037 0.04626209
0.3115 0.009225421999999999 0.2203759 0.03607313 0.06933611 0.043543175 0.47172767 -0.0062542893 0.049584445
0.312 0.00960634 0.2195821 0.03554345 0.07026143 0.042066336 0.4764923 -0.004227571 0.052792814
0.3125 0.009992406 0.2190634 0.03504141 0.07119447 0.04061072 0.48119366 -0.0021401942 0.055887666
0.313 0.01038363 0.21881309999999998 0.03456696 0.0721352 0.039180957 0.4858333 3.995374e-06 0.058870006
0.3135 0.01078001 0.2188246 0.03412005 0.07308357 0.03777834 0.49041206 0.002201952 0.061743204
0.314 0.01118156 0.21909139999999996 0.03370063 0.07403954 0.03640624 0.49493057 0.0044503324 0.06450921
0.3145 0.01158826 0.21960700000000002 0.03330861 0.07500213 0.035066333 0.49939024 0.0067460313 0.06716971
0.315 0.01199999 0.2203654 0.03294388 0.07596347 0.033762075 0.50379133 0.009084843 0.06972736
0.3155 0.01241662 0.22136020000000003 0.03260635 0.07693198 0.032495532 0.50813556 0.011464138 0.07218385
0.316 0.01283822 0.2225854 0.03229589 0.07791048 0.031269863 0.51242286 0.013879515 0.07454173
0.3165 0.01326489 0.2240353 0.03201238 0.07889861 0.030086912 0.5166546 0.016327187 0.07680331
0.317 0.013696700000000001 0.22570389999999999 0.03175568 0.0798958 0.028949717 0.5208317 0.018803542 0.07897094
0.3175 0.01413366 0.22758589999999998 0.03152566 0.08090158 0.027860543 0.5249546 0.021304328 0.08104701
0.318 0.01457577 0.2296755 0.03132215 0.08191556 0.026821915 0.52902406 0.02382513 0.08303413
0.3185 0.01502301 0.2319676 0.031145 0.08293745 0.025836019 0.53304136 0.026362142 0.08493437
0.319 0.01547528 0.2344569 0.03099404 0.083967 0.024905464 0.53700674 0.028911026 0.08675037
0.3195 0.01593249 0.23713829999999997 0.030869099999999997 0.08500399 0.024032064 0.5409211 0.031467322 0.088484734
0.32 0.01639465 0.24000700000000003 0.03076998 0.08604825 0.023218004 0.54478526 0.034026884 0.09013991
0.3205 0.0168618 0.243058 0.03069651 0.08709964 0.022465412 0.54859984 0.03658523 0.091718435
0.321 0.01733395 0.2462868 0.030648500000000002 0.08815805 0.021776218 0.55236554 0.03913799 0.0932228
0.3215 0.0178111 0.2496888 0.03062575 0.08922338 0.021152196 0.5560831 0.04168081 0.0946555
0.322 0.01829322 0.25325949999999997 0.03062807 0.09029554 0.020595051 0.5597531 0.04420921 0.0960193
0.3225 0.01878028 0.2569945 0.03065525 0.09137445 0.02010645 0.56337625 0.046719022 0.097316325
0.32299999999999995 0.01927229 0.2608899 0.03070709 0.09246005 0.019687638 0.56695324 0.0492056 0.09854959
0.3235 0.01976931 0.2649413 0.03078338 0.09355231 0.019340139 0.57048476 0.051665083 0.09972124
0.324 0.02027131 0.26914499999999997 0.03088391 0.09465116 0.019065399 0.57397115 0.054092757 0.10083409
0.3245 0.02077819 0.2734969 0.03100846 0.09575652 0.018863983 0.57741344 0.05648456 0.101890534
0.325 0.02128986 0.2779934 0.03115683 0.09686831 0.018737327 0.58081216 0.058836553 0.1028928
0.3255 0.021806299999999997 0.2826308 0.03132878 0.09798646 0.018686024 0.5841681 0.06114487 0.10384351
0.326 0.02232754 0.28740540000000003 0.03152411 0.09911092 0.018710962 0.5874813 0.06340507 0.104745165
0.3265 0.02285355 0.2923138 0.03174258 0.1002416 0.018812485 0.59075314 0.06561396 0.105599985
0.327 0.02338424 0.29735259999999997 0.03198397 0.1013785 0.018991487 0.59398365 0.0677671 0.10641047
0.3275 0.02391955 0.30251859999999997 0.03224806 0.10252149999999999 0.019247832 0.5971741 0.06986129 0.10717878
0.32799999999999996 0.02445943 0.3078085 0.03253463 0.1036705 0.019582056 0.6003245 0.07189283 0.10790706
0.3285 0.02500386 0.3132193 0.03284344 0.10482550000000002 0.01999419 0.60343593 0.07385872 0.108597726
0.32899999999999996 0.02555283 0.3187478 0.03317426 0.10598640000000001 0.020484071 0.6065088 0.07575537 0.109252766
0.3295 0.02610633 0.32439120000000005 0.03352688 0.10715319999999999 0.021051824 0.60954386 0.0775798 0.10987441
0.33 0.02666434 0.3301465 0.03390106 0.10832570000000001 0.021697162 0.6125418 0.07932892 0.11046447
0.3305 0.02722685 0.3360111 0.03429657 0.10950399999999999 0.022419637 0.6155032 0.08100003 0.11102533
0.331 0.02779384 0.3419821 0.03471319 0.11068789999999999 0.02321902 0.61842865 0.08259033 0.11155853
0.3315 0.02836202 0.3480567 0.03514896 0.1118604 0.02409469 0.62131894 0.084097296 0.11206624
0.332 0.0289279 0.354232 0.0356021 0.1130233 0.025046123 0.62417465 0.085518315 0.112550154
0.3325 0.02949683 0.36050540000000003 0.03607552 0.1141943 0.02607251 0.6269965 0.08685145 0.11301193
0.33299999999999996 0.03007248 0.366875 0.036570599999999995 0.1153778 0.027173322 0.629785 0.088094436 0.11345327
0.3335 0.03065566 0.37333829999999996 0.03708719 0.1165731 0.028347576 0.6325409 0.08924492 0.113876045
0.33399999999999996 0.03124585 0.3798934 0.03762469 0.11777889999999999 0.029594462 0.63526493 0.090301365 0.1142818
0.3345 0.03184221 0.386538 0.03818243 0.1189941 0.030912945 0.63795763 0.091261715 0.114671916
0.335 0.03244399 0.3932699 0.03875987 0.1202174 0.032302078 0.6406198 0.09212463 0.11504784
0.3355 0.03304807 0.4000868 0.03935561 0.12144300000000001 0.033760894 0.64325166 0.09288853 0.11541119
0.336 0.0336536 0.4069864 0.03996922 0.1226738 0.03528813 0.6458543 0.09355183 0.11576311
0.3365 0.03426371 0.41396689999999997 0.04060166 0.123912 0.03688279 0.6484281 0.094113424 0.116105035
0.337 0.03487958 0.4210265 0.04125303 0.12515739999999997 0.038543653 0.6509737 0.09457218 0.11643821
0.3375 0.03550114 0.42816329999999997 0.04192303 0.1264095 0.040269513 0.6534917 0.09492701 0.116763905
0.33799999999999997 0.03612792 0.4353755 0.042611300000000005 0.12766789999999997 0.042059213 0.6559826 0.09517687 0.11708315
0.3385 0.03675947 0.44266130000000004 0.04331747 0.128932 0.04391128 0.65844727 0.09532112 0.11739695
0.33899999999999997 0.03739527 0.4500187 0.04404125 0.1302014 0.04582467 0.6608861 0.09535869 0.11770634
0.3395 0.03803504 0.4574462 0.04478234 0.1314759 0.04779794 0.66329974 0.09528954 0.11801267
0.34 0.03867876 0.46494179999999996 0.04554052 0.1327553 0.04982987 0.66568834 0.095112436 0.118316695
0.3405 0.03932646 0.47250410000000004 0.04631558 0.1340395 0.05191895 0.66805303 0.09482755 0.11861922
0.341 0.03997816 0.4801313 0.047107300000000005 0.1353284 0.05406428 0.6703938 0.094433874 0.118921146
0.3415 0.04063356 0.48782179999999997 0.04791516 0.1366171 0.056263745 0.67271155 0.09393169 0.119223446
0.342 0.04128826 0.4955732 0.04873542 0.1378825 0.058516994 0.6750065 0.093320265 0.11952704
0.3425 0.04193647 0.5033835 0.04956634 0.1391211 0.060821794 0.6772793 0.092599854 0.11983226
0.34299999999999997 0.04258142 0.51125 0.05041088 0.1403595 0.06317738 0.67953014 0.09177024 0.120140105
0.3435 0.04323196 0.5191701 0.05127333 0.1416154 0.06558219 0.6817597 0.09083152 0.12045102
0.344 0.04389185 0.5271423000000001 0.05215451 0.1428904 0.06803481 0.68396837 0.089783505 0.12076603
0.3445 0.04456106 0.5351658 0.05305358 0.144182 0.070534036 0.68615645 0.08862667 0.12108542
0.345 0.04523824 0.5432401 0.05396938 0.1454874 0.07307843 0.6883244 0.08736083 0.12140989
0.3455 0.04591633 0.5513643 0.05489122 0.1468006 0.075666845 0.6904725 0.08598664 0.12174004
0.34600000000000003 0.04658915 0.5595365 0.05581274 0.1481192 0.07829781 0.6926011 0.08450399 0.12207648
0.3465 0.04726871 0.5677571 0.05675377 0.1494471 0.080970116 0.6947106 0.08291344 0.1224194
0.34700000000000003 0.04795804 0.5760263000000001 0.05771794 0.1507836 0.083682485 0.69680125 0.08121545 0.12276971
0.3475 0.04865601 0.5843441999999999 0.05870303 0.1521277 0.08643335 0.6988733 0.07941024 0.12312746
0.348 0.04936078 0.5927103 0.05970622 0.1534781 0.08922199 0.7009272 0.077498555 0.12349352
0.3485 0.05007087 0.6011238 0.06072524 0.1548342 0.09204672 0.702963 0.07548088 0.123868
0.349 0.05078528 0.6095838000000001 0.06175869 0.1561955 0.09490642 0.704981 0.073357545 0.12425156
0.3495 0.05150339 0.6180892 0.06280573 0.1575614 0.09779986 0.7069815 0.07112947 0.124644056
0.35 0.05222482 0.6266391 0.06386584 0.15893139999999997 -0.045580596 0.7793014 1.040442 -0.18652523
0.3505 0.05139498 0.6350897 0.06382675 0.1481527 0.34014252 0.32473928 0.7602519 0.20370471
0.35100000000000003 0.04897318 0.6431946999999999 0.06319711 0.13862750000000001 0.053017937 0.48086894 0.52161247 0.24914062
0.3515 0.04694712 0.6509261 0.06306623 0.13184500000000002 0.1381423 0.58946055 0.34062755 0.27940118
0.35200000000000004 0.04550984 0.6582873 0.06330383 0.1261198 0.05933252 0.6459019 0.3839755 0.2989783
0.3525 0.04443691 0.6652792 0.06371096 0.1208626 0.06771245 0.6115722 0.44289678 0.30430424
0.353 0.04354453 0.6719006 0.06417989 0.11590360000000001 0.0652657 0.6017172 0.46919963 0.26859927
0.3535 0.04273161 0.67815 0.06466285 0.1111886 0.09907758 0.59981436 0.45240545 0.26904812
0.354 0.04194937 0.6840271 0.06514002 0.1066935 0.08257179 0.60615015 0.45081303 0.27388033
0.3545 0.04117564 0.6895326999999999 0.06560325 0.10240250000000001 0.081181936 0.6002562 0.44601297 0.27509728
0.355 0.04040076 0.6946693 0.06604906 0.09830302 0.08178246 0.6002594 0.44706303 0.2713984
0.3555 0.03962075 0.69944 0.06647583 0.09438351 0.08489838 0.5956838 0.44384417 0.27305505
0.35600000000000004 0.03883419 0.7038492 0.06688272 0.09063349 0.082888715 0.59486586 0.44289887 0.27186495
0.3565 0.03804087 0.7079021 0.06726921 0.08704319 0.08423168 0.5921487 0.43926075 0.27135587
0.35700000000000004 0.03724105 0.7116043000000001 0.06763494 0.08360348 0.08400137 0.59089583 0.43718603 0.2707685
0.3575 0.03643528 0.714962 0.06797966 0.08030581 0.08412782 0.5884046 0.43470722 0.2706674
0.358 0.03562417 0.7179817 0.06830318 0.07714221 0.08394483 0.58646965 0.4326214 0.26979443
0.3585 0.03480837 0.7206703000000001 0.06860534 0.07410518 0.08438864 0.58423656 0.4300442 0.2692367
0.359 0.03398855 0.7230347 0.06888604 0.07118771 0.084309444 0.5822162 0.42770222 0.2686153
0.3595 0.03316534 0.7250821 0.0691452 0.06838323 0.08439014 0.5799863 0.42521435 0.26799092
0.36 0.03233936 0.7268198 0.06938277 0.06568559 0.08441956 0.5778279 0.42277518 0.26725817
0.3605 0.03151119 0.7282549 0.06959873 0.06308899999999999 0.084505044 0.57557595 0.4202545 0.2665731
0.361 0.03068139 0.7293947 0.06979307 0.06058804 0.08450304 0.57333344 0.4177546 0.26582178
0.3615 0.02985048 0.7302463 0.06996581 0.05817765 0.08454497 0.5710302 0.4151919 0.26504877
0.36200000000000004 0.02901897 0.7308169 0.07011698 0.05585304 0.08455694 0.56871676 0.41261935 0.26424158
0.3625 0.02818734 0.7311135 0.07024664 0.05360974 0.08456674 0.5663557 0.41001052 0.263414
0.363 0.02735602 0.731143 0.07035485 0.05144354 0.084559865 0.56396985 0.40738136 0.26254535
0.3635 0.02652544 0.7309123000000001 0.07044169 0.04935049 0.08455413 0.56154543 0.4047172 0.26164958
0.364 0.025695999999999997 0.730428 0.07050724 0.04732688 0.084532954 0.559092 0.40202892 0.2607201
0.3645 0.02486808 0.7296965999999999 0.0705516 0.04536922 0.08450546 0.5566018 0.3993097 0.2597586
0.365 0.02404201 0.7287246999999999 0.07057488 0.04347421 0.08446813 0.55408007 0.39656308 0.25876206
0.3655 0.02321815 0.7275185000000001 0.07057719999999999 0.04163878 0.08442296 0.55152327 0.39378643 0.25773218
0.366 0.02239679 0.7260840000000001 0.07055869 0.03986 0.084367685 0.5489333 0.39098188 0.25666642
0.3665 0.02157823 0.7244274 0.07051946 0.03813514 0.08430428 0.54630893 0.3881477 0.25556466
0.36700000000000005 0.02076274 0.7225544 0.07045967 0.03646161 0.08423141 0.5436506 0.38528457 0.25442603
0.3675 0.01995059 0.7204706999999999 0.07037945 0.03483698 0.08414964 0.54095805 0.3823923 0.25325006
0.368 0.01914201 0.7181819 0.07027896 0.03325896 0.084058784 0.5382312 0.37947094 0.25203523
0.3685 0.01833722 0.7156934 0.07015835 0.03172536 0.083958924 0.53546995 0.37652028 0.250781
0.369 0.01753643 0.7130105 0.07001777 0.03023416 0.08384963 0.5326745 0.37354076 0.24948633
0.3695 0.01673984 0.7101381999999999 0.06985739 0.02878341 0.08373142 0.52984434 0.37053233 0.24815029
0.37 0.01594762 0.7070816 0.06967737 0.027371299999999998 0.08360393 0.52697986 0.367495 0.24677151
0.3705 0.01515995 0.7038456 0.06947788 0.02599609 0.08346724 0.52408075 0.36442888 0.24534956
0.371 0.01437698 0.7004348000000001 0.06925911 0.02465615 0.083321095 0.52114713 0.36133423 0.24388283
0.3715 0.01359884 0.6968539 0.06902121 0.02334994 0.083165705 0.5181789 0.35821137 0.24237064
0.37200000000000005 0.01282567 0.6931073 0.06876436 0.022076 0.083000995 0.51517594 0.35506052 0.24081132
0.3725 0.01205759 0.6891994 0.06848875 0.02083294 0.08282688 0.5121383 0.35188186 0.23920384
0.373 0.01129471 0.6851344 0.06819456 0.01961945 0.08264337 0.50906616 0.34867573 0.23754707
0.3735 0.01053713 0.6809165 0.06788197 0.01843428 0.082450256 0.5059592 0.34544244 0.23583955
0.374 0.009784924 0.6765496 0.06755116 0.01727625 0.08224775 0.50281775 0.34218258 0.23408005
0.3745 0.009038188 0.6720377 0.06720232 0.01614425 0.0820357 0.4996413 0.33889636 0.23226696
0.375 0.008296988 0.6673846 0.06683564 0.01503721 0.08181387 0.49643028 0.33558446 0.23039916
0.3755 0.0075613880000000005 0.6625938 0.0664513 0.01395412 0.081582524 0.4931844 0.33224726 0.2284751
0.376 0.006831443 0.6576691 0.06604949 0.01289402 0.08134147 0.4899037 0.32888517 0.22649306
0.3765 0.006107202 0.6526139 0.06563039 0.011856 0.08109046 0.48658842 0.32549912 0.22445151
0.377 0.005388705 0.6474314999999999 0.06519421 0.01083918 0.08082975 0.48323822 0.32208958 0.22234878
0.3775 0.004675987 0.6421254 0.06474113 0.009842758 0.08055889 0.47985327 0.31865737 0.22018322
0.37799999999999995 0.003969075999999999 0.6366987 0.06427133 0.00886593 0.080278344 0.47643322 0.31520307 0.21795312
0.3785 0.003267993 0.6311545000000001 0.06378501 0.007907951 0.079987206 0.47297835 0.31172788 0.21565652
0.379 0.002572755 0.6254958 0.06328235 0.006968108000000001 0.079686426 0.4694882 0.30823198 0.21329185
0.3795 0.0018833720000000001 0.6197256999999999 0.06276355 0.00604572 0.07937497 0.46596313 0.3047167 0.21085677
0.38 0.001199851 0.613847 0.0622288 0.005140138 0.079053104 0.46240288 0.30118272 0.20834956
0.3805 0.0005221929 0.6078625 0.06167828 0.0042507429999999995 0.07872047 0.4588071 0.2976314 0.20576826
0.381 -0.0001496069 0.6017749 0.06111218 0.003376944 0.07837735 0.45517576 0.29406345 0.2031104
0.3815 -0.0008155559 0.5955868000000001 0.06053069 0.002518176 0.07802326 0.45150864 0.29048002 0.20037389
0.382 -0.001475666 0.5893009 0.059934 0.0016739 0.077658065 0.44780582 0.28688246 0.19755676
0.3825 -0.002129953 0.5829196 0.05932229 0.0008436014 0.07728142 0.44406635 0.28327176 0.19465636
0.38299999999999995 -0.002778437 0.5764454000000001 0.05869576 2.678618e-05 0.07689343 0.4402907 0.27964926 0.19167043
0.3835 -0.00342114 0.5698807 0.05805457 -0.0007770167999999999 0.07649353 0.43647796 0.27601603 0.18859632
0.384 -0.004058088 0.5632276999999999 0.05739893 -0.001568259 0.076081425 0.43262786 0.27237365 0.1854316
0.3845 -0.004689311 0.5564888000000001 0.056728999999999995 -0.002347372 0.07565727 0.4287399 0.2687235 0.18217388
0.385 -0.005314839 0.549666 0.05604498 -0.00311477 0.07522016 0.42481363 0.26506695 0.17881982
0.3855 -0.005934708 0.5427616 0.05534705 -0.003870848 0.07477 0.4208482 0.2614054 0.17536722
0.386 -0.006548954 0.5357776 0.05463537 -0.004615988 0.074306354 0.41684312 0.25774044 0.17181289
0.3865 -0.0071576159999999995 0.528716 0.05391014 -0.005350554 0.073828876 0.41279745 0.25407344 0.16815388
0.387 -0.007760736 0.5215787000000001 0.05317153 -0.006074894 0.07333665 0.4087103 0.25040644 0.16438708
0.3875 -0.008358355999999999 0.5143678 0.05241972 -0.006789344 0.07282964 0.40458035 0.24674052 0.16050917
0.38799999999999996 -0.008950521 0.5070851 0.05165487 -0.007494226999999999 0.0723069 0.40040666 0.24307773 0.15651734
0.3885 -0.009537279000000001 0.4997323 0.05087718 -0.008189851 0.07176794 0.39618772 0.23941942 0.15240777
0.389 -0.01011868 0.4923112 0.05008680000000001 -0.008876512 0.07121171 0.39192212 0.23576753 0.14817697
0.3895 -0.01069477 0.48482359999999997 0.0492839 -0.009554498 0.070637986 0.387608 0.23212355 0.14382157
0.39 -0.0112656 0.47727109999999995 0.04846867 -0.01022408 0.07004507 0.38324344 0.22848928 0.13933785
0.3905 -0.01183122 0.4696554 0.04764126 -0.01088552 0.06943242 0.37882644 0.22486632 0.13472171
0.391 -0.01239169 0.46197790000000005 0.04680184 -0.01153908 0.06879882 0.37435412 0.22125608 0.12996937
0.3915 -0.01294706 0.45424040000000004 0.04595058 -0.012185 0.068143025 0.36982417 0.21766062 0.12507667
0.392 -0.01349739 0.4464443 0.04508764 -0.01282352 0.06746346 0.36523312 0.21408091 0.1200393
0.3925 -0.01404273 0.438591 0.04421319 -0.01345485 0.06675875 0.36057788 0.21051909 0.11485271
0.39299999999999996 -0.01458313 0.43068190000000006 0.04332738 -0.01407922 0.06602713 0.3558541 0.20697607 0.10951263
0.3935 -0.01511867 0.42271850000000005 0.04243037 -0.01469684 0.06526661 0.35105795 0.20345354 0.10401368
0.39399999999999996 -0.01564939 0.4147022 0.04152232 -0.01530791 0.06447515 0.34618384 0.19995211 0.09835154
0.3945 -0.01617535 0.4066341 0.04060339 -0.01591263 0.06364995 0.34122705 0.19647318 0.09252079
0.395 -0.01669661 0.39851570000000003 0.03967373 -0.01651118 0.06278864 0.33618093 0.19301754 0.08651574
0.3955 -0.01721323 0.3903481 0.03873349 -0.01710374 0.061887838 0.3310386 0.18958583 0.08033092
0.396 -0.01772527 0.38213259999999993 0.03778283 -0.0176905 0.06094435 0.3257925 0.18617822 0.073960185
0.3965 -0.0182328 0.3738703 0.0368219 -0.01827161 0.05995383 0.32043356 0.18279475 0.067397505
0.397 -0.01873586 0.3655625 0.03585083 -0.01884725 0.05891207 0.3149522 0.17943539 0.060636025
0.3975 -0.01923452 0.35721020000000003 0.03486979 -0.01941756 0.057813942 0.30933684 0.17609918 0.053668413
0.39799999999999996 -0.01972884 0.34881449999999997 0.03387891 -0.01998271 0.056653544 0.30357516 0.172785 0.04648749
0.3985 -0.02021887 0.3403766 0.03287833 -0.02054283 0.055424284 0.29765254 0.16949104 0.039085034
0.39899999999999997 -0.02070469 0.3318974 0.03186821 -0.02109808 0.05411845 0.29155266 0.16621482 0.03145245
0.3995 -0.02118635 0.32337790000000005 0.03084867 -0.02164858 0.05272734 0.2852574 0.16295372 0.023580309
0.4 -0.0216639 0.3148192 0.02981987 -0.02219448 0.051273532 0.27873892 0.15954073 0.015515592
0.4005 -0.02213482 0.30627350000000003 0.02878474 -0.022708000000000002 0.050455675 0.275518 0.14920044 0.015254665
0.401 -0.02258844 0.2978294 0.02775313 -0.02315323 0.041134015 0.27591723 0.14158455 0.013755675
0.4015 -0.02302276 0.2895188 0.02672737 -0.02354632 0.043085158 0.27790356 0.14455351 0.009278797
0.402 -0.02344075 0.281358 0.02570702 -0.02389653 0.04372021 0.2725318 0.14846718 0.0064774863
0.4025 -0.02384489 0.27335590000000004 0.02469201 -0.02420759 0.04652711 0.2685461 0.14894423 0.0030596182
0.40299999999999997 -0.02423658 0.2655177 0.02368269 -0.02448149 0.045435637 0.26399094 0.14041556 0.0033195429
0.4035 -0.02461651 0.2578463 0.02267955 -0.02471975 0.04287175 0.26330972 0.13063279 0.006150633
0.40399999999999997 -0.02498498 0.2503434 0.02168313 -0.02492368 0.042340547 0.2635778 0.12610352 0.0076055117
0.4045 -0.02534213 0.24300940000000001 0.02069394 -0.02509449 0.04344313 0.26201445 0.12342261 0.0062580295
0.405 -0.02568804 0.2358439 0.01971243 -0.02523335 0.047290154 0.26235375 0.12082069 0.0033888519
0.4055 -0.02602272 0.2288459 0.01873902 -0.02534132 0.047499105 0.2618639 0.11500026 0.0030061267
0.406 -0.02634561 0.2220146 0.01777416 -0.02541834 0.04751178 0.26483768 0.111957036 0.0017940104
0.4065 -0.02665647 0.21534789999999998 0.01681827 -0.02546547 0.04956609 0.26653218 0.11091255 0.00034365803
0.40700000000000003 -0.02695617 0.20884299999999997 0.01587154 -0.02548467 0.05223386 0.2688194 0.11212554 -0.0014768653
0.4075 -0.027245099999999998 0.2024971 0.01493416 -0.0254771 0.05605261 0.27095163 0.11194922 -0.0031293333
0.408 -0.02752329 0.19630720000000002 0.01400636 -0.02544364 0.05749248 0.27325946 0.109633744 -0.0037929676
0.4085 -0.02779069 0.1902703 0.01308835 -0.02538509 0.05937425 0.27683073 0.107257515 -0.0031409524
0.409 -0.02804722 0.18438339999999998 0.01218034 -0.02530217 0.060485035 0.280052 0.105501086 -0.002533175
0.4095 -0.02829283 0.1786434 0.0112825 -0.02519561 0.0629174 0.28401476 0.104605354 -0.0027490295
0.41 -0.028527499999999997 0.1730472 0.01039501 -0.02506606 0.06520985 0.28782892 0.102964714 -0.0028206445
0.4105 -0.02875125 0.1675915 0.009517988 -0.02491418 0.06646222 0.2920276 0.10101078 -0.0026323572
0.41100000000000003 -0.028964099999999996 0.1622731 0.008651569 -0.02474059 0.06754374 0.2964641 0.099472016 -0.0024803989
0.4115 -0.02916608 0.15708889999999998 0.007795857 -0.02454587 0.06859146 0.30055356 0.09830561 -0.002495475
0.41200000000000003 -0.02935725 0.15203570000000002 0.006950948 -0.02433059 0.06995096 0.30475157 0.09766385 -0.0026597157
0.4125 -0.02953765 0.14711029999999997 0.006116921 -0.02409529 0.07102351 0.3085 0.096527375 -0.0027711876
0.413 -0.02970735 0.1423096 0.005293845 -0.02384051 0.07183006 0.31228966 0.09517549 -0.002880536
0.4135 -0.02986639 0.13763050000000002 0.004481779 -0.02356675 0.0724187 0.31573218 0.09356665 -0.0026860237
0.414 -0.03001485 0.13307 0.003680772 -0.02327448 0.072842315 0.31902474 0.092035264 -0.0026146024
0.4145 -0.03015279 0.1286252 0.002890863 -0.02296419 0.07345247 0.3220821 0.090442084 -0.0026628189
0.415 -0.03028027 0.1242931 0.002112083 -0.0226363 0.073896945 0.32491946 0.08865693 -0.0027096234
0.4155 -0.03039736 0.1200708 0.001344455 -0.02229127 0.07429265 0.3276376 0.08679867 -0.0027969405
0.41600000000000004 -0.03050413 0.1159556 0.000587996 -0.021929499999999998 0.07455266 0.3301255 0.08490524 -0.002928406
0.4165 -0.03060066 0.11194480000000001 -0.0001572861 -0.02155139 0.074882485 0.33247262 0.08306258 -0.003134992
0.41700000000000004 -0.03068701 0.1080357 -0.0008913883 -0.02115734 0.07519801 0.33462155 0.08122184 -0.0033807084
0.4175 -0.03076326 0.10422560000000002 -0.001614314 -0.02074772 0.07549683 0.33663267 0.079339266 -0.0036635548
0.418 -0.03082949 0.10051210000000001 -0.0023260729999999997 -0.02032289 0.07578875 0.33851564 0.07741178 -0.0039676875
0.4185 -0.03088576 0.09689273 -0.003026678 -0.0198832 0.076032944 0.3402592 0.075447276 -0.0042609237
0.419 -0.03093217 0.09336503 -0.00371615 -0.01942899 0.07628212 0.34190893 0.07348584 -0.0045828857
0.4195 -0.03096878 0.08992668 -0.004394513 -0.01896058 0.076526135 0.34343714 0.0714951 -0.0049287826
0.42 -0.03099568 0.0865754 -0.005061795 -0.01847828 0.076761566 0.34488815 0.069491655 -0.005289357
0.4205 -0.03101295 0.08330896 -0.005718029 -0.01798242 0.076981924 0.34625047 0.06746884 -0.0056657344
0.42100000000000004 -0.03102066 0.08012522 -0.006363252 -0.01747327 0.07718427 0.34753847 0.065448195 -0.006067775
0.4215 -0.03101891 0.07702205 -0.006997504 -0.01695112 0.07738873 0.3487525 0.063431285 -0.006488405
0.42200000000000004 -0.03100777 0.07399743 -0.0076208280000000005 -0.01641626 0.0775789 0.34989423 0.061418865 -0.0069301836
0.4225 -0.03098732 0.07104935 -0.008233272 -0.01586895 0.07776501 0.3509729 0.05941009 -0.0073916577
0.423 -0.03095765 0.06817588 -0.008834887 -0.01530945 0.07793968 0.35198754 0.05740161 -0.007869691
0.4235 -0.03091884 0.06537514 -0.009425725 -0.01473802 0.07810509 0.35294396 0.05539776 -0.008363534
0.424 -0.03087098 0.06264528 -0.01000584 -0.014154900000000002 0.078261025 0.35384297 0.053399034 -0.008873504
0.4245 -0.03081416 0.05998453 -0.0105753 -0.01356032 0.07840909 0.35468715 0.051404655 -0.00940096
0.425 -0.03074845 0.05739115 -0.01113415 -0.01295453 0.07854844 0.35547942 0.04941527 -0.009943482
0.4255 -0.03067394 0.05486345 -0.01168246 -0.01233773 0.07867806 0.35622126 0.04743089 -0.010501601
0.426 -0.03059072 0.05239979 -0.01222031 -0.01171016 0.07879917 0.3569153 0.045453794 -0.011076614
0.4265 -0.03049887 0.04999857 -0.01274774 -0.01107201 0.07891221 0.3575617 0.043483786 -0.011667147
0.42700000000000005 -0.03039848 0.04765824 -0.01326484 -0.0104235 0.07901669 0.35816288 0.041521825 -0.012273446
0.4275 -0.03028963 0.04537728 -0.01377167 -0.009764831 0.07911325 0.3587197 0.039567936 -0.012895312
0.428 -0.03017242 0.04315422 -0.01426831 -0.009096195999999999 0.07920154 0.35923398 0.037622157 -0.013532355
0.4285 -0.03004691 0.04098762 -0.01475482 -0.008417786 0.07928213 0.35970664 0.035684634 -0.014183961
0.429 -0.02991321 0.03887609 -0.01523129 -0.0077297880000000005 0.07935424 0.36013907 0.033755563 -0.014849998
0.4295 -0.02977139 0.03681827 -0.015697799999999998 -0.0070323830000000006 0.07941906 0.36053252 0.031835046 -0.015530102
0.43 -0.02962154 0.03481283 -0.01615441 -0.006325746 0.0794757 0.36088806 0.02992329 -0.016224403
0.4305 -0.02946375 0.0328585 -0.01660121 -0.00561005 0.07952467 0.3612066 0.028020078 -0.016931739
0.431 -0.02929809 0.03095403 -0.01703828 -0.004885461 0.07956587 0.36148977 0.026125751 -0.017652307
0.4315 -0.02912464 0.02909825 -0.01746569 -0.004152128 0.07959947 0.3617381 0.024239926 -0.018385936
0.43200000000000005 -0.02894347 0.02729 -0.01788352 -0.003410205 0.07962518 0.36195338 0.022363145 -0.019132016
0.4325 -0.02875465 0.02552812 -0.01829186 -0.0026598459999999996 0.079643585 0.3621359 0.020495024 -0.019890154
0.433 -0.02855854 0.02381111 -0.01870998 -0.001902083 0.07965402 0.36228698 0.018635804 -0.020660423
0.4335 -0.02835925 0.02213293 -0.01920593 -0.001147157 0.07965722 0.36240792 0.01678541 -0.021441868
0.434 -0.02815623 0.02049279 -0.01967412 -0.0003885191 0.07965233 0.3624993 0.014943569 -0.022234378
0.4345 -0.02794612 0.018893 -0.02008919 0.00037984559999999995 0.07964023 0.36256254 0.013110536 -0.023037743
0.435 -0.02772719 0.01733504 -0.02046149 0.001159099 0.079620205 0.36259812 0.011285829 -0.023851296
0.4355 -0.02749885 0.01581921 -0.02080487 0.001948927 0.0795928 0.3626076 0.009469659 -0.024674814
0.436 -0.02726142 0.01434491 -0.02112963 0.002748602 0.079557486 0.36259145 0.0076617654 -0.02550793
0.4365 -0.02701554 0.01291109 -0.02144222 0.00355744 0.07951456 0.3625511 0.0058622863 -0.026349958
0.43700000000000006 -0.02676189 0.01151647 -0.02174624 0.004374876 0.07946393 0.3624872 0.004070893 -0.027200898
0.4375 -0.02650098 0.01015975 -0.02204352 0.005200449 0.079405315 0.3624009 0.0022874791 -0.028060228
0.43799999999999994 -0.02623319 0.008839639 -0.0223348 0.006033775999999999 0.07933928 0.36229318 0.00051208213 -0.028927462
0.4385 -0.02595879 0.007554951999999999 -0.02262029 0.006874535 0.07926517 0.36216462 -0.0012557134 -0.02980237
0.439 -0.02567793 0.006304584 -0.02289989 0.0077224369999999995 0.07918313 0.36201686 -0.0030158013 -0.030684333
0.4395 -0.02539075 0.005087541 -0.02317339 0.008577179 0.07909348 0.36185032 -0.0047683865 -0.031573094
0.44 -0.02509734 0.0039028759999999996 -0.02344053 0.009438561 0.078995444 0.36166596 -0.0065137465 -0.03246819
0.4405 -0.02479773 0.002749696 -0.0237011 0.01030644 0.078889824 0.36146498 -0.008251786 -0.033369556
0.441 -0.02449197 0.001627164 -0.0239549 0.01118066 0.07877601 0.36124796 -0.009982929 -0.034276325
0.4415 -0.0241801 0.0005344934 -0.02420176 0.0120611 0.078654 0.36101627 -0.011707149 -0.035188317
0.442 -0.02386217 -0.0005290777 -0.02444158 0.01294764 0.078524016 0.3607703 -0.0134247355 -0.036105324
0.4425 -0.02353825 -0.00156425 -0.02467429 0.01384014 0.07838588 0.36051142 -0.015135642 -0.03702686
0.44299999999999995 -0.02320841 -0.002571576 -0.02489984 0.01473804 0.07823943 0.36024016 -0.016840246 -0.03795245
0.4435 -0.0228737 -0.003550432 -0.025118900000000003 0.01563405 0.0780847 0.35995775 -0.018538654 -0.03888198
0.444 -0.02253483 -0.0045020220000000005 -0.02533155 0.01653192 0.07792179 0.35966486 -0.020230826 -0.03981488
0.4445 -0.02219059 -0.005427693000000001 -0.02553696 0.01743669 0.07775038 0.35936236 -0.021916911 -0.040750947
0.445 -0.02184181 -0.006327343000000001 -0.02573674 0.01834261 0.07757087 0.359051 -0.023597188 -0.041689914
0.4455 -0.02148916 -0.00720204 -0.02593066 0.01925059 0.07738268 0.3587318 -0.025272146 -0.042631157
0.446 -0.02113065 -0.008053124 -0.026116700000000003 0.02016662 0.077186145 0.35840565 -0.026941378 -0.043574627
0.4465 -0.0207652 -0.008881376 -0.026294400000000002 0.02109191 0.07698111 0.35807312 -0.028605364 -0.044520024
0.447 -0.02039276 -0.009687316 -0.02646404 0.02202594 0.07676751 0.35773522 -0.030264191 -0.045466855
0.4475 -0.0200137 -0.01047135 -0.02662607 0.02296789 0.076545514 0.3573926 -0.031917863 -0.046415046
0.44799999999999995 -0.01962848 -0.01123386 -0.02678087 0.02391702 0.076314814 0.35704613 -0.033566516 -0.047364295
0.4485 -0.01923751 -0.011975200000000002 -0.02692874 0.02487272 0.0760756 0.35669655 -0.035210565 -0.048314426
0.449 -0.01884107 -0.01269574 -0.02706988 0.02583449 0.07582779 0.35634452 -0.03684987 -0.04926486
0.4495 -0.01843941 -0.01339586 -0.02720445 0.02680191 0.075571224 0.3559909 -0.038484365 -0.05021554
0.45 -0.01803268 -0.01407595 -0.02733256 0.02777466 0.07530631 0.35563618 -0.04011464 -0.051166464
0.4505 -0.01762099 -0.01473641 -0.0274543 0.02875247 0.075032555 0.35528123 -0.04174067 -0.052117012
0.451 -0.01720444 -0.01537764 -0.02756975 0.02973511 0.07475019 0.35492682 -0.043362364 -0.053067137
0.4515 -0.0167831 -0.01600003 -0.02767898 0.0307224 0.0744591 0.35457343 -0.044979848 -0.054016773
0.452 -0.01635705 -0.01660398 -0.02778205 0.03171419 0.07415954 0.35422176 -0.046593502 -0.054965764
0.4525 -0.01592632 -0.01718989 -0.02787904 0.03271034 0.07385132 0.35387224 -0.048203185 -0.055913478
0.45299999999999996 -0.015491 -0.01775815 -0.02797 0.033710699999999996 0.073534496 0.35352588 -0.04980915 -0.056860317
0.4535 -0.01505115 -0.01830915 -0.02805502 0.03471516 0.073209174 0.35318303 -0.051411405 -0.057805736
0.45399999999999996 -0.01460679 -0.01884327 -0.02813415 0.03572364 0.07287506 0.3528443 -0.053009816 -0.05874987
0.4545 -0.01415799 -0.01936088 -0.02820746 0.0367361 0.072532624 0.3525101 -0.054604866 -0.05969241
0.455 -0.01370478 -0.01986233 -0.02827501 0.03775245 0.07218142 0.35218108 -0.056196317 -0.06063322
0.4555 -0.01324722 -0.020347999999999998 -0.02833688 0.03877263 0.07182216 0.35185784 -0.057784513 -0.06157226
0.456 -0.01278537 -0.02081822 -0.02839312 0.03979659 0.071454115 0.35154092 -0.05936931 -0.06250948
0.4565 -0.01231927 -0.02127334 -0.02844381 0.04082426 0.071077794 0.35123062 -0.06095089 -0.06344463
0.457 -0.011849 -0.02171369 -0.02848901 0.04185558 0.0706931 0.35092735 -0.06252923 -0.064377666
0.4575 -0.01137459 -0.02213959 -0.02852879 0.0428905 0.070300095 0.3506317 -0.06410428 -0.06530857
0.45799999999999996 -0.01089605 -0.02250079 -0.02856217 0.04392966 0.06989901 0.35034418 -0.06567627 -0.06623746
0.4585 -0.01041334 -0.02281009 -0.02858781 0.04497268 0.069489665 0.35006505 -0.06724521 -0.06716386
0.45899999999999996 -0.009926691 -0.02310548 -0.02860703 0.04601878 0.06907236 0.34979463 -0.06881121 -0.068087906
0.4595 -0.009436208 -0.02340325 -0.02862108 0.04706793 0.0686467 0.34953368 -0.07037405 -0.06900971
0.46 -0.008941928 -0.02370882 -0.02863068 0.04812018 0.068213485 0.3492821 -0.07193412 -0.06992911
0.4605 -0.008443874 -0.02402216 -0.02863616 0.04917555 0.06777225 0.34904045 -0.07349138 -0.0708461
0.461 -0.007942071 -0.02434079 -0.0286376 0.05023405 0.067323126 0.34880918 -0.075045414 -0.071760505
0.4615 -0.007436555 -0.02466145 -0.02863498 0.05129568 0.066866495 0.3485883 -0.07659698 -0.07267252
0.462 -0.006927361999999999 -0.02498086 -0.02862823 0.05236042 0.066402204 0.34837848 -0.07814546 -0.07358209
0.4625 -0.006414715 -0.02529593 -0.02861732 0.05342656 0.0659303 0.3481797 -0.07969141 -0.0744891
0.46299999999999997 -0.005901469 -0.02560305 -0.02860336 0.05448253 0.065450974 0.34799236 -0.081234455 -0.075393654
0.4635 -0.0053875730000000005 -0.02590127 -0.02858608 0.05553722 0.064964496 0.3478167 -0.08277475 -0.076295815
0.46399999999999997 -0.00487019 -0.02619004 -0.02856412 0.05659783 0.06447081 0.34765297 -0.084312335 -0.07719536
0.4645 -0.004347883 -0.02646869 -0.02853698 0.05766556 0.063969985 0.34750134 -0.0858474 -0.07809266
0.465 -0.003820508 -0.02673668 -0.02850475 0.05873987 0.06346223 0.34736228 -0.087379694 -0.078987524
0.4655 -0.0032884470000000003 -0.02699365 -0.02846765 0.05981998 0.06294746 0.34723562 -0.08890928 -0.07988001
0.466 -0.0027522490000000004 -0.02723877 -0.02842594 0.0609063 0.062426254 0.3471219 -0.09043634 -0.08077007
0.4665 -0.002212257 -0.02747162 -0.02837985 0.06199805 0.06189826 0.34702098 -0.091960624 -0.08165781
0.467 -0.0016682420000000001 -0.02769305 -0.02832943 0.06309318 0.061363667 0.34693342 -0.09348251 -0.08254331
0.4675 -0.0011204639999999998 -0.02790364 -0.02827472 0.06419144 0.060822904 0.34685904 -0.095001854 -0.08342667
0.46799999999999997 -0.0005693609 -0.02810374 -0.02821582 0.06529272 0.060276046 0.34679818 -0.09651835 -0.08430774
0.4685 -1.526606e-05 -0.02829364 -0.028152800000000002 0.06639692 0.059722766 0.34675103 -0.09803255 -0.085186616
0.469 0.0005416468 -0.02847354 -0.02808575 0.06750394 0.059163935 0.3467173 -0.09954432 -0.08606346
0.4695 0.001101344 -0.02864365 -0.02801471 0.0686137 0.05859898 0.34669763 -0.1010534 -0.086938314
0.47 0.00166382 -0.02880418 -0.02793975 0.06972613 0.05802869 0.34669197 -0.10256022 -0.08781111
0.4705 0.002229067 -0.02895538 -0.02786092 0.07084112 0.05745261 0.34670013 -0.10406472 -0.08868179
0.47100000000000003 0.002797074 -0.029097500000000002 -0.02777828 0.07195862 0.056871288 0.3467229 -0.105566666 -0.0895508
0.4715 0.003367834 -0.02923081 -0.02769186 0.07307855 0.056284882 0.34675956 -0.10706627 -0.09041795
0.47200000000000003 0.003941334 -0.02935555 -0.02760174 0.07420086 0.055693325 0.34681076 -0.1085635 -0.0912831
0.4725 0.00451756 -0.02947198 -0.02750795 0.07532549 0.0550968 0.3468765 -0.11005847 -0.09214673
0.473 0.005096493 -0.02958033 -0.02741054 0.07645239 0.05449567 0.34695667 -0.111551255 -0.09300868
0.4735 0.005678109000000001 -0.02968084 -0.02730957 0.07758153 0.053890005 0.34705132 -0.11304188 -0.093868814
0.474 0.0062623819999999995 -0.02977372 -0.02720508 0.07871287 0.053279728 0.3471607 -0.11453019 -0.09472744
0.4745 0.006849284000000001 -0.02985918 -0.02709712 0.07984636 0.052665398 0.34728473 -0.11601642 -0.0955846
0.475 0.007438783000000001 -0.02993743 -0.02698573 0.08098198 0.052046902 0.34742355 -0.11750069 -0.09644033
0.4755 0.008030848 -0.03000865 -0.02687098 0.08211969 0.051424608 0.34757692 -0.118982926 -0.0972946
0.47600000000000003 0.008625445 -0.03007303 -0.02675289 0.08325946 0.05079844 0.3477453 -0.12046321 -0.09814743
0.4765 0.009222528 -0.03013072 -0.02663152 0.08439825 0.05016876 0.34792858 -0.121941626 -0.098998934
0.47700000000000004 0.00982192 -0.03018191 -0.02650692 0.08553144 0.049535695 0.34812665 -0.12341826 -0.09984924
0.4775 0.01042353 -0.03022674 -0.02637914 0.08666793 0.04889943 0.34833944 -0.12489319 -0.10069832
0.478 0.01102743 -0.03026536 -0.02624822 0.08780894 0.04826004 0.3485676 -0.12636624 -0.10154615
0.4785 0.01163367 -0.03029792 -0.0261142 0.08895396 0.04761796 0.3488102 -0.12783805 -0.10239279
0.479 0.01224224 -0.03032456 -0.02597714 0.09010244 0.04697299 0.349068 -0.12930827 -0.10323846
0.4795 0.012853100000000001 -0.03034542 -0.02583708 0.09125394 0.04632559 0.3493408 -0.13077715 -0.104082845
0.48 0.01346627 -0.03036063 -0.02569406 0.09240816 0.045675635 0.34962845 -0.1322447 -0.10492618
0.4805 0.01408168 -0.03037029 -0.0255481 0.09356484 0.04502365 0.34993112 -0.13371097 -0.105768695
0.48100000000000004 0.01469944 -0.03037448 -0.02539924 0.09472383 0.044369776 0.35024875 -0.13517632 -0.106610164
0.4815 0.01531956 -0.03037332 -0.02524752 0.09588499 0.043714 0.3505814 -0.13664061 -0.107450575
0.48200000000000004 0.01594198 -0.03036692 -0.02509296 0.09704818 0.043056607 0.35092902 -0.13810407 -0.108290136
0.4825 0.0165666 -0.03035542 -0.02493563 0.09821331 0.042397853 0.3512916 -0.13956675 -0.10912882
0.483 0.01719336 -0.03033891 -0.02477555 0.09938029 0.04173767 0.35166907 -0.1410289 -0.10996633
0.4835 0.01782221 -0.03031751 -0.02461277 0.10054910000000002 0.0410764 0.35206163 -0.14249055 -0.11080328
0.484 0.01845309 -0.03029133 -0.02444732 0.10171960000000001 0.040414415 0.3524691 -0.14395206 -0.11163908
0.4845 0.01908596 -0.03026046 -0.02427925 0.10289169999999999 0.03975159 0.3528914 -0.14541338 -0.112474024
0.485 0.0197208 -0.03022501 -0.02410859 0.10406549999999999 0.03908816 0.35332888 -0.14687467 -0.11330809
0.4855 0.02035763 -0.03018505 -0.02393537 0.10524100000000002 0.038424432 0.35378104 -0.14833605 -0.11414151
0.486 0.02099648 -0.03014069 -0.02375964 0.10641800000000001 0.03776047 0.3542481 -0.14979763 -0.11497377
0.4865 0.02163729 -0.03009201 -0.02358142 0.10759660000000001 0.037096478 0.35473 -0.15125991 -0.11580524
0.48700000000000004 0.02227996 -0.03003909 -0.02340076 0.1087767 0.036432717 0.35522705 -0.15272282 -0.11663589
0.4875 0.02292444 -0.02998202 -0.02321768 0.10995839999999998 0.035769373 0.3557387 -0.15418616 -0.11746566
0.488 0.02357069 -0.02992087 -0.02303223 0.11114149999999999 0.035106406 0.35626513 -0.15565118 -0.11829424
0.4885 0.02421867 -0.02985572 -0.02284443 0.1123261 0.034444205 0.35680658 -0.15711689 -0.119121894
0.489 0.02486837 -0.02978666 -0.02265432 0.1135121 0.03378295 0.35736263 -0.15858458 -0.11994873
0.4895 0.02551979 -0.02971375 -0.02246192 0.1146995 0.033122677 0.3579337 -0.16005333 -0.12077466
0.49 0.02617291 -0.02963707 -0.02226729 0.1158883 0.032463767 0.35851914 -0.1615243 -0.12159923
0.4905 0.02682769 -0.02955669 -0.02207043 0.1170785 0.03180616 0.35911953 -0.16299717 -0.12242283
0.491 0.02748391 -0.02947271 -0.02187143 0.11826969999999999 0.031150283 0.35973477 -0.16447234 -0.12324521
0.4915 0.0281414 -0.02938521 -0.02167034 0.11946199999999998 0.03049577 0.3603645 -0.16594984 -0.12406677
0.49200000000000005 0.02880031 -0.02929426 -0.02146717 0.12065530000000001 0.029843677 0.36100888 -0.16743025 -0.124886885
0.4925 0.0294608 -0.02919993 -0.02126192 0.1218499 0.029193394 0.36166787 -0.16891372 -0.12570558
0.493 0.03012295 -0.02910226 -0.0210546 0.12304580000000001 0.028545428 0.36234164 -0.17040034 -0.12652302
0.4935 0.03078675 -0.02900132 -0.02084523 0.124243 0.027899796 0.36303008 -0.1718904 -0.12733933
0.494 0.0314522 -0.02889716 -0.02063384 0.12544149999999998 0.027257143 0.3637328 -0.17338425 -0.12815401
0.4945 0.03211925 -0.02878983 -0.02042046 0.1266412 0.02661673 0.36445028 -0.17488173 -0.12896721
0.495 0.03278788 -0.02867938 -0.02020512 0.1278422 0.025979642 0.3651821 -0.17638375 -0.12977888
0.4955 0.03345805 -0.02856587 -0.01998784 0.1290445 0.025345456 0.36592847 -0.1778902 -0.13058874
0.496 0.03412974 -0.02844935 -0.01976866 0.1302481 0.024714509 0.36668932 -0.17940164 -0.13139707
0.4965 0.03480291 -0.02832988 -0.0195476 0.13145279999999998 0.024086954 0.36746466 -0.18091783 -0.13220355
0.49700000000000005 0.03547754 -0.02820751 -0.0193247 0.1326588 0.023463007 0.36825436 -0.18243964 -0.13300803
0.4975 0.03615361 -0.028082299999999998 -0.01909997 0.133866 0.022842642 0.36905867 -0.18396685 -0.13381062
0.498 0.03683108 -0.02795428 -0.01887345 0.13507439999999998 0.022226313 0.3698771 -0.18549983 -0.13461123
0.4985 0.03750995 -0.02782352 -0.01864515 0.13628389999999999 0.021613874 0.37071007 -0.18703909 -0.13540982
0.499 0.03819019 -0.02769006 -0.01841511 0.13749470000000003 0.021005686 0.37155718 -0.18858506 -0.13620593
0.4995 0.03887177 -0.02755395 -0.01818335 0.1387065 0.020401586 0.3724187 -0.19013743 -0.13699982
