1.067510098218917847e-01 1.046166494488716125e-01
1.011953577399253845e-01 9.943752735853195190e-02
9.572154283523559570e-02 9.471363574266433716e-02
9.068529307842254639e-02 9.122262895107269287e-02
8.683886379003524780e-02 8.776254951953887939e-02
8.299244195222854614e-02 8.464378863573074341e-02
7.948818057775497437e-02 8.205346018075942993e-02
7.653588056564331055e-02 7.942823320627212524e-02
7.357051223516464233e-02 7.689242064952850342e-02
7.071777433156967163e-02 7.480721175670623779e-02
6.833494454622268677e-02 7.273223996162414551e-02
6.595642119646072388e-02 7.071706652641296387e-02
6.362777203321456909e-02 6.901558488607406616e-02
6.161922588944435120e-02 6.734696775674819946e-02
5.965802073478698730e-02 6.565829366445541382e-02
5.769442021846771240e-02 6.417200714349746704e-02
5.594738945364952087e-02 6.278546154499053955e-02
5.429494753479957581e-02 6.138053536415100098e-02
5.261086300015449524e-02 6.014409288763999939e-02
5.110469833016395569e-02 5.895848572254180908e-02
4.967204481363296509e-02 5.774817615747451782e-02
4.823659732937812805e-02 5.664628744125366211e-02
4.692149162292480469e-02 5.564644932746887207e-02
4.569817706942558289e-02 5.467386916279792786e-02
4.447984322905540466e-02 5.379555001854896545e-02
4.334788024425506592e-02 5.299503356218338013e-02
4.230492189526557922e-02 5.219455435872077942e-02
4.128164052963256836e-02 5.142938718199729919e-02
4.031182080507278442e-02 5.074079707264900208e-02
3.942498192191123962e-02 5.008528009057044983e-02
3.856460005044937134e-02 4.946772381663322449e-02
3.773909434676170349e-02 4.890542477369308472e-02
3.698039799928665161e-02 4.835465550422668457e-02
3.625336661934852600e-02 4.780917614698410034e-02
3.555035963654518127e-02 4.730537161231040955e-02
3.489807993173599243e-02 4.683995246887207031e-02
3.428051993250846863e-02 4.639911651611328125e-02
3.368056192994117737e-02 4.599281772971153259e-02
3.311830386519432068e-02 4.560376331210136414e-02
3.258884325623512268e-02 4.520931094884872437e-02
3.207440674304962158e-02 4.482537508010864258e-02
3.158680722117424011e-02 4.446381703019142151e-02
3.112773224711418152e-02 4.411585628986358643e-02
3.068148158490657806e-02 4.378483816981315613e-02
3.025511465966701508e-02 4.346601665019989014e-02
2.985238097608089447e-02 4.314382746815681458e-02
2.946181595325469971e-02 4.282462224364280701e-02
2.908669039607048035e-02 4.252089187502861023e-02
2.873160131275653839e-02 4.223044589161872864e-02
2.838829904794692993e-02 4.195251688361167908e-02
2.805796824395656586e-02 4.168410599231719971e-02
2.774488553404808044e-02 4.141425713896751404e-02
2.744311839342117310e-02 4.114385694265365601e-02
2.715250290930271149e-02 4.088214784860610962e-02
2.687639556825160980e-02 4.063061997294425964e-02
2.661051414906978607e-02 4.038886725902557373e-02
2.635398507118225098e-02 4.015523567795753479e-02
2.610927075147628784e-02 3.992316499352455139e-02
2.587340399622917175e-02 3.969165682792663574e-02
2.564513869583606720e-02 3.946619108319282532e-02
2.542626112699508667e-02 3.924877941608428955e-02
2.521486021578311920e-02 3.903859108686447144e-02
2.500961907207965851e-02 3.883384540677070618e-02
2.481187880039215088e-02 3.863005340099334717e-02
2.462044358253479004e-02 3.842565417289733887e-02
2.443412877619266510e-02 3.822435811161994934e-02
2.425388433039188385e-02 3.802908211946487427e-02
2.407902851700782776e-02 3.784020990133285522e-02
2.390852570533752441e-02 3.765673935413360596e-02
2.374301478266716003e-02 3.747572749853134155e-02
2.358211763203144073e-02 3.729534149169921875e-02
2.342498116195201874e-02 3.711732849478721619e-02
2.327200584113597870e-02 3.694377094507217407e-02
2.312299795448780060e-02 3.677499294281005859e-02
2.297726273536682129e-02 3.661005571484565735e-02
2.283504046499729156e-02 3.644685074687004089e-02
2.269624546170234680e-02 3.628400340676307678e-02
2.256034873425960541e-02 3.612277284264564514e-02
2.242748625576496124e-02 3.596519678831100464e-02
2.229763194918632507e-02 3.581200912594795227e-02
2.217037044465541840e-02 3.566255792975425720e-02
2.204578183591365814e-02 3.551511093974113464e-02
2.192386798560619354e-02 3.536829352378845215e-02
2.180431596934795380e-02 3.522262722253799438e-02
2.168716676533222198e-02 3.507952019572257996e-02
2.157242409884929657e-02 3.493963181972503662e-02
2.145983837544918060e-02 3.480254486203193665e-02
2.134944126009941101e-02 3.466705977916717529e-02
2.124122343957424164e-02 3.453234210610389709e-02
2.113500051200389862e-02 3.439896926283836365e-02
2.103078551590442657e-02 3.426810353994369507e-02
2.092855237424373627e-02 3.414017707109451294e-02
2.082815393805503845e-02 3.401460126042366028e-02
2.072959579527378082e-02 3.389017283916473389e-02
2.063284069299697876e-02 3.376622870564460754e-02
2.053777500987052917e-02 3.364333510398864746e-02
2.044439315795898438e-02 3.352250158786773682e-02
2.035265229642391205e-02 3.340411931276321411e-02
2.026245743036270142e-02 3.328771144151687622e-02
2.017380297183990479e-02 3.317241370677947998e-02
2.008664235472679138e-02 3.305794671177864075e-02
2.000090293586254120e-02 3.294492140412330627e-02
1.991658471524715424e-02 3.283399716019630432e-02
1.983362436294555664e-02 3.272515162825584412e-02
1.975198090076446533e-02 3.261773660778999329e-02
1.967164501547813416e-02 3.251120075583457947e-02
1.959256082773208618e-02 3.240579739212989807e-02
1.951470412313938141e-02 3.230229765176773071e-02
1.943806186318397522e-02 3.220111131668090820e-02
1.936258003115653992e-02 3.210187703371047974e-02
1.928825303912162781e-02 3.200388699769973755e-02
1.921506039798259735e-02 3.190691396594047546e-02
1.914297230541706085e-02 3.181144967675209045e-02
1.907199062407016754e-02 3.171801939606666565e-02
1.900209300220012665e-02 3.162656724452972412e-02
1.893328316509723663e-02 3.153655305504798889e-02
1.886557042598724365e-02 3.144766762852668762e-02
1.879895851016044617e-02 3.136021643877029419e-02
1.873347721993923187e-02 3.127466887235641479e-02
1.866915449500083923e-02 3.119092993438243866e-02
1.860602200031280518e-02 3.110839799046516418e-02
1.854413375258445740e-02 3.102670982480049133e-02
1.848353818058967590e-02 3.094618581235408783e-02
1.842429116368293762e-02 3.086730279028415680e-02
1.836642995476722717e-02 3.078992851078510284e-02
1.830998994410037994e-02 3.071340359747409821e-02
1.825498603284358978e-02 3.063739836215972900e-02
1.820140145719051361e-02 3.056228347122669220e-02
1.814920082688331604e-02 3.048844821751117706e-02
1.809831522405147552e-02 3.041568212211132050e-02
1.804867573082447052e-02 3.034357912838459015e-02
1.800020411610603333e-02 3.027230314910411835e-02
1.795283332467079163e-02 3.020245954394340515e-02
1.790651492774486542e-02 3.013418614864349365e-02
1.786120608448982239e-02 3.006706573069095612e-02
1.781688444316387177e-02 3.000091016292572021e-02
1.777352020144462585e-02 2.993611432611942291e-02
1.773107983171939850e-02 2.987299859523773193e-02
1.768951676785945892e-02 2.981121465563774109e-02
1.764877326786518097e-02 2.975030243396759033e-02
1.760878227651119232e-02 2.969031594693660736e-02
1.756947487592697144e-02 2.963155135512351990e-02
1.753079891204833984e-02 2.957384288311004639e-02
1.749270036816596985e-02 2.951678447425365448e-02
1.745515502989292145e-02 2.946039661765098572e-02
1.741814427077770233e-02 2.940499037504196167e-02
1.738166995346546173e-02 2.935054898262023926e-02
1.734573580324649811e-02 2.929674647748470306e-02
1.731034927070140839e-02 2.924353629350662231e-02
1.727551035583019257e-02 2.919125370681285858e-02
1.724121347069740295e-02 2.913997508585453033e-02
1.720745302736759186e-02 2.908943407237529755e-02
1.717421226203441620e-02 2.903952635824680328e-02
1.714147627353668213e-02 2.899045683443546295e-02
1.710922829806804657e-02 2.894230559468269348e-02
1.707745529711246490e-02 2.889483608305454254e-02
1.704614795744419098e-02 2.884794585406780243e-02
1.701529510319232941e-02 2.880181185901165009e-02
1.698489300906658173e-02 2.875646017491817474e-02
1.695493422448635101e-02 2.871165238320827484e-02
1.692541129887104034e-02 2.866730280220508575e-02
1.689630746841430664e-02 2.862356603145599365e-02
1.686761714518070221e-02 2.858046814799308777e-02
1.683931984007358551e-02 2.853783592581748962e-02
1.681140251457691193e-02 2.849559113383293152e-02
1.678385213017463684e-02 2.845386974513530731e-02
1.675665192306041718e-02 2.841269224882125854e-02
1.672980003058910370e-02 2.837191149592399597e-02
1.670328155159950256e-02 2.833154611289501190e-02
1.667708531022071838e-02 2.829170599579811096e-02
1.665121130645275116e-02 2.825237996876239777e-02
1.662564650177955627e-02 2.821343950927257538e-02
1.660038530826568604e-02 2.817492932081222534e-02
1.657542027533054352e-02 2.813694439828395844e-02
1.655073836445808411e-02 2.809943817555904388e-02
1.652633585035800934e-02 2.806231938302516937e-02
1.650220341980457306e-02 2.802562341094017029e-02
1.647833175957202911e-02 2.798940055072307587e-02
1.645471714437007904e-02 2.795356698334217072e-02
1.643135398626327515e-02 2.791806682944297791e-02
1.640823483467102051e-02 2.788296155631542206e-02
1.638535596430301666e-02 2.784823998808860779e-02
1.636270992457866669e-02 2.781379409134387970e-02
1.634029112756252289e-02 2.777962572872638702e-02
1.631809398531913757e-02 2.774580009281635284e-02
1.629611290991306305e-02 2.771227061748504639e-02
1.627434417605400085e-02 2.767897397279739380e-02
1.625277847051620483e-02 2.764593809843063354e-02
1.623141393065452576e-02 2.761321328580379486e-02
1.621024310588836670e-02 2.758074365556240082e-02
1.618926413357257843e-02 2.754851989448070526e-02
1.616847142577171326e-02 2.751660533249378204e-02
1.614785939455032349e-02 2.748498506844043732e-02
1.612742617726325989e-02 2.745361253619194031e-02
1.610716618597507477e-02 2.742252126336097717e-02
1.608707755804061890e-02 2.739175781607627869e-02
1.606715098023414612e-02 2.736125513911247253e-02
1.604738831520080566e-02 2.733099646866321564e-02
1.602778397500514984e-02 2.730102464556694031e-02
1.600833423435688019e-02 2.727130800485610962e-02
1.598903723061084747e-02 2.724179998040199280e-02
1.596988551318645477e-02 2.721252664923667908e-02
1.595088280737400055e-02 2.718346938490867615e-02
1.593201979994773865e-02 2.715457789599895477e-02
1.591329835355281830e-02 2.712586708366870880e-02
1.589471474289894104e-02 2.709734439849853516e-02
1.587626338005065918e-02 2.706896327435970306e-02
1.585794426500797272e-02 2.704072929918766022e-02
1.583975367248058319e-02 2.701265178620815277e-02
1.582168973982334137e-02 2.698471955955028534e-02
1.580375246703624725e-02 2.695691213011741638e-02
1.578593440353870392e-02 2.692926116287708282e-02
1.576823741197586060e-02 2.690174803137779236e-02
1.575065590441226959e-02 2.687435597181320190e-02
1.573319174349308014e-02 2.684710361063480377e-02
1.571584120392799377e-02 2.681997977197170258e-02
1.569860242307186127e-02 2.679296955466270447e-02
1.568147353827953339e-02 2.676607668399810791e-02
1.566445082426071167e-02 2.673929743468761444e-02
1.564753428101539612e-02 2.671259827911853790e-02
1.563072204589843750e-02 2.668598666787147522e-02
1.561401039361953735e-02 2.665945701301097870e-02
1.559740118682384491e-02 2.663299627602100372e-02
1.558089163154363632e-02 2.660659514367580414e-02
1.556447800248861313e-02 2.658023312687873840e-02
1.554815936833620071e-02 2.655392140150070190e-02
1.553193666040897369e-02 2.652766183018684387e-02
1.551580522209405899e-02 2.650142461061477661e-02
1.549976319074630737e-02 2.647521905601024628e-02
1.548381336033344269e-02 2.644904144108295441e-02
1.546794734895229340e-02 2.642288804054260254e-02
1.545217260718345642e-02 2.639675885438919067e-02
1.543648075312376022e-02 2.637064456939697266e-02
1.542087364941835403e-02 2.634452469646930695e-02
1.540535129606723785e-02 2.631841972470283508e-02
1.538990810513496399e-02 2.629232220351696014e-02
1.537454500794410706e-02 2.626620419323444366e-02
1.535926200449466705e-02 2.624009363353252411e-02
1.534405536949634552e-02 2.621395327150821686e-02
1.532892603427171707e-02 2.618781663477420807e-02
1.531387306749820709e-02 2.616167627274990082e-02
1.529889181256294250e-02 2.613551355898380280e-02
1.528398785740137100e-02 2.610938064754009247e-02
1.526915095746517181e-02 2.608323656022548676e-02
1.525438576936721802e-02 2.605715952813625336e-02
1.523969136178493500e-02 2.603110112249851227e-02
1.522506400942802429e-02 2.600513584911823273e-02
1.521050557494163513e-02 2.597925439476966858e-02
1.519601140171289444e-02 2.595350891351699829e-02
1.518158428370952606e-02 2.592790499329566956e-02
1.516722142696380615e-02 2.590249665081501007e-02
1.515292096883058548e-02 2.587730064988136292e-02
1.513868290930986404e-02 2.585235610604286194e-02
1.512450538575649261e-02 2.582770399749279022e-02
1.511038839817047119e-02 2.580335363745689392e-02
1.509632915258407593e-02 2.577937580645084381e-02
1.508233044296503067e-02 2.575573697686195374e-02
1.506838854402303696e-02 2.573256008327007294e-02
1.505450159311294556e-02 2.570970170199871063e-02
1.504066772758960724e-02 2.568747475743293762e-02
1.502689067274332047e-02 2.566532604396343231e-02
1.501316670328378677e-02 2.564436942338943481e-02
1.499949675053358078e-02 2.562237158417701721e-02
1.498587802052497864e-02 2.560403198003768921e-02
1.497232075780630112e-02 2.557917870581150055e-02
1.495886873453855515e-02 2.557077072560787201e-02
1.494575012475252151e-02 2.552741393446922302e-02
1.493438147008419037e-02 2.557813748717308044e-02
1.493220496922731400e-02 2.546665258705615997e-02
1.498977933079004288e-02 2.583358809351921082e-02
1.512335333973169327e-02 2.567557431757450104e-02
1.553172338753938675e-02 2.540951222181320190e-02
1.518734265118837357e-02 2.636839821934700012e-02
1.569726131856441498e-02 2.542701177299022675e-02
1.519130822271108627e-02 2.560463175177574158e-02
1.542687416076660156e-02 2.542547509074211121e-02
1.487767323851585388e-02 2.604986540973186493e-02
1.536645833402872086e-02 2.544585429131984711e-02
1.531952712684869766e-02 2.554694749414920807e-02
1.559083908796310425e-02 2.522149123251438141e-02
1.506418641656637192e-02 2.596161514520645142e-02
1.541360281407833099e-02 2.531341835856437683e-02
1.482348144054412842e-02 2.550826966762542725e-02
1.523241586983203888e-02 2.525210939347743988e-02
1.494476292282342911e-02 2.548792958259582520e-02
1.498187519609928131e-02 2.536315098404884338e-02
1.494093798100948334e-02 2.507797069847583771e-02
1.486509386450052261e-02 2.517051622271537781e-02
1.494948007166385651e-02 2.521394565701484680e-02
1.473869476467370987e-02 2.555236779153347015e-02
1.497102063149213791e-02 2.500910870730876923e-02
1.475538220256567001e-02 2.500897832214832306e-02
1.492721214890480042e-02 2.496644668281078339e-02
1.478608231991529465e-02 2.518645301461219788e-02
1.473910827189683914e-02 2.528989315032958984e-02
1.477346662431955338e-02 2.500534616410732269e-02
1.474843174219131470e-02 2.491655945777893066e-02
1.475583761930465698e-02 2.494626678526401520e-02
1.467803679406642914e-02 2.514635957777500153e-02
1.475707814097404480e-02 2.493988350033760071e-02
1.461034826934337616e-02 2.496395818889141083e-02
1.471961103379726410e-02 2.489258348941802979e-02
1.460703741759061813e-02 2.500744350254535675e-02
1.465216651558876038e-02 2.489530108869075775e-02
1.461294572800397873e-02 2.478323318064212799e-02
1.460029277950525284e-02 2.481500618159770966e-02
1.459594722837209702e-02 2.492581494152545929e-02
1.456880010664463043e-02 2.491210959851741791e-02
1.456586923450231552e-02 2.474054321646690369e-02
1.454124879091978073e-02 2.470779977738857269e-02
1.455818209797143936e-02 2.475422248244285583e-02
1.450549624860286713e-02 2.489138022065162659e-02
1.453579682856798172e-02 2.476411126554012299e-02
1.448953896760940552e-02 2.468146756291389465e-02
1.449945196509361267e-02 2.468334138393402100e-02
1.447502151131629944e-02 2.476250007748603821e-02
1.447690278291702271e-02 2.472732402384281158e-02
1.444955449551343918e-02 2.467944659292697906e-02
1.445648353546857834e-02 2.466226555407047272e-02
1.443099230527877808e-02 2.470228634774684906e-02
1.443117856979370117e-02 2.466384507715702057e-02
1.441462989896535873e-02 2.461801655590534210e-02
1.440663263201713562e-02 2.463685534894466400e-02
1.439571380615234375e-02 2.467959374189376831e-02
1.438753493130207062e-02 2.463094331324100494e-02
1.437299232929944992e-02 2.457369305193424225e-02
1.436830870807170868e-02 2.458345703780651093e-02
1.435361616313457489e-02 2.464104071259498596e-02
1.434761378914117813e-02 2.461277693510055542e-02
1.433411706238985062e-02 2.455371245741844177e-02
1.432688627392053604e-02 2.455220185220241547e-02
1.431549713015556335e-02 2.459000237286090851e-02
1.430729869753122330e-02 2.457385510206222534e-02
1.429513376206159592e-02 2.453988417983055115e-02
1.428847666829824448e-02 2.453923225402832031e-02
1.427531614899635315e-02 2.455355785787105560e-02
1.426923647522926331e-02 2.452524192631244659e-02
1.425627712160348892e-02 2.451453171670436859e-02
1.424918696284294128e-02 2.453126385807991028e-02
1.423775777220726013e-02 2.452465891838073730e-02
1.422901730984449387e-02 2.448839880526065826e-02
1.421933621168136597e-02 2.448833920061588287e-02
1.420926023274660110e-02 2.451445348560810089e-02
1.420052535831928253e-02 2.449505031108856201e-02
1.418974623084068298e-02 2.446521073579788208e-02
1.418129913508892059e-02 2.447324432432651520e-02
1.417078543454408646e-02 2.448673173785209656e-02
1.416192296892404556e-02 2.446470037102699280e-02
1.415205094963312149e-02 2.445411309599876404e-02
1.414237357676029205e-02 2.446431666612625122e-02
1.413327641785144806e-02 2.445376291871070862e-02
1.412306353449821472e-02 2.444263361394405365e-02
1.411420851945877075e-02 2.445177547633647919e-02
1.410416979342699051e-02 2.444756776094436646e-02
1.409485470503568649e-02 2.442880347371101379e-02
1.408548001199960709e-02 2.443523332476615906e-02
1.407559774816036224e-02 2.444467321038246155e-02
1.406658347696065903e-02 2.442565932869911194e-02
1.405674777925014496e-02 2.442193217575550079e-02
1.404736284166574478e-02 2.443397790193557739e-02
1.403800677508115768e-02 2.442458458244800568e-02
1.402837503701448441e-02 2.441859804093837738e-02
1.401897612959146500e-02 2.442652918398380280e-02
1.400966197252273560e-02 2.441948093473911285e-02
1.400000788271427155e-02 2.441674470901489258e-02
1.399075891822576523e-02 2.442554384469985962e-02
1.398133859038352966e-02 2.441752701997756958e-02
1.397184468805789948e-02 2.441450208425521851e-02
1.396252587437629700e-02 2.442513033747673035e-02
1.395319961011409760e-02 2.441903948783874512e-02
1.394372433423995972e-02 2.441642619669437408e-02
1.393442414700984955e-02 2.442482300102710724e-02
1.392511744052171707e-02 2.442034706473350525e-02
1.391573809087276459e-02 2.442197874188423157e-02
1.390638388693332672e-02 2.442705817520618439e-02
1.389713585376739502e-02 2.442177198827266693e-02
1.388780493289232254e-02 2.442839182913303375e-02
1.387847028672695160e-02 2.443052642047405243e-02
1.386917568743228912e-02 2.442590892314910889e-02
1.385993324220180511e-02 2.443443052470684052e-02
1.385061349719762802e-02 2.443313784897327423e-02
1.384131051599979401e-02 2.443356253206729889e-02
1.383202243596315384e-02 2.443928644061088562e-02
1.382277533411979675e-02 2.443602308630943298e-02
1.381348911672830582e-02 2.444294653832912445e-02
1.380418706685304642e-02 2.444193512201309204e-02
1.379488501697778702e-02 2.444282919168472290e-02
1.378560159355401993e-02 2.444906532764434814e-02
1.377632562071084976e-02 2.444539591670036316e-02
1.376702915877103806e-02 2.445209026336669922e-02
1.375772058963775635e-02 2.444966509938240051e-02
1.374838873744010925e-02 2.445460297167301178e-02
1.373905595391988754e-02 2.445434592664241791e-02
1.372971199452877045e-02 2.445528842508792877e-02
1.372036430984735489e-02 2.445931732654571533e-02
1.371100731194019318e-02 2.445677109062671661e-02
1.370163541287183762e-02 2.446267940104007721e-02
1.369225606322288513e-02 2.445744909346103668e-02
1.368286460638046265e-02 2.446747757494449615e-02
1.367347128689289093e-02 2.445552311837673187e-02
1.366410497575998306e-02 2.447402104735374451e-02
1.365481130778789520e-02 2.444870956242084503e-02
1.364581473171710968e-02 2.449003234505653381e-02
1.363743469119071960e-02 2.442552894353866577e-02
1.363180112093687057e-02 2.453875355422496796e-02
1.363021694123744965e-02 2.437162585556507111e-02
1.365762297064065933e-02 2.464921586215496063e-02
1.366699021309614182e-02 2.434111759066581726e-02
1.383682992309331894e-02 2.443770691752433777e-02
1.359145808964967728e-02 2.478785812854766846e-02
1.376371458172798157e-02 2.454059757292270660e-02
1.456883270293474197e-02 2.435959503054618835e-02
1.450593862682580948e-02 2.426393888890743256e-02
1.377418823540210724e-02 2.698709629476070404e-02
1.615055277943611145e-02 2.505386248230934143e-02
1.617322303354740143e-02 2.551487088203430176e-02
1.778752729296684265e-02 2.550662495195865631e-02
1.842624507844448090e-02 2.537700720131397247e-02
1.866369508206844330e-02 2.519861236214637756e-02
1.870048977434635162e-02 2.500369213521480560e-02
1.862400583922863007e-02 2.481325715780258179e-02
1.848711632192134857e-02 2.464360371232032776e-02
1.832751557230949402e-02 2.450717799365520477e-02
1.817264594137668610e-02 2.441184408962726593e-02
1.804089732468128204e-02 2.436021156609058380e-02
1.794218085706233978e-02 2.434964664280414581e-02
1.787884347140789032e-02 2.437298372387886047e-02
1.784704625606536865e-02 2.441990375518798828e-02
1.783866062760353088e-02 2.447867020964622498e-02
1.784335449337959290e-02 2.453799359500408173e-02
1.785062067210674286e-02 2.458857186138629913e-02
1.785146817564964294e-02 2.462410554289817810e-02
1.783952116966247559e-02 2.464170195162296295e-02
1.781146973371505737e-02 2.464158833026885986e-02
1.776689104735851288e-02 2.462646178901195526e-02
1.770763285458087921e-02 2.460050582885742188e-02
1.763692125678062439e-02 2.456842549145221710e-02
1.755845546722412109e-02 2.453460358083248138e-02
1.747559010982513428e-02 2.450254186987876892e-02
1.739082671701908112e-02 2.447461150586605072e-02
1.730553060770034790e-02 2.445203252136707306e-02
1.721995137631893158e-02 2.443508990108966827e-02
1.713339611887931824e-02 2.442341297864913940e-02
1.704448834061622620e-02 2.441621944308280945e-02
1.695141009986400604e-02 2.441249787807464600e-02
1.685204729437828064e-02 2.441103942692279816e-02
1.674397848546504974e-02 2.441037632524967194e-02
1.662431657314300537e-02 2.440856210887432098e-02
1.648937724530696869e-02 2.440288104116916656e-02
1.633417420089244843e-02 2.438951469957828522e-02
1.615167781710624695e-02 2.436305209994316101e-02
1.593181490898132324e-02 2.431603148579597473e-02
1.566000655293464661e-02 2.423864416778087616e-02
1.531560532748699188e-02 2.412159182131290436e-02
1.487416867166757584e-02 2.398920059204101562e-02
1.434999704360961914e-02 2.421743236482143402e-02
1.414627395570278168e-02 2.582928538322448730e-02
1.549025718122720718e-02 2.355980314314365387e-02
1.396586932241916656e-02 2.351109683513641357e-02
1.453806180506944656e-02 2.352640591561794281e-02
1.500112749636173248e-02 2.353330515325069427e-02
1.530599966645240784e-02 2.352260984480381012e-02
1.547054946422576904e-02 2.348782122135162354e-02
1.550565194338560104e-02 2.342910692095756531e-02
1.542118377983570099e-02 2.335294149816036224e-02
1.522819511592388153e-02 2.326831407845020294e-02
1.493632514029741287e-02 2.318308688700199127e-02
1.455115620046854019e-02 2.311584539711475372e-02
1.409129053354263306e-02 2.323664166033267975e-02
1.373932603746652603e-02 2.446074411273002625e-02
1.442787330597639084e-02 2.404314652085304260e-02
1.409768685698509216e-02 2.319690771400928497e-02
1.372289098799228668e-02 2.303724177181720734e-02
1.390871312469244003e-02 2.299463935196399689e-02
1.408206485211849213e-02 2.295982465147972107e-02
1.414346881210803986e-02 2.291682735085487366e-02
1.408641692250967026e-02 2.286830358207225800e-02
1.392428576946258545e-02 2.285264991223812103e-02
1.370933838188648224e-02 2.304467558860778809e-02
1.361890230327844620e-02 2.360940165817737579e-02
1.390003040432929993e-02 2.331961318850517273e-02
1.373451855033636093e-02 2.286735177040100098e-02
1.358512230217456818e-02 2.273259311914443970e-02
1.366125047206878662e-02 2.270443551242351532e-02
1.374231278896331787e-02 2.269054204225540161e-02
1.373429223895072937e-02 2.268674410879611969e-02
1.364196278154850006e-02 2.275196835398674011e-02
1.354561746120452881e-02 2.298219688236713409e-02
1.356959715485572815e-02 2.318295836448669434e-02
1.364831812679767609e-02 2.293746545910835266e-02
1.354460883885622025e-02 2.268667705357074738e-02
1.350184902548789978e-02 2.258931286633014679e-02
1.354098785668611526e-02 2.255386300384998322e-02
1.356085669249296188e-02 2.254476957023143768e-02
1.352880895137786865e-02 2.257756888866424561e-02
1.347392238676548004e-02 2.268751151859760284e-02
1.345919538289308548e-02 2.281377278268337250e-02
1.349195558577775955e-02 2.275066822767257690e-02
1.346906460821628571e-02 2.258313819766044617e-02
1.342377625405788422e-02 2.247583866119384766e-02
1.342508848756551743e-02 2.242656983435153961e-02
1.343617867678403854e-02 2.241001091897487640e-02
1.342154387384653091e-02 2.242473140358924866e-02
1.338984724134206772e-02 2.247714623808860779e-02
1.337557937949895859e-02 2.253053337335586548e-02
1.338457502424716949e-02 2.249753475189208984e-02
1.337133813649415970e-02 2.240540832281112671e-02
1.334465667605400085e-02 2.233752980828285217e-02
1.333947014063596725e-02 2.230633236467838287e-02
1.333942264318466187e-02 2.230292744934558868e-02
1.332524139434099197e-02 2.232704497873783112e-02
1.330463681370019913e-02 2.237259782850742340e-02
1.329625584185123444e-02 2.240105345845222473e-02
1.329383533447980881e-02 2.237605117261409760e-02
1.327797584235668182e-02 2.232530154287815094e-02
1.326218247413635254e-02 2.228876203298568726e-02
1.325653400272130966e-02 2.227621525526046753e-02
1.324877887964248657e-02 2.228560112416744232e-02
1.323361787945032120e-02 2.231184765696525574e-02
1.322043500840663910e-02 2.233635820448398590e-02
1.321374066174030304e-02 2.233237959444522858e-02
1.320329122245311737e-02 2.230228856205940247e-02
1.318840961903333664e-02 2.227384224534034729e-02
1.317824702709913254e-02 2.226202562451362610e-02
1.316965930163860321e-02 2.226791717112064362e-02
1.315688434988260269e-02 2.228849753737449646e-02
1.314363814890384674e-02 2.231188118457794189e-02
1.313402969390153885e-02 2.231857553124427795e-02
1.312318723648786545e-02 2.230551280081272125e-02
1.310952287167310715e-02 2.229042723774909973e-02
1.309804338961839676e-02 2.228782325983047485e-02
1.308744959533214569e-02 2.230123803019523621e-02
1.307436544448137283e-02 2.232684567570686340e-02
1.306127943098545074e-02 2.235256135463714600e-02
1.304996293038129807e-02 2.236554212868213654e-02
1.303714327514171600e-02 2.236879989504814148e-02
1.302337367087602615e-02 2.237566746771335602e-02
1.301107369363307953e-02 2.239337190985679626e-02
1.299810502678155899e-02 2.242122218012809753e-02
1.298384740948677063e-02 2.245223708450794220e-02
1.297060865908861160e-02 2.247489057481288910e-02
1.295714452862739563e-02 2.248552627861499786e-02
1.294257491827011108e-02 2.249301783740520477e-02
1.292890962213277817e-02 2.250641025602817535e-02
1.291478238999843597e-02 2.252805419266223907e-02
1.289995107799768448e-02 2.255110815167427063e-02
1.288590207695960999e-02 2.256437763571739197e-02
1.287117321044206619e-02 2.256831899285316467e-02
1.285642385482788086e-02 2.257415838539600372e-02
1.284203678369522095e-02 2.258926630020141602e-02
1.282703690230846405e-02 2.260939590632915497e-02
1.281240582466125488e-02 2.262257412075996399e-02
1.279756333678960800e-02 2.262608520686626434e-02
1.278261188417673111e-02 2.263025566935539246e-02
1.276778709143400192e-02 2.264172583818435669e-02
1.275273878127336502e-02 2.265474759042263031e-02
1.273768115788698196e-02 2.266013436019420624e-02
1.272263936698436737e-02 2.265904285013675690e-02
1.270728465169668198e-02 2.266015857458114624e-02
1.269213482737541199e-02 2.266573719680309296e-02
1.267655286937952042e-02 2.267144806683063507e-02
1.266109198331832886e-02 2.267028577625751495e-02
1.264534052461385727e-02 2.266365289688110352e-02
1.262945402413606644e-02 2.266043610870838165e-02
1.261338312178850174e-02 2.266098558902740479e-02
1.259708683937788010e-02 2.265636064112186432e-02
1.258058845996856689e-02 2.264734543859958649e-02
1.256372220814228058e-02 2.263724617660045624e-02
1.254671439528465271e-02 2.262896113097667694e-02
1.252932008355855942e-02 2.262223884463310242e-02
1.251171156764030457e-02 2.260684780776500702e-02
1.249377056956291199e-02 2.259426936507225037e-02
1.247587427496910095e-02 2.257126569747924805e-02
1.245903689414262772e-02 2.257297933101654053e-02
1.245208550244569778e-02 2.250852435827255249e-02
1.245309878140687943e-02 2.253587543964385986e-02
1.252161338925361633e-02 2.234742976725101471e-02
1.243675965815782547e-02 2.227800525724887848e-02
1.250212639570236206e-02 2.233077026903629303e-02
1.243385020643472672e-02 2.240361273288726807e-02
1.244270056486129761e-02 2.229804545640945435e-02
1.235573366284370422e-02 2.226567640900611877e-02
1.228666026145219803e-02 2.235266938805580139e-02
1.231007277965545654e-02 2.221939340233802795e-02
1.238091010600328445e-02 2.231518551707267761e-02
1.241004932671785355e-02 2.194573543965816498e-02
1.232222281396389008e-02 2.176750823855400085e-02
1.233209576457738876e-02 2.177899330854415894e-02
1.223778352141380310e-02 2.222814969718456268e-02
1.228543091565370560e-02 2.215793728828430176e-02
1.221011392772197723e-02 2.203167416155338287e-02
1.226237043738365173e-02 2.146014757454395294e-02
1.220172178000211716e-02 2.127512730658054352e-02
1.227165851742029190e-02 2.127783745527267456e-02
1.214004866778850555e-02 2.158710360527038574e-02
1.193771138787269592e-02 2.199626155197620392e-02
1.219687797129154205e-02 2.181752957403659821e-02
1.215855590999126434e-02 2.092037163674831390e-02
1.237163413316011429e-02 2.069851011037826538e-02
1.234760321676731110e-02 2.054391801357269287e-02
1.219373941421508789e-02 2.082435600459575653e-02
1.225556805729866028e-02 2.081642299890518188e-02
1.210770383477210999e-02 2.050817944109439850e-02
1.193586271256208420e-02 2.047554403543472290e-02
1.197995152324438095e-02 2.058437280356884003e-02
1.177048310637474060e-02 2.060833200812339783e-02
1.166026201099157333e-02 2.075426839292049408e-02
1.226932741701602936e-02 2.000248432159423828e-02
1.242193579673767090e-02 2.033339627087116241e-02
1.378009375184774399e-02 1.997558400034904480e-02
1.284972578287124634e-02 1.967446506023406982e-02
1.231410074979066849e-02 2.028444036841392517e-02
1.247089821845293045e-02 2.042725123465061188e-02
1.244289055466651917e-02 1.985411159694194794e-02
1.213787961751222610e-02 2.005336433649063110e-02
1.251323428004980087e-02 1.998870819807052612e-02
1.243597082793712616e-02 1.959813386201858521e-02
1.156496535986661911e-02 2.079967409372329712e-02
1.250745728611946106e-02 1.936828903853893280e-02
1.198829617351293564e-02 1.970221102237701416e-02
1.289969589561223984e-02 1.986204087734222412e-02
1.280275546014308929e-02 1.965872570872306824e-02
1.249616034328937531e-02 1.985769532620906830e-02
1.268498040735721588e-02 1.907903142273426056e-02
1.212835591286420822e-02 1.962005347013473511e-02
1.277526747435331345e-02 1.980125717818737030e-02
1.288380287587642670e-02 1.966762915253639221e-02
1.252783369272947311e-02 1.974664628505706787e-02
1.223596092313528061e-02 2.012121304869651794e-02
1.222274266183376312e-02 1.994795538485050201e-02
1.194422878324985504e-02 1.928055658936500549e-02
1.154612656682729721e-02 1.918607391417026520e-02
1.167425792664289474e-02 1.925578527152538300e-02
1.187388412654399872e-02 1.926559209823608398e-02
1.140288822352886200e-02 2.036571875214576721e-02
1.234690193086862564e-02 1.952265016734600067e-02
1.269899494946002960e-02 1.918506622314453125e-02
1.176727470010519028e-02 1.899341493844985962e-02
1.158271823078393936e-02 1.916015706956386566e-02
1.182027906179428101e-02 1.918270811438560486e-02
1.193981803953647614e-02 1.903864368796348572e-02
1.192958187311887741e-02 1.879278942942619324e-02
1.187052763998508453e-02 1.867030188441276550e-02
1.189756207168102264e-02 1.860508881509304047e-02
1.187891140580177307e-02 1.844383031129837036e-02
1.163733564317226410e-02 1.845365017652511597e-02
1.144183613359928131e-02 1.880672201514244080e-02
1.158109400421380997e-02 1.848476007580757141e-02
1.121279597282409668e-02 1.847446337342262268e-02
1.121306419372558594e-02 1.854534633457660675e-02
1.116681471467018127e-02 1.862775348126888275e-02
1.113252062350511551e-02 2.014402300119400024e-02
1.222803723067045212e-02 1.908925734460353851e-02
1.233675610274076462e-02 1.878850720822811127e-02
1.194623578339815140e-02 1.857931539416313171e-02
1.196552161127328873e-02 1.847760193049907684e-02
1.202345732599496841e-02 1.848008483648300171e-02
1.198383606970310211e-02 1.864935830235481262e-02
1.201005838811397552e-02 1.877224817872047424e-02
1.206588931381702423e-02 1.854281313717365265e-02
1.181306876242160797e-02 1.853802427649497986e-02
1.186675764620304108e-02 1.855039037764072418e-02
1.195660978555679321e-02 1.826781034469604492e-02
1.171729899942874908e-02 1.792473532259464264e-02
1.136166509240865707e-02 1.810051873326301575e-02
1.145481877028942108e-02 1.800191961228847504e-02
1.126436050981283188e-02 1.792043820023536682e-02
1.113203912973403931e-02 1.807181537151336670e-02
1.117419451475143433e-02 1.816471293568611145e-02
1.101624593138694763e-02 1.836072467267513275e-02
1.086260285228490829e-02 1.905209757387638092e-02
1.097530219703912735e-02 1.880491152405738831e-02
1.110159885138273239e-02 1.852115802466869354e-02
1.075929589569568634e-02 1.832060329616069794e-02
1.076348684728145599e-02 1.832584477961063385e-02
1.079810317605733871e-02 1.832408085465431213e-02
1.077422499656677246e-02 1.821612939238548279e-02
1.070243958383798599e-02 1.813515089452266693e-02
1.068151183426380157e-02 1.800337247550487518e-02
1.056186575442552567e-02 1.800999976694583893e-02
1.074737124145030975e-02 1.797954551875591278e-02
1.056510582566261292e-02 1.794126816093921661e-02
1.060556620359420776e-02 1.777467131614685059e-02
1.050390489399433136e-02 1.775684207677841187e-02
1.060135755687952042e-02 1.785597018897533417e-02
1.057759113609790802e-02 1.789012178778648376e-02
1.050027832388877869e-02 1.792968995869159698e-02
1.060578133910894394e-02 1.790905185043811798e-02
1.042135804891586304e-02 1.793430559337139130e-02
1.050331629812717438e-02 1.785261370241641998e-02
1.037199702113866806e-02 1.794374734163284302e-02
1.052100211381912231e-02 1.798784732818603516e-02
1.039650384336709976e-02 1.804463192820549011e-02
1.044297218322753906e-02 1.788797229528427124e-02
1.031074672937393188e-02 1.782261393964290619e-02
1.029609423130750656e-02 1.790580712258815765e-02
1.038137543946504593e-02 1.781108044087886810e-02
1.024658791720867157e-02 1.785330288112163544e-02
1.048626285046339035e-02 1.781413331627845764e-02
1.027175970375537872e-02 1.781012304127216339e-02
1.030514389276504517e-02 1.775720901787281036e-02
1.022060774266719818e-02 1.780924946069717407e-02
1.018559280782938004e-02 1.800223626196384430e-02
1.028493512421846390e-02 1.790896989405155182e-02
1.010973937809467316e-02 1.793940737843513489e-02
1.039297413080930710e-02 1.786690391600131989e-02
1.015890017151832581e-02 1.781296730041503906e-02
1.016848254948854446e-02 1.778019033372402191e-02
1.014220435172319412e-02 1.775268651545047760e-02
1.006499398499727249e-02 1.783770509064197540e-02
1.010136399418115616e-02 1.779673621058464050e-02
1.010714378207921982e-02 1.784567162394523621e-02
1.012265961617231369e-02 1.769395172595977783e-02
1.003003958612680435e-02 1.765812002122402191e-02
1.003975048661231995e-02 1.768661104142665863e-02
1.005824934691190720e-02 1.768628321588039398e-02
9.958733804523944855e-03 1.774949207901954651e-02
1.009380910545587540e-02 1.782672107219696045e-02
1.016145478934049606e-02 1.760013774037361145e-02
9.988603182137012482e-03 1.769174076616764069e-02
1.017096266150474548e-02 1.756711304187774658e-02
9.991763159632682800e-03 1.771201379597187042e-02
1.005169842392206192e-02 1.772683672606945038e-02
1.007170323282480240e-02 1.764715835452079773e-02
9.875619783997535706e-03 1.764520443975925446e-02
9.932566434144973755e-03 1.763373613357543945e-02
9.929030202329158783e-03 1.761038601398468018e-02
9.883355349302291870e-03 1.759270392358303070e-02
9.841674938797950745e-03 1.760756224393844604e-02
9.939795359969139099e-03 1.764022000133991241e-02
9.979919530451297760e-03 1.748728007078170776e-02
9.815795347094535828e-03 1.755603775382041931e-02
9.924664162099361420e-03 1.751614362001419067e-02
9.926939383149147034e-03 1.748861744999885559e-02
9.862325154244899750e-03 1.760474219918251038e-02
9.954986162483692169e-03 1.749032363295555115e-02
9.796034544706344604e-03 1.752209104597568512e-02
9.809553623199462891e-03 1.756347343325614929e-02
9.903450496494770050e-03 1.744413189589977264e-02
9.745060466229915619e-03 1.742575317621231079e-02
9.744334965944290161e-03 1.751485466957092285e-02
9.808361530303955078e-03 1.745610870420932770e-02
9.794591926038265228e-03 1.738548651337623596e-02
9.688794612884521484e-03 1.748991012573242188e-02
9.833081625401973724e-03 1.742070354521274567e-02
9.816848672926425934e-03 1.731866784393787384e-02
9.675634093582630157e-03 1.747306622564792633e-02
9.870559908449649811e-03 1.728428155183792114e-02
9.707020595669746399e-03 1.730720885097980499e-02
9.719521738588809967e-03 1.744021661579608917e-02
9.754933416843414307e-03 1.731777377426624298e-02
9.640961885452270508e-03 1.730056107044219971e-02
9.622938930988311768e-03 1.741529814898967743e-02
9.730579331517219543e-03 1.728644780814647675e-02
9.649245068430900574e-03 1.724179461598396301e-02
9.573154151439666748e-03 1.734201982617378235e-02
9.665721096098423004e-03 1.723474450409412384e-02
9.692749939858913422e-03 1.716943085193634033e-02
9.552813135087490082e-03 1.738972030580043793e-02
9.731746278703212738e-03 1.719654165208339691e-02
9.658071212470531464e-03 1.713160797953605652e-02
9.562918916344642639e-03 1.736215688288211823e-02
9.750227443873882294e-03 1.709305308759212494e-02
9.513116441667079926e-03 1.714218407869338989e-02
9.611072018742561340e-03 1.724712736904621124e-02
9.550563991069793701e-03 1.713127829134464264e-02
9.470397606492042542e-03 1.712122745811939240e-02
9.479911997914314270e-03 1.724511384963989258e-02
9.534797631204128265e-03 1.710999198257923126e-02
9.529947303235530853e-03 1.707444898784160614e-02
9.440608322620391846e-03 1.705533824861049652e-02
9.443894959986209869e-03 1.699500158429145813e-02
9.481318295001983643e-03 1.705824211239814758e-02
9.405112825334072113e-03 1.707355119287967682e-02
9.391583502292633057e-03 1.703883893787860870e-02
9.437557309865951538e-03 1.712423749268054962e-02
9.452569298446178436e-03 1.691619120538234711e-02
9.419859386980533600e-03 1.691481098532676697e-02
9.362080134451389313e-03 1.707455702126026154e-02
9.425182826817035675e-03 1.692674309015274048e-02
9.465447627007961273e-03 1.696254685521125793e-02
9.321852587163448334e-03 1.704013906419277191e-02
9.348594583570957184e-03 1.692537590861320496e-02
9.491294622421264648e-03 1.691049709916114807e-02
9.312598034739494324e-03 1.695827022194862366e-02
9.354952722787857056e-03 1.679415814578533173e-02
9.433592669665813446e-03 1.680723950266838074e-02
9.266897104680538177e-03 1.712596230208873749e-02
9.430066682398319244e-03 1.677495799958705902e-02
9.307627566158771515e-03 1.678572781383991241e-02
9.235748089849948883e-03 1.718348637223243713e-02
9.372581727802753448e-03 1.686832681298255920e-02
9.612576104700565338e-03 1.666619628667831421e-02
9.235834702849388123e-03 1.734425872564315796e-02
1.021524984389543533e-02 1.679630763828754425e-02
9.796753525733947754e-03 1.677699573338031769e-02
9.783666580915451050e-03 1.679676212370395660e-02
9.435671381652355194e-03 1.728980801999568939e-02
1.037091109901666641e-02 1.674835942685604095e-02
9.783312678337097168e-03 1.680877618491649628e-02
9.964546188712120056e-03 1.689534820616245270e-02
9.714698418974876404e-03 1.708962954580783844e-02
9.889775887131690979e-03 1.667228341102600098e-02
9.770614095032215118e-03 1.692677848041057587e-02
1.006575580686330795e-02 1.686658523976802826e-02
9.640804491937160492e-03 1.721107214689254761e-02
9.819585829973220825e-03 1.688214950263500214e-02
9.583473205566406250e-03 1.691636443138122559e-02
9.742847643792629242e-03 1.668937318027019501e-02
9.359217248857021332e-03 1.738152839243412018e-02
9.716917760670185089e-03 1.676468551158905029e-02
9.249685332179069519e-03 1.680796034634113312e-02
9.619691409170627594e-03 1.650560274720191956e-02
9.177752770483493805e-03 1.711730472743511200e-02
9.520622901618480682e-03 1.647184602916240692e-02
9.133842773735523224e-03 1.645127311348915100e-02
9.287752211093902588e-03 1.657176762819290161e-02
9.245889261364936829e-03 1.644933409988880157e-02
9.064977988600730896e-03 1.652072370052337646e-02
9.318107739090919495e-03 1.636927761137485504e-02
9.075260721147060394e-03 1.637293957173824310e-02
9.181911125779151917e-03 1.618456654250621796e-02
9.077977389097213745e-03 1.647614501416683197e-02
9.110190905630588531e-03 1.640378125011920929e-02
9.017676115036010742e-03 1.625802740454673767e-02
9.094969369471073151e-03 1.647499389946460724e-02
9.077148512005805969e-03 1.627906039357185364e-02
8.963746950030326843e-03 1.635240390896797180e-02
9.005759842693805695e-03 1.634328253567218781e-02
8.958226069808006287e-03 1.617594994604587555e-02
9.013595990836620331e-03 1.625306718051433563e-02
8.912225253880023956e-03 1.634891331195831299e-02
8.941488340497016907e-03 1.615128293633460999e-02
8.943089284002780914e-03 1.632524654269218445e-02
8.930339477956295013e-03 1.608923636376857758e-02
8.968059904873371124e-03 1.624234765768051147e-02
8.852430619299411774e-03 1.635578274726867676e-02
9.075076319277286530e-03 1.891285739839076996e-02
1.291796844452619553e-02 1.619463786482810974e-02
9.998327121138572693e-03 1.764870248734951019e-02
1.197509188205003738e-02 1.802333630621433258e-02
1.267962902784347534e-02 1.766175404191017151e-02
1.241602841764688492e-02 1.751543022692203522e-02
1.219665817916393280e-02 1.773298904299736023e-02
1.219305116683244705e-02 1.806872338056564331e-02
1.224499102681875229e-02 1.827797293663024902e-02
1.215178146958351135e-02 1.826835423707962036e-02
1.184815261512994766e-02 1.811420731246471405e-02
1.142689026892185211e-02 1.795420050621032715e-02
1.103371474891901016e-02 1.781025156378746033e-02
1.069675944745540619e-02 1.760837063193321228e-02
1.037474535405635834e-02 1.753440685570240021e-02
1.031186059117317200e-02 1.730227284133434296e-02
1.028329413384199142e-02 1.684127748012542725e-02
1.003181189298629761e-02 1.678121834993362427e-02
9.911757893860340118e-03 1.678018271923065186e-02
9.809242561459541321e-03 1.689066365361213684e-02
9.749088436365127563e-03 1.713699102401733398e-02
9.731752797961235046e-03 1.735840365290641785e-02
9.811229072511196136e-03 1.663787849247455597e-02
9.328371845185756683e-03 1.623254455626010895e-02
9.061724878847599030e-03 1.636923849582672119e-02
9.364396333694458008e-03 1.592749543488025665e-02
9.198330342769622803e-03 1.556572597473859787e-02
9.280257858335971832e-03 1.539036259055137634e-02
9.355735033750534058e-03 1.521306578069925308e-02
9.123912081122398376e-03 1.532301958650350571e-02
9.224697016179561615e-03 1.521527674049139023e-02
9.089327417314052582e-03 1.517765689641237259e-02
8.977853693068027496e-03 1.540340576320886612e-02
9.016548283398151398e-03 1.550687104463577271e-02
9.024390019476413727e-03 1.539289858192205429e-02
8.818038739264011383e-03 1.535070687532424927e-02
8.950492367148399353e-03 1.550737023353576660e-02
8.995085954666137695e-03 1.556766033172607422e-02
8.862419985234737396e-03 1.560594793409109116e-02
8.783047087490558624e-03 1.567718759179115295e-02
8.867167867720127106e-03 1.560596190392971039e-02
8.815784007310867310e-03 1.548425946384668350e-02
8.709107525646686554e-03 1.548152510076761246e-02
8.789596147835254669e-03 1.528008747845888138e-02
8.750067092478275299e-03 1.518824324011802673e-02
8.727699518203735352e-03 1.526310108602046967e-02
8.662893436849117279e-03 1.536941807717084885e-02
8.724451065063476562e-03 1.525529194623231888e-02
8.671635761857032776e-03 1.525008119642734528e-02
8.647857233881950378e-03 1.544902659952640533e-02
8.674686774611473083e-03 1.531717833131551743e-02
8.622412569820880890e-03 1.535087265074253082e-02
8.583430200815200806e-03 1.551290415227413177e-02
8.614145219326019287e-03 1.536135096102952957e-02
8.575622923672199249e-03 1.533869188278913498e-02
8.563682436943054199e-03 1.545658987015485764e-02
8.572992868721485138e-03 1.527397334575653076e-02
8.531579747796058655e-03 1.523908413946628571e-02
8.519875817000865936e-03 1.533985137939453125e-02
8.534352295100688934e-03 1.513416599482297897e-02
8.521266281604766846e-03 1.516044419258832932e-02
8.478590287268161774e-03 1.514874584972858429e-02
8.477142080664634705e-03 1.501568779349327087e-02
8.492541499435901642e-03 1.517419237643480301e-02
8.465582504868507385e-03 1.508226338773965836e-02
8.437441661953926086e-03 1.513414923101663589e-02
8.426561020314693451e-03 1.517143286764621735e-02
8.414447307586669922e-03 1.509361993521451950e-02
8.415734395384788513e-03 1.524603553116321564e-02
8.418884128332138062e-03 1.503814663738012314e-02
8.426446467638015747e-03 1.522479671984910965e-02
8.409403264522552490e-03 1.506610680371522903e-02
8.368920534849166870e-03 1.506093423813581467e-02
8.357504382729530334e-03 1.521073281764984131e-02
8.377660997211933136e-03 1.491062343120574951e-02
8.476472459733486176e-03 1.537438202649354935e-02
8.497715927660465240e-03 1.491689309477806091e-02
8.434884250164031982e-03 1.495541259646415710e-02
8.345148526132106781e-03 1.540319994091987610e-02
8.475632406771183014e-03 1.489531714469194412e-02
8.952800184488296509e-03 1.492916699498891830e-02
8.338212966918945312e-03 1.624475978314876556e-02
9.475206024944782257e-03 1.729341223835945129e-02
1.158944051712751389e-02 1.774487644433975220e-02
1.185283623635768890e-02 1.697122678160667419e-02
1.086754072457551956e-02 1.660615019500255585e-02
1.058673672378063202e-02 1.688022725284099579e-02
1.100176014006137848e-02 1.717278733849525452e-02
1.108507718890905380e-02 1.685793511569499969e-02
1.048730593174695969e-02 1.651500910520553589e-02
1.004148274660110474e-02 1.639658957719802856e-02
9.912982583045959473e-03 1.713642850518226624e-02
1.091079227626323700e-02 1.622362434864044189e-02
9.796261787414550781e-03 1.635112240910530090e-02
9.788868017494678497e-03 1.665626466274261475e-02
1.004270557314157486e-02 1.609065011143684387e-02
9.615003131330013275e-03 1.546994969248771667e-02
9.203330613672733307e-03 1.546551473438739777e-02
9.150723926723003387e-03 1.593166962265968323e-02
9.278527460992336273e-03 1.592436432838439941e-02
9.122340008616447449e-03 1.600451394915580750e-02
9.243871085345745087e-03 1.573933847248554230e-02
8.937872946262359619e-03 1.519818231463432312e-02
8.582789450883865356e-03 1.509390212595462799e-02
8.727413602173328400e-03 1.529242750257253647e-02
8.833811618387699127e-03 1.474853698164224625e-02
8.597428910434246063e-03 1.449440326541662216e-02
8.576534688472747803e-03 1.449199393391609192e-02
8.501418866217136383e-03 1.468147244304418564e-02
8.556894026696681976e-03 1.462353393435478210e-02
8.517490699887275696e-03 1.443105190992355347e-02
8.482247591018676758e-03 1.439756620675325394e-02
8.418266661465167999e-03 1.458277925848960876e-02
8.516407571732997894e-03 1.413708832114934921e-02
8.543823845684528351e-03 1.428319048136472702e-02
8.445207029581069946e-03 1.475359499454498291e-02
8.622289635241031647e-03 1.458059065043926239e-02
8.392804302275180817e-03 1.431554835289716721e-02
8.439327590167522430e-03 1.454630121588706970e-02
8.262014947831630707e-03 1.514029037207365036e-02
8.612269535660743713e-03 1.517738029360771179e-02
9.608565829694271088e-03 1.503971591591835022e-02
9.144583716988563538e-03 1.530682109296321869e-02
9.229856543242931366e-03 1.554992236196994781e-02
9.572640992701053619e-03 1.507740467786788940e-02
8.989997208118438721e-03 1.467284653335809708e-02
8.715597912669181824e-03 1.462031900882720947e-02
8.853290230035781860e-03 1.509843114763498306e-02
9.164776653051376343e-03 1.554528623819351196e-02
9.201083332300186157e-03 1.484373025596141815e-02
9.039484895765781403e-03 1.479257643222808838e-02
8.948807604610919952e-03 1.519148424267768860e-02
9.093683212995529175e-03 1.553186681121587753e-02
9.295148774981498718e-03 1.540106534957885742e-02
9.068974293768405914e-03 1.524995453655719757e-02
8.791181258857250214e-03 1.493170950561761856e-02
8.472495712339878082e-03 1.530252862721681595e-02
8.838019333779811859e-03 1.581344008445739746e-02
8.984924294054508209e-03 1.556492317467927933e-02
9.639923460781574249e-03 1.556988991796970367e-02
9.520834311842918396e-03 1.607034914195537567e-02
9.872164577245712280e-03 1.622086763381958008e-02
1.010118518024682999e-02 1.579843834042549133e-02
9.730529040098190308e-03 1.540173217654228210e-02
9.227209724485874176e-03 1.514564547687768936e-02
8.889554068446159363e-03 1.499355770647525787e-02
8.715962991118431091e-03 1.580200344324111938e-02
9.523430839180946350e-03 1.560907252132892609e-02
9.164744056761264801e-03 1.503863371908664703e-02
8.944676257669925690e-03 1.444311533123254776e-02
8.592839352786540985e-03 1.454973034560680389e-02
8.690135553479194641e-03 1.486358605325222015e-02
8.861590176820755005e-03 1.479757670313119888e-02
8.686759509146213531e-03 1.479469612240791321e-02
8.581859059631824493e-03 1.468796655535697937e-02
8.369954302906990051e-03 1.482013519853353500e-02
8.410281501710414886e-03 1.517029106616973877e-02
8.540510199964046478e-03 1.455598138272762299e-02
8.562399074435234070e-03 1.433615293353796005e-02
8.314709179103374481e-03 1.468348409980535507e-02
8.455639705061912537e-03 1.480827480554580688e-02
8.592362515628337860e-03 1.440697349607944489e-02
8.309492841362953186e-03 1.435173209756612778e-02
