8.769460357725619715e-02 8.362514860928058069e-02
6.007839404046535353e-02 5.824579410254955569e-02
4.281579442322254458e-02 4.458661079406738004e-02
3.348115766420960149e-02 3.629196900874376297e-02
2.761175381019711356e-02 3.089859485626220842e-02
2.398111736401915481e-02 2.721001487225294113e-02
2.147712642326950888e-02 2.465301901102066179e-02
1.956970086321234772e-02 2.309410758316516807e-02
1.812074286863207817e-02 2.233455181121826033e-02
1.727664452046155999e-02 2.187977787107229372e-02
1.668204292654991081e-02 2.162120249122381072e-02
1.603563046082854410e-02 2.133429013192653795e-02
1.570414211601018836e-02 2.122549433261156082e-02
1.527577089145779575e-02 2.111237365752458711e-02
1.487182825803756714e-02 2.091561350971460342e-02
1.450728019699454308e-02 2.069389931857585838e-02
1.417722152546048095e-02 2.027376946061849525e-02
1.366395242512226035e-02 2.013188879936933517e-02
1.324481405317783425e-02 1.989388260990381310e-02
1.267151255160570145e-02 1.956798816099762986e-02
1.202388848178088596e-02 1.918500661849975586e-02
1.132013234309852193e-02 1.874356949701905251e-02
1.074948185123503208e-02 1.882013250142335753e-02
9.976059314794838428e-03 1.766522806137800147e-02
9.747922839596866867e-03 1.705940477550029616e-02
9.685652796179056168e-03 1.657551899552345276e-02
9.576423699036240925e-03 1.705571543425321579e-02
9.152674116194248199e-03 1.656058048829436163e-02
8.913363935425877918e-03 1.604664577171206405e-02
8.822325058281422008e-03 1.606304757297039032e-02
8.494683168828487049e-03 1.653708349913358619e-02
8.211117470636963844e-03 1.557334680110216210e-02
7.964383857324720123e-03 1.538527430966496468e-02
7.773799472488462925e-03 1.531562730669975246e-02
7.709525385871529232e-03 1.517256349325180054e-02
7.552794972434639584e-03 1.503993850201368332e-02
7.355921668931841850e-03 1.461740978993475437e-02
7.199604157358407627e-03 1.448330772109329700e-02
7.000972540117800583e-03 1.428137784823775222e-02
6.877704896032810558e-03 1.404069294221699238e-02
6.775313685648143118e-03 1.366963936015963554e-02
6.544136069715022694e-03 1.341584068723022938e-02
6.316715385764837265e-03 1.330406996421515907e-02
6.233826582320034677e-03 1.312384931370615994e-02
6.277266750112175595e-03 1.242906916886568104e-02
6.221401831135153424e-03 1.252486631274223397e-02
5.910784564912318836e-03 1.185610103420913289e-02
5.859270528890192682e-03 1.205704058520495892e-02
5.673787172418088068e-03 1.138338171876967023e-02
5.665294034406543125e-03 1.119882129132747720e-02
5.364188645035028631e-03 1.139937900006771088e-02
6.276342656929045742e-03 1.110004219226539204e-02
5.228585004806518902e-03 1.044498842675238917e-02
4.988064686767756765e-03 1.032030771020799910e-02
4.790250048972666437e-03 9.790078597143292080e-03
4.680913442280143152e-03 9.580274624750018814e-03
4.591964918654411684e-03 9.315306018106640079e-03
4.380048287566750895e-03 8.882073708809912552e-03
4.321636410895735199e-03 8.591877995058894157e-03
4.341645503882318562e-03 8.806037204340099595e-03
4.171489749569446022e-03 8.426886703819035790e-03
4.030175786465406244e-03 8.459595148451626301e-03
3.919515293091535568e-03 8.305357047356664787e-03
4.099499748554081072e-03 7.847585249692201614e-03
4.272367130033672203e-03 8.018789906054734837e-03
4.608698212541640152e-03 9.502510214224458088e-03
5.387105001136660749e-03 1.041747843846678803e-02
5.059021268971264015e-03 1.034139008261263440e-02
4.664040048373863448e-03 8.871031808666884899e-03
4.120527149643749346e-03 8.421651227399707187e-03
3.935124096460640604e-03 7.972010434605181564e-03
3.954268002416938543e-03 8.050731674302369356e-03
4.297626507468521768e-03 8.053777436725795963e-03
4.047717573121190418e-03 7.797527941875159740e-03
3.497098933439701969e-03 7.799151563085615288e-03
3.351972775999456471e-03 7.550000655464827667e-03
3.345732763409614736e-03 7.058171310927718704e-03
3.759560722392052325e-03 8.758636005222798088e-03
4.881617240607738148e-03 1.071253204718232085e-02
4.398122080601751804e-03 8.334358036518097618e-03
3.962618962395936598e-03 8.259786199778318752e-03
3.568930947221815413e-03 7.140215183608233755e-03
3.654731437563896179e-03 9.094867366366088043e-03
4.613128781784325838e-03 7.375674135982990091e-03
3.797887521795928305e-03 7.294104970060289080e-03
3.355240786913782185e-03 7.321889989543706352e-03
3.264748002402484504e-03 7.159443967975675886e-03
3.261399897746741858e-03 6.589066924061626022e-03
3.787608363199979240e-03 8.192299539223313679e-03
4.904736345633864229e-03 7.857334252912550818e-03
3.646157047478482214e-03 7.214312907308340073e-03
3.206470690201967955e-03 7.232447667047381228e-03
3.243665199261158531e-03 6.766365899238735437e-03
3.152818739181384444e-03 6.718480377458035946e-03
3.000138339120894844e-03 6.611698842607438738e-03
2.966214105254038995e-03 6.127331347670406103e-03
2.882607886567711743e-03 6.124048482161015099e-03
2.848077786620706146e-03 6.192403845489025116e-03
2.687342435820028186e-03 6.203600147273391485e-03
2.802659419830888683e-03 5.798116500955075026e-03
2.625207864912226970e-03 5.804251134395599539e-03
3.000077069737017241e-03 6.006248877383768559e-03
3.094656008761376056e-03 6.416810362134128462e-03
3.247097198618576017e-03 6.777126621454953974e-03
3.236739186104386871e-03 6.321011960972100149e-03
2.804645593278109941e-03 6.033886433579027306e-03
2.869279263541102323e-03 5.576300306711345738e-03
2.497475547716021711e-03 5.686767015140503992e-03
2.707087836461141619e-03 6.317725521512329578e-03
2.571549650747329083e-03 5.681149719748646021e-03
2.474828669801354235e-03 5.491257878020405769e-03
2.393303893040865486e-03 5.350403080228716135e-03
2.477895654737949545e-03 5.503874726127832955e-03
2.308608574094250625e-03 5.492562032304704363e-03
2.320352359674870968e-03 5.166521726641804327e-03
2.329314721282571728e-03 5.066100158728659153e-03
2.242463701986707574e-03 4.724803124554454933e-03
2.247123466804623777e-03 5.145303730387240648e-03
2.192431152798235330e-03 5.132812319789081985e-03
2.201227250043302948e-03 5.174386489670723677e-03
2.255442808382213029e-03 4.829980584327131163e-03
2.235332113923504775e-03 4.965182277373969555e-03
2.040407626191154209e-03 4.802837397437542850e-03
2.112371119437739253e-03 5.037474352866411556e-03
1.982931449310853991e-03 4.985975066665560354e-03
1.979733206098899245e-03 4.678179137408733021e-03
2.185926266247406428e-03 5.034267762675881039e-03
2.178485557669773611e-03 5.167315388098359455e-03
2.055636025033891201e-03 5.018209165427833796e-03
2.042464812984689897e-03 5.448328214697539806e-03
2.101141444290988061e-03 4.817041649948805918e-03
1.972421747632324782e-03 5.322397511918097734e-03
2.139280334813520139e-03 5.078765598591416727e-03
2.218661672668531364e-03 5.502487625926732670e-03
2.377415471710264509e-03 5.148200085386633873e-03
2.495775237912312237e-03 6.160759995691478079e-03
2.371261708321981306e-03 5.493570130784064705e-03
2.279294282197952357e-03 5.276749242329970176e-03
2.172158460598439152e-03 6.511134677566587925e-03
3.054457320831716234e-03 6.253888027276843960e-03
3.209557000081986102e-03 5.751323536969721317e-03
2.601789135951548815e-03 5.430193745996803219e-03
2.142548008123412728e-03 5.723172577563673431e-03
1.975193561520427465e-03 5.447683634702116424e-03
1.970555831212550315e-03 4.914374160580337221e-03
1.962576864752918308e-03 5.351628724019974817e-03
1.818476017797365871e-03 4.380311537533998663e-03
1.845935801975429145e-03 5.117215844802558249e-03
1.853003344149328812e-03 5.427176598459482193e-03
1.873954909387975888e-03 4.730812215711921453e-03
1.634529372677207036e-03 4.412022128235548735e-03
1.650704367784783331e-03 4.666281095705926245e-03
2.267050713999197060e-03 4.754128830973059286e-03
1.692006213124841365e-03 4.843986686319112431e-03
1.647866453276947227e-03 4.196016362402588303e-03
1.717612525681033731e-03 4.899178724735974919e-03
1.678030024049803658e-03 4.556050302926451141e-03
1.809024740941822442e-03 4.139829718042165041e-03
1.780085579957812938e-03 4.147299483884125601e-03
1.611758855869993611e-03 4.437669774051755840e-03
1.506985834566876292e-03 4.675817559473216534e-03
1.401176193030551033e-03 4.249912349041551525e-03
1.433463377179577990e-03 4.819192015565932144e-03
1.553162920754402919e-03 5.184076260775327682e-03
1.626689714612439275e-03 4.526296665426343332e-03
1.520753785734996286e-03 4.584322136361151587e-03
1.390759862260892987e-03 4.298443498555570841e-03
1.375394588103517977e-03 4.091513797175139015e-03
1.381937207770533816e-03 4.010045796167105610e-03
1.367388921789825006e-03 4.076055693440138947e-03
1.426106208236888138e-03 3.982287773396819830e-03
1.561645575566217260e-03 4.317549837287515749e-03
1.919788820669055028e-03 5.142791359685361212e-03
2.090639865491539153e-03 4.151165427174419165e-03
1.632381527451798407e-03 4.567327082622796124e-03
1.419973169686272784e-03 4.721993993734940540e-03
1.343153283232822971e-03 5.224585148971528162e-03
1.525326994305942294e-03 5.039360153023153717e-03
1.760451053269207521e-03 5.189257080201059406e-03
2.028454447281546717e-03 5.534406972583383148e-03
1.708316244184970942e-03 4.707011301070452083e-03
1.755868125474080400e-03 4.265259677777066653e-03
1.485065091401338577e-03 4.539891466265544295e-03
1.422792620724067179e-03 4.956051020417362625e-03
1.672350015724077821e-03 4.554845916572958231e-03
1.426735892891883850e-03 3.818554745521396399e-03
1.493811409454792825e-03 4.199807555414736618e-03
1.357313818880356935e-03 3.870314889354631305e-03
1.317097751598339484e-03 3.976589819649234761e-03
1.368798484327271494e-03 4.032093606656417424e-03
1.479131710948422595e-03 4.373903316445648497e-03
1.424467866308987227e-03 4.507407837081700563e-03
1.483978587202727795e-03 3.957452002214268023e-03
1.284857210703194185e-03 3.817727300338447181e-03
1.289942898438312113e-03 3.692194254836067384e-03
1.378467910399194807e-03 3.897751233307644551e-03
1.405094860820099625e-03 4.630337213166057717e-03
1.532621166552416894e-03 4.751222464255988945e-03
1.686334336409345313e-03 4.266123031266033302e-03
1.432289849617518485e-03 3.910644090501591910e-03
1.573411989375017497e-03 3.974509687395766377e-03
1.557744422461837443e-03 4.035504034254700292e-03
1.375506259500980464e-03 4.096714983461424708e-03
1.300230526248924521e-03 3.995729406597092748e-03
1.201283284171950115e-03 3.975823771907016461e-03
1.325460110092535658e-03 3.925467451335862105e-03
1.256448181811720046e-03 4.393320449162274252e-03
1.372325851116329518e-03 3.818829439114779407e-03
1.226835721172392325e-03 3.664839337579905900e-03
1.299497416766826063e-03 4.029231477761641318e-03
1.193812297424301592e-03 4.009674687404185187e-03
1.306310886866412970e-03 4.093083337647840207e-03
1.265941088786348744e-03 4.101246420759707689e-03
1.221596245886757926e-03 3.731223329668864781e-03
1.092806149972602682e-03 3.870470426045358268e-03
1.142289114068262322e-03 3.515359252924099651e-03
1.091948071552906099e-03 3.368409594986587936e-03
1.062457606894895391e-03 3.528727911179885181e-03
1.039773828233592299e-03 3.493158874334767461e-03
1.021476602181792172e-03 3.527200943790376013e-03
1.041644229553639975e-03 3.694623109186068351e-03
1.166429792647249997e-03 3.495442564599215984e-03
1.193759927991777572e-03 3.762862301664427010e-03
1.175931707257404837e-03 3.723164781695231709e-03
1.105314429150894328e-03 3.495142608880996531e-03
1.022717173327691853e-03 3.674038843018934304e-03
1.085393788525834723e-03 3.679633897263556719e-03
1.433696725871413903e-03 3.729001025203615254e-03
1.268829501350410369e-03 4.215405724244192590e-03
1.200312408036552283e-03 4.282691015396267523e-03
1.411139062838628888e-03 4.228550085099413818e-03
1.496428012615069747e-03 3.826467221369966691e-03
1.204281480750069066e-03 4.016260430216789072e-03
1.123717137670610143e-03 3.635861485963687474e-03
1.120272789557930169e-03 3.829581837635487318e-03
1.048785232705995527e-03 3.758382605155929923e-03
1.008903191541321662e-03 3.755496471421793190e-03
1.047671207925304814e-03 3.790033183759078210e-03
9.712972911074757793e-04 3.458198829321190715e-03
9.243456326657906608e-04 3.485591325443238020e-03
9.616180919692851820e-04 3.388299030484631744e-03
1.156705425819381985e-03 3.865605470491573041e-03
1.273890709853731096e-03 3.462301776744425384e-03
1.066212615114636719e-03 4.032693093176930969e-03
1.107965735718607816e-03 3.431494568940251892e-03
1.005731589975766751e-03 4.064207262126728545e-03
1.170607854146510406e-03 3.754434920847415751e-03
1.226055494043976068e-03 3.622867006924934685e-03
1.041723988601006654e-03 3.831349377287551847e-03
1.280520626460202125e-03 3.559613064862787550e-03
1.771061785984784408e-03 4.245185735635459076e-03
1.380022522062063130e-03 4.385299532441422170e-03
1.429667847696691838e-03 4.146716906689107418e-03
1.106938648445066108e-03 3.787636710330844099e-03
1.221573539078235713e-03 4.381865035975351583e-03
1.236061428789980623e-03 3.759747440926730806e-03
1.049725391203537497e-03 3.443864660221152094e-03
1.016116788377985358e-03 4.067510913591832269e-03
1.000138647214043885e-03 3.549981128890067252e-03
9.860112011665477915e-04 3.475396140129305249e-03
9.773574769496918592e-04 4.220542678376659404e-03
9.932030370691791177e-04 3.206161226262338633e-03
1.012173664639703843e-03 3.207250320701860065e-03
1.008578111941460433e-03 3.489053595694713381e-03
8.940837986301630302e-04 3.175178659148514271e-03
8.560011774534359574e-04 3.446157224243506616e-03
9.165808354737236879e-04 3.231372291338630021e-03
8.856435248162597635e-04 3.236513366573490202e-03
8.445902756648137732e-04 3.283065735013224271e-03
8.758849551668390198e-04 3.079233327298425138e-03
9.082790871616453149e-04 3.092693144571967336e-03
9.987793790060095055e-04 3.248386911582201893e-03
1.163356329197995408e-03 3.632256764103658324e-03
1.388211394078098151e-03 3.534486817079596135e-03
1.224172729416750458e-03 3.498867675079964275e-03
1.054681716050254268e-03 3.647492942400276748e-03
9.816745776333845718e-04 3.234634589171037165e-03
8.982635248685255430e-04 3.454362999764271254e-03
1.002587763650808483e-03 3.470664058113470674e-03
8.959748724009841464e-04 3.310414779116399673e-03
9.779434447409584685e-04 3.448065050179138780e-03
9.796772268600762758e-04 3.274751105345785705e-03
8.279623885755427399e-04 3.299499841523356649e-03
8.965193701442331076e-04 3.315005844342522323e-03
9.099423827137797854e-04 3.208865446504205552e-03
9.358466631965711713e-04 3.347113222116604274e-03
1.018152243341319350e-03 3.059163552825339052e-03
1.529143447987735185e-03 4.926869733026251197e-03
2.122960420092567628e-03 4.144375969190150499e-03
1.832438938436098397e-03 4.113332368433475494e-03
1.380410467390902340e-03 3.746192913968116218e-03
1.284008684160653588e-03 3.521873257705010560e-03
1.059213340340647846e-03 3.780710656428709626e-03
1.366296689957380208e-03 3.631682269042357629e-03
1.447295409161597534e-03 3.791228978661820206e-03
1.558277723961509721e-03 3.905813035089522600e-03
1.525745459366589698e-03 3.585407254286110488e-03
1.092103343398775862e-03 4.088657820830121636e-03
1.134622702375054446e-03 3.708573104813694780e-03
1.093016209779307246e-03 3.774481877917423758e-03
9.521446947474033074e-04 3.326268214732408350e-03
9.400875402207020887e-04 3.466649790061637672e-03
1.068308594403788361e-03 3.489719060598872775e-03
8.734394694329238994e-04 3.026913502253592014e-03
8.346431481186300299e-04 3.304989347816444847e-03
8.227081532822921438e-04 3.047353716101497585e-03
8.170275890734046481e-04 3.187993692699819890e-03
8.862807182595134215e-04 3.454230702482163993e-03
8.889383985660970428e-04 3.625914873555302793e-03
1.175584472366608636e-03 3.815801983000710520e-03
1.035497215343639211e-03 3.707092336844652804e-03
9.534300566883757927e-04 3.451642859727144068e-03
8.718531957129016302e-04 3.593483779695816338e-03
1.131991288275457919e-03 3.510606038616970181e-03
9.711407066788524823e-04 3.138023911742493337e-03
9.158226283034309311e-04 3.101991111179813743e-03
8.701977145392447927e-04 3.437074227258563128e-03
9.428267439943738282e-04 3.036300095845945353e-03
8.778829098446295099e-04 3.382797958329319867e-03
8.524590084562078118e-04 3.157526455470360989e-03
7.806817506207152984e-04 3.342527424683794292e-03
8.027496864087879441e-04 3.330407373141497374e-03
7.611782581079751470e-04 3.195516482810489747e-03
8.015636747586540444e-04 2.921034180326387373e-03
8.716991316759959297e-04 3.133541278657503426e-03
1.054829094209708360e-03 3.443405081634409812e-03
1.235712150810286489e-03 3.498260641936212952e-03
1.094479853782104242e-03 3.210412149201147258e-03
1.227188578923232853e-03 3.220129705732688394e-03
9.411023958818987446e-04 3.076590318232774908e-03
7.658549118787049814e-04 2.943933106143958780e-03
7.764595866319723427e-04 2.861147726071067068e-03
8.418439101660624146e-04 3.035133727826177987e-03
8.937452337704598470e-04 3.018542274367064151e-03
7.773844350595027425e-04 2.792895509628579021e-03
7.676680485019460537e-04 3.226360675762407568e-03
7.197577455372083715e-04 2.958410383143927902e-03
6.979779835091903372e-04 2.913064853055402723e-03
7.268780493177473979e-04 2.882917693932540801e-03
8.247870689956470890e-04 3.082280119997449219e-03
8.234164502937346914e-04 2.964207090553827410e-03
7.519426028011367159e-04 3.149874522932805121e-03
7.568812114186584516e-04 2.944068604847416282e-03
7.644789278856478415e-04 2.850299785495735878e-03
8.501692529534921484e-04 3.378996366518549448e-03
7.372641470283269665e-04 3.481278524850495073e-03
8.508593644364736541e-04 2.966963421204127545e-03
7.357735579716972790e-04 2.944561344338581139e-03
7.461545203113928871e-04 2.962738642236217683e-03
7.666036166483536146e-04 3.024583746446296659e-03
6.969542038859799938e-04 2.960526492097415117e-03
7.153437531087547324e-04 2.912413535523228174e-03
7.469290721928700805e-04 2.816970189451240090e-03
7.335192101891152127e-04 2.886114190914668143e-03
7.354867702815681696e-04 3.042528903461061245e-03
8.933147008065133853e-04 2.912903728429228067e-03
8.713711518794298389e-04 2.898113933042623103e-03
9.008352033561095162e-04 3.095805281191132963e-03
1.044213106797542380e-03 2.883774746442213568e-03
1.122593454783782320e-03 3.014724614331498742e-03
8.818620932288468101e-04 3.490288695320487196e-03
1.062512170756235805e-03 3.119763475842773828e-03
1.050158360158093274e-03 3.118865884607657703e-03
8.860277652274817011e-04 2.957884655916132206e-03
6.912521428603212847e-04 2.882313943700864911e-03
7.233037467813119292e-04 2.881071792216971517e-03
7.034438269329257743e-04 2.786471758736297315e-03
6.912930897669866464e-04 2.936197727103717712e-03
6.803262847824953063e-04 2.871174516621977178e-03
6.828451994806527658e-04 2.784113684901967558e-03
7.101485185557976582e-04 2.924033952876925295e-03
8.004225062904879017e-04 3.192471188958734187e-03
8.328571741003543572e-04 2.815752677270211193e-03
8.018546948733273460e-04 2.845871919998898929e-03
8.898151943867560042e-04 3.455757047049701214e-03
9.066148399142548225e-04 3.388633485883474350e-03
9.448272292502224012e-04 3.667420474812388420e-03
9.474685313762166040e-04 3.136015069321729156e-03
8.601863431977107904e-04 3.161598576116375799e-03
7.699072069954126856e-04 2.858304878463968548e-03
7.157899643061682148e-04 2.922202809713780880e-03
7.444303017109632058e-04 2.939477123436518187e-03
6.619864136155229496e-04 2.914112311555072492e-03
7.383241216302848919e-04 2.903258134028874511e-03
6.750048785761463953e-04 2.703471083077601915e-03
7.785149413393810175e-04 3.193194977939128876e-03
9.568944631610065265e-04 2.680365386186167771e-03
8.034045036765746989e-04 3.020997169369365846e-03
6.689052635920234458e-04 2.800888102501630957e-03
6.718207034282386737e-04 2.725147051387466577e-03
6.641630869125946923e-04 3.059718792792409745e-03
7.225188703159802096e-04 2.588425800786353561e-03
6.821873248554766178e-04 2.799857515492476610e-03
7.251562434248626449e-04 3.662548132706433361e-03
1.260564933181740257e-03 3.459870221558958119e-03
1.121837232494726690e-03 3.330416124663315800e-03
9.968398720957339677e-04 3.152151848189532670e-03
7.660617295186967091e-04 3.209410357521846977e-03
8.510832733009010987e-04 3.308662105700932356e-03
9.289458452258258841e-04 3.002072981325909582e-03
8.626859664218500690e-04 3.013306492357514885e-03
7.726753145107067688e-04 2.870822601835243404e-03
9.636309405323117971e-04 3.022902470547705889e-03
1.062304549850523428e-03 3.146293401368893509e-03
8.001566704479046600e-04 2.807494049193337560e-03
6.711617752443999052e-04 3.206894898903556255e-03
6.668323694611899555e-04 3.003328939666971391e-03
8.122138613543938412e-04 2.921984405838884500e-03
6.656720128376036666e-04 2.799391080043278461e-03
6.014071899699046991e-04 2.745771351328585297e-03
6.010238517774269202e-04 2.623360876168589866e-03
5.979217225103638849e-04 2.720770190353505487e-03
6.365310007822699411e-04 2.662589726969599897e-03
6.563440299942157729e-04 2.845047904702369297e-03
7.114839463611133397e-04 2.940562332514673645e-03
7.489527444704436199e-04 2.857651130761951295e-03
7.843427301850169897e-04 2.697598794475197705e-03
7.502089734771289148e-04 2.597314753802493388e-03
6.645462242886423631e-04 2.730941586196422750e-03
6.486077625595498396e-04 2.675910590915009293e-03
6.869500706670805595e-04 2.712785851326770907e-03
6.988558234297670424e-04 2.630482707172632044e-03
6.606530369026586413e-04 3.173732539289631036e-03
9.750794590217993097e-04 3.701130941044539126e-03
1.061364293855149386e-03 3.582269193429965526e-03
9.446101350476965742e-04 3.220250914455391640e-03
8.668574490002356036e-04 3.934758529067039316e-03
1.385031049721874297e-03 4.719180578831583261e-03
1.773556671105325309e-03 3.356902737868949684e-03
1.636443211464211388e-03 3.501745447283610875e-03
1.127119731972925408e-03 2.892040897859260266e-03
9.806752699660138163e-04 2.832377553568221715e-03
7.448700627719518231e-04 3.311832807958125981e-03
6.562521157320588827e-04 2.769611209805589083e-03
6.217757501872256832e-04 2.841174497734755451e-03
5.922061514866072901e-04 2.795284637250006112e-03
5.848636850714683316e-04 2.637406007852405483e-03
5.822892242576926513e-04 2.671964440378360277e-03
5.563975995755754194e-04 2.568208881712052971e-03
5.770814648712984784e-04 2.805315068690106186e-03
5.518070800462737246e-04 2.709899906767532143e-03
5.717460007872432470e-04 2.810014990973286504e-03
6.319994878140278377e-04 2.856913013965822843e-03
6.763749552192166448e-04 2.744955205707810906e-03
6.252124585444107652e-04 2.814775661681778642e-03
6.256884895265102603e-04 2.624191853101365268e-03
5.422413407359272675e-04 2.618346450617536902e-03
5.640643321385141462e-04 2.892754701315425423e-03
6.493930122815072536e-04 3.246435418259352272e-03
7.078135706251487570e-04 2.770011022221297026e-03
6.548794979607918797e-04 2.612346413661725732e-03
7.244744381750933392e-04 2.526368887629359961e-03
6.831463251728564501e-04 2.584262570599093947e-03
6.033683210262096985e-04 2.753482293337583629e-03
5.664246687956620225e-04 2.670117520028725440e-03
5.703033064492046399e-04 2.622398646781221206e-03
5.853306880453601696e-04 2.509529795497655955e-03
5.441703076940029426e-04 3.298383622313849541e-03
8.215842564823106365e-04 3.319267951883375818e-03
8.498565148329362273e-04 3.488574025686830195e-03
7.146157033275813298e-04 3.076427314954344357e-03
7.034893846139311574e-04 2.650040143635123968e-03
5.968990124529227181e-04 2.894182957243174401e-03
5.833589835674502172e-04 2.675675979116931384e-03
5.436660096165724532e-04 2.817351947305723938e-03
5.483534681843593500e-04 2.611965172400232491e-03
5.519725382328033447e-04 2.407018739904742861e-03
5.355807785235811242e-04 2.606291236588731408e-03
5.715836814488284290e-04 2.530782678513787774e-03
5.526687658857553980e-04 3.125595502206124452e-03
6.079730010242201388e-04 2.682365235523320821e-03
5.912433007324580103e-04 2.611325711768586189e-03
5.793383934360463172e-04 2.803297288483008916e-03
5.382744944654405334e-04 2.689115429529920047e-03
5.539802514249458909e-04 2.742096545989625329e-03
5.321260628988966563e-04 2.564323745900765061e-03
5.910369553021154864e-04 2.648225140001159248e-03
5.323993449565022967e-04 2.519051510898861861e-03
5.234052252490073876e-04 2.333139030088205064e-03
4.939129506965400434e-04 2.470816030108835375e-03
5.397389868448954076e-04 2.459220141463447536e-03
5.188707655179314315e-04 2.348728293145541275e-03
5.421167414169758125e-04 2.668931876542046666e-03
8.269596262834965749e-04 2.521423660800792190e-03
6.875134917208924673e-04 2.542486466700211081e-03
9.286622094805352607e-04 2.909563269349746493e-03
1.308005015016533478e-03 3.691930632339790290e-03
1.194713904988020745e-03 4.108511412050574671e-03
1.292371808085590688e-03 3.147538859047927049e-03
1.257569561130367263e-03 3.686898906016722235e-03
8.710502843314316124e-04 2.915797455352731136e-03
6.790852785343304276e-04 2.720818440138828009e-03
6.048733543138950846e-04 2.829903201200067824e-03
5.875922754057683484e-04 2.666232569026760757e-03
5.987633630866184831e-04 2.543294665520079347e-03
5.116175307193771005e-04 2.462960849516093904e-03
5.099530033476184620e-04 2.441615964926313609e-03
5.190881354792508794e-04 2.367010469606611964e-03
5.129963581566698416e-04 2.462600194849074060e-03
6.207019425346516506e-04 2.556185406865551981e-03
5.949356316705233915e-04 2.539433981291949836e-03
5.712385711376555698e-04 2.678628431749529963e-03
5.299605574691668586e-04 2.349187429354060528e-03
5.121323469211347184e-04 2.492010008427314634e-03
5.198986589675768776e-04 2.344321782584301954e-03
5.517092416994273446e-04 2.465492182818706905e-03
5.918942522839642627e-04 2.597794060420710593e-03
9.050097462022677498e-04 2.618019121291581455e-03
6.837932101916522004e-04 3.007892388268373907e-03
6.617810940952040255e-04 3.141379146836697882e-03
6.151111629151273519e-04 2.516369051591027528e-03
5.131817102665081837e-04 2.603175444528460589e-03
6.654305776464753070e-04 2.316962255281396384e-03
7.433907507220282934e-04 2.632170417928137059e-03
7.566042186226695776e-04 2.448217244818806648e-03
5.581380333751440265e-04 2.565417750156484631e-03
6.017866675392724357e-04 2.443899796344339674e-03
6.089909002184867859e-04 2.525290264748036775e-03
5.211775554926134429e-04 2.402032427198719233e-03
4.938733211020008163e-04 2.445417802664451475e-03
4.854174010688439120e-04 2.332947353716008452e-03
4.971036934875883596e-04 2.407737870817072603e-03
4.799085785634815476e-04 2.364466843573609367e-03
4.602653112669941255e-04 2.427507947140839038e-03
4.690146102802828171e-04 2.389420998224522745e-03
4.444716512807645012e-04 2.483912542811594730e-03
4.819199646590277661e-04 2.510461768542881968e-03
5.104748488520272076e-04 2.433692559134214943e-03
5.545861567952670157e-04 2.153784388792700892e-03
5.555211915634572723e-04 2.350810600910335866e-03
5.685399606591090777e-04 2.316880002035759476e-03
5.575661860348190679e-04 2.439249909366481093e-03
5.757271952461451509e-04 2.409455287852324459e-03
4.737331109936349094e-04 2.319452489609830168e-03
4.792495426954701651e-04 2.362973522394895554e-03
5.253645227639936128e-04 2.121085485850926315e-03
5.643307551508769827e-04 2.462668833322822961e-03
4.808377590961754214e-04 2.229199936846270984e-03
4.846891664783470116e-04 2.593755999987479213e-03
5.745316462707706013e-04 2.414420410059392279e-03
5.311746266670524857e-04 2.597093587974086491e-03
5.278194468701258735e-04 2.640893982606939885e-03
4.782697709742933295e-04 2.638235513586550951e-03
5.434225196950138049e-04 2.338984476227779115e-03
6.144070612208452076e-04 2.429145225323736841e-03
5.083060415927321152e-04 2.395309603889472696e-03
5.418974542408250272e-04 2.330381599313113752e-03
5.118245608173310757e-04 2.378337684785947030e-03
4.831408499740063927e-04 2.230299747316166672e-03
5.005147781048435501e-04 2.448345415177755231e-03
5.814678748720325746e-04 2.324564781156368640e-03
5.593045032583176656e-04 2.274437487358227372e-03
5.756161190220154822e-04 2.320915459131356415e-03
5.002264631912111802e-04 2.469559840392321348e-03
4.780975548783317317e-04 2.382085390854626807e-03
6.515408749692142010e-04 2.942455938318744389e-03
6.923559209099039652e-04 2.341266217990778473e-03
7.683034724323079207e-04 2.324202493764459913e-03
5.093214000225998678e-04 2.475721264636376786e-03
5.038700201112078503e-04 2.232079020177480007e-03
4.896243699477054179e-04 2.385482503450475720e-03
4.356181918410584222e-04 2.265075904142577288e-03
4.079854843439534307e-04 2.298860542941838416e-03
4.771133368194569119e-04 2.207795898721087811e-03
4.623809654731303453e-04 2.196048188488930551e-03
4.233618979924358644e-04 2.153102765441872266e-03
4.780515744641888995e-04 2.166661989758722311e-03
4.192202643025666367e-04 2.245619436143897387e-03
4.031602467875927578e-04 2.162794189644046128e-03
4.420224926434457085e-04 2.269920664548408414e-03
5.136570311151444695e-04 2.272430562879890030e-03
6.458019372075796561e-04 2.099036486470140517e-03
6.246366130653769212e-04 2.575803374929819169e-03
7.046814018394798474e-04 2.389511854562442923e-03
5.210816074395552061e-04 2.301205816911533388e-03
5.108383149490692155e-04 2.168665789940860296e-03
4.561810215818695941e-04 2.200213073228951457e-03
4.166003127465955913e-04 2.163458231370896014e-03
4.168924540863372494e-04 2.195532276527955955e-03
4.277497893781401109e-04 2.079681657778565014e-03
4.324817695305682502e-04 2.410531262285076082e-03
4.833036407944746424e-04 2.345432950824033382e-03
4.744402249343693256e-04 2.117347040621097957e-03
4.501435207203030478e-04 2.289979704073630273e-03
4.301671058783540611e-04 2.331164933275431481e-03
4.436630493728444197e-04 2.143650551442988043e-03
4.639367929485160641e-04 2.208026620792225003e-03
4.412809459608979415e-04 2.106958246440626507e-03
4.437529089045710753e-04 2.181186966481618583e-03
3.980431880336255052e-04 2.152280548762064340e-03
3.804058171226642917e-04 2.206901169847696933e-03
3.906570465915137793e-04 2.116584742179838767e-03
4.034782643429934870e-04 2.131445328996050929e-03
4.149691834754775993e-04 2.050377920386381621e-03
3.861573721223976571e-04 2.131552831269800490e-03
4.231361323036253669e-04 2.058322392986156220e-03
4.490363200602587204e-04 2.108790670172311452e-03
4.146729123021941740e-04 2.087578375358134421e-03
3.812384849879890572e-04 2.234825077175628481e-03
4.098895282368175469e-04 1.953943310945760545e-03
4.543473274679854729e-04 2.076734053844120353e-03
4.057914316945243844e-04 2.044647256843745622e-03
5.850010405993088863e-04 2.708434098167344928e-03
8.817871916107833169e-04 2.134856396878603846e-03
7.405480544548481269e-04 2.214665248175151646e-03
6.592331512365490632e-04 2.644448386854492215e-03
6.690671172691509561e-04 2.074392564827576193e-03
5.422040223493241207e-04 2.316221868386492307e-03
5.126479765749536888e-04 2.003729823627509177e-03
5.128764591063372574e-04 2.265217568492516875e-03
6.491260122857056341e-04 2.490905548620503483e-03
5.646363875712268271e-04 2.239905764872673812e-03
5.064702891104388982e-04 2.260528161423280922e-03
5.097824468975886703e-04 1.961010818195063794e-03
4.753791698021814336e-04 2.419996558455750173e-03
5.119303779792972343e-04 2.002057454956229603e-03
4.638713799067772925e-04 2.255175856407731945e-03
4.134128328587394316e-04 1.989374401455279526e-03
3.992151920101605573e-04 1.958096382440999324e-03
4.780123155796900283e-04 2.266822957608383149e-03
6.521755043650045774e-04 2.409834114951081661e-03
5.347459722543135069e-04 2.181623283104272386e-03
4.755889269290491830e-04 2.266582380980253046e-03
4.177507471467833966e-04 2.020197935053147376e-03
4.073560543474741063e-04 2.208914828952401703e-03
4.415716870425967283e-04 2.233760576928034425e-03
5.571951260208152235e-04 2.000829113239887928e-03
4.860706190811470368e-04 2.301446188357658858e-03
4.641999388695694289e-04 2.444725630630273285e-03
4.879024767433292947e-04 2.188766314066015357e-03
4.446069709956645749e-04 2.189695215929532250e-03
4.415273171616718065e-04 2.009030900080688124e-03
4.407503452966921248e-04 2.102326584281400020e-03
4.311458411393687346e-04 2.300471407943405298e-03
4.370724447653628777e-04 1.985497234272770584e-03
3.786673129070550420e-04 2.165633965341840026e-03
4.485248660785146274e-04 2.258333432837389583e-03
4.203894655802287378e-04 2.013890574744436890e-03
4.673640214605256915e-04 2.170955756446346554e-03
5.683306677383370914e-04 2.117470435041468764e-03
4.507338759140111723e-04 2.179971625446342019e-03
4.541188798611983765e-04 2.083985343051608825e-03
3.967210082919337072e-04 2.131921607360709632e-03
4.082327141077257693e-04 2.089297576458193188e-03
3.837033451418392577e-04 1.972724484949139791e-03
3.778620241064345356e-04 2.089266329130623576e-03
3.595920876250602522e-04 1.936694828327745243e-03
4.349073758930899311e-04 2.026759657019283536e-03
4.547924909275025129e-04 2.093134062306489795e-03
3.751007723622024168e-04 2.130536681215744552e-03
3.425954870181158402e-04 1.943289300834294495e-03
3.965489522670395672e-04 2.020633094070945022e-03
3.981716268754098781e-04 2.189170318888500506e-03
4.350531497038900961e-04 1.945101404999149963e-03
3.791726790950633802e-04 2.097228130151051854e-03
4.018275787530001144e-04 2.080143909552134573e-03
3.937087407393846444e-04 2.039286801300477323e-03
4.003165835456456772e-04 1.954818694503046746e-03
5.685349737177602730e-04 2.168183278990909544e-03
6.067848473321646886e-04 2.536158676957711404e-03
7.253241848957259642e-04 2.283398076542653143e-03
8.180975855793803930e-04 2.513666992308572021e-03
7.840254074835684150e-04 2.049988054204732266e-03
5.699862871551885984e-04 2.258796786190941756e-03
5.260058504063635631e-04 2.008488524006679741e-03
5.815821292344480970e-04 2.356308704474940723e-03
5.708502474590204222e-04 2.187134628184139555e-03
7.001795078394934318e-04 2.710749217658303852e-03
6.557609012816101313e-04 2.188613649923354561e-03
5.735789134632795615e-04 1.964389981003478083e-03
6.414671923266723318e-04 3.122399939456954598e-03
8.897276100469752712e-04 2.587478642817586747e-03
5.839046440087259033e-04 2.929441691958345299e-03
9.958959562936797738e-04 2.890849567484110507e-03
7.539114856626838012e-04 3.350744367344304833e-03
9.020524128573014899e-04 2.724451388348825449e-03
6.025398848578334072e-04 2.643646780052222398e-03
4.236757245962508240e-04 2.273688997956923967e-03
3.975047380663454749e-04 2.069769364607054567e-03
3.433736339502502124e-04 2.082001078815664923e-03
3.282149235019460429e-04 2.007091630366630765e-03
3.413310769246891141e-04 1.940289653430227234e-03
3.244058265408966473e-04 2.029823847260559064e-03
3.184570290613919280e-04 1.950354730070102960e-03
3.514644820825196911e-04 1.959156204247847026e-03
3.089262769208289900e-04 2.017122281540650701e-03
3.280379532952792943e-04 1.986718762782402510e-03
3.357051158673129759e-04 1.902006943419110117e-03
3.000622265972196947e-04 1.956016137410187920e-03
3.329471554025076438e-04 2.060409301338950346e-03
3.656058543128892779e-04 1.856653259892482311e-03
3.854191236314363778e-04 2.023141759855206969e-03
3.418692373088561215e-04 2.002951363101601514e-03
3.188661547028459717e-04 2.097334330028388476e-03
3.264549326559062830e-04 1.949650398455560251e-03
3.059041264350526035e-04 1.959355370490811939e-03
3.078803994867484908e-04 1.879609211755450815e-03
2.997437200974673250e-04 1.940461205958854450e-03
2.980934033985249590e-04 1.849224934994708833e-03
3.202459352905862250e-04 1.997456049139145762e-03
3.147188523143995770e-04 1.895094388601137325e-03
3.009821179148275188e-04 2.024225384229793971e-03
3.143148816889151822e-04 1.888170267920941071e-03
3.825627965852618109e-04 1.970038977742660617e-03
3.932830353733151934e-04 1.833832296688342380e-03
4.166891405475325774e-04 2.265599920065142214e-03
3.936038279789500155e-04 2.132383680145721709e-03
3.344304117490537248e-04 1.865579849982168439e-03
3.067415891564451158e-04 1.930000237189233390e-03
4.022016175440512489e-04 1.950641650182660669e-03
3.666620686999522150e-04 2.113737550098449079e-03
4.359407786978408586e-04 2.161191336927004332e-03
3.999556909548118819e-04 2.024708216777071183e-03
3.754669247427955487e-04 2.031567425729008218e-03
3.628586171544157077e-04 1.839495866443030623e-03
3.548087377566844333e-04 2.061950723873451526e-03
3.500722930766642202e-04 1.799826054775621785e-03
3.053084772545844425e-04 2.142457338050007647e-03
3.525330335833132484e-04 1.787268317275447728e-03
2.844368274963926416e-04 1.974029400298604568e-03
2.959679222840350121e-04 1.817704229324590415e-03
3.461060223344247788e-04 2.039504752610810188e-03
3.736602302524261177e-04 1.977529225405305537e-03
3.137807601888198189e-04 1.810934426612220748e-03
2.945768806966953196e-04 2.148589931312017316e-03
3.739251544175203781e-04 1.914058672264218417e-03
3.301960052340291332e-04 1.982980984030291351e-03
3.308370309241581491e-04 1.994421756535302848e-03
3.505913948174565922e-04 1.871603314066305843e-03
3.614110602939035635e-04 2.204836947930743831e-03
4.311679949751123786e-04 2.122379874344915238e-03
4.407265834743156921e-04 2.132694178726524115e-03
3.494712211249861758e-04 1.920604171755258037e-03
4.548513854388147484e-04 2.319470330257900146e-03
3.900337527738883875e-04 1.849117942037992266e-03
4.613031356711872139e-04 2.036552416393533436e-03
3.982825219281949103e-04 1.894199565867893398e-03
5.445291521027683995e-04 2.779758971882984042e-03
5.748509807744994976e-04 2.239327505230903712e-03
4.904193661786848896e-04 2.258328828611411241e-03
4.524413816398009658e-04 2.014305753982625988e-03
4.450945561984553933e-04 2.286117264884523874e-03
5.182595821679569347e-04 2.000083326129242691e-03
5.884645928745157800e-04 1.996656757546588692e-03
4.523764160694554665e-04 1.899640279589220881e-03
3.882123186485841653e-04 2.125365080428309565e-03
3.428090392844751586e-04 1.880834464100189550e-03
4.214595319353975356e-04 2.359316905494779175e-03
4.073660908034071543e-04 2.050319249974563718e-03
3.281305398559197783e-04 2.106949803419411182e-03
4.086145869223401167e-04 2.150771568994969303e-03
3.518587116559501846e-04 1.831906056031584653e-03
4.454897920368239067e-04 2.459830767475068396e-03
5.300467470078729310e-04 1.961153047159313982e-03
4.646906323614530482e-04 1.978648686781525699e-03
5.064905606559477313e-04 1.959859504131600174e-03
4.053357348311692693e-04 2.052761505910894076e-03
3.547078944393433414e-04 2.135331748286262241e-03
2.935925724159460406e-04 1.907470387232024309e-03
2.600496991362888366e-04 2.223852291353978390e-03
4.029925810755230595e-04 1.933401570568094030e-03
4.538153894827701368e-04 1.887566166988108264e-03
2.969634289911482375e-04 1.876487932895542967e-03
2.679083438124507557e-04 1.820291271724272563e-03
2.544780061725759987e-04 2.064373012399300759e-03
3.646133045549504459e-04 1.830045480164699213e-03
4.079541933606378626e-04 1.976951549295336008e-03
5.861815538082737259e-04 2.006208786042407155e-03
4.613242817868012935e-04 2.022004229365847918e-03
3.992078811279497932e-04 1.820082562335301147e-03
3.059404247323982201e-04 1.973780560365412558e-03
2.769727139821043455e-04 2.053371025249362079e-03
3.645153454272076596e-04 2.091866813134402210e-03
3.596073787775821767e-04 2.012980903964489785e-03
3.279381198808550835e-04 1.869461385649628981e-03
2.793180217850022126e-04 2.034511037345510063e-03
2.685467574337962798e-04 1.783080368477385578e-03
2.753569642663933337e-04 1.971364146447740408e-03
2.798871231789234809e-04 1.755901794240344316e-03
2.828436550771584951e-04 1.872315640503074887e-03
2.636144839925691269e-04 1.840340216585900678e-03
3.495646262308582555e-04 1.775097953213844448e-03
3.124779857898829613e-04 2.078591453027911484e-03
2.975208080897573382e-04 1.818336309952428564e-03
4.801797011168673743e-04 2.024904137942940170e-03
7.938351394841447256e-04 2.353309054160490806e-03
5.702768627088517167e-04 1.914801268139854117e-03
4.912043223157525063e-04 2.401510748313739896e-03
3.704576025484130003e-04 1.848978694761172024e-03
3.071869752602651607e-04 1.884686431003501552e-03
3.266750616603531052e-04 2.132043422898277727e-03
3.626486788562033217e-04 1.985741635144222441e-03
4.161739343544468284e-04 2.354564680717885668e-03
3.846201907435897738e-04 1.845667572342790620e-03
4.595699123456142626e-04 2.302016617613844660e-03
5.859311175299807949e-04 1.783295345376245677e-03
5.170972581254318357e-04 2.442528010578826243e-03
5.383159863413311324e-04 1.730170377413742244e-03
5.199611419811845043e-04 2.354779854067601350e-03
4.501742805587127805e-04 1.880987576441839337e-03
3.082566021475940726e-04 1.901678690046537668e-03
2.639919133798684708e-04 1.895369158592075066e-03
2.553421254560817033e-04 1.881369888724293516e-03
2.749898907495662353e-04 1.810094696702435699e-03
2.988266947795637169e-04 1.917390291055198759e-03
2.829751072567887713e-04 1.848689574399031742e-03
2.548437401856063151e-04 1.845284616865683304e-03
2.325603440112900043e-04 1.806913006294053005e-03
2.884023429942317524e-04 1.881805513403378470e-03
3.567711406503804245e-04 1.970207758131436830e-03
3.181442632921971489e-04 1.906810012587811754e-03
2.838163345586508512e-04 1.808871534740319389e-03
2.696304858545772514e-04 1.861750737589318305e-03
2.687179832719266306e-04 1.938207248167600569e-03
2.679104793060105186e-04 1.747498720942530824e-03
2.900801940995733968e-04 1.899404726282227871e-03
2.334555447305319831e-04 1.729796382278436795e-03
2.532080026867333691e-04 1.812722695467527869e-03
2.360922422667499577e-04 1.991246364195830947e-03
3.384768082469235889e-04 1.947861726512201044e-03
3.160334686981514313e-04 1.685405072930734648e-03
4.723235470009967685e-04 2.225361025193705981e-03
4.454478985280729830e-04 2.117722212278749967e-03
3.566547340597025942e-04 2.096177748171612620e-03
3.235211283026728562e-04 1.958497628220356827e-03
2.448565086524467698e-04 1.911081955768167973e-03
2.405840146820992177e-04 1.903053166461177127e-03
2.281724031490739489e-04 1.776966687612002759e-03
2.582099175924668197e-04 1.835224582464434206e-03
2.198896516347304095e-04 1.762957336904946758e-03
2.106748186633922268e-04 1.771930276299826888e-03
2.107209416863042807e-04 1.778938576171640220e-03
2.062848478090018142e-04 1.852248844807036308e-03
2.444240948534570418e-04 1.657827975577674806e-03
2.359228368732146973e-04 1.803228445351123853e-03
2.318955564987845827e-04 1.832380809355527249e-03
2.002756773435976356e-04 1.717399415792897387e-03
2.098088370985351503e-04 1.767991593806073113e-03
1.966321622603573013e-04 1.682739092211704788e-03
1.900569821373210397e-04 1.843550144985783802e-03
1.934536259796004634e-04 1.780377230898011519e-03
2.209697711805347462e-04 1.807561935856938449e-03
2.308312337845563834e-04 1.707518538023578046e-03
2.210484177339822000e-04 1.815056950727012095e-03
2.291288001288194209e-04 1.578920211613876745e-03
3.424347447435138964e-04 2.215906488709151832e-03
4.580381573759950697e-04 2.425030199810862628e-03
4.424024278705474206e-04 1.783667717245407446e-03
3.776784156798385301e-04 2.264493293478153473e-03
3.814511306700296917e-04 1.791039413365069733e-03
2.863652392989024303e-04 1.795490506628993812e-03
2.456921887642238072e-04 1.913629577029496475e-03
3.688843953568721190e-04 2.013299049576744264e-03
4.700649034930392991e-04 1.988244001404382375e-03
3.183008135238196918e-04 1.951580884633585854e-03
2.445785215968498743e-04 1.854408043436706153e-03
2.354161639232188409e-04 1.822572082164697306e-03
2.414929120277520378e-04 1.852074135967995971e-03
2.721196964557748071e-04 1.687312110152561174e-03
2.684473322005942355e-04 1.780468794459011492e-03
2.335065873921848834e-04 1.906857534777373075e-03
3.168826311593875506e-04 1.906042444170452741e-03
3.425814524234737984e-04 1.930352242197841406e-03
3.210528724594041488e-04 1.801750432059634564e-03
2.970113622723147056e-04 2.118641608103643929e-03
3.826346874120645225e-04 1.809468117426149590e-03
4.808182377018965672e-04 1.855543674901127902e-03
3.982913069194182645e-04 2.302344448980875487e-03
4.594174723024480153e-04 2.396737458184361458e-03
5.295797163853421807e-04 1.858440556679852220e-03
4.668688081437721740e-04 1.926220748282503423e-03
3.899063885910436511e-04 2.151128993136808450e-03
4.543288385320920606e-04 1.972522848518565297e-03
3.199754588422365703e-04 2.019484303309582087e-03
2.995597656990867325e-04 1.839379231387283610e-03
2.187953083193860894e-04 1.854843157343566461e-03
2.218590168922674019e-04 1.806606503669172439e-03
2.008272029343061258e-04 1.788108181790448638e-03
2.054618409601971399e-04 1.775726454798132138e-03
2.034462377196177840e-04 1.819136823905864817e-03
1.852130757470149601e-04 1.787039943155832545e-03
1.828620472224429141e-04 1.790484698722138914e-03
1.968345204659271985e-04 1.666863600985379933e-03
2.055756209301762229e-04 1.757751822879072279e-03
1.937074994202703238e-04 1.667835724219912663e-03
1.801935279218014221e-04 1.888251112541183916e-03
2.387517393799498623e-04 1.773530143691459714e-03
2.729870437178760875e-04 1.880100360722281039e-03
2.880853484384715340e-04 1.762299785332288506e-03
2.833461818227078982e-04 1.850935039692558435e-03
2.393506299995351691e-04 1.911662990460172382e-03
1.868623279733583385e-04 1.658529624546645253e-03
2.259513632452580969e-04 1.816681056516244921e-03
2.315094010555185432e-04 1.733260675246128899e-03
2.223144314484670812e-04 1.585934046306647317e-03
2.260443219711305628e-04 1.987593859666958451e-03
2.052232091955375035e-04 1.727349770953878847e-03
1.917464494908927117e-04 1.909345372405368921e-03
2.334052704100031514e-04 1.643038557085674343e-03
3.055081659113057066e-04 2.015399929950944993e-03
3.559113989467732825e-04 1.721119576541241302e-03
2.976869043777696897e-04 2.214455360081046733e-03
4.641419640392996154e-04 2.395015134243294770e-03
5.172076023882254524e-04 2.251452073687687603e-03
3.358975540322717062e-04 1.922292920062318358e-03
2.771619372651912380e-04 1.880913261265959504e-03
2.207841578638181199e-04 1.789880079741124064e-03
2.046620094915851842e-04 1.818380187614820898e-03
2.140068230801262016e-04 1.826310528849717316e-03
1.943607378052547466e-04 1.582062253146432384e-03
1.902688090922310948e-04 1.795379427494481163e-03
2.027387796260882115e-04 1.751621598668862178e-03
3.199003418558277407e-04 1.924274503835476935e-03
2.669376714038662829e-04 1.753515221935231239e-03
3.166742186294868805e-04 1.957509006024338218e-03
5.349061029846780002e-04 2.096725374576635572e-03
5.381911978474818170e-04 2.037287113489583221e-03
9.920711352606303556e-04 3.263117163442075253e-03
9.583698527421801849e-04 2.183958538807928562e-03
3.834400056803133447e-04 2.004268149903509766e-03
3.237810771679505597e-04 1.992726490425411438e-03
2.444246798404492655e-04 2.012606603966560041e-03
2.527439777622930489e-04 2.027467126026749611e-03
2.678774282685480903e-04 1.862584934860933485e-03
2.325242108781821972e-04 1.892802177462726875e-03
2.029091359872836674e-04 1.820514298015041320e-03
1.891413845442002585e-04 1.887420579441822979e-03
1.741288077028002698e-04 1.797993981017498256e-03
1.742244727211072987e-04 1.683346823847387073e-03
1.718353796604787931e-04 1.746224996168166399e-03
1.580052688950672800e-04 1.729320840968284713e-03
1.771352199284592643e-04 1.686911224533105356e-03
1.728284252749290209e-04 1.701953401789069219e-03
1.939585959917167147e-04 1.843609473144169853e-03
1.960124027391429991e-04 1.777925450005568477e-03
2.061364721157588065e-04 1.702820938953664241e-03
2.243289214675314670e-04 1.636523484921781303e-03
3.171910298988223293e-04 2.370469254674390132e-03
3.349029284436255693e-04 1.984251843532547441e-03
2.288707619300112128e-04 1.750040877959691075e-03
2.167165926948655342e-04 1.794122162391431673e-03
2.094492476317100118e-04 1.709470929199596867e-03
1.853759960795286934e-04 1.720130001194775018e-03
1.614522083400515894e-04 1.736413304024608893e-03
1.749898241541814113e-04 1.618907295051030858e-03
1.677681386354379247e-04 1.897412518155761150e-03
1.971388715901412016e-04 1.666029279294889377e-03
3.637138157500885644e-04 2.110951011127326724e-03
5.480091305798851387e-04 2.497193403542041779e-03
9.305020168540068404e-04 2.302966619026847184e-03
5.222997257078532346e-04 2.080291908350773242e-03
4.237830493366345546e-04 1.731971878325566693e-03
3.207621775800362229e-04 2.123284945264458743e-03
2.820052337483503141e-04 2.276202023494988680e-03
3.445066940912511200e-04 2.057487488491460594e-03
2.425407350528985316e-04 1.959659694693982775e-03
2.163027587812393958e-04 1.866237090143840717e-03
2.098070224747061838e-04 1.850909239874454259e-03
1.926251119584776515e-04 1.922936964547261596e-03
1.842727891926188076e-04 1.683237529505277053e-03
2.144357818906428238e-04 1.845926990790758369e-03
2.253753407785552662e-04 1.808667353179771366e-03
1.995104263187386041e-04 1.845869826502166602e-03
1.843749379986547757e-04 1.826030531083233568e-03
1.865478203399106806e-04 1.686582479305798231e-03
1.679572942521190271e-04 1.721091338549740656e-03
2.196664878283627277e-04 1.961514413414988580e-03
2.237978755147196407e-04 1.656125578301725996e-03
2.162680953915696537e-04 1.806836741161532787e-03
2.705180115299299251e-04 2.064435952343046752e-03
2.442449163936544427e-04 1.697057578712701754e-03
2.418748332274844816e-04 2.087054267758503383e-03
2.147351122403051813e-04 1.651617557217832611e-03
2.074587275274097811e-04 1.852323309867642733e-03
1.967178388440515738e-04 1.715603524644393474e-03
1.769741509633604546e-04 1.920204836642369541e-03
2.217346554971300066e-04 1.833406754303723530e-03
2.112629226758144796e-04 1.700044673634693113e-03
1.726375103316968307e-04 1.745583880983758805e-03
1.520801095466595251e-04 1.665720581513596699e-03
1.568585132190491896e-04 1.748323657375294802e-03
1.638303823710884953e-04 1.680925724213011606e-03
1.793860581528861184e-04 1.764042045397218273e-03
1.805610892915865298e-04 1.745940887485630854e-03
1.691967430815566385e-04 1.657065587642136874e-03
1.781411228876095265e-04 1.765235060884151651e-03
1.995011385588440990e-04 1.637013191793812482e-03
1.830861014241236316e-04 1.877063955180346922e-03
2.007248185691423714e-04 1.646297263505402952e-03
1.788163419405463975e-04 1.883892979822121517e-03
1.593834738741861765e-04 1.688910924713127315e-03
1.417855186446104253e-04 1.697471278748707802e-03
1.548140447994228507e-04 1.723034989845473406e-03
1.730736752506345565e-04 1.651465391478268386e-03
1.605366443982347738e-04 1.666930017381673635e-03
1.522049853520002108e-04 1.660004696896066976e-03
1.494315285526681583e-04 1.709951827069744424e-03
1.679823508311528713e-04 1.746627318789251235e-03
1.880076444649603109e-04 1.860029684030450794e-03
3.786012588534503958e-04 1.777119684265926437e-03
