0.0 -0.065 -0.065 -0.065 -0.065 -0.04248349 -0.06699771 -0.05133231 -0.07774312
0.0005 -0.065 -0.065 -0.065 -0.065 -0.06282353 -0.0672969 -0.04805202 -0.06351459
0.001 -0.065 -0.065 -0.065 -0.065 -0.06429209 -0.06696798 -0.05179871 -0.06353744
0.0015 -0.065 -0.065 -0.065 -0.065 -0.06495951 -0.067773476 -0.057157114 -0.065070815
0.002 -0.065 -0.065 -0.065 -0.065 -0.06579347 -0.06856255 -0.061413728 -0.06616727
0.0025 -0.065 -0.065 -0.065 -0.065 -0.066494346 -0.06899506 -0.06428988 -0.06675994
0.003 -0.065 -0.065 -0.065 -0.065 -0.06695584 -0.069097646 -0.06610987 -0.06699625
0.0035 -0.065 -0.065 -0.065 -0.065 -0.06720248 -0.068966046 -0.067208365 -0.06699701
0.004 -0.065 -0.065 -0.065 -0.065 -0.06728866 -0.06868328 -0.06782925 -0.066846624
0.0045 -0.065 -0.065 -0.065 -0.065 -0.06726354 -0.068309024 -0.0681373 -0.0666041
0.005 -0.065 -0.065 -0.065 -0.065 -0.06716453 -0.06788388 -0.06824198 -0.066310644
0.0055 -0.065 -0.065 -0.065 -0.065 -0.06701852 -0.067435116 -0.068215996 -0.06599462
0.006 -0.065 -0.065 -0.065 -0.065 -0.066844426 -0.066980824 -0.06810777 -0.06567508
0.0065 -0.065 -0.065 -0.065 -0.065 -0.06665535 -0.06653289 -0.067949474 -0.06536433
0.006999999999999999 -0.065 -0.065 -0.065 -0.065 -0.06646028 -0.066099 -0.067762576 -0.06506994
0.0075 -0.065 -0.065 -0.065 -0.065 -0.0662652 -0.06568393 -0.06756126 -0.0647962
0.008 -0.065 -0.065 -0.065 -0.065 -0.06607407 -0.06529057 -0.06735487 -0.06454507
0.0085 -0.065 -0.065 -0.065 -0.065 -0.065889426 -0.064920425 -0.067149416 -0.0643171
0.009000000000000001 -0.065 -0.065 -0.065 -0.065 -0.065712765 -0.064574115 -0.06694872 -0.0641118
0.0095 -0.065 -0.065 -0.065 -0.065 -0.06554493 -0.06425164 -0.0667551 -0.06392809
0.01 -0.065 -0.065 -0.065 -0.065 -0.065386295 -0.06395259 -0.06656989 -0.06376457
0.0105 -0.065 -0.065 -0.065 -0.065 -0.06523692 -0.06367628 -0.06639368 -0.063619666
0.011000000000000001 -0.065 -0.065 -0.065 -0.065 -0.065096654 -0.063421845 -0.06622674 -0.06349173
0.0115 -0.065 -0.065 -0.065 -0.065 -0.06496527 -0.0631883 -0.06606896 -0.063379206
0.012 -0.065 -0.065 -0.065 -0.065 -0.064842395 -0.062974624 -0.06592009 -0.06328054
0.0125 -0.065 -0.065 -0.065 -0.065 -0.06472767 -0.062779725 -0.06577975 -0.06319428
0.013000000000000001 -0.065 -0.065 -0.065 -0.065 -0.06462067 -0.06260254 -0.06564753 -0.063119136
0.0135 -0.065 -0.065 -0.065 -0.065 -0.064521015 -0.062442027 -0.06552298 -0.0630539
0.013999999999999999 -0.065 -0.065 -0.065 -0.065 -0.06442829 -0.06229715 -0.06540563 -0.06299747
0.0145 -0.065 -0.065 -0.065 -0.065 -0.06434211 -0.062166885 -0.06529503 -0.06294887
0.015 -0.065 -0.065 -0.065 -0.065 -0.06426211 -0.06205029 -0.0651908 -0.0629072
0.0155 -0.065 -0.065 -0.065 -0.065 -0.06418794 -0.06194643 -0.06509247 -0.06287169
0.016 -0.065 -0.065 -0.065 -0.065 -0.06411923 -0.061854437 -0.06499967 -0.062841624
0.0165 -0.065 -0.065 -0.065 -0.065 -0.0640557 -0.06177345 -0.06491206 -0.06281639
0.017 -0.065 -0.065 -0.065 -0.065 -0.06399704 -0.061702687 -0.06482929 -0.06279541
0.0175 -0.065 -0.065 -0.065 -0.065 -0.063942954 -0.06164141 -0.06475102 -0.062778205
0.018000000000000002 -0.065 -0.065 -0.065 -0.065 -0.06389318 -0.061588883 -0.06467696 -0.06276433
0.0185 -0.065 -0.065 -0.065 -0.065 -0.063847445 -0.061544467 -0.0646069 -0.062753394
0.019 -0.065 -0.065 -0.065 -0.065 -0.063805535 -0.061507516 -0.064540535 -0.06274507
0.0195 -0.065 -0.065 -0.065 -0.065 -0.0637672 -0.061477434 -0.064477645 -0.06273902
0.02 -0.065 -0.065 -0.065 -0.065 -0.06373227 -0.06145367 -0.06441801 -0.062735
0.0205 -0.065 -0.065 -0.065 -0.065 -0.06370046 -0.06143572 -0.064361446 -0.06273275
0.021 -0.065 -0.065 -0.065 -0.065 -0.06367166 -0.0614231 -0.06430775 -0.06273206
0.0215 -0.065 -0.065 -0.065 -0.065 -0.06364565 -0.06141535 -0.06425675 -0.06273276
0.022000000000000002 -0.065 -0.065 -0.065 -0.065 -0.06362226 -0.061412036 -0.06420828 -0.06273467
0.0225 -0.065 -0.065 -0.065 -0.065 -0.06360133 -0.061412767 -0.06416222 -0.062737636
0.023 -0.065 -0.065 -0.065 -0.065 -0.063582696 -0.061417192 -0.064118415 -0.06274153
0.0235 -0.065 -0.065 -0.065 -0.065 -0.06356624 -0.06142494 -0.06407673 -0.06274626
0.024 -0.065 -0.065 -0.065 -0.065 -0.06355179 -0.061435737 -0.06403705 -0.06275169
0.0245 -0.065 -0.065 -0.065 -0.065 -0.06353926 -0.06144924 -0.063999265 -0.06275775
0.025 -0.065 -0.065 -0.065 -0.065 -0.06352848 -0.06146521 -0.06396327 -0.06276434
0.0255 -0.065 -0.065 -0.065 -0.065 -0.06351936 -0.061483383 -0.063928984 -0.06277142
0.026000000000000002 -0.065 -0.065 -0.065 -0.065 -0.06351179 -0.061503515 -0.063896276 -0.06277889
0.0265 -0.065 -0.065 -0.065 -0.065 -0.06350566 -0.06152539 -0.0638651 -0.06278674
0.027000000000000003 -0.065 -0.065 -0.065 -0.065 -0.06350087 -0.061548814 -0.06383535 -0.06279488
0.0275 -0.065 -0.065 -0.065 -0.065 -0.06349733 -0.061573602 -0.06380697 -0.06280329
0.027999999999999997 -0.065 -0.065 -0.065 -0.065 -0.06349496 -0.061599568 -0.06377986 -0.06281191
0.0285 -0.065 -0.065 -0.065 -0.065 -0.06349366 -0.061626576 -0.06375401 -0.06282073
0.028999999999999998 -0.065 -0.065 -0.065 -0.065 -0.063493386 -0.06165446 -0.0637293 -0.062829725
0.0295 -0.065 -0.065 -0.065 -0.065 -0.06349401 -0.061683096 -0.0637057 -0.06283883
0.03 -0.065 -0.065 -0.065 -0.065 -0.06349552 -0.06171237 -0.06368316 -0.062848054
0.0305 -0.065 -0.065 -0.065 -0.065 -0.063497834 -0.06174215 -0.06366159 -0.06285737
0.031 -0.065 -0.065 -0.065 -0.065 -0.06350087 -0.061772358 -0.06364101 -0.06286676
0.0315 -0.065 -0.065 -0.065 -0.065 -0.06350458 -0.06180287 -0.06362133 -0.06287621
0.032 -0.065 -0.065 -0.065 -0.065 -0.06350893 -0.06183362 -0.0636025 -0.0628857
0.0325 -0.065 -0.065 -0.065 -0.065 -0.06351383 -0.061864533 -0.06358449 -0.062895216
0.033 -0.065 -0.065 -0.065 -0.065 -0.06351926 -0.061895527 -0.06356728 -0.062904775
0.0335 -0.065 -0.065 -0.065 -0.065 -0.0635252 -0.06192655 -0.06355081 -0.062914304
0.034 -0.065 -0.065 -0.065 -0.065 -0.06353156 -0.06195753 -0.06353506 -0.06292386
0.0345 -0.065 -0.065 -0.065 -0.065 -0.06353832 -0.061988406 -0.06352 -0.062933415
0.035 -0.065 -0.065 -0.065 -0.065 -0.06354544 -0.06201917 -0.063505575 -0.06294294
0.0355 -0.065 -0.065 -0.065 -0.065 -0.0635529 -0.062049747 -0.0634918 -0.06295245
0.036000000000000004 -0.065 -0.065 -0.065 -0.065 -0.06356065 -0.062080085 -0.063478604 -0.06296193
0.0365 -0.065 -0.065 -0.065 -0.065 -0.06356867 -0.06211018 -0.06346599 -0.06297139
0.037000000000000005 -0.065 -0.065 -0.065 -0.065 -0.06357693 -0.062139988 -0.06345392 -0.062980816
0.0375 -0.065 -0.065 -0.065 -0.065 -0.06358539 -0.062169507 -0.063442364 -0.0629902
0.038 -0.065 -0.065 -0.065 -0.065 -0.06359404 -0.06219867 -0.06343132 -0.06299954
0.0385 -0.065 -0.065 -0.065 -0.065 -0.063602865 -0.062227465 -0.06342076 -0.06300885
0.039 -0.065 -0.065 -0.065 -0.065 -0.06361183 -0.062255923 -0.06341064 -0.063018106
0.0395 -0.065 -0.065 -0.065 -0.065 -0.06362091 -0.06228397 -0.063400984 -0.063027315
0.04 -0.065 -0.065 -0.065 -0.065 -0.06363008 -0.062311612 -0.063391745 -0.06303646
0.0405 -0.065 -0.065 -0.065 -0.065 -0.06363936 -0.06233885 -0.063382894 -0.06304556
0.040999999999999995 -0.065 -0.065 -0.065 -0.065 -0.0636487 -0.06236566 -0.06337445 -0.06305461
0.0415 -0.065 -0.065 -0.065 -0.065 -0.063658096 -0.062392034 -0.0633664 -0.06306361
0.042 -0.065 -0.065 -0.065 -0.065 -0.06366753 -0.062417973 -0.06335868 -0.06307252
0.0425 -0.065 -0.065 -0.065 -0.065 -0.063677 -0.06244347 -0.06335132 -0.06308138
0.043 -0.065 -0.065 -0.065 -0.065 -0.06368648 -0.06246853 -0.06334429 -0.063090205
0.0435 -0.065 -0.065 -0.065 -0.065 -0.063695975 -0.06249314 -0.063337564 -0.06309895
0.044000000000000004 -0.065 -0.065 -0.065 -0.065 -0.063705444 -0.0625173 -0.06333115 -0.06310763
0.0445 -0.065 -0.065 -0.065 -0.065 -0.063714914 -0.062541 -0.06332504 -0.06311625
0.045 -0.065 -0.065 -0.065 -0.065 -0.063724354 -0.06256426 -0.06331922 -0.063124806
0.0455 -0.065 -0.065 -0.065 -0.065 -0.06373376 -0.06258709 -0.06331365 -0.0631333
0.046 -0.065 -0.065 -0.065 -0.065 -0.06374313 -0.062609464 -0.063308336 -0.06314172
0.0465 -0.065 -0.065 -0.065 -0.065 -0.06375245 -0.0626314 -0.06330328 -0.06315007
0.047 -0.065 -0.065 -0.065 -0.065 -0.06376173 -0.062652886 -0.06329849 -0.06315835
0.0475 -0.065 -0.065 -0.065 -0.065 -0.06377095 -0.062673956 -0.06329392 -0.06316657
0.048 -0.065 -0.065 -0.065 -0.065 -0.06378011 -0.06269459 -0.06328954 -0.06317472
0.0485 -0.065 -0.065 -0.065 -0.065 -0.0637892 -0.0627148 -0.0632854 -0.06318279
0.049 -0.065 -0.065 -0.065 -0.065 -0.06379821 -0.0627346 -0.06328148 -0.0631908
0.0495 -0.065 -0.065 -0.065 -0.065 -0.06380716 -0.062753975 -0.06327773 -0.06319873
0.05 -0.065 -0.065 -0.065 -0.065 -0.06381602 -0.06277296 -0.0632742 -0.063206606
0.0505 -0.065 -0.065 -0.065 -0.065 -0.063824795 -0.062791534 -0.06327081 -0.063214384
0.051 -0.065 -0.065 -0.065 -0.065 -0.0638335 -0.062809706 -0.06326764 -0.0632221
0.0515 -0.065 -0.065 -0.065 -0.065 -0.063842095 -0.0628275 -0.06326461 -0.06322975
0.052000000000000005 -0.065 -0.065 -0.065 -0.065 -0.06385062 -0.06284492 -0.063261755 -0.063237324
0.0525 -0.065 -0.065 -0.065 -0.065 -0.063859046 -0.06286194 -0.06325904 -0.06324483
0.053 -0.065 -0.065 -0.065 -0.065 -0.06386738 -0.0628786 -0.063256495 -0.06325225
0.0535 -0.065 -0.065 -0.065 -0.065 -0.063875616 -0.0628949 -0.06325409 -0.06325961
0.054000000000000006 -0.065 -0.065 -0.065 -0.065 -0.063883774 -0.062910855 -0.063251816 -0.06326689
0.0545 -0.065 -0.065 -0.065 -0.065 -0.06389181 -0.06292644 -0.063249685 -0.0632741
0.055 -0.065 -0.065 -0.065 -0.065 -0.06389976 -0.0629417 -0.06324768 -0.063281216
0.0555 -0.065 -0.065 -0.065 -0.065 -0.063907616 -0.06295661 -0.06324579 -0.06328828
0.055999999999999994 -0.065 -0.065 -0.065 -0.065 -0.06391537 -0.06297121 -0.06324402 -0.063295275
0.0565 -0.065 -0.065 -0.065 -0.065 -0.06392302 -0.06298548 -0.06324237 -0.06330217
0.057 -0.065 -0.065 -0.065 -0.065 -0.06393057 -0.06299942 -0.06324081 -0.06330901
0.0575 -0.065 -0.065 -0.065 -0.065 -0.06393802 -0.06301306 -0.06323937 -0.06331577
0.057999999999999996 -0.065 -0.065 -0.065 -0.065 -0.06394538 -0.06302641 -0.06323804 -0.06332246
0.0585 -0.065 -0.065 -0.065 -0.065 -0.06395263 -0.06303945 -0.06323679 -0.06332908
0.059000000000000004 -0.065 -0.065 -0.065 -0.065 -0.06395979 -0.063052215 -0.06323565 -0.063335605
0.0595 -0.065 -0.065 -0.065 -0.065 -0.06396685 -0.06306467 -0.06323459 -0.063342065
0.06 -0.065 -0.065 -0.065 -0.065 -0.06397381 -0.06307686 -0.06323359 -0.063348465
0.0605 -0.065 -0.065 -0.065 -0.065 -0.063980676 -0.06308879 -0.06323269 -0.06335477
0.061 -0.065 -0.065 -0.065 -0.065 -0.06398744 -0.063100435 -0.06323188 -0.06336104
0.0615 -0.065 -0.065 -0.065 -0.065 -0.0639941 -0.063111834 -0.06323114 -0.0633672
0.062 -0.065 -0.065 -0.065 -0.065 -0.06400067 -0.06312296 -0.06323045 -0.06337331
0.0625 -0.065 -0.065 -0.065 -0.065 -0.064007156 -0.06313385 -0.06322985 -0.06337933
0.063 -0.065 -0.065 -0.065 -0.065 -0.06401353 -0.063144505 -0.063229315 -0.06338529
0.0635 -0.065 -0.065 -0.065 -0.065 -0.064019814 -0.063154906 -0.06322882 -0.06339119
0.064 -0.065 -0.065 -0.065 -0.065 -0.06402601 -0.06316509 -0.063228406 -0.063397
0.0645 -0.065 -0.065 -0.065 -0.065 -0.06403212 -0.06317504 -0.06322805 -0.06340275
0.065 -0.065 -0.065 -0.065 -0.065 -0.06403813 -0.06318477 -0.063227735 -0.06340842
0.0655 -0.065 -0.065 -0.065 -0.065 -0.06404406 -0.06319429 -0.0632275 -0.063414015
0.066 -0.065 -0.065 -0.065 -0.065 -0.06404989 -0.06320358 -0.06322727 -0.06341955
0.0665 -0.065 -0.065 -0.065 -0.065 -0.06405563 -0.06321267 -0.063227125 -0.06342501
0.067 -0.065 -0.065 -0.065 -0.065 -0.06406129 -0.06322157 -0.06322701 -0.06343041
0.0675 -0.065 -0.065 -0.065 -0.065 -0.06406686 -0.06323025 -0.06322694 -0.06343572
0.068 -0.065 -0.065 -0.065 -0.065 -0.06407234 -0.063238755 -0.06322692 -0.063440986
0.0685 -0.065 -0.065 -0.065 -0.065 -0.064077735 -0.063247055 -0.06322693 -0.06344617
0.069 -0.065 -0.065 -0.065 -0.065 -0.064083055 -0.06325519 -0.06322698 -0.06345128
0.0695 -0.065 -0.065 -0.065 -0.065 -0.06408829 -0.063263126 -0.06322705 -0.06345634
0.07 -0.065 -0.065 -0.065 -0.065 -0.06409344 -0.0632709 -0.063227184 -0.06346133
0.0705 -0.065 -0.065 -0.065 -0.065 -0.06409851 -0.063278496 -0.063227326 -0.063466266
0.071 -0.065 -0.065 -0.065 -0.065 -0.0641035 -0.06328592 -0.06322751 -0.063471116
0.0715 -0.065 -0.065 -0.065 -0.065 -0.06410842 -0.063293174 -0.06322772 -0.06347591
0.07200000000000001 -0.065 -0.065 -0.065 -0.065 -0.06411325 -0.06330028 -0.063227944 -0.06348064
0.0725 -0.065 -0.065 -0.065 -0.065 -0.06411802 -0.063307226 -0.0632282 -0.06348531
0.073 -0.065 -0.065 -0.065 -0.065 -0.06412271 -0.06331402 -0.06322851 -0.063489914
0.0735 -0.065 -0.065 -0.065 -0.065 -0.06412731 -0.06332066 -0.06322882 -0.06349445
0.07400000000000001 -0.065 -0.065 -0.065 -0.065 -0.06413185 -0.063327156 -0.063229136 -0.06349893
0.0745 -0.065 -0.065 -0.065 -0.065 -0.06413632 -0.063333504 -0.063229494 -0.06350335
0.075 -0.065 -0.065 -0.065 -0.065 -0.06414072 -0.063339725 -0.06322987 -0.063507706
0.0755 -0.065 -0.065 -0.065 -0.065 -0.06414505 -0.06334579 -0.06323026 -0.063512
0.076 -0.065 -0.065 -0.065 -0.065 -0.06414931 -0.06335174 -0.063230656 -0.06351625
0.0765 -0.065 -0.065 -0.065 -0.065 -0.0641535 -0.06335755 -0.0632311 -0.06352041
0.077 -0.065 -0.065 -0.065 -0.065 -0.06415763 -0.063363224 -0.06323153 -0.063524544
0.0775 -0.065 -0.065 -0.065 -0.065 -0.06416169 -0.06336878 -0.06323198 -0.063528605
0.078 -0.065 -0.065 -0.065 -0.065 -0.064165674 -0.06337422 -0.06323243 -0.0635326
0.0785 -0.065 -0.065 -0.065 -0.065 -0.06416961 -0.06337953 -0.06323292 -0.063536555
0.079 -0.065 -0.065 -0.065 -0.065 -0.06417348 -0.063384734 -0.063233405 -0.06354045
0.0795 -0.065 -0.065 -0.065 -0.065 -0.06417729 -0.06338982 -0.06323391 -0.06354428
0.08 -0.065 -0.065 -0.065 -0.065 -0.06418104 -0.06339479 -0.06323441 -0.06354807
0.0805 -0.065 -0.065 -0.065 -0.065 -0.064184725 -0.06339964 -0.06323492 -0.06355179
0.081 -0.065 -0.065 -0.065 -0.065 -0.064188346 -0.06340442 -0.06323546 -0.06355547
0.0815 -0.065 -0.065 -0.065 -0.065 -0.06419192 -0.063409075 -0.06323598 -0.06355909
0.08199999999999999 -0.065 -0.065 -0.065 -0.065 -0.06419543 -0.06341362 -0.06323653 -0.06356267
0.0825 -0.065 -0.065 -0.065 -0.065 -0.06419889 -0.063418075 -0.06323707 -0.063566186
0.083 -0.065 -0.065 -0.065 -0.065 -0.064202294 -0.06342244 -0.06323762 -0.06356966
0.0835 -0.065 -0.065 -0.065 -0.065 -0.06420565 -0.063426696 -0.06323817 -0.06357308
0.084 -0.065 -0.065 -0.065 -0.065 -0.06420893 -0.06343086 -0.06323874 -0.06357645
0.0845 -0.065 -0.065 -0.065 -0.065 -0.06421217 -0.06343494 -0.0632393 -0.06357976
0.085 -0.065 -0.065 -0.065 -0.065 -0.06421537 -0.063438945 -0.06323986 -0.06358304
0.0855 -0.065 -0.065 -0.065 -0.065 -0.06421851 -0.06344283 -0.063240446 -0.063586265
0.086 -0.065 -0.065 -0.065 -0.065 -0.0642216 -0.06344666 -0.06324099 -0.06358943
0.0865 -0.065 -0.065 -0.065 -0.065 -0.06422464 -0.063450396 -0.063241586 -0.06359256
0.087 -0.065 -0.065 -0.065 -0.065 -0.06422763 -0.06345405 -0.06324216 -0.06359565
0.0875 -0.065 -0.065 -0.065 -0.065 -0.06423058 -0.06345762 -0.06324275 -0.06359869
0.08800000000000001 -0.065 -0.065 -0.065 -0.065 -0.064233474 -0.063461125 -0.06324333 -0.06360168
0.0885 -0.065 -0.065 -0.065 -0.065 -0.06423632 -0.063464545 -0.0632439 -0.063604616
0.08900000000000001 -0.065 -0.065 -0.065 -0.065 -0.06423912 -0.063467875 -0.063244484 -0.06360752
0.0895 -0.065 -0.065 -0.065 -0.065 -0.06424188 -0.06347116 -0.06324504 -0.063610375
0.09 -0.065 -0.065 -0.065 -0.065 -0.064244606 -0.06347436 -0.06324563 -0.0636132
0.0905 -0.065 -0.065 -0.065 -0.065 -0.064247265 -0.06347749 -0.063246205 -0.06361598
0.091 -0.065 -0.065 -0.065 -0.065 -0.064249896 -0.063480556 -0.06324677 -0.06361871
0.0915 -0.065 -0.065 -0.065 -0.065 -0.06425249 -0.06348356 -0.06324735 -0.06362141
0.092 -0.065 -0.065 -0.065 -0.065 -0.06425504 -0.06348649 -0.06324792 -0.06362407
0.0925 -0.065 -0.065 -0.065 -0.065 -0.06425754 -0.06348935 -0.06324847 -0.06362666
0.09300000000000001 -0.065 -0.065 -0.065 -0.065 -0.06426001 -0.063492164 -0.06324904 -0.06362924
0.0935 -0.065 -0.065 -0.065 -0.065 -0.06426243 -0.063494906 -0.0632496 -0.06363178
0.094 -0.065 -0.065 -0.065 -0.065 -0.064264804 -0.06349759 -0.063250184 -0.06363428
0.0945 -0.065 -0.065 -0.065 -0.065 -0.064267166 -0.0635002 -0.06325071 -0.06363673
0.095 -0.065 -0.065 -0.065 -0.065 -0.06426947 -0.06350277 -0.06325129 -0.06363915
0.0955 -0.065 -0.065 -0.065 -0.065 -0.064271756 -0.0635053 -0.06325183 -0.06364153
0.096 -0.065 -0.065 -0.065 -0.065 -0.06427399 -0.063507766 -0.06325238 -0.06364388
0.0965 -0.065 -0.065 -0.065 -0.065 -0.06427619 -0.06351017 -0.06325292 -0.06364619
0.09699999999999999 -0.065 -0.065 -0.065 -0.065 -0.064278364 -0.06351252 -0.06325345 -0.06364847
0.0975 -0.065 -0.065 -0.065 -0.065 -0.064280495 -0.063514814 -0.063253984 -0.06365069
0.098 -0.065 -0.065 -0.065 -0.065 -0.064282596 -0.063517064 -0.063254535 -0.0636529
0.0985 -0.065 -0.065 -0.065 -0.065 -0.06428466 -0.063519284 -0.06325506 -0.063655086
0.099 -0.065 -0.065 -0.065 -0.065 -0.064286694 -0.06352144 -0.06325557 -0.0636572
0.0995 -0.065 -0.065 -0.065 -0.065 -0.0642887 -0.06352353 -0.0632561 -0.063659325
0.1 -0.065 -0.065 -0.065 -0.065 -0.049090665 -0.05440041 -0.056583904 -0.053878013
0.1005 -0.05205612 -0.05313354 -0.04842002 -0.04701473 -0.03932106 -0.04461992 -0.04426902 -0.03728243
0.10099999999999999 -0.03678555 -0.03597405 -0.03041441 -0.030997399999999998 -0.031987865 -0.02987835 -0.03025608 -0.022649374
0.1015 -0.02642051 -0.01613244 -0.01554058 -0.01895572 -0.026129398 -0.010532074 -0.015947366 -0.011126399
0.102 -0.01935535 0.005143932 -0.002683864 -0.008402849 -0.02089802 0.011692699 -0.0018265545 -0.0016610101
0.1025 -0.01394585 0.02718487 0.009246408000000001 0.001491784 -0.015894618 0.035287153 0.011951091 0.006825842
0.10300000000000001 -0.009311454 0.04960355 0.02080325 0.01094753 -0.010965012 0.059353907 0.025371594 0.014969006
0.1035 -0.0050238209999999995 0.07221616 0.0322654 0.02005308 -0.006067825 0.08344504 0.038477942 0.023065053
0.10400000000000001 -0.0008967278999999999 0.09492697 0.04373207 0.02884155 -0.00120214 0.10735445 0.051323846 0.031213343
0.1045 0.003115461 0.1176701 0.05515523 0.03726659 0.0036213538 0.1309894 0.063955456 0.039412647
0.105 0.007031526999999999 0.1403877 0.06660326 0.04533323 0.0083904145 0.15430799 0.07640784 0.047618307
0.1055 0.01091859 0.1630264 0.07812410000000002 0.0531404 0.013094482 0.1772904 0.08870642 0.055772804
0.106 0.01480548 0.1855376 0.08969852 0.06072443 0.017725587 0.19992706 0.100869656 0.06382096
0.1065 0.01868723 0.2078765 0.10129439999999999 0.06808154 0.022278398 0.22221306 0.112911254 0.07171662
0.107 0.02255614 0.2300015 0.1128987 0.07521766 0.026749965 0.2441467 0.124841735 0.07942422
0.1075 0.02642019 0.2518752 0.12450119999999999 0.08215839999999999 0.031139303 0.2657274 0.13666925 0.08691873
0.10800000000000001 0.03027984 0.2734665 0.1360905 0.08891471 0.03544696 0.28695574 0.1484003 0.094184235
0.1085 0.03413009 0.29474229999999996 0.1476539 0.09549206 0.03967464 0.30783322 0.16004008 0.101212144
0.109 0.03796465 0.31489809999999996 0.1591644 0.1018928 0.043824885 0.32836154 0.17159265 0.10799995
0.1095 0.0417781 0.33421059999999997 0.17059620000000003 0.108122 0.047900762 0.348543 0.1830611 0.11454953
0.11 0.04556702 0.35312659999999996 0.18195260000000002 0.11418589999999999 0.051905602 0.36837998 0.19444759 0.12086594
0.1105 0.04932908 0.3718633 0.1932398 0.1200895 0.055842884 0.38787535 0.20575379 0.12695672
0.111 0.05306279 0.39050429999999997 0.20446040000000001 0.1258378 0.05971609 0.40703192 0.21698047 0.13283089
0.1115 0.05676717 0.4090598 0.21561329999999998 0.1314358 0.06352863 0.4258524 0.2281279 0.1384984
0.11199999999999999 0.06044165 0.42750340000000003 0.2266947 0.13688870000000003 0.06728371 0.44433975 0.23919606 0.14396983
0.1125 0.06408584 0.44579359999999996 0.2376994 0.1421976 0.070984446 0.46249744 0.2501844 0.14925581
0.113 0.06769939 0.4638859 0.2486219 0.1473638 0.07463371 0.48032835 0.26109168 0.15436698
0.1135 0.07128201 0.48173900000000003 0.2594575 0.152401 0.07823413 0.4978359 0.27191693 0.15931356
0.114 0.07483355 0.4993184 0.27020120000000003 0.15731489999999998 0.081788175 0.5150235 0.28265858 0.16410565
0.1145 0.07835392 0.5165962000000001 0.2808488 0.16210970000000002 0.08529812 0.5318943 0.29331505 0.16875285
0.115 0.08184136 0.5335517 0.2913963 0.16678710000000002 0.08876598 0.54845226 0.3038846 0.17326427
0.1155 0.08527853 0.550168 0.3018369 0.17133900000000002 0.092193656 0.564701 0.31436536 0.1776484
0.11599999999999999 0.08867512 0.5664352 0.3121692 0.17578039999999998 0.09558293 0.58064383 0.3247554 0.18191333
0.1165 0.09204577 0.5823488 0.3223937 0.1801205 0.09893529 0.5962852 0.3350529 0.18606651
0.11699999999999999 0.09539416 0.5979088 0.3325092 0.1843634 0.10225221 0.6116286 0.34525582 0.19011495
0.1175 0.09870711 0.6131165 0.34250890000000006 0.1884679 0.105534956 0.6266782 0.35536236 0.19406527
0.11800000000000001 0.1019618 0.6279745 0.3523839 0.1924284 0.10878472 0.64143795 0.36537063 0.19792336
0.1185 0.1051808 0.6424906 0.3621433 0.196304 0.112002574 0.6559122 0.37527904 0.20169485
0.11900000000000001 0.1083802 0.6566736 0.3717924 0.20011320000000002 0.11518947 0.6701051 0.38508588 0.20538491
0.1195 0.11156289999999999 0.6705327 0.38133140000000004 0.2038583 0.11834628 0.6840207 0.39478925 0.2089983
0.12 0.1147258 0.684077 0.3907587 0.2075384 0.12147377 0.6976635 0.40438798 0.21253917
0.1205 0.11786500000000001 0.6973153 0.40007259999999994 0.21115250000000002 0.12457263 0.7110379 0.41388056 0.21601167
0.121 0.1209769 0.7102563000000001 0.4092719 0.2146998 0.12764351 0.7241479 0.4232656 0.2194196
0.1215 0.12405919999999998 0.7229083000000001 0.4183558 0.2181803 0.13068694 0.73699796 0.43254215 0.22276607
0.122 0.1271103 0.7352791999999999 0.42732380000000003 0.2215942 0.1337034 0.74959254 0.44170892 0.22605419
0.1225 0.1301113 0.747375 0.43617120000000004 0.22484 0.13669331 0.761936 0.45076495 0.22928679
0.12300000000000001 0.13303679999999998 0.7592018 0.4448932 0.22777399999999998 0.13965707 0.77403253 0.45970953 0.23246652
0.1235 0.13591860000000003 0.7707682 0.4534978 0.2307011 0.14259493 0.78588635 0.46854186 0.23559552
0.124 0.13878529999999997 0.7820823 0.4619907999999999 0.23365450000000001 0.14550719 0.7975019 0.4772612 0.23867604
0.1245 0.14164279999999999 0.7931517 0.4703738 0.2366194 0.1483941 0.8088835 0.48586735 0.24171
0.125 0.1444868 0.8039831999999999 0.47864639999999997 0.2395779 0.15125576 0.8200346 0.4943594 0.24469906
0.1255 0.1473104 0.8145832 0.48680790000000007 0.24235370000000003 0.15409233 0.83096033 0.5027371 0.24764484
0.126 0.15010739999999997 0.8249575000000001 0.49485779999999996 0.2449526 0.15690394 0.84166443 0.5110005 0.2505488
0.1265 0.1528743 0.8351111999999999 0.5027952 0.2475938 0.1596906 0.85215056 0.5191491 0.25341225
0.127 0.1556091 0.8450484 0.5106181 0.25026950000000003 0.16245241 0.8624233 0.5271832 0.25623634
0.1275 0.1583128 0.8547752000000001 0.5183300999999999 0.2529656 0.16518936 0.8724861 0.5351026 0.25902227
0.128 0.1609854 0.8642965 0.5259334 0.25542570000000003 0.16790141 0.88234305 0.5429075 0.26177073
0.1285 0.1636157 0.8736169 0.5334277 0.25778490000000004 0.17058857 0.891998 0.5505979 0.26448286
0.129 0.1661922 0.8827248 0.5400835 0.2601951 0.17325075 0.90145457 0.5581742 0.26715928
0.1295 0.1687342 0.8915924999999999 0.5462477 0.26265040000000006 0.17588785 0.9107168 0.56563663 0.26980084
0.13 0.1712546 0.9002445 0.5527054 0.2651285 0.17849982 0.91978806 0.57298595 0.27240804
0.1305 0.1737398 0.908709 0.5594744 0.267588 0.18108656 0.92867184 0.5802222 0.2749815
0.131 0.1761779 0.9170046999999999 0.5664168 0.2699958 0.18364795 0.9373721 0.5873461 0.27752173
0.1315 0.1785865 0.9251446 0.5733968 0.2723733 0.18618385 0.94589174 0.59435797 0.28002933
0.132 0.1809572 0.9331063 0.5793133 0.2747407 0.18869418 0.9542346 0.60125864 0.28250453
0.1325 0.1832937 0.940868 0.5850241999999999 0.27709559999999994 0.19117877 0.9624034 0.6080491 0.2849477
0.133 0.18559779999999998 0.9484553 0.5911094 0.279401 0.19363752 0.9704021 0.6147297 0.28735942
0.1335 0.18786989999999998 0.9558958000000001 0.5975139 0.2816585 0.19607028 0.9782337 0.6213014 0.28973973
0.134 0.1901309 0.9632076999999999 0.6040835999999999 0.2838928 0.19847693 0.98590136 0.627765 0.29208905
0.1345 0.19238239999999998 0.9703993000000001 0.6106897 0.2861073 0.2008573 0.9934081 0.6341213 0.29440755
0.135 0.1946254 0.9774732 0.617247 0.28829899999999997 0.20321128 1.0007571 0.64037144 0.29669547
0.1355 0.1968558 0.9844287 0.6237064999999999 0.2904639 0.20553869 1.0079509 0.6465161 0.2989531
0.136 0.1990424 0.9912627 0.6300021 0.2925767 0.20783949 1.0149933 0.6525563 0.30118048
0.1365 0.20118370000000002 0.9979688 0.6361405 0.2946355 0.21011351 1.0218867 0.65849334 0.3033778
0.13699999999999998 0.20330820000000002 1.004548 0.6421636 0.29666420000000004 0.21236065 1.028634 0.66432816 0.30554536
0.1375 0.20542249999999998 1.011002 0.64808 0.29866859999999995 0.2145808 1.0352376 0.67006135 0.30768308
0.138 0.207524 1.017332 0.6538889 0.3006479 0.2167739 1.0417007 0.6756947 0.30979133
0.1385 0.209608 1.023541 0.6595896 0.3026 0.21893981 1.048026 0.6812292 0.31187004
0.139 0.2116695 1.029628 0.6651831 0.30452340000000006 0.22107846 1.0542159 0.68666553 0.3139194
0.1395 0.21370509999999998 1.0355940000000001 0.6706709 0.3064052 0.22318982 1.0602732 0.6920051 0.31593952
0.14 0.21570799999999998 1.041436 0.6760524 0.3082212 0.22527376 1.0662001 0.69724923 0.31793052
0.1405 0.21767929999999996 1.04716 0.6813334 0.3100011 0.22733033 1.0719998 0.702399 0.31989253
0.141 0.21962489999999998 1.05277 0.6865203000000001 0.31175949999999997 0.22935936 1.0776738 0.7074556 0.32182553
0.1415 0.2215323 1.058268 0.6916140000000001 0.3134716 0.23136097 1.0832255 0.7124204 0.3237299
0.142 0.2233906 1.063658 0.6966131999999999 0.3151323 0.23333503 1.088657 0.7172945 0.3256055
0.1425 0.2252246 1.06894 0.701526 0.3167737 0.23528163 1.0939701 0.72207904 0.3274524
0.14300000000000002 0.2270471 1.0741180000000001 0.7063581 0.3184033 0.23720072 1.0991676 0.7267754 0.3292708
0.1435 0.2288598 1.079193 0.7111118000000001 0.3200206 0.23909234 1.1042515 0.7313848 0.3310608
0.14400000000000002 0.2306601 1.084167 0.7157882 0.32162290000000004 0.24095644 1.1092243 0.7359083 0.33282262
0.1445 0.2324322 1.089043 0.720388 0.32320679999999996 0.24279322 1.114088 0.74034745 0.33455637
0.145 0.23392889999999997 1.0938219999999998 0.7249114999999999 0.3247708 0.2446026 1.1188447 0.74470323 0.33626205
0.1455 0.23538720000000002 1.098507 0.7293593 0.3263138 0.24638472 1.1234965 0.7489771 0.3379398
0.146 0.23694189999999998 1.1031 0.7337333 0.32783540000000005 0.24813963 1.1280458 0.75317013 0.3395898
0.1465 0.238585 1.107602 0.7380356 0.3293353 0.24986736 1.1324942 0.75728387 0.34121212
0.147 0.24027939999999998 1.112016 0.7422675 0.33081320000000003 0.25156814 1.1368439 0.7613189 0.34280708
0.1475 0.2419922 1.116343 0.7464301 0.3322691 0.253242 1.1410971 0.7652774 0.34437472
0.14800000000000002 0.24370050000000001 1.120585 0.7505244000000001 0.3337029 0.25488907 1.1452552 0.76915985 0.34591517
0.1485 0.2453739 1.124741 0.7545476 0.33508499999999997 0.25650948 1.1493204 0.7729677 0.34742862
0.149 0.2469939 1.128807 0.7584949000000001 0.33641340000000003 0.25810337 1.1532947 0.7767021 0.34891522
0.1495 0.2485842 1.13279 0.7623744 0.33772340000000006 0.25967097 1.1571797 0.7803646 0.3503753
0.15 0.250158 1.136695 0.7661923 0.3390249 0.2498893 1.1581217 0.783016 0.34575078
0.1505 0.2387842 1.128663 0.7533744000000001 0.32234559999999995 0.24488924 1.1473119 0.7679411 0.33252066
0.151 0.22506529999999997 1.115273 0.7390449 0.3076138 0.23930724 1.1321754 0.75472414 0.31927347
0.1515 0.2162111 1.099128 0.7276935999999999 0.2968103 0.23296314 1.1149143 0.7441624 0.30737463
0.152 0.2106172 1.0814709999999998 0.7182848000000001 0.28747259999999997 0.22649543 1.0964605 0.73494285 0.29671776
0.1525 0.2066407 1.062916 0.7097524000000001 0.2787757 0.22031367 1.0773014 0.7262331 0.28704843
0.153 0.20340070000000002 1.043799 0.7015228 0.27048779999999994 0.21459892 1.0577154 0.71766084 0.27815264
0.1535 0.20048770000000002 1.0243309999999999 0.6933411999999999 0.2625355 0.20940882 1.0378749 0.7090772 0.26986128
0.154 0.1977203 1.004658 0.6851089 0.254887 0.20473792 1.0178959 0.7004259 0.2620438
0.1545 0.1950191 0.984891 0.6767958000000001 0.2475223 0.20054702 0.99786305 0.6916921 0.25460294
0.155 0.1923493 0.9651185999999999 0.6683998000000001 0.24042529999999998 0.19677928 0.97784424 0.6828779 0.24746916
0.1555 0.18969570000000002 0.9454119000000001 0.6599292 0.2335817 0.19336973 0.9578947 0.6739939 0.24059495
0.156 0.18704179999999998 0.9258277 0.6513778 0.2269717 0.19025268 0.9380623 0.66505367 0.23394844
0.1565 0.18436870000000002 0.9064094000000001 0.642736 0.22057870000000002 0.18736613 0.9183871 0.6560716 0.2275087
0.157 0.1817021 0.8871962 0.6340585999999999 0.2144051 0.18465474 0.89890414 0.64706045 0.2212618
0.1575 0.17903 0.8682197 0.6253354999999999 0.20843989999999998 0.18207146 0.87964284 0.63803184 0.21519777
0.158 0.17637550000000002 0.8495055 0.6166149000000001 0.2026734 0.17957792 0.86062807 0.6289949 0.20930904
0.1585 0.1737481 0.8310746999999999 0.6079161999999999 0.1970964 0.17714398 0.84187996 0.6199578 0.20358923
0.159 0.1711444 0.8129436 0.59924 0.1916997 0.17474677 0.82341534 0.6109265 0.19803235
0.1595 0.1685593 0.7951239 0.5905851 0.1864741 0.1723697 0.8052475 0.6019058 0.19263294
0.16 0.1659889 0.7776234999999999 0.5819521 0.1814115 0.17000113 0.7873861 0.5929005 0.18738562
0.1605 0.163431 0.7604478 0.5733439 0.1765039 0.16763334 0.76983917 0.5839141 0.18228541
0.161 0.1608845 0.7435997 0.5647643 0.1717441 0.16526145 0.7526118 0.5749507 0.17732745
0.1615 0.1583493 0.7270804 0.5562180999999999 0.1671253 0.16288273 0.7357077 0.5660144 0.17250739
0.162 0.1558258 0.7108897 0.54771 0.1626412 0.16049595 0.71912885 0.5571096 0.16782095
0.1625 0.1533145 0.6950261 0.5392448000000001 0.1582858 0.1581009 0.7028762 0.548241 0.16326429
0.163 0.1508161 0.6794872 0.530827 0.15405329999999998 0.15569809 0.6869492 0.5394134 0.15883353
0.1635 0.1483313 0.6642698 0.5224607 0.1499386 0.15328856 0.67134666 0.5306321 0.1545251
0.16399999999999998 0.14586079999999998 0.6493701999999999 0.5141498 0.14593670000000003 0.15087372 0.6560669 0.5219022 0.15033546
0.1645 0.1434054 0.634784 0.5058978 0.1420428 0.14845511 0.6411071 0.51322937 0.14626108
0.165 0.1409655 0.6205065 0.497708 0.1382526 0.1460344 0.62646407 0.5046189 0.14229846
0.1655 0.1385418 0.6065328000000001 0.4895831 0.13456179999999998 0.14361346 0.61213446 0.49607572 0.13844419
0.166 0.13613470000000003 0.5928576 0.481526 0.13096649999999999 0.1411939 0.5981138 0.48760512 0.13469474
0.1665 0.13374470000000002 0.5794755 0.4735388 0.1274629 0.13877758 0.58439785 0.47921175 0.1310468
0.16699999999999998 0.13137220000000002 0.5663809 0.46562380000000003 0.12404749999999999 0.1363662 0.5709818 0.47090012 0.12749685
0.1675 0.12901769999999999 0.5535683000000001 0.45778279999999993 0.120717 0.1339613 0.5578609 0.46267426 0.12404156
0.168 0.1266813 0.5410321 0.45001759999999996 0.117468 0.13156448 0.54502964 0.4545378 0.12067762
0.1685 0.1243635 0.5287664000000001 0.44232970000000005 0.1142978 0.12917715 0.5324826 0.44649434 0.11740175
0.16899999999999998 0.1220646 0.5167657 0.43472040000000006 0.11120319999999999 0.12680061 0.5202144 0.43854657 0.114210784
0.1695 0.1197847 0.5050243 0.427191 0.1081818 0.12443612 0.50821924 0.43069708 0.11110157
0.17 0.11752409999999999 0.4935367 0.4197424 0.1052307 0.122084774 0.49649146 0.422948 0.1080711
0.1705 0.115283 0.4822973 0.41237570000000007 0.1023477 0.11974754 0.48502532 0.4153011 0.10511647
0.171 0.1130616 0.4713007000000001 0.4050915 0.09953039 0.117425375 0.47381493 0.4077578 0.10223481
0.1715 0.11086010000000002 0.46054140000000005 0.39789050000000004 0.09677648 0.11511909 0.46285477 0.40031916 0.09942335
0.172 0.10867850000000001 0.4500142 0.3907733 0.0940839 0.11282941 0.45213878 0.3929859 0.09667952
0.1725 0.1065171 0.4397139 0.3837403 0.09145062 0.11055695 0.44166136 0.38575852 0.09400073
0.17300000000000001 0.10437590000000001 0.4296354 0.3767919 0.08887472 0.10830228 0.43141696 0.37863722 0.091384545
0.1735 0.102255 0.4197737 0.3699283 0.08635436 0.10606592 0.42139992 0.371622 0.08882864
0.174 0.10015460000000001 0.41012380000000004 0.3631497 0.08388779 0.10384828 0.4116049 0.36471254 0.0863308
0.1745 0.09807456 0.400681 0.3564562 0.08147333 0.101649776 0.40202627 0.35790828 0.08388889
0.175 0.09601506 0.39144059999999997 0.3498478 0.07910938 0.099470675 0.392659 0.35120866 0.08150089
0.1755 0.09397612 0.382398 0.3433245 0.07679441 0.0973113 0.38349792 0.34461296 0.0791648
0.17600000000000002 0.09195775 0.3735487 0.33688609999999997 0.07452696 0.09517192 0.37453768 0.33812013 0.07687883
0.1765 0.08995996 0.3648882 0.3305325 0.07230562 0.093052715 0.3657739 0.33172926 0.07464121
0.177 0.08798277 0.3564124 0.32426350000000004 0.07012905 0.09095383 0.3572012 0.325439 0.072450235
0.1775 0.08602615 0.3481169 0.31807870000000005 0.06799597 0.08887544 0.3488152 0.31924823 0.07030435
0.17800000000000002 0.08409009 0.3399978 0.31197779999999997 0.06590513 0.08681769 0.34061134 0.31315562 0.06820206
0.1785 0.08217457 0.3320509 0.3059605 0.06385536 0.08478066 0.33258513 0.30715984 0.06614192
0.179 0.08027953 0.32427249999999996 0.30002629999999997 0.06184552 0.08276448 0.32473227 0.30125943 0.06412251
0.1795 0.07840495 0.31665859999999996 0.2941747 0.05987452 0.08076917 0.3170486 0.29545292 0.062142625
0.18 0.07655076 0.30920559999999997 0.28840540000000003 0.0579413 0.0787948 0.30952993 0.28973886 0.060200974
0.1805 0.0747169 0.3019097 0.2827176 0.05604487 0.07684143 0.30217242 0.28411567 0.058296457
0.18100000000000002 0.07290331 0.2947676 0.277111 0.05418424 0.07490909 0.29497203 0.278582 0.05642794
0.1815 0.07110989 0.28777559999999996 0.2715849 0.05235849 0.07299778 0.2879252 0.2731362 0.054594383
0.182 0.06933659 0.28093049999999997 0.2661386 0.05056672 0.071107544 0.28102833 0.2677767 0.052794777
0.1825 0.06758329 0.2742288 0.2607715 0.04880806 0.06923838 0.27427775 0.26250213 0.051028177
0.183 0.06584992 0.2676675 0.255483 0.04708168 0.0673903 0.26767018 0.25731093 0.049293764
0.1835 0.06413636 0.2612433 0.2502724 0.04538677 0.0655633 0.26120207 0.25220153 0.047590606
0.184 0.06244251 0.2549531 0.245139 0.04372256 0.06375735 0.25487044 0.2471726 0.04591795
0.1845 0.06076827 0.24879400000000002 0.24008200000000002 0.0420883 0.061972447 0.24867195 0.24222255 0.044275016
0.185 0.05911351 0.24276309999999998 0.2351007 0.04048326 0.060208574 0.24260372 0.23735002 0.042661056
0.1855 0.05747812 0.2368574 0.2301944 0.03890675 0.058465697 0.23666269 0.23255357 0.04107541
0.18600000000000003 0.05586198 0.23107429999999998 0.22536230000000002 0.0373581 0.056743793 0.23084599 0.2278319 0.039517373
0.1865 0.05426495 0.2254109 0.2206037 0.03583665 0.055042826 0.22515082 0.22318348 0.03798634
0.187 0.0526869 0.21986460000000002 0.2159176 0.03434176 0.053362727 0.21957442 0.21860714 0.0364817
0.1875 0.05112771 0.2144328 0.2113034 0.03287284 0.051703475 0.21411422 0.2141015 0.035002902
0.188 0.04958723 0.20911300000000002 0.2067603 0.03142929 0.050065003 0.20876762 0.20966537 0.03354934
0.1885 0.04806532 0.2039027 0.20228729999999998 0.03001054 0.048447274 0.20353203 0.20529741 0.032120526
0.18899999999999997 0.04656185 0.1987995 0.1978838 0.02861604 0.046850212 0.19840506 0.20099649 0.030715883
0.1895 0.04507666 0.193801 0.1935489 0.02724524 0.04527375 0.1933843 0.19676137 0.029334992
0.19 0.04360961 0.1889049 0.1892818 0.02589764 0.043717816 0.18846749 0.192591 0.027977362
0.1905 0.04216055 0.184109 0.1850816 0.02457271 0.042182323 0.18365231 0.18848418 0.026642516
0.191 0.04072933 0.179411 0.18094749999999998 0.02326999 0.04066719 0.17893657 0.18443978 0.025330022
0.1915 0.039315800000000005 0.1748089 0.17687879999999997 0.02198899 0.039172333 0.17431815 0.18045679 0.024039425
0.192 0.03791979 0.17030050000000002 0.1728745 0.02072925 0.037697654 0.16979484 0.17653424 0.022770323
0.1925 0.03654116 0.1658838 0.1689338 0.01949032 0.03624304 0.16536471 0.172671 0.021522306
0.193 0.03517974 0.1615568 0.165056 0.01827178 0.0348084 0.16102567 0.16886619 0.020294972
0.1935 0.03383539 0.1573175 0.1612401 0.01707319 0.033393595 0.1567758 0.16511884 0.01908791
0.19399999999999998 0.03250793 0.15316400000000002 0.1574854 0.01589415 0.03199853 0.1526132 0.16142803 0.01790078
0.1945 0.03119722 0.1490944 0.15379110000000001 0.01473427 0.030623052 0.14853595 0.15779279 0.016733192
0.195 0.02990308 0.14510699999999999 0.15015620000000002 0.01359315 0.029267065 0.14454228 0.15421231 0.015584752
0.1955 0.02862536 0.1412 0.14658010000000002 0.01247042 0.027930398 0.14063042 0.15068574 0.01445514
0.196 0.0273639 0.13737149999999998 0.1430618 0.011365700000000001 0.026612893 0.13679855 0.14721222 0.013343982
0.1965 0.02611853 0.13362000000000002 0.13960060000000002 0.01027866 0.025314461 0.13304502 0.14379099 0.0122509375
0.19699999999999998 0.02488909 0.1299437 0.1361957 0.009208926 0.024034891 0.12936811 0.1404212 0.011175662
0.1975 0.02367541 0.1263411 0.1328463 0.008156174 0.022774048 0.12576626 0.13710211 0.010117829
0.198 0.02247735 0.1228105 0.1295515 0.007120073 0.021531783 0.12223782 0.13383302 0.009077102
0.1985 0.02129472 0.1193504 0.1263107 0.006100301 0.020307895 0.11878118 0.13061313 0.008053146
0.19899999999999998 0.02012738 0.1159593 0.123123 0.0050965459999999995 0.01910222 0.11539489 0.12744176 0.0070456415
0.1995 0.01897515 0.11263569999999999 0.1199876 0.0041085029999999995 0.017914575 0.11207737 0.12431826 0.006054245
0.2 0.01783788 0.1093782 0.1169037 0.0031358759999999997 0.034276854 0.11080541 0.12530924 0.009462543
0.2005 0.029655900000000002 0.11804780000000001 0.13044719999999999 0.02016119 0.04047825 0.11767022 0.13230115 0.024225064
0.201 0.04377543 0.13206629999999997 0.1454748 0.03521445 0.046294402 0.13065138 0.14131708 0.036905788
0.2015 0.05297767 0.14883 0.1575011 0.04631031 0.050776936 0.14814067 0.15145482 0.047820143
0.20199999999999999 0.05891278 0.1670949 0.1675789 0.05593463 0.054873362 0.16830422 0.16214843 0.057363354
0.2025 0.06322924 0.18624770000000002 0.1767753 0.06490058 0.058876798 0.18974812 0.17306766 0.066150576
0.203 0.06681634 0.20595229999999998 0.1856638 0.07345762 0.06290145 0.21163821 0.18402019 0.074541464
0.2035 0.07009026 0.22599829999999999 0.1944999 0.08168922 0.06696344 0.23353902 0.19491169 0.082724065
0.204 0.07323036 0.2462386 0.2033811 0.08962682 0.07104652 0.25524083 0.20570268 0.09078255
0.2045 0.07631055 0.26656209999999997 0.2123359 0.0972784 0.07512833 0.27664858 0.2163801 0.09874259
0.205 0.07936024 0.28688109999999994 0.221365 0.10466600000000001 0.07918906 0.29772153 0.2269418 0.10659991
0.2055 0.08239073 0.30712470000000003 0.23045929999999998 0.11180599999999999 0.08321332 0.31844437 0.23738992 0.114336744
0.20600000000000002 0.08540622 0.32723520000000006 0.2396062 0.1187094 0.08718995 0.33881274 0.2477279 0.121931255
0.2065 0.08840831 0.34716620000000004 0.24879339999999997 0.1253864 0.09111107 0.35882765 0.25795928 0.12936275
0.207 0.09139741 0.3668798 0.2580088 0.1318468 0.0949715 0.37849233 0.2680877 0.13661374
0.2075 0.09437326 0.3863459 0.2672414 0.1380033 0.09876802 0.39781073 0.27811638 0.143671
0.20800000000000002 0.09733541 0.4055402 0.2764811 0.1438889 0.102498926 0.41678727 0.2880487 0.15052535
0.2085 0.1002835 0.42444399999999993 0.2857185 0.1496259 0.106163725 0.43542644 0.2978874 0.15717119
0.209 0.10321430000000001 0.44304259999999995 0.2949452 0.1551396 0.10976264 0.45373285 0.30763507 0.16360636
0.2095 0.1061119 0.46132510000000004 0.3041517 0.16039360000000003 0.11329668 0.47171107 0.31729394 0.16983129
0.21 0.1089876 0.47928329999999997 0.3133316 0.1655482 0.11676725 0.48936543 0.32686597 0.17584836
0.2105 0.1118529 0.4969119000000001 0.32248000000000004 0.1706041 0.12017589 0.5067002 0.33635274 0.18166187
0.21100000000000002 0.11470930000000001 0.5142076 0.3315913 0.17555120000000002 0.12352461 0.5237197 0.34575558 0.18727696
0.2115 0.1175545 0.531169 0.34066 0.1803968 0.12681523 0.54042834 0.35507542 0.1927002
0.212 0.1203866 0.5477963 0.34968109999999997 0.18513870000000002 0.13004984 0.5568299 0.36431298 0.19793838
0.2125 0.12320360000000001 0.5640908 0.3586498 0.1897723 0.13323045 0.57292897 0.3734688 0.20299864
0.213 0.1260038 0.5800539000000001 0.3675618 0.1940916 0.13635892 0.5887293 0.38254297 0.20788863
0.2135 0.1287852 0.5956887 0.37641290000000005 0.19828900000000002 0.1394372 0.6042348 0.39153525 0.21261585
0.214 0.1315458 0.6109964 0.38495300000000005 0.202429 0.14246713 0.6194495 0.40044603 0.21718764
0.2145 0.1342632 0.6259279999999999 0.3920546 0.2065069 0.14545035 0.6343775 0.40927446 0.22161165
0.215 0.13694379999999998 0.6404781999999999 0.3992658 0.2105192 0.14838852 0.64902246 0.41802013 0.22589478
0.2155 0.1396057 0.6546903000000001 0.4070526 0.21446120000000002 0.15128316 0.6633885 0.4266825 0.23004389
0.21600000000000003 0.1422402 0.6686005 0.41529390000000005 0.21830479999999997 0.1541357 0.67747927 0.43526095 0.23406568
0.2165 0.1448395 0.6822305999999999 0.4237869000000001 0.22203739999999997 0.1569475 0.6912989 0.44375473 0.23796648
0.217 0.1474027 0.695593 0.4323741 0.2256519 0.15971978 0.7048511 0.452163 0.24175209
0.2175 0.1499443 0.7086965999999999 0.4409559 0.2291866 0.16245368 0.7181397 0.4604847 0.24542832
0.218 0.15248499999999998 0.721546 0.44947550000000003 0.23266079999999997 0.16515031 0.73116857 0.46871942 0.24900043
0.2185 0.15501800000000002 0.7341423 0.4578985 0.23605789999999996 0.16781063 0.7439418 0.47686628 0.2524735
0.21899999999999997 0.1575219 0.7464859 0.466203 0.2393611 0.17043567 0.75646293 0.48492417 0.25585213
0.2195 0.1600115 0.7585791000000001 0.47438549999999996 0.24259989999999998 0.1730262 0.76873577 0.49289265 0.25914085
0.22 0.1624958 0.7704247 0.4824476 0.24578379999999997 0.17558311 0.78076434 0.50077075 0.2623437
0.2205 0.1649733 0.7820251 0.4903911 0.2489127 0.17810704 0.7925527 0.5085578 0.2654646
0.221 0.167439 0.7933836 0.4982184 0.2519848 0.18059878 0.80410445 0.5162532 0.2685072
0.2215 0.16988820000000002 0.8045034000000001 0.5059322 0.2549987 0.18305895 0.81542295 0.5238563 0.2714748
0.222 0.1723142 0.8153881 0.5135295 0.2579505 0.18548808 0.82651263 0.5313665 0.27437064
0.2225 0.1746865 0.8260400999999999 0.5209734 0.260814 0.18788685 0.837377 0.5387835 0.27719754
0.223 0.1770255 0.8364625 0.5283079 0.2636079 0.1902557 0.84801984 0.5461064 0.27995825
0.2235 0.1793506 0.8466609 0.5355589 0.2663498 0.19259514 0.8584451 0.5533355 0.2826554
0.22399999999999998 0.18166429999999997 0.8566411 0.5427281999999999 0.26904320000000004 0.19490556 0.8686562 0.56047004 0.2852913
0.2245 0.1839608 0.8664043 0.5498097 0.2716642 0.19718742 0.87865686 0.56750965 0.28786832
0.225 0.18623220000000001 0.8759556000000001 0.5567976 0.2742123 0.19944108 0.8884508 0.57445455 0.29038823
0.2255 0.18848 0.8853029 0.5636926999999999 0.2767134 0.2016669 0.89804167 0.58130425 0.29285324
0.226 0.190707 0.8944523000000001 0.5704961 0.279175 0.20386526 0.9074328 0.5880588 0.2952651
0.2265 0.1929136 0.9034091000000001 0.5772078 0.28159709999999993 0.20603639 0.9166281 0.5947181 0.29762545
0.22699999999999998 0.19509920000000003 0.9121776 0.5838278 0.283979 0.20818064 0.92563087 0.60128236 0.29993588
0.2275 0.197249 0.9207620999999999 0.5903533000000001 0.28629540000000003 0.21029817 0.9344449 0.6077516 0.30219796
0.228 0.1993502 0.9291658000000002 0.5967806999999999 0.28854050000000003 0.21238929 0.9430732 0.614126 0.30441296
0.2285 0.2014269 0.9373925 0.6031164000000001 0.29074690000000003 0.2144542 0.95151913 0.6204057 0.30658236
0.22899999999999998 0.20349160000000002 0.9454461999999999 0.6093645000000001 0.29292340000000006 0.21649323 0.95978653 0.6265911 0.30870724
0.2295 0.2053556 0.9533306999999999 0.6155261 0.29507 0.21850641 0.9678782 0.63268226 0.31078893
0.23 0.2071294 0.9610498 0.6216005 0.29718520000000004 0.22049396 0.9757974 0.6386798 0.31282833
0.2305 0.2089811 0.9686073000000001 0.6275884 0.2992677 0.2224561 0.9835477 0.644584 0.31482664
0.231 0.2109154 0.9760068000000001 0.6334908 0.301316 0.22439295 0.991132 0.6503952 0.31678486
0.2315 0.2129 0.9832519000000001 0.6393083 0.30332929999999997 0.22630468 0.99855375 0.6561143 0.3187037
0.23199999999999998 0.2149038 0.990346 0.6450415 0.30530830000000003 0.22819144 1.0058156 0.6617412 0.32058427
0.2325 0.2169044 0.9972926 0.650691 0.3072534 0.23005332 1.0129209 0.66727704 0.32242742
0.233 0.2188884 1.0040950000000002 0.6562574000000001 0.3091649 0.2318905 1.0198725 0.6727222 0.3242338
0.2335 0.22084789999999999 1.010756 0.6617414 0.31104309999999996 0.2337031 1.0266732 0.6780773 0.32600433
0.23399999999999999 0.2227706 1.017275 0.667141 0.31287209999999993 0.23549117 1.033326 0.68334335 0.32773966
0.2345 0.22463360000000002 1.023651 0.6724504 0.3146291 0.23725493 1.0398339 0.6885204 0.32944062
0.235 0.2264596 1.029893 0.6776765 0.3163515 0.23899443 1.0461996 0.69360983 0.33110768
0.2355 0.2282674 1.036007 0.6828257 0.318054 0.24070977 1.0524256 0.6986122 0.33274165
0.23600000000000002 0.23006149999999997 1.0419969999999998 0.6879003 0.31973809999999997 0.24240111 1.0585153 0.70352817 0.3343431
0.2365 0.23184029999999997 1.047866 0.6929005 0.32140240000000003 0.24406855 1.0644706 0.7083588 0.33591264
0.237 0.2336009 1.053617 0.6978265 0.3230446 0.24571215 1.070295 0.7131049 0.33745107
0.2375 0.2353404 1.059252 0.702678 0.3246625 0.24733214 1.0759902 0.71776724 0.33895856
0.23800000000000002 0.2370536 1.064771 0.7074541999999999 0.32624440000000005 0.24892859 1.0815592 0.72234684 0.34043595
0.2385 0.23868379999999997 1.07017 0.7120969 0.3277319 0.25050148 1.0870044 0.7268446 0.34188354
0.239 0.2402554 1.075448 0.7166329 0.3291786 0.25205112 1.0923284 0.73126125 0.34330225
0.2395 0.2418254 1.080616 0.7211215 0.330606 0.25357753 1.0975335 0.7355983 0.34469214
0.24 0.2434058 1.0856780000000001 0.7255701999999999 0.3320301 0.25508088 1.1026223 0.73985606 0.34605393
0.2405 0.2449913 1.09064 0.7299719 0.333451 0.25656128 1.1075968 0.74403584 0.34738812
0.24100000000000002 0.2465732 1.095505 0.7343183000000001 0.33486459999999996 0.2580189 1.1124597 0.74813884 0.34869507
0.2415 0.24812820000000002 1.100274 0.7385757 0.3362662 0.2594538 1.1172132 0.7521657 0.34997532
0.242 0.2496351 1.104948 0.7427234 0.33765120000000004 0.26086622 1.1218591 0.7561178 0.35122934
0.2425 0.2511286 1.1095270000000002 0.7468201999999999 0.33901970000000003 0.2622562 1.1264 0.7599956 0.35245746
0.243 0.25261880000000003 1.114015 0.7508771 0.3403716 0.263624 1.1308383 0.76380074 0.3536603
0.2435 0.25410340000000003 1.118416 0.7548884 0.34170609999999996 0.26496974 1.1351756 0.7675341 0.35483798
0.244 0.2555622 1.12273 0.7588456 0.3430144 0.26629356 1.1394144 0.7711964 0.35599127
0.2445 0.2569868 1.12696 0.7627423000000001 0.3442963 0.26759562 1.1435565 0.77478933 0.35712036
0.245 0.2583961 1.131108 0.7665783 0.3455594 0.26887605 1.1476041 0.7783134 0.35822552
0.2455 0.2597977 1.135174 0.7703535 0.3468058 0.27013516 1.1515589 0.7817699 0.35930753
0.24600000000000002 0.261191 1.139158 0.7740678000000001 0.3480187 0.271373 1.1554233 0.7851599 0.36036646
0.2465 0.2625721 1.143059 0.777721 0.3492026 0.27258983 1.159199 0.7884842 0.36140293
0.247 0.2639388 1.146882 0.7813137 0.3503697 0.2737858 1.1628879 0.79174423 0.3624172
0.2475 0.2652897 1.1506299999999998 0.7848407 0.35152150000000004 0.27496114 1.1664916 0.79494095 0.3634096
0.248 0.2666231 1.154298 0.7881994000000001 0.3526435 0.27611598 1.1700124 0.79807514 0.36438045
0.2485 0.2679377 1.157883 0.7913719 0.35374970000000006 0.27725062 1.1734519 0.8011484 0.36533034
0.249 0.26923359999999996 1.161386 0.7944281999999999 0.35484629999999995 0.27836516 1.1768116 0.8041611 0.3662595
0.2495 0.27051179999999997 1.164807 0.7974288 0.355933 0.2794599 1.1800934 0.8071147 0.36716822
0.25 0.2717726 1.168152 0.8004094 0.35700859999999995 0.27042207 1.1812223 0.8083108 0.36316058
0.2505 0.2600732 1.159565 0.786809 0.34008649999999996 0.26567662 1.1707889 0.7936451 0.35109153
0.251 0.2460174 1.145627 0.7717546 0.32510209999999995 0.26043114 1.1558231 0.7805221 0.33859447
0.2515 0.2368364 1.128943 0.7597364000000001 0.3140538 0.25446364 1.1385893 0.7697835 0.3271027
0.252 0.23090909999999998 1.1107280000000002 0.7484972 0.3044662 0.24832074 1.1200662 0.7602845 0.3166443
0.2525 0.2265834 1.0915549999999998 0.7378633000000001 0.2955159 0.2423727 1.1007656 0.75126725 0.30704513
0.253 0.22301239999999997 1.071795 0.7282071 0.2869828 0.23679502 1.0809822 0.74238205 0.2981346
0.2535 0.2197942 1.051695 0.7192221 0.2787941 0.23165429 1.0609006 0.73348457 0.28976765
0.254 0.2167433 1.031425 0.7105866 0.27091709999999997 0.22695988 1.040646 0.7245188 0.28182706
0.2545 0.2137743 1.011104 0.7020829000000001 0.2633304 0.22268842 1.0203117 0.7154676 0.27422342
0.255 0.21084760000000002 0.9908200999999999 0.6935872 0.2560172 0.21879809 0.9999708 0.70633113 0.26689202
0.2555 0.2079445 0.9706403 0.6850377 0.2489623 0.21523698 0.979684 0.697118 0.2597888
0.256 0.2050563 0.9506171 0.6764104999999999 0.24215229999999996 0.21194951 0.95950234 0.68784064 0.2528851
0.2565 0.20217910000000003 0.9307917 0.6677023 0.2355745 0.20888117 0.93947065 0.67851233 0.24616364
0.257 0.1993116 0.9111971999999999 0.6589206999999999 0.22921729999999998 0.2059815 0.91962653 0.669147 0.23961419
0.2575 0.1964536 0.8918596999999999 0.6500783 0.22306959999999998 0.20320642 0.900003 0.65975696 0.2332313
0.258 0.19360529999999998 0.8728002 0.6411895000000001 0.2171212 0.20051886 0.88062763 0.6503532 0.22701159
0.2585 0.1907675 0.854035 0.6322686 0.21136239999999998 0.1978891 0.8615239 0.64094555 0.22095281
0.259 0.1879408 0.8355768 0.6233293000000001 0.2057844 0.19529416 0.8427112 0.6315421 0.21505308
0.2595 0.18512620000000002 0.8174349 0.6143839 0.20037839999999998 0.19271715 0.82420474 0.6221502 0.20931026
0.26 0.1823244 0.7996164000000001 0.6054436 0.19513670000000002 0.19014616 0.8060171 0.6127759 0.203722
0.2605 0.17953629999999998 0.7821256999999999 0.5965180999999999 0.19005160000000001 0.18757342 0.7881574 0.60342544 0.19828558
0.261 0.1767626 0.7649656 0.5876163000000001 0.185116 0.18499398 0.7706324 0.5941043 0.19299796
0.2615 0.1740039 0.7481372 0.5787459 0.1803234 0.18240552 0.7534465 0.5848175 0.18785614
0.262 0.171261 0.7316402 0.5699137 0.1756674 0.1798071 0.7366023 0.57557094 0.18285696
0.2625 0.1685344 0.7154733 0.5611258000000001 0.1711421 0.1771991 0.7201006 0.56636995 0.17799696
0.263 0.1658248 0.6996343 0.5523875 0.166742 0.17458259 0.70394105 0.55722 0.1732729
0.2635 0.16313270000000002 0.68412 0.5437036 0.16246170000000001 0.1719591 0.6881226 0.54812694 0.16868119
0.264 0.1604585 0.6689268 0.5350784000000001 0.1582963 0.16933061 0.67264223 0.53909636 0.16421838
0.2645 0.1578028 0.6540505 0.5265156 0.1542411 0.16669919 0.65749687 0.53013366 0.15988088
0.265 0.155166 0.6394865 0.5180188 0.15029160000000003 0.164067 0.64268255 0.52124447 0.15566498
0.2655 0.1525484 0.6252299 0.5095907999999999 0.1464436 0.16143617 0.6281948 0.51243395 0.15156707
0.266 0.14995050000000001 0.6112755 0.5012344 0.1426932 0.15880881 0.6140284 0.5037067 0.1475834
0.2665 0.14737260000000002 0.597618 0.49295200000000006 0.1390366 0.15618698 0.6001783 0.49506757 0.1437102
0.267 0.144815 0.5842516999999999 0.4847459 0.1354701 0.15357262 0.5866384 0.48652032 0.13994385
0.2675 0.1422781 0.5711713 0.4766178 0.1319905 0.1509675 0.573403 0.47806913 0.1362805
0.268 0.139762 0.5583709 0.46856970000000003 0.1285946 0.14837332 0.5604658 0.46971714 0.13271658
0.2685 0.137267 0.5458449000000001 0.46060290000000004 0.12527919999999998 0.1457916 0.54782057 0.46146733 0.12924841
0.26899999999999996 0.1347933 0.5335877 0.4527187 0.1220415 0.14322375 0.535461 0.45332205 0.12587252
0.2695 0.1323412 0.5215936 0.44491850000000005 0.1188788 0.14067107 0.52338034 0.44528353 0.12258543
0.27 0.1299108 0.5098569000000001 0.4372031 0.1157884 0.13813463 0.51157224 0.4373534 0.11938375
0.2705 0.1275023 0.4983723 0.4295736 0.11276780000000002 0.13561547 0.50003034 0.4295331 0.1162643
0.271 0.1251158 0.487134 0.42203050000000003 0.10981469999999999 0.13311446 0.48874775 0.42182353 0.113223806
0.2715 0.12275150000000001 0.47613679999999997 0.4145745 0.1069269 0.1306324 0.47771862 0.41422504 0.11025934
0.272 0.1204094 0.4653754 0.40720619999999996 0.10410219999999999 0.12816992 0.46693632 0.40673843 0.10736795
0.2725 0.11808959999999999 0.45484440000000004 0.3999259 0.1013385 0.12572762 0.45639482 0.39936346 0.104546785
0.273 0.1157922 0.44453869999999995 0.392734 0.09863397 0.123305984 0.44608787 0.3921 0.101793155
0.2735 0.1135174 0.43445329999999993 0.38563059999999993 0.09598666 0.12090544 0.43600944 0.38494757 0.099104434
0.27399999999999997 0.111265 0.42458329999999994 0.3786158 0.09339481 0.11852629 0.42615366 0.37790573 0.09647824
0.2745 0.10903519999999998 0.4149238 0.37168979999999996 0.09085674 0.116168894 0.41651505 0.3709735 0.09391211
0.275 0.10682799999999999 0.40547 0.3648525 0.08837081 0.11383342 0.40708774 0.36414993 0.09140387
0.2755 0.1046433 0.3962173 0.3581037 0.08593548 0.11152014 0.39786643 0.35743406 0.088951334
0.276 0.10248130000000001 0.3871611 0.3514434 0.08354925 0.10922915 0.38884577 0.35082456 0.08655238
0.2765 0.10034169999999999 0.37829709999999994 0.3448713 0.08121071 0.10696057 0.38002077 0.34432015 0.08420518
0.27699999999999997 0.09822476 0.3696208 0.33838709999999994 0.07891849 0.104714476 0.37138626 0.3379194 0.08190782
0.2775 0.09613027 0.3611281 0.3319905 0.07667129 0.10249096 0.36293733 0.33162093 0.07965851
0.278 0.09405824 0.3528148 0.32568109999999995 0.07446784 0.10029008 0.35466948 0.32542318 0.07745561
0.2785 0.09200861 0.3446768 0.3194585 0.07230695 0.098111816 0.3465782 0.31932464 0.075297534
0.27899999999999997 0.0899813 0.3367102 0.3133222 0.07018745 0.09595618 0.33865878 0.31332365 0.07318278
0.2795 0.08797626 0.3289111 0.30727170000000004 0.06810824 0.09382317 0.33090714 0.30741856 0.071109876
0.28 0.0859934 0.3212757 0.30130640000000003 0.06606824 0.09171278 0.3233191 0.30160788 0.06907754
0.2805 0.08403263 0.31380040000000003 0.29542579999999996 0.06406644 0.08962499 0.31589058 0.29588982 0.06708437
0.281 0.08209386 0.30648159999999997 0.2896293 0.06210183 0.08755975 0.30861783 0.2902628 0.06512922
0.2815 0.080177 0.29931579999999997 0.2839162 0.06017347 0.08551705 0.30149695 0.28472525 0.063210934
0.282 0.07828192 0.2922994 0.27828590000000003 0.05828045 0.08349681 0.29452437 0.2792755 0.06132835
0.2825 0.07640853 0.28542929999999994 0.27273769999999997 0.05642187 0.08149903 0.28769657 0.27391186 0.059480503
0.28300000000000003 0.0745567 0.27870209999999995 0.26727080000000003 0.05459688 0.07952363 0.28101003 0.26863283 0.05766636
0.2835 0.07272630000000001 0.2721145 0.2618846 0.05280467 0.07757057 0.2744615 0.26343685 0.055885002
0.284 0.07091722 0.2656637 0.2565783 0.05104444 0.0756398 0.2680478 0.25832224 0.05413554
0.2845 0.06912931 0.2593463 0.2513511 0.04931542 0.07373124 0.26176578 0.25328755 0.052417137
0.285 0.06736245 0.2531596 0.24620219999999998 0.04761688 0.071844876 0.25561234 0.2483314 0.05072896
0.2855 0.06561648 0.24710059999999998 0.24113089999999998 0.04594809 0.06998061 0.24958476 0.24345222 0.04907029
0.28600000000000003 0.06389127 0.2411665 0.2361364 0.04430838 0.0681384 0.24367994 0.23864844 0.047440358
0.2865 0.06218667 0.2353544 0.2312178 0.04269706 0.06631815 0.23789531 0.23391889 0.04583849
0.287 0.06050252 0.2296618 0.2263743 0.04111349 0.06451978 0.23222804 0.22926201 0.044264004
0.2875 0.05883867 0.224086 0.2216051 0.03955705 0.062743284 0.22667569 0.22467661 0.04271631
0.28800000000000003 0.05719496 0.21862440000000002 0.21690929999999997 0.03802714 0.060988553 0.22123572 0.22016123 0.041194774
0.2885 0.05557123 0.21327449999999998 0.21228609999999998 0.03652315 0.059255503 0.21590552 0.21571471 0.039698824
0.289 0.05396733 0.20803379999999996 0.2077346 0.03504453 0.057544068 0.21068284 0.21133572 0.03822791
0.2895 0.05238308 0.2028999 0.203254 0.03359073 0.055854157 0.20556527 0.20702307 0.036781497
0.29 0.05081832 0.1978706 0.1988435 0.0321612 0.05418566 0.20055056 0.20277569 0.035359062
0.2905 0.04927288 0.1929435 0.19450209999999998 0.03075544 0.05253853 0.19563659 0.19859226 0.033960156
0.29100000000000004 0.0477466 0.1881164 0.1902289 0.02937293 0.050912634 0.19082114 0.1944718 0.03258425
0.2915 0.04623929 0.1833871 0.1860233 0.02801319 0.04930789 0.18610205 0.19041309 0.031230912
0.292 0.04475079 0.1787535 0.18188420000000002 0.02667574 0.047724154 0.1814774 0.18641515 0.029899687
0.2925 0.04328093 0.1742135 0.1778108 0.02536013 0.04616138 0.17694515 0.18247697 0.02859015
0.293 0.04182952 0.169765 0.17380220000000002 0.0240659 0.04461941 0.17250331 0.17859752 0.02730187
0.2935 0.0403964 0.1654062 0.16985770000000003 0.02279262 0.04309815 0.16815008 0.17477582 0.026034467
0.294 0.03898139 0.1611349 0.16597620000000002 0.02153988 0.041597463 0.1638836 0.17101096 0.024787508
0.2945 0.0375843 0.1569495 0.16215710000000003 0.02030724 0.040117193 0.15970194 0.16730197 0.02356065
0.295 0.03620497 0.1528479 0.1583994 0.01909432 0.03865726 0.15560348 0.163648 0.022353455
0.2955 0.03484322 0.1488285 0.1547022 0.01790073 0.037217475 0.15158647 0.1600482 0.021165617
0.29600000000000004 0.03349886 0.1448894 0.1510648 0.01672609 0.03579772 0.14764911 0.1565017 0.019996725
0.2965 0.03217173 0.14102879999999998 0.1474863 0.01557003 0.03439782 0.14378984 0.15300763 0.018846437
0.297 0.03086163 0.1372452 0.14396589999999998 0.01443218 0.033017654 0.140007 0.14956526 0.017714411
0.2975 0.0295684 0.1335369 0.1405027 0.013312200000000001 0.03165704 0.13629907 0.14617383 0.016600296
0.298 0.02829185 0.1299022 0.1370959 0.01220975 0.03031582 0.13266444 0.14283247 0.015503757
0.2985 0.02703182 0.1263396 0.13374470000000002 0.0111245 0.028993808 0.12910165 0.13954058 0.014424436
0.299 0.02578811 0.12284749999999998 0.1304483 0.01005612 0.027690865 0.1256091 0.13629736 0.0133620575
0.2995 0.02456055 0.11942449999999999 0.12720599999999999 0.009004291999999999 0.026406765 0.122185454 0.13310212 0.012316242
0.3 0.02334897 0.11606910000000001 0.12401680000000001 0.007968714 0.043120425 0.12065604 0.13354023 0.01483576
0.3005 0.03509107 0.12464220000000001 0.13745279999999999 0.02492956 0.048678398 0.12737793 0.1400907 0.029266179
0.301 0.04914207 0.1385651 0.1523746 0.03992274 0.05414331 0.1402149 0.14872792 0.041501254
0.3015 0.05829197 0.15523510000000001 0.1643041 0.0509682 0.05831655 0.15753195 0.15856974 0.05207768
0.302 0.06416955 0.1734079 0.1742869 0.060532 0.06215453 0.1774999 0.16902812 0.06135291
0.3025 0.06842463 0.19247039999999999 0.18338870000000002 0.06944291 0.06593211 0.19873752 0.17975439 0.06991449
0.303 0.07195294 0.2120866 0.1921844 0.07795197 0.06975273 0.22041887 0.19054201 0.07810205
0.3035 0.07516725 0.2320472 0.2009288 0.08613059 0.07362584 0.24211192 0.20128675 0.08609268
0.304 0.07824519 0.25220529999999997 0.20971889999999999 0.09400725 0.077530846 0.26360798 0.21194246 0.09396541
0.3045 0.08126076 0.27244959999999996 0.21858339999999998 0.10160880000000001 0.08144257 0.28481227 0.22249188 0.10174449
0.305 0.08424445 0.29269209999999996 0.227523 0.1089498 0.085339405 0.30568424 0.23293042 0.109425426
0.3055 0.08720889999999999 0.3128617 0.2365288 0.1160422 0.08920473 0.32620856 0.24325836 0.11699094
0.306 0.09015906 0.3329007 0.2455886 0.12289660000000001 0.093026474 0.34638113 0.25347802 0.12441996
0.3065 0.09309673 0.35276209999999997 0.25468989999999997 0.1295239 0.09679614 0.36620313 0.26359242 0.1316921
0.307 0.09602248 0.3724078 0.2638208 0.1359344 0.100508064 0.3856778 0.2736046 0.13879035
0.3075 0.09893044 0.3918072 0.2729699 0.14202079999999997 0.10415871 0.40480915 0.2835178 0.14570154
0.308 0.10180850000000001 0.4109358 0.2821254 0.147844 0.10774606 0.42360175 0.293335 0.15241641
0.3085 0.10467080000000001 0.4297742 0.2912794 0.15351189999999998 0.11126939 0.44206017 0.30305874 0.15892924
0.309 0.1075252 0.44830749999999997 0.30042440000000004 0.1590304 0.1147288 0.46018913 0.31269175 0.16523765
0.3095 0.11037229999999999 0.4665247 0.3095529 0.164413 0.1181251 0.47799268 0.32223618 0.1713416
0.31 0.1132105 0.4844179 0.3186579 0.1696619 0.12145958 0.49547574 0.331694 0.17724322
0.3105 0.1160375 0.5019814 0.32768220000000003 0.1747674 0.12473371 0.5126426 0.34106696 0.18294615
0.311 0.1188315 0.5191898 0.3360437 0.1795456 0.12794939 0.5294974 0.35035622 0.18845555
0.3115 0.12159500000000001 0.5360323 0.3443675 0.1842012 0.13110845 0.5460444 0.35956293 0.19377723
0.312 0.1243448 0.5525238 0.3527915 0.1887743 0.13421287 0.56228733 0.36868796 0.19891769
0.3125 0.1270855 0.5686555 0.3608025 0.19325910000000002 0.13726464 0.57823104 0.3777316 0.20388389
0.313 0.12981600000000001 0.5844355 0.3690233 0.1976589 0.1402657 0.59387875 0.3866944 0.2086828
0.3135 0.1325348 0.5998892 0.3775627 0.2019701 0.14321795 0.609235 0.39557612 0.21332195
0.314 0.1352306 0.6150346999999999 0.38631220000000005 0.2061726 0.1461232 0.62430334 0.40437683 0.21780828
0.3145 0.1378861 0.6298824000000001 0.3951484 0.2102507 0.14898312 0.639088 0.41309634 0.2221491
0.315 0.1405175 0.6444379 0.4039861 0.21421170000000003 0.1517995 0.6535927 0.42173404 0.22635117
0.3155 0.14312370000000002 0.6587054 0.41277159999999996 0.21806509999999998 0.15457374 0.66782135 0.43028957 0.23042122
0.316 0.14570260000000002 0.6726879 0.42147520000000005 0.2218297 0.15730734 0.68177783 0.43876198 0.2343657
0.3165 0.14826779999999998 0.6863872 0.4300818 0.22551060000000003 0.1600017 0.695466 0.4471511 0.23819065
0.317 0.1508047 0.6998042 0.43857929999999995 0.22908449999999997 0.16265813 0.70888966 0.45545575 0.24190205
0.3175 0.15332720000000002 0.7129424 0.44696720000000006 0.2325805 0.16527766 0.7220527 0.46367544 0.24550524
0.318 0.1558471 0.7258059 0.4552487 0.2360121 0.16786155 0.73495865 0.47180924 0.24900565
0.3185 0.1583638 0.7383987 0.46342570000000005 0.23938070000000003 0.17041077 0.7476117 0.4798565 0.25240806
0.319 0.16087220000000002 0.750725 0.47149929999999995 0.24268499999999998 0.17292632 0.7600153 0.48781648 0.25571716
0.3195 0.16336660000000003 0.7627893 0.4794707 0.2459237 0.17540908 0.77217364 0.4956883 0.25893727
0.32 0.16584300000000002 0.7745960999999999 0.48734120000000003 0.24909629999999996 0.17785986 0.7840903 0.5034713 0.26207253
0.3205 0.1682808 0.7861495 0.49508320000000006 0.252186 0.18027945 0.79576904 0.51116467 0.2651267
0.321 0.17067179999999998 0.7974525 0.5026980999999999 0.25518620000000003 0.18266854 0.80721384 0.5187681 0.2681034
0.3215 0.1730435 0.8085107 0.5102287999999999 0.25812270000000004 0.18502781 0.81842816 0.5262807 0.2710059
0.322 0.1754039 0.8193301 0.5176831000000001 0.2610029 0.18735789 0.82941604 0.5337021 0.2738374
0.3225 0.17774790000000001 0.8299122 0.525055 0.2637997 0.18965934 0.84018093 0.54103154 0.27660075
0.32299999999999995 0.1800692 0.8402643 0.5323386 0.2665249 0.19193271 0.85072696 0.548269 0.27929866
0.3235 0.1823698 0.8503943000000002 0.5395336 0.2692005 0.19417842 0.86105734 0.5554138 0.28193372
0.324 0.1846513 0.8603086999999999 0.5466395000000001 0.271832 0.19639704 0.8711761 0.5624657 0.2845084
0.3245 0.1869135 0.8700129999999999 0.5536553000000001 0.27441909999999997 0.19858891 0.88108677 0.5694247 0.28702465
0.325 0.1891553 0.8795120999999999 0.5605800999999999 0.2769605 0.20075446 0.89079285 0.57629013 0.2894847
0.3255 0.1913693 0.8888103 0.5674123999999999 0.279444 0.20289402 0.9002982 0.5830623 0.29189062
0.326 0.19353270000000003 0.8979117 0.5741465 0.2818437 0.2050079 0.90960604 0.58974075 0.294244
0.3265 0.19566470000000002 0.9068200999999999 0.5807865 0.2841931 0.2070965 0.91871995 0.5963259 0.29654655
0.327 0.19776839999999998 0.9155397 0.5873376 0.2865074 0.20915997 0.92764354 0.60281736 0.29880002
0.3275 0.1996406 0.9240748 0.593801 0.2887878 0.21119869 0.9363799 0.6092154 0.30100572
0.32799999999999996 0.201493 0.9324296000000001 0.6001763000000001 0.2910331 0.21321285 0.94493335 0.6155202 0.3031653
0.3285 0.20343039999999998 0.9406082 0.6064641 0.2932425 0.21520257 0.95330614 0.62173194 0.30527982
0.32899999999999996 0.20544210000000002 0.9486145 0.6126651 0.295415 0.2171682 0.96150184 0.6278508 0.30735067
0.3295 0.2074949 0.9564526 0.6187796999999999 0.2975493 0.21910988 0.96952426 0.6338772 0.30937892
0.33 0.20955990000000002 0.9641261000000001 0.6248081 0.2996457 0.22102779 0.9773756 0.6398114 0.3113658
0.3305 0.21161750000000001 0.9716389000000001 0.6307507 0.30170490000000005 0.22292204 0.9850602 0.6456538 0.31331232
0.331 0.21365610000000002 0.9789945 0.6366082 0.30372740000000004 0.22479281 0.9925808 0.6514048 0.31521937
0.3315 0.2156692 0.9861964 0.6423810000000001 0.3057138 0.22664027 0.9999399 0.657065 0.31708816
0.332 0.2176495 0.993244 0.648068 0.30765570000000003 0.2284645 1.0071412 0.6626346 0.31891915
0.3325 0.21957110000000002 1.000138 0.6536632 0.3095206 0.23026565 1.0141873 0.66811484 0.3207136
0.33299999999999996 0.22145050000000002 1.006885 0.6591712 0.31134209999999995 0.23204379 1.0210816 0.6735056 0.32247213
0.3335 0.22330970000000003 1.013492 0.6645991 0.3131399 0.23379907 1.0278269 0.6788077 0.32419553
0.33399999999999996 0.22515529999999997 1.0199639999999999 0.6699496 0.314917 0.23553157 1.0344256 0.68402195 0.32588458
0.3345 0.2269864 1.026303 0.6752233 0.3166722 0.23724143 1.0408809 0.68914914 0.32753998
0.335 0.22880010000000003 1.032514 0.6804201 0.3184038 0.23892869 1.0471954 0.69418967 0.3291624
0.3355 0.2305936 1.038599 0.6855398 0.3201094 0.24059348 1.053372 0.69914454 0.33075246
0.336 0.2323616 1.044558 0.6905805 0.3217795 0.2422358 1.0594136 0.7040144 0.33231086
0.3365 0.234044 1.050386 0.6954799 0.323352 0.24385588 1.0653222 0.70880026 0.33383814
0.337 0.2356714 1.056085 0.7002786999999999 0.3248833 0.24545367 1.0711013 0.7135027 0.33533505
0.3375 0.2372975 1.061663 0.7050283 0.32639850000000004 0.24702941 1.0767524 0.7181227 0.33680195
0.33799999999999997 0.238933 1.067126 0.7097338000000001 0.3278989 0.24858303 1.0822786 0.7226613 0.33823943
0.3385 0.2405726 1.072481 0.714388 0.3293932 0.25011477 1.0876825 0.72711915 0.33964813
0.33899999999999997 0.2422078 1.0777299999999999 0.7189831 0.33087890000000003 0.25162464 1.0929664 0.73149735 0.3410285
0.3395 0.2438317 1.082876 0.7235136 0.3323523 0.2531128 1.098133 0.73579663 0.34238103
0.34 0.24541860000000001 1.087919 0.7279408 0.3338094 0.25457925 1.1031841 0.74001825 0.3437063
0.3405 0.24695799999999998 1.09286 0.7322616999999999 0.33524640000000006 0.25602418 1.1081221 0.74416286 0.34500468
0.341 0.24848510000000001 1.0977 0.7365314000000001 0.33666440000000003 0.25744763 1.1129497 0.74823153 0.34627667
0.3415 0.2500081 1.102442 0.7407579000000001 0.3380636 0.2588498 1.1176692 0.7522253 0.34752274
0.342 0.25152129999999995 1.107091 0.744935 0.3394414 0.26023075 1.1222823 0.75614524 0.34874335
0.3425 0.25299920000000004 1.111648 0.7490538 0.3407881 0.26159057 1.1267912 0.7599924 0.3499388
0.34299999999999997 0.2544536 1.116114 0.7531107 0.3421116 0.2629295 1.1311986 0.7637675 0.3511098
0.3435 0.255898 1.120493 0.7571051 0.3434165 0.26424754 1.135506 0.76747185 0.35225654
0.344 0.25733510000000004 1.124784 0.7610368000000001 0.344702 0.26554486 1.1397161 0.7711065 0.35337946
0.3445 0.25876220000000005 1.1289879999999999 0.7649052 0.34595 0.2668216 1.1438305 0.77467203 0.35447899
0.345 0.2601756 1.1331040000000001 0.7687105 0.34717159999999997 0.26807794 1.1478512 0.77817005 0.3555556
0.3455 0.2615735 1.137138 0.7724531 0.3483762 0.269314 1.1517801 0.78160125 0.35660946
0.34600000000000003 0.2629546 1.14109 0.7761060000000001 0.3495612 0.27052993 1.1556195 0.78496677 0.3576414
0.3465 0.26431720000000003 1.144955 0.7795624 0.3507166 0.2717259 1.1593711 0.78826773 0.35865122
0.34700000000000003 0.2656605 1.148733 0.7828528 0.35185890000000003 0.27290198 1.1630366 0.79150504 0.35963959
0.3475 0.26698520000000003 1.1524219999999998 0.7860481 0.3529908 0.27405843 1.1666182 0.79468006 0.3606069
0.348 0.2682919 1.156026 0.7892 0.35411149999999997 0.27519548 1.1701175 0.7977934 0.36155355
0.3485 0.2695813 1.159553 0.7923364 0.35522020000000004 0.27631316 1.1735363 0.8008462 0.36247963
0.349 0.27085359999999997 1.163009 0.7954682 0.35631609999999997 0.27741176 1.1768761 0.8038396 0.3633859
0.3495 0.2721092 1.166398 0.7985962 0.3573986 0.2784914 1.180139 0.80677456 0.36427236
0.35 0.2733387 1.169712 0.8010528 0.3584615 0.2694821 1.1815298 0.8079363 0.36054787
0.3505 0.2615647 1.1610280000000002 0.78584 0.34150690000000006 0.2648285 1.1712443 0.7932537 0.34862483
0.35100000000000003 0.2474375 1.146943 0.7697015 0.3264902 0.25969437 1.1564088 0.7801209 0.33620864
0.3515 0.2382049 1.1301 0.7572707 0.3154135 0.25384325 1.1393223 0.76939124 0.32477802
0.35200000000000004 0.232265 1.111776 0.7472839 0.3058127 0.24781387 1.1209708 0.7599242 0.31438085
0.3525 0.22796679999999997 1.092594 0.738455 0.2968598 0.24197258 1.1018625 0.75096136 0.30485097
0.353 0.22442179999999998 1.0728959999999998 0.730061 0.2883217 0.23649335 1.0822878 0.74215055 0.29601955
0.3535 0.2212155 1.0528879999999998 0.7217581999999999 0.2801247 0.23144312 1.0624257 0.7333444 0.28774112
0.354 0.2181631 1.032712 0.7134005999999999 0.2722364 0.22683233 1.0423971 0.724484 0.279897
0.3545 0.21518330000000002 1.012473 0.7049358 0.2646364 0.22263962 1.0222914 0.7155493 0.27239564
0.355 0.2122116 0.9922504000000001 0.6963173 0.257296 0.2188249 1.0021785 0.70653796 0.26517043
0.3555 0.2092297 0.9721073 0.6875637 0.250199 0.21533796 0.9821166 0.69745636 0.25817508
0.35600000000000004 0.20627089999999998 0.9521014999999999 0.6787335999999999 0.2433482 0.2121248 0.9621552 0.68831474 0.25137955
0.3565 0.2033431 0.9322796999999998 0.6698487 0.2367353 0.20913196 0.9423371 0.6791258 0.24476478
0.35700000000000004 0.20044289999999998 0.9126791 0.6609198000000001 0.2303482 0.20630968 0.9226987 0.6699011 0.23831958
0.3575 0.19756429999999997 0.893329 0.6519559 0.22417489999999998 0.20361413 0.9032721 0.66065216 0.2320373
0.358 0.19470279999999998 0.8742525 0.6429669 0.218204 0.2010083 0.8840846 0.6513893 0.22591448
0.3585 0.1918555 0.8554676 0.6339627 0.21242529999999998 0.19846205 0.8651589 0.642121 0.21994826
0.359 0.1890211 0.8369879000000001 0.6249534000000001 0.20682910000000002 0.19595197 0.8465141 0.6328554 0.21413672
0.3595 0.186199 0.8188238 0.6159485 0.20140639999999999 0.19346055 0.8281657 0.6235989 0.20847777
0.36 0.18338929999999998 0.8009824999999999 0.6069569 0.19614890000000001 0.19097535 0.8101261 0.6143574 0.20296898
0.3605 0.18059270000000002 0.783469 0.5979868 0.191049 0.18848792 0.792405 0.60513645 0.19760802
0.361 0.1778098 0.7662863 0.5890456000000001 0.1860993 0.1859929 0.77500916 0.59594095 0.19239214
0.3615 0.17504129999999998 0.7494357 0.5801399 0.1812931 0.18348743 0.757944 0.5867762 0.18731833
0.36200000000000004 0.1722879 0.7329169 0.5712758000000001 0.176624 0.18097034 0.74121165 0.57764727 0.1823838
0.3625 0.16955050000000002 0.7167288 0.5624587 0.172086 0.17844158 0.72481406 0.56855977 0.17758529
0.363 0.1668296 0.700869 0.5536934 0.1676735 0.17590211 0.70875144 0.559519 0.17291977
0.3635 0.164126 0.6853345000000001 0.5449844 0.1633811 0.17335328 0.6930222 0.55053014 0.16838387
0.364 0.1614401 0.6701216999999999 0.5363355 0.1592039 0.17079696 0.6776248 0.54159904 0.16397445
0.3645 0.1587726 0.6552263 0.5277504 0.155137 0.16823511 0.6625562 0.53273124 0.159688
0.365 0.1561239 0.6406438 0.5192322 0.1511761 0.16566978 0.6478128 0.5239318 0.15552106
0.3655 0.1534945 0.6263691 0.5107838 0.1473169 0.16310322 0.63339067 0.5152062 0.15147021
0.366 0.15088479999999999 0.6123970999999999 0.5024079 0.1435555 0.1605375 0.61928487 0.5065594 0.14753185
0.3665 0.1482951 0.5987223 0.4941066 0.139888 0.15797469 0.6054907 0.49799588 0.14370242
0.36700000000000005 0.1457258 0.5853394000000001 0.4858822 0.13631079999999998 0.15541673 0.5920024 0.48951992 0.13997827
0.3675 0.1431772 0.5722425999999999 0.47773640000000006 0.1328207 0.15286553 0.57881457 0.48113555 0.1363559
0.368 0.1406496 0.5594262 0.469671 0.1294143 0.1503228 0.565921 0.47284606 0.13283166
0.3685 0.1381433 0.5468847 0.46168739999999997 0.1260887 0.14779015 0.55331594 0.46465465 0.1294021
0.369 0.13565839999999998 0.5346122 0.453787 0.12284089999999999 0.14526907 0.5409931 0.45656413 0.12606376
0.3695 0.1331951 0.5226031 0.44597070000000005 0.1196681 0.14276084 0.5289461 0.44857645 0.12281327
0.37 0.1307537 0.5108519 0.4382397 0.11656789999999999 0.14026673 0.5171685 0.44069356 0.11964734
0.3705 0.1283343 0.49935290000000004 0.43059490000000006 0.1135376 0.13778776 0.50565434 0.43291697 0.11656278
0.371 0.1259371 0.48810059999999994 0.42303679999999994 0.1105749 0.13532494 0.49439707 0.42524806 0.11355649
0.3715 0.12356220000000001 0.47708959999999995 0.41556620000000005 0.10767760000000001 0.1328791 0.48339048 0.41768718 0.11062552
0.37200000000000005 0.1212096 0.46631459999999997 0.40818340000000003 0.10484360000000001 0.13045098 0.47262838 0.41023517 0.10776691
0.3725 0.11887950000000001 0.4557704000000001 0.400889 0.1020707 0.1280412 0.46210453 0.40289187 0.104977846
0.373 0.11657200000000001 0.4454517 0.3936832 0.09935698 0.12565036 0.45181316 0.39565757 0.10225578
0.3735 0.1142871 0.4353535 0.38656609999999997 0.09670066 0.12327891 0.44174808 0.38853192 0.099598035
0.374 0.11202480000000001 0.4254708 0.379538 0.09409993 0.12092722 0.4319037 0.38151437 0.09700225
0.3745 0.10978519999999999 0.4157989 0.3725988 0.09155308 0.11859571 0.4222741 0.37460423 0.094465986
0.375 0.1075683 0.4063329 0.3657486 0.08905849 0.11628462 0.41285428 0.36780053 0.09198706
0.3755 0.1053742 0.39706820000000004 0.35898709999999995 0.08661460000000001 0.1139942 0.40363827 0.36110243 0.08956337
0.376 0.10320270000000001 0.38800029999999996 0.3523143 0.08421993 0.11172462 0.3946212 0.35450894 0.087192774
0.3765 0.1010539 0.3791246 0.34572990000000003 0.08187305 0.10947607 0.38579774 0.34801865 0.08487338
0.377 0.09892775 0.3704369 0.33923359999999997 0.07957259 0.10724868 0.3771632 0.34163037 0.08260335
0.3775 0.09682424 0.361933 0.332825 0.07731725 0.10504257 0.3687126 0.33534265 0.08038087
0.37799999999999995 0.0947433 0.3536085 0.3265039 0.07510577 0.10285775 0.36044124 0.32915404 0.07820436
0.3785 0.09268487 0.3454596 0.3202697 0.07293694 0.10069435 0.3523447 0.32306314 0.07607213
0.379 0.09064889 0.3374823 0.31412209999999996 0.07080961 0.09855238 0.34441856 0.31706846 0.07398273
0.3795 0.08863529 0.3296726 0.3080604 0.06872266 0.09643186 0.3366585 0.3111684 0.071934715
0.38 0.08664398 0.3220268 0.30208409999999997 0.06667502 0.09433281 0.3290608 0.3053613 0.06992668
0.3805 0.08467488 0.3145412 0.2961926 0.06466566 0.092255205 0.32162088 0.29964563 0.06795736
0.381 0.08272789 0.3072123 0.2903854 0.0626936 0.090199076 0.3143353 0.29401994 0.0660256
0.3815 0.0808029 0.3000364 0.2846618 0.06075788 0.088164404 0.30720013 0.28848255 0.06413011
0.382 0.07889982 0.2930103 0.2790212 0.05885758 0.08615116 0.3002119 0.28303188 0.06226988
0.3825 0.07701852 0.2861304 0.2734627 0.05699182 0.08415934 0.29336703 0.27766636 0.060443796
0.38299999999999995 0.07515888 0.27939369999999997 0.2679858 0.05515975 0.08218893 0.28666213 0.27238443 0.058650933
0.3835 0.07332079 0.2727967 0.2625897 0.05336053 0.08023987 0.280094 0.26718464 0.056890316
0.384 0.07150411 0.2663366 0.2572736 0.05159338 0.07831215 0.27365938 0.26206544 0.05516105
0.3845 0.06970871 0.2600101 0.2520368 0.04985753 0.07640576 0.26735517 0.25702527 0.05346228
0.385 0.06793444 0.2538144 0.24687849999999997 0.04815223 0.074520625 0.26117843 0.2520628 0.051793233
0.3855 0.06618117 0.2477465 0.2417978 0.04647678 0.0726567 0.25512624 0.2471765 0.05015309
0.386 0.06444875 0.2418036 0.23679410000000004 0.04483048 0.07081398 0.2491959 0.24236497 0.048541166
0.3865 0.06273703 0.23598289999999997 0.23186639999999997 0.04321266 0.068992384 0.24338457 0.23762691 0.046956725
0.387 0.06104586 0.23028179999999998 0.227014 0.04162267 0.0671919 0.23768961 0.23296094 0.04539915
0.3875 0.05937508 0.2246975 0.22223600000000002 0.04005989 0.06541246 0.23210853 0.22836573 0.04386778
0.38799999999999996 0.05772453 0.2192276 0.21753150000000002 0.038523699999999994 0.063654 0.22663876 0.22384 0.04236202
0.3885 0.05609405 0.2138696 0.2128998 0.03701353 0.061916478 0.22127795 0.21938254 0.04088129
0.389 0.05448349 0.2086208 0.2083399 0.0355288 0.06019984 0.21602374 0.21499205 0.03942506
0.3895 0.05289266 0.20347910000000002 0.203851 0.03406896 0.058504008 0.21087375 0.2106674 0.037992746
0.39 0.05132141 0.19844189999999998 0.1994322 0.03263347 0.056828916 0.20582588 0.20640737 0.03658387
0.3905 0.04976956 0.19350710000000002 0.1950828 0.03122182 0.055174515 0.20087789 0.20221096 0.035197966
0.391 0.04823695 0.1886724 0.19080170000000002 0.02983349 0.053540714 0.19602765 0.19807698 0.033834532
0.3915 0.046723400000000005 0.1839356 0.1865882 0.02846801 0.051927447 0.19127315 0.19400434 0.032493085
0.392 0.04522874 0.17929460000000003 0.1824414 0.02712489 0.05033458 0.18661237 0.189992 0.031173252
0.3925 0.04375279 0.1747473 0.1783604 0.02580367 0.048762083 0.18204337 0.18603905 0.029874556
0.39299999999999996 0.04229538 0.17029160000000002 0.1743443 0.02450391 0.047209833 0.17756425 0.18214439 0.028596602
0.3935 0.04085634 0.1659257 0.17039229999999997 0.02322517 0.045677755 0.17317304 0.17830712 0.027338982
0.39399999999999996 0.03943547 0.1616475 0.1665036 0.02196703 0.04416571 0.1688681 0.17452635 0.026101328
0.3945 0.03803261 0.15745510000000001 0.1626773 0.02072906 0.042673625 0.16464747 0.17080112 0.024883248
0.395 0.03664758 0.15334679999999998 0.1589125 0.01951088 0.04120135 0.16050965 0.16713054 0.02368436
0.3955 0.0352802 0.14932060000000003 0.1552083 0.01831209 0.039748788 0.15645273 0.16351381 0.022504278
0.396 0.03393029 0.1453749 0.1515641 0.01713231 0.03831579 0.15247515 0.15995002 0.021342702
0.3965 0.03259767 0.1415078 0.14797879999999997 0.01597117 0.036902267 0.14857525 0.15643844 0.020199247
0.397 0.03128216 0.1377178 0.1444516 0.01482832 0.03550807 0.14475149 0.15297823 0.01907359
0.3975 0.02998359 0.13400309999999999 0.1409818 0.01370339 0.034132995 0.14100228 0.14956866 0.017965391
0.39799999999999996 0.02870177 0.1303622 0.1375686 0.01259606 0.032776996 0.1373261 0.14620899 0.01687432
0.3985 0.02743652 0.1267934 0.134211 0.01150598 0.031439863 0.1337215 0.14289844 0.015800044
0.39899999999999997 0.02618767 0.1232953 0.1309083 0.01043283 0.030121438 0.1301871 0.1396363 0.014742263
0.3995 0.02495504 0.1198663 0.1276596 0.009376302 0.028821584 0.12672122 0.13642193 0.013700642
0.4 0.02373846 0.1165049 0.1244643 0.008336076 0.027540103 0.12332268 0.13325463 0.012674876
0.4005 0.02253774 0.1132098 0.12132149999999998 0.007311855 0.026276864 0.119990066 0.13013378 0.011664689
0.401 0.021352700000000002 0.10997950000000001 0.11823030000000001 0.006303344000000001 0.025031663 0.11672197 0.12705867 0.0106697455
0.4015 0.02018318 0.1068127 0.1151902 0.005310257 0.02380436 0.113517135 0.12402873 0.009689756
0.402 0.019029 0.10370789999999999 0.1122001 0.004332313 0.022594716 0.1103743 0.12104328 0.008724429
0.4025 0.01788998 0.10066389999999999 0.10925950000000001 0.00336924 0.021402583 0.10729213 0.118101776 0.0077734813
0.40299999999999997 0.01676595 0.09767949 0.10636760000000002 0.00242077 0.020227764 0.104269445 0.11520362 0.006836593
0.4035 0.01565674 0.09475329 0.10352349999999999 0.001486642 0.019070052 0.10130496 0.1123482 0.0059135556
0.40399999999999997 0.01456218 0.09188413 0.10072660000000001 0.0005666022 0.017929267 0.09839749 0.10953501 0.005004011
0.4045 0.01348209 0.0890708 0.0979762 -0.0003395993 0.01680522 0.09554601 0.10676347 0.0041077584
0.405 0.01241631 0.08631214 0.09527149 -0.001232206 0.01569768 0.09274918 0.104033 0.0032244846
0.4055 0.01136467 0.08360699 0.09261179 -0.002111454 0.014606479 0.09000601 0.101343125 0.002353944
0.406 0.01032699 0.08095425 0.08999639999999999 -0.002977579 0.013531371 0.08731535 0.09869329 0.0014958605
0.4065 0.009303124 0.07835282 0.08742462 -0.003830805 0.012472174 0.08467612 0.09608299 0.0006499961
0.40700000000000003 0.008292893 0.07580162 0.08489577 -0.004671357 0.011428683 0.08208726 0.09351173 -0.00018391013
0.4075 0.007296138000000001 0.07329962 0.08240917 -0.005499451 0.010400689 0.07954776 0.090979 -0.0010060892
0.408 0.006312695 0.07084579 0.07996414 -0.006315301 0.0093879765 0.07705662 0.08848433 -0.0018168017
0.4085 0.005342402 0.06843913 0.07756002 -0.007119114 0.008390329 0.07461277 0.08602721 -0.0026162788
0.409 0.004385099 0.06607866 0.07519616 -0.007911095 0.007407545 0.072215304 0.0836072 -0.0034047402
0.4095 0.003440627 0.06376342 0.07287192 -0.008691441999999999 0.006439402 0.069863275 0.0812238 -0.0041823983
0.41 0.0025088289999999997 0.06149249 0.07058665 -0.009460352 0.0054856827 0.06755574 0.07887658 -0.0049495064
0.4105 0.0015895470000000002 0.05926494 0.06833974 -0.01021802 0.0045462055 0.06529173 0.07656502 -0.005706284
0.41100000000000003 0.0006826274 0.05707989 0.06613055 -0.01096462 0.0036207205 0.06307037 0.07428878 -0.0064529143
0.4115 -0.00021208459999999999 0.05493646 0.06395849 -0.01170035 0.002709045 0.060890857 0.07204733 -0.0071896203
0.41200000000000003 -0.001094741 0.05283379 0.06182294 -0.01242538 0.0018109577 0.058752287 0.06984024 -0.007916581
0.4125 -0.001965493 0.05077104 0.05972331 -0.01313989 0.00092625525 0.056653764 0.06766713 -0.008634023
0.413 -0.0028244909999999997 0.04874741 0.05765901 -0.01384405 5.4710545e-05 0.05459452 0.06552751 -0.009342112
0.4135 -0.003671882 0.04676208 0.05562947 -0.01453804 -0.0008038571 0.05257376 0.063421 -0.010041025
0.414 -0.004507814000000001 0.04481428 0.05363411 -0.01522201 -0.0016496424 0.050590698 0.061347187 -0.010730948
0.4145 -0.005332432 0.04290324 0.05167238 -0.01589613 -0.0024828948 0.048644494 0.059305616 -0.0114120655
0.415 -0.006145881 0.04102821 0.04974371 -0.01656056 -0.003303783 0.0467345 0.05729589 -0.012084544
0.4155 -0.006948302 0.03918846 0.04784757 -0.01721545 -0.0041125063 0.044859897 0.05531761 -0.012748517
0.41600000000000004 -0.007739836999999999 0.03738327 0.04598342 -0.01786096 -0.0049092807 0.04301999 0.053370394 -0.013404168
0.4165 -0.008520627 0.03561194 0.04415072 -0.01849723 -0.005694296 0.041214082 0.051453806 -0.014051642
0.41700000000000004 -0.009290809 0.03387379 0.04234895 -0.01912442 -0.0064677205 0.039441492 0.04956747 -0.014691088
0.4175 -0.01005052 0.03216814 0.0405776 -0.01974267 -0.007229776 0.03770149 0.047711 -0.015322626
0.418 -0.0107999 0.03049434 0.03883617 -0.02035212 -0.007980648 0.035993505 0.04588399 -0.015946407
0.4185 -0.01153907 0.02885175 0.03712414 -0.020952900000000003 -0.008720497 0.034316827 0.044086076 -0.016562566
0.419 -0.01226818 0.02723973 0.03544104 -0.02154516 -0.009449542 0.032670837 0.042316876 -0.017171208
0.4195 -0.01298735 0.02565768 0.03378638 -0.02212903 -0.010167926 0.031054903 0.04057599 -0.01777248
0.42 -0.01369672 0.02410498 0.03215967 -0.02270464 -0.010875861 0.029468473 0.038863048 -0.018366497
0.4205 -0.0143964 0.02258106 0.03056046 -0.02327211 -0.011573504 0.027910922 0.03717769 -0.018953316
0.42100000000000004 -0.01508654 0.02108533 0.02898828 -0.02383159 -0.012261038 0.026381653 0.03551954 -0.019533124
0.4215 -0.01576725 0.01961724 0.02744267 -0.02438318 -0.012938628 0.024880152 0.033888213 -0.020105988
0.42200000000000004 -0.01643866 0.01817622 0.02592318 -0.02492701 -0.013606443 0.023405839 0.032283396 -0.020671997
0.4225 -0.01710089 0.01676175 0.02442939 -0.025463200000000002 -0.014264654 0.021958183 0.030704675 -0.021231242
0.423 -0.01775406 0.01537329 0.02296084 -0.02599187 -0.014913396 0.020536657 0.029151736 -0.021783818
0.4235 -0.0183983 0.01401033 0.02151712 -0.02651313 -0.015552868 0.019140765 0.027624184 -0.022329822
0.424 -0.01903372 0.01267235 0.02009781 -0.02702709 -0.016183192 0.017769977 0.026121689 -0.022869319
0.4245 -0.01966044 0.01135887 0.01870249 -0.02753388 -0.016804535 0.016423825 0.024643896 -0.023402404
0.425 -0.02027857 0.01006941 0.01733075 -0.02803359 -0.017417056 0.015101824 0.023190467 -0.023929149
0.4255 -0.02088823 0.008803473000000001 0.01598219 -0.02852634 -0.018020893 0.013803456 0.021761043 -0.024449643
0.426 -0.02148954 0.007560611 0.01465643 -0.02901222 -0.018616203 0.01252833 0.020355301 -0.024963941
0.4265 -0.0220826 0.0063403669999999995 0.01335307 -0.02949135 -0.01920311 0.011275962 0.018972883 -0.025472105
0.42700000000000005 -0.02266752 0.005142295 0.01207173 -0.02996382 -0.019781772 0.010045927 0.017613469 -0.025974184
0.4275 -0.02324442 0.00396596 0.01081204 -0.03042974 -0.020352317 0.008837804 0.016276715 -0.026470281
0.428 -0.02381341 0.0028109359999999996 0.009573621 -0.0308892 -0.020914873 0.007651139 0.014962288 -0.026960436
0.4285 -0.02437458 0.001676805 0.00835612 -0.031342300000000003 -0.021469593 0.0064855404 0.013669871 -0.02744471
0.429 -0.02492804 0.0005631587 0.007159178 -0.03178913 -0.022016589 0.005340606 0.0123991165 -0.02792316
0.4295 -0.02547391 -0.0005304026999999999 0.005982441 -0.03222979 -0.022555988 0.004215926 0.011149736 -0.028395854
0.43 -0.02601228 -0.001604271 0.004825567 -0.03266438 -0.023087919 0.0031111464 0.009921389 -0.028862804
0.4305 -0.02654325 -0.002658829 0.0036882140000000004 -0.03309297 -0.023612503 0.0020258836 0.008713769 -0.0293241
0.431 -0.02706692 -0.003694452 0.002570049 -0.03351566 -0.024129855 0.00095975026 0.0075265504 -0.029779788
0.4315 -0.02758339 -0.004711508 0.0014707429999999998 -0.03393253 -0.024640113 -8.760393e-05 0.006359432 -0.030229896
0.43200000000000005 -0.02809276 -0.005710356999999999 0.0003899737 -0.03434368 -0.025143374 -0.0011165254 0.005212104 -0.030674495
0.4325 -0.02859513 -0.00669135 -0.0006725767 -0.03474918 -0.02563975 -0.0021273717 0.004084261 -0.031113606
0.433 -0.0290906 -0.007654834 -0.00171722 -0.03514913 -0.026129358 -0.003120482 0.002975598 -0.031547315
0.4335 -0.02957924 -0.008601145 -0.002744264 -0.03554359 -0.026612308 -0.00409618 0.0018858071 -0.031975634
0.434 -0.03006117 -0.009530614 -0.003754011 -0.03593265 -0.027088685 -0.005054787 0.00081461854 -0.032398585
0.4345 -0.03053646 -0.01044357 -0.0047467559999999995 -0.03631639 -0.027558621 -0.005996622 -0.00023828354 -0.032816265
0.435 -0.03100522 -0.01134032 -0.005722793 -0.03669489 -0.028022198 -0.0069220066 -0.0012731822 -0.033228695
0.4355 -0.03146752 -0.01222118 -0.006682407 -0.03706822 -0.028479543 -0.007831246 -0.0022903644 -0.0336359
0.436 -0.03192347 -0.01308646 -0.007625881 -0.03743646 -0.028930707 -0.008724645 -0.0032901065 -0.034037955
0.4365 -0.03237314 -0.01393644 -0.008553492 -0.03779968 -0.029375833 -0.009602465 -0.004272703 -0.034434866
0.43700000000000006 -0.03281662 -0.01477144 -0.009465511999999999 -0.03815795 -0.029814985 -0.010465022 -0.0052384334 -0.034826696
0.4375 -0.033254 -0.01559172 -0.01036221 -0.03851135 -0.03024828 -0.011312593 -0.006187571 -0.035213508
0.43799999999999994 -0.03368535 -0.01639758 -0.01124385 -0.03885995 -0.030675784 -0.012145471 -0.0071203783 -0.03559531
0.4385 -0.03411077 -0.01718927 -0.01211069 -0.03920381 -0.031097595 -0.012963885 -0.008037126 -0.035972156
0.439 -0.03453034 -0.01796709 -0.01296298 -0.03954301 -0.031513795 -0.013768125 -0.008938074 -0.03634408
0.4395 -0.03494412 -0.01873127 -0.01380098 -0.03987761 -0.031924486 -0.014558461 -0.009823504 -0.036711134
0.44 -0.03535222 -0.0194821 -0.01462493 -0.04020767 -0.032329727 -0.015335139 -0.010693659 -0.03707335
0.4405 -0.03575469 -0.0202198 -0.01543507 -0.04053326 -0.032729615 -0.016098397 -0.011548797 -0.03743077
0.441 -0.03615163 -0.02094465 -0.01623163 -0.04085445 -0.033124242 -0.016848499 -0.012389183 -0.03778345
0.4415 -0.036543099999999995 -0.02165687 -0.01701487 -0.0411713 -0.033513654 -0.017585676 -0.013215046 -0.03813143
0.442 -0.03692918 -0.0223567 -0.01778499 -0.04148387 -0.03389795 -0.018310154 -0.014026654 -0.03847473
0.4425 -0.03730995 -0.02304438 -0.01854223 -0.04179222 -0.034277212 -0.019022215 -0.014824237 -0.03881344
0.44299999999999995 -0.03768548 -0.02372014 -0.01928681 -0.0420964 -0.03465148 -0.019722024 -0.015608032 -0.039147556
0.4435 -0.03805584 -0.02438419 -0.02001895 -0.04239649 -0.03502086 -0.020409834 -0.016378284 -0.039477125
0.444 -0.0384211 -0.02503676 -0.02073886 -0.04269254 -0.03538543 -0.021085864 -0.017135227 -0.039802223
0.4445 -0.03878133 -0.02567806 -0.02144675 -0.0429846 -0.035745222 -0.021750327 -0.01787908 -0.040122867
0.445 -0.03913661 -0.026308299999999996 -0.02214283 -0.04327273 -0.036100328 -0.022403434 -0.018610075 -0.040439095
0.4455 -0.039487 -0.02692769 -0.0228273 -0.04355699 -0.03645081 -0.023045387 -0.019328445 -0.040750995
0.446 -0.03983257 -0.02753642 -0.02350036 -0.04383744 -0.03679675 -0.02367641 -0.020034395 -0.04105857
0.4465 -0.04017339 -0.02813471 -0.02416221 -0.04411411 -0.037138198 -0.02429668 -0.020728167 -0.041361883
0.447 -0.04050951 -0.02872273 -0.02481304 -0.04438708 -0.037475213 -0.02490641 -0.021409933 -0.04166096
0.4475 -0.04084102 -0.02930069 -0.02545303 -0.04465638 -0.037807863 -0.025505781 -0.02207996 -0.04195588
0.44799999999999995 -0.04116796 -0.02986876 -0.02608239 -0.04492208 -0.038136218 -0.026094984 -0.022738421 -0.042246655
0.4485 -0.04149041 -0.03042712 -0.02670128 -0.04518422 -0.03846033 -0.02667421 -0.023385515 -0.042533346
0.449 -0.04180842 -0.03097597 -0.02730988 -0.04544285 -0.038780257 -0.027243633 -0.024021454 -0.04281601
0.4495 -0.04212206 -0.03151547 -0.02790839 -0.04569802 -0.039096065 -0.027803453 -0.024646437 -0.04309468
0.45 -0.04243139 -0.03204579 -0.02849696 -0.04594978 -0.03940781 -0.02835381 -0.02526066 -0.043369398
0.4505 -0.04273647 -0.03256711 -0.02907577 -0.04619818 -0.03971554 -0.028894905 -0.025864318 -0.04364022
0.451 -0.04303736 -0.03307958 -0.02964498 -0.04644326 -0.04001931 -0.029426899 -0.02645759 -0.04390718
0.4515 -0.04333411 -0.03358337 -0.03020477 -0.04668507 -0.040319182 -0.029949954 -0.02704066 -0.044170342
0.452 -0.04362678 -0.03407864 -0.03075529 -0.04692366 -0.040615205 -0.030464228 -0.027613739 -0.04442974
0.4525 -0.04391543 -0.03456555 -0.0312967 -0.04715906 -0.040907446 -0.030969912 -0.028176975 -0.04468544
0.45299999999999996 -0.04420012 -0.03504424 -0.03182915 -0.04739133 -0.041195937 -0.031467132 -0.028730553 -0.04493746
0.4535 -0.044480900000000004 -0.03551486 -0.03235281 -0.04762051 -0.04148073 -0.031956043 -0.029274646 -0.045185875
0.45399999999999996 -0.04475782 -0.03597757 -0.03286782 -0.04784664 -0.041761894 -0.032436818 -0.029809445 -0.045430712
0.4545 -0.04503094 -0.0364325 -0.03337433 -0.04806976 -0.042039458 -0.0329096 -0.030335095 -0.04567202
0.455 -0.04530031 -0.03687979 -0.03387249 -0.04828992 -0.042313475 -0.03337452 -0.030851781 -0.045909856
0.4555 -0.04556598 -0.037319599999999994 -0.03436243 -0.04850715 -0.042584002 -0.03383172 -0.031359624 -0.046144247
0.456 -0.04582801 -0.03775204 -0.03484431 -0.04872149 -0.042851076 -0.03428135 -0.03185884 -0.046375252
0.4565 -0.04608645 -0.03817725 -0.03531825 -0.04893299 -0.043114748 -0.034723558 -0.032349546 -0.046602935
0.457 -0.04634133 -0.03859536 -0.03578439 -0.04914169 -0.04337507 -0.035158467 -0.0328319 -0.046827294
0.4575 -0.04659273 -0.03900651 -0.03624287 -0.04934762 -0.04363207 -0.035586216 -0.033306092 -0.04704843
0.45799999999999996 -0.04684067 -0.0394108 -0.03669381 -0.04955082 -0.043885816 -0.03600693 -0.033772223 -0.04726637
0.4585 -0.04708522 -0.03980838 -0.03713735 -0.04975132 -0.044136316 -0.036420748 -0.034230463 -0.04748114
0.45899999999999996 -0.04732641 -0.04019935 -0.03757362 -0.04994918 -0.044383656 -0.03682777 -0.03468094 -0.04769279
0.4595 -0.047564300000000004 -0.04058384 -0.03800272 -0.05014441 -0.04462784 -0.037228145 -0.035123818 -0.0479014
0.46 -0.04779893 -0.04096196 -0.0384248 -0.05033706 -0.04486894 -0.037621986 -0.035559207 -0.048106965
0.4605 -0.04803035 -0.04133383 -0.03883997 -0.05052716 -0.045106966 -0.03800941 -0.035987265 -0.048309565
0.461 -0.04825859 -0.04169955 -0.03924834 -0.05071476 -0.045341995 -0.038390532 -0.036408123 -0.048509207
0.4615 -0.04848371 -0.04205924 -0.03965003 -0.05089987 -0.045574028 -0.038765468 -0.036821913 -0.048705976
0.462 -0.04870575 -0.042413 -0.04004516 -0.05108254 -0.045803126 -0.039134324 -0.03722874 -0.04889989
0.4625 -0.04892475 -0.04276094 -0.04043383 -0.051262800000000004 -0.046029333 -0.039497226 -0.03762875 -0.049090996
0.46299999999999997 -0.04914076 -0.04310316 -0.04081616 -0.05144068 -0.04625268 -0.03985426 -0.038022067 -0.049279347
0.4635 -0.0493538 -0.04343976 -0.04119226 -0.05161621 -0.04647319 -0.04020555 -0.038408816 -0.04946497
0.46399999999999997 -0.04956394 -0.04377085 -0.04156223 -0.05178943 -0.04669092 -0.04055119 -0.0387891 -0.049647916
0.4645 -0.0497712 -0.04409651 -0.04192617 -0.05196037 -0.04690591 -0.040891286 -0.03916305 -0.049828224
0.465 -0.04997562 -0.04441684 -0.04228419 -0.05212905 -0.04711816 -0.041225944 -0.039530788 -0.050005935
0.4655 -0.05017726 -0.04473194 -0.04263638 -0.05229552 -0.047327746 -0.04155524 -0.039892398 -0.050181095
0.466 -0.05037613 -0.0450419 -0.04298286 -0.05245979 -0.04753469 -0.041879293 -0.040248007 -0.05035373
0.4665 -0.05057229 -0.04534681 -0.0433237 -0.05262191 -0.04773903 -0.04219819 -0.04059773 -0.050523892
0.467 -0.05076577 -0.04564676 -0.04365902 -0.05278189 -0.047940783 -0.042512003 -0.04094167 -0.050691597
0.4675 -0.05095661 -0.04594183 -0.04398889 -0.05293977 -0.04814 -0.042820852 -0.041279934 -0.050856896
0.46799999999999997 -0.05114484 -0.04623212 -0.04431342 -0.05309557 -0.048336703 -0.04312481 -0.0416126 -0.05101984
0.4685 -0.05133051 -0.04651769 -0.0446327 -0.05324933 -0.04853093 -0.04342397 -0.041939795 -0.05118046
0.469 -0.05151364 -0.04679864 -0.04494681 -0.05340107 -0.04872271 -0.04371841 -0.042261623 -0.051338784
0.4695 -0.05169427 -0.04707504 -0.04525584 -0.05355081 -0.048912082 -0.044008214 -0.04257815 -0.051494867
0.47 -0.05187244 -0.04734698 -0.04555988 -0.05369859 -0.04909908 -0.044293467 -0.04288949 -0.05164872
0.4705 -0.05204817 -0.04761453 -0.04585901 -0.05384444 -0.04928372 -0.044574257 -0.043195736 -0.0518004
0.47100000000000003 -0.05222152 -0.04787777 -0.04615331 -0.05398837 -0.04946604 -0.04485065 -0.043496974 -0.051949937
0.4715 -0.052392499999999995 -0.04813677 -0.04644286 -0.05413041 -0.049646083 -0.04512273 -0.043793306 -0.05209735
0.47200000000000003 -0.05256115 -0.04839161 -0.04672775 -0.0542706 -0.04982386 -0.045390576 -0.044084806 -0.052242696
0.4725 -0.0527275 -0.04864235 -0.04700806 -0.05440895 -0.049999397 -0.045654245 -0.044371568 -0.05238598
0.473 -0.05289159 -0.04888907 -0.04728386 -0.05454548 -0.05017275 -0.045913827 -0.044653647 -0.052527256
0.4735 -0.05305344 -0.04913184 -0.04755522 -0.05468023 -0.05034392 -0.046169385 -0.04493119 -0.052666556
0.474 -0.05321309 -0.04937072 -0.04782222 -0.05481322 -0.05051295 -0.046421 -0.045204215 -0.05280391
0.4745 -0.05337057 -0.04960578 -0.04808494 -0.05494446 -0.050679862 -0.046668716 -0.04547283 -0.05293935
0.475 -0.0535259 -0.04983709 -0.04834344 -0.05507399 -0.05084468 -0.046912625 -0.045737114 -0.053072903
0.4755 -0.05367912 -0.05006471 -0.04859781 -0.05520183 -0.051007442 -0.047152787 -0.045997135 -0.05320459
0.47600000000000003 -0.05383026 -0.05028871 -0.04884809 -0.055327999999999995 -0.05116817 -0.04738925 -0.046252966 -0.05333446
0.4765 -0.05397935 -0.05050914 -0.04909438 -0.05545252 -0.05132689 -0.047622107 -0.04650471 -0.053462543
0.47700000000000004 -0.0541264 -0.05072606 -0.04933672 -0.05557541 -0.05148362 -0.04785139 -0.046752397 -0.053588834
0.4775 -0.05427146 -0.05093955 -0.04957519 -0.0556967 -0.051638387 -0.04807717 -0.04699613 -0.05371339
0.478 -0.05441455 -0.05114964 -0.04980985 -0.0558164 -0.05179124 -0.04829952 -0.04723596 -0.053836264
0.4785 -0.0545557 -0.05135641 -0.05004077 -0.05593455 -0.051942173 -0.04851848 -0.047471933 -0.053957433
0.479 -0.05469493 -0.05155991 -0.05026801 -0.05605115 -0.052091226 -0.04873412 -0.047704168 -0.054076944
0.4795 -0.05483227 -0.05176019 -0.05049163 -0.05616623 -0.052238435 -0.048946496 -0.047932707 -0.05419484
0.48 -0.05496774 -0.05195731 -0.05071169 -0.05627981 -0.052383795 -0.049155653 -0.04815761 -0.05431112
0.4805 -0.05510138 -0.05215132 -0.05092825 -0.05639191 -0.052527353 -0.049361642 -0.048378937 -0.054425824
0.48100000000000004 -0.05523321 -0.05234228 -0.05114137 -0.05650255 -0.05266913 -0.04956452 -0.048596762 -0.05453896
0.4815 -0.05536325 -0.05253023 -0.0513511 -0.05661175 -0.05280913 -0.04976436 -0.048811138 -0.054650605
0.48200000000000004 -0.05549152 -0.05271522 -0.051557500000000006 -0.05671953 -0.0529474 -0.04996118 -0.049022138 -0.054760713
0.4825 -0.05561806 -0.05289732 -0.05176063 -0.05682591 -0.053083945 -0.050155055 -0.049229786 -0.05486936
0.483 -0.05574288 -0.05307655 -0.05196054 -0.0569309 -0.053218804 -0.05034601 -0.049434185 -0.054976538
0.4835 -0.05586602 -0.05325298 -0.05215729 -0.05703452 -0.053351983 -0.05053412 -0.04963535 -0.055082288
0.484 -0.05598748 -0.05342665 -0.05235092 -0.05713680000000001 -0.053483505 -0.050719414 -0.049833372 -0.055186644
0.4845 -0.0561073 -0.0535976 -0.0525415 -0.05723775 -0.053613394 -0.050901953 -0.05002828 -0.055289607
0.485 -0.0562255 -0.05376588 -0.05272906 -0.05733738 -0.053741682 -0.05108176 -0.05022014 -0.055391192
0.4855 -0.05634209999999999 -0.05393154 -0.05291366 -0.05743572 -0.053868398 -0.0512589 -0.050409004 -0.055491444
0.486 -0.05645713 -0.05409462 -0.05309535 -0.05753278 -0.05399353 -0.051433407 -0.050594896 -0.055590358
0.4865 -0.05657059 -0.05425515 -0.05327418 -0.05762859 -0.05411711 -0.051605325 -0.050777912 -0.05568797
0.48700000000000004 -0.05668253 -0.054413199999999995 -0.05345019 -0.05772314 -0.05423917 -0.051774696 -0.050958082 -0.05578432
0.4875 -0.05679295 -0.05456878 -0.05362343 -0.05781647 -0.05435972 -0.051941562 -0.051135436 -0.05587939
0.488 -0.05690188 -0.05472196 -0.05379394 -0.05790859 -0.054478787 -0.05210596 -0.051310033 -0.055973224
0.4885 -0.05700934 -0.05487275 -0.05396178 -0.05799952 -0.05459636 -0.052267935 -0.05148194 -0.05606584
0.489 -0.05711535 -0.05502122 -0.05412698 -0.05808926 -0.054712515 -0.05242753 -0.051651172 -0.05615724
0.4895 -0.05721992 -0.05516738 -0.05428959 -0.05817784 -0.05482722 -0.052584767 -0.051817797 -0.056247465
0.49 -0.05732309 -0.05531129 -0.05444966 -0.05826527 -0.05494053 -0.052739695 -0.05198185 -0.05633651
0.4905 -0.05742486 -0.05545298 -0.05460721 -0.05835157 -0.05505243 -0.05289235 -0.05214338 -0.05642441
0.491 -0.05752526 -0.05559248 -0.05476230000000001 -0.05843675 -0.055162963 -0.053042762 -0.052302398 -0.056511175
0.4915 -0.05762431 -0.05572983 -0.05491496 -0.05852082 -0.055272125 -0.053190973 -0.052458987 -0.056596823
0.49200000000000005 -0.05772202 -0.05586507 -0.05506524 -0.05860381 -0.05537995 -0.053337015 -0.052613176 -0.056681383
0.4925 -0.05781841 -0.05599823 -0.05521317 -0.05868572 -0.055486456 -0.05348093 -0.052764997 -0.05676486
0.493 -0.05791351 -0.05612935 -0.05535879 -0.05876657 -0.05559165 -0.053622734 -0.052914485 -0.05684727
0.4935 -0.05800732 -0.05625845 -0.05550215 -0.05884638 -0.05569556 -0.05376248 -0.0530617 -0.056928627
0.494 -0.05809987 -0.05638558 -0.05564327 -0.05892515 -0.055798188 -0.05390019 -0.053206645 -0.057008944
0.4945 -0.05819117 -0.05651075 -0.05578219 -0.0590029 -0.055899557 -0.05403589 -0.05334942 -0.05708826
0.495 -0.05828125 -0.05663402 -0.05591895 -0.05907965 -0.055999704 -0.05416963 -0.05348999 -0.057166565
0.4955 -0.05837011 -0.0567554 -0.05605359 -0.0591554 -0.05609862 -0.05430141 -0.05362843 -0.057243876
0.496 -0.05845778 -0.05687492 -0.05618613 -0.05923017 -0.056196302 -0.05443129 -0.053764768 -0.05732023
0.4965 -0.05854427 -0.05699262 -0.05631662 -0.05930398 -0.05629282 -0.05455929 -0.053899042 -0.057395626
0.49700000000000005 -0.0586296 -0.05710853 -0.05644509 -0.05937683 -0.056388147 -0.05468543 -0.05403126 -0.057470053
0.4975 -0.05871378 -0.05722268 -0.05657156 -0.05944875 -0.05648231 -0.05480974 -0.054161496 -0.057543553
0.498 -0.05879683 -0.05733509 -0.05669608 -0.05951973 -0.056575336 -0.054932266 -0.054289766 -0.05761615
0.4985 -0.05887876 -0.05744579 -0.05681867 -0.05958979 -0.056667227 -0.055053018 -0.05441609 -0.05768784
0.499 -0.05895959 -0.05755481 -0.05693937 -0.05965896 -0.056757987 -0.055172026 -0.054540515 -0.057758637
0.4995 -0.05903934 -0.05766217 -0.057058199999999996 -0.05972722 -0.056847654 -0.055289317 -0.054663077 -0.057828538
