1.169359982013702393e-01 1.088065654039382935e-01
1.010489836335182190e-01 8.960111439228057861e-02
8.681591600179672241e-02 7.447534054517745972e-02
7.565070688724517822e-02 6.330830603837966919e-02
6.722920387983322144e-02 5.521907284855842590e-02
6.072732061147689819e-02 4.933935403823852539e-02
5.550137907266616821e-02 4.508350417017936707e-02
5.122514069080352783e-02 4.207032918930053711e-02
4.774751141667366028e-02 3.995863720774650574e-02
4.491539299488067627e-02 3.835682570934295654e-02
4.249072074890136719e-02 3.687808290123939514e-02
4.020400345325469971e-02 3.526381030678749084e-02
3.786582499742507935e-02 3.343673422932624817e-02
3.542041033506393433e-02 3.146811574697494507e-02
3.292613103985786438e-02 2.950879558920860291e-02
3.050289861857891083e-02 2.772104553878307343e-02
2.827805466949939728e-02 2.622754499316215515e-02
2.634578943252563477e-02 2.508361823856830597e-02
2.474591322243213654e-02 2.427456900477409363e-02
2.346340939402580261e-02 2.373445220291614532e-02
2.244518138468265533e-02 2.337613515555858612e-02
2.162489481270313263e-02 2.311882004141807556e-02
2.094447799026966095e-02 2.290289662778377533e-02
2.036417648196220398e-02 2.269056625664234161e-02
1.986047439277172089e-02 2.245822548866271973e-02
1.941752620041370392e-02 2.218917757272720337e-02
1.901971548795700073e-02 2.187216095626354218e-02
1.865034736692905426e-02 2.150547504425048828e-02
1.829629577696323395e-02 2.110179141163825989e-02
1.795395463705062866e-02 2.068817056715488434e-02
1.763113588094711304e-02 2.029959298670291901e-02
1.734286546707153320e-02 1.996848732233047485e-02
1.710315793752670288e-02 1.971514709293842316e-02
1.691721566021442413e-02 1.954311504960060120e-02
1.677801273763179779e-02 1.944127865135669708e-02
1.666885614395141602e-02 1.939087919890880585e-02
1.657030731439590454e-02 1.937334053218364716e-02
1.646747812628746033e-02 1.937475800514221191e-02
1.635382138192653656e-02 1.938558742403984070e-02
1.622998714447021484e-02 1.939728483557701111e-02
1.609949953854084015e-02 1.939933374524116516e-02
1.596448756754398346e-02 1.937910728156566620e-02
1.582407765090465546e-02 1.932482980191707611e-02
1.567576639354228973e-02 1.922960579395294189e-02
1.551816705614328384e-02 1.909393258392810822e-02
1.535293925553560257e-02 1.892523467540740967e-02
1.518452446907758713e-02 1.873464882373809814e-02
1.501803006976842880e-02 1.853301748633384705e-02
1.485669519752264023e-02 1.832810044288635254e-02
1.470074802637100220e-02 1.812414638698101044e-02
1.454819366335868835e-02 1.792324520647525787e-02
1.439687795937061310e-02 1.772702857851982117e-02
1.424635015428066254e-02 1.753738336265087128e-02
1.409837976098060608e-02 1.735595986247062683e-02
1.395602431148290634e-02 1.718303933739662170e-02
1.382189523428678513e-02 1.701678708195686340e-02
1.369662489742040634e-02 1.685349456965923309e-02
1.357839535921812057e-02 1.668887212872505188e-02
1.346378028392791748e-02 1.651983335614204407e-02
1.334940362721681595e-02 1.634570583701133728e-02
1.323317829519510269e-02 1.616825908422470093e-02
1.311441790312528610e-02 1.599072106182575226e-02
1.299314294010400772e-02 1.581653393805027008e-02
1.286930497735738754e-02 1.564849354326725006e-02
1.274248585104942322e-02 1.548839919269084930e-02
1.261210348457098007e-02 1.533705461770296097e-02
1.247776299715042114e-02 1.519420649856328964e-02
1.233937777578830719e-02 1.505835261195898056e-02
1.219691056758165359e-02 1.492664683610200882e-02
1.205001119524240494e-02 1.479513850063085556e-02
1.189786102622747421e-02 1.465951558202505112e-02
1.173942070454359055e-02 1.451601274311542511e-02
1.157390419393777847e-02 1.436210330575704575e-02
1.140111498534679413e-02 1.419666316360235214e-02
1.122140325605869293e-02 1.401959266513586044e-02
1.103526912629604340e-02 1.383129693567752838e-02
1.084292121231555939e-02 1.363230403512716293e-02
1.064406707882881165e-02 1.342315506190061569e-02
1.043808832764625549e-02 1.320447586476802826e-02
1.022436656057834625e-02 1.297697611153125763e-02
1.000255532562732697e-02 1.274129003286361694e-02
9.772570803761482239e-03 1.249772589653730392e-02
9.534407407045364380e-03 1.224616821855306625e-02
9.287938475608825684e-03 1.198627147823572159e-02
9.032973088324069977e-03 1.171787455677986145e-02
8.769453503191471100e-03 1.144137233495712280e-02
8.497756905853748322e-03 1.115789078176021576e-02
8.218845352530479431e-03 1.086922641843557358e-02
7.934316992759704590e-03 1.057769730687141418e-02
7.646404206752777100e-03 1.028614863753318787e-02
7.358043454587459564e-03 9.998074732720851898e-03
7.072943728417158127e-03 9.717694483697414398e-03
6.795500405132770538e-03 9.449832141399383545e-03
6.530414801090955734e-03 9.199422784149646759e-03
6.282043643295764923e-03 8.970800787210464478e-03
6.053708493709564209e-03 8.766870945692062378e-03
5.847209133207798004e-03 8.588512428104877472e-03
5.662654526531696320e-03 8.434183895587921143e-03
5.498533602803945541e-03 8.299916982650756836e-03
5.351907573640346527e-03 8.179862052202224731e-03
5.218762904405593872e-03 8.067510090768337250e-03
5.094604101032018661e-03 7.957476191222667694e-03
4.975248128175735474e-03 7.847092114388942719e-03
4.857678897678852081e-03 7.736913394182920456e-03
4.740612115710973740e-03 7.629929576069116592e-03
4.624521825462579727e-03 7.530141621828079224e-03
4.511138889938592911e-03 7.441284134984016418e-03
4.402647260576486588e-03 7.366065867245197296e-03
4.300954286009073257e-03 7.305864710360765457e-03
4.207297228276729584e-03 7.260527927428483963e-03
4.122188314795494080e-03 7.228037808090448380e-03
4.045468289405107498e-03 7.204061839729547501e-03
3.976266831159591675e-03 7.181991357356309891e-03
3.912867512553930283e-03 7.153874263167381287e-03
3.852775553241372108e-03 7.112138438969850540e-03
3.793234936892986298e-03 7.051539607346057892e-03
3.732110606506466866e-03 6.970692425966262817e-03
3.668669844046235085e-03 6.872566882520914078e-03
3.603779710829257965e-03 6.763501558452844620e-03
3.539382247254252434e-03 6.650962866842746735e-03
3.477551974356174469e-03 6.541249807924032211e-03
3.419683547690510750e-03 6.438306998461484909e-03
3.366132732480764389e-03 6.343815010040998459e-03
3.316392190754413605e-03 6.257800851017236710e-03
3.269512904807925224e-03 6.179190240800380707e-03
3.224504878744482994e-03 6.106247659772634506e-03
3.180546686053276062e-03 6.037072278559207916e-03
3.137037623673677444e-03 5.970022641122341156e-03
3.093591192737221718e-03 5.903843790292739868e-03
3.050050931051373482e-03 5.837660748511552811e-03
3.006523242220282555e-03 5.771032534539699554e-03
2.963352715596556664e-03 5.704042967408895493e-03
2.920995699241757393e-03 5.637131631374359131e-03
2.879827981814742088e-03 5.570702720433473587e-03
2.839972963556647301e-03 5.504985805600881577e-03
2.801275346428155899e-03 5.440280307084321976e-03
2.763414755463600159e-03 5.377034656703472137e-03
2.726113423705101013e-03 5.315646529197692871e-03
2.689278917387127876e-03 5.256333388388156891e-03
2.653028583154082298e-03 5.199109669774770737e-03
2.617586869746446609e-03 5.143655464053153992e-03
2.583122113719582558e-03 5.089176353067159653e-03
2.549631753936409950e-03 5.034734029322862625e-03
2.516940236091613770e-03 4.979704506695270538e-03
2.484792843461036682e-03 4.923855885863304138e-03
2.452976536005735397e-03 4.867307376116514206e-03
2.421375131234526634e-03 4.810555372387170792e-03
2.389961155131459236e-03 4.754232708364725113e-03
2.358746016398072243e-03 4.698742646723985672e-03
2.327743684872984886e-03 4.644278902560472488e-03
2.296965802088379860e-03 4.590889904648065567e-03
2.266432857140898705e-03 4.538304638117551804e-03
2.236187923699617386e-03 4.486074205487966537e-03
2.206279896199703217e-03 4.433773458003997803e-03
2.176748588681221008e-03 4.380993079394102097e-03
2.147616352885961533e-03 4.327623173594474792e-03
2.118901116773486137e-03 4.274120554327964783e-03
2.090623136609792709e-03 4.221237730234861374e-03
2.062806393951177597e-03 4.169930238276720047e-03
2.035461831837892532e-03 4.121021833270788193e-03
2.008577110245823860e-03 4.074737895280122757e-03
1.982129178941249847e-03 4.030809272080659866e-03
1.956099411472678185e-03 3.988458309322595596e-03
1.930470461957156658e-03 3.946647513657808304e-03
1.905224286019802094e-03 3.904577344655990601e-03
1.880335039459168911e-03 3.861703909933567047e-03
1.855785609222948551e-03 3.818037454038858414e-03
1.831579254940152168e-03 3.773936070501804352e-03
1.807729131542146206e-03 3.729982301592826843e-03
1.784243737347424030e-03 3.686904208734631538e-03
1.761112594977021217e-03 3.645228222012519836e-03
1.738312887027859688e-03 3.605396253988146782e-03
1.715829712338745594e-03 3.567255800589919090e-03
1.693663070909678936e-03 3.530626185238361359e-03
1.671825419180095196e-03 3.494624281302094460e-03
1.650325721129775047e-03 3.459282685071229935e-03
1.629163743928074837e-03 3.423415822908282280e-03
1.608338207006454468e-03 3.388978308066725731e-03
1.587851322256028652e-03 3.352383384481072426e-03
1.567712286487221718e-03 3.322240430861711502e-03
1.547967665828764439e-03 3.280522534623742104e-03
1.528916647657752037e-03 3.272735513746738434e-03
1.512451213784515858e-03 3.205111017450690269e-03
1.510446076281368732e-03 3.409841097891330719e-03
1.596853602677583694e-03 3.482609521597623825e-03
1.987779047340154648e-03 4.514752887189388275e-03
2.578025916591286659e-03 3.061719238758087158e-03
1.548395492136478424e-03 3.330674022436141968e-03
1.940949587151408195e-03 3.763330867514014244e-03
1.952956779859960079e-03 3.293410409241914749e-03
1.554929534904658794e-03 3.385493531823158264e-03
1.992514124140143394e-03 3.015089547261595726e-03
1.389893470332026482e-03 3.687957068905234337e-03
1.831570058129727840e-03 3.019627416506409645e-03
1.362599898129701614e-03 3.191496012732386589e-03
1.744614564813673496e-03 3.049277001991868019e-03
1.338336616754531860e-03 3.498212900012731552e-03
1.624603988602757454e-03 3.004092490300536156e-03
1.312627689912915230e-03 3.103493945673108101e-03
1.555506954900920391e-03 3.025002777576446533e-03
1.298753544688224792e-03 3.278633812442421913e-03
1.474682707339525223e-03 2.915894612669944763e-03
1.272758818231523037e-03 2.961803227663040161e-03
1.420386135578155518e-03 2.957636956125497818e-03
1.251013018190860748e-03 3.159843850880861282e-03
1.361953327432274818e-03 2.891360549256205559e-03
1.226627733558416367e-03 2.897154306992888451e-03
1.318636233918368816e-03 2.916503464803099632e-03
1.209083828143775463e-03 3.023919649422168732e-03
1.273734611459076405e-03 2.803766168653964996e-03
1.187705085612833500e-03 2.792743965983390808e-03
1.236449577845633030e-03 2.840799279510974884e-03
1.169413910247385502e-03 2.905237022787332535e-03
1.198832760564982891e-03 2.751899184659123421e-03
1.151188858784735203e-03 2.735635731369256973e-03
1.164060202427208424e-03 2.798936795443296432e-03
1.136560458689928055e-03 2.787331817671656609e-03
1.131005818024277687e-03 2.676714444532990456e-03
1.121417852118611336e-03 2.665453357622027397e-03
1.100189168937504292e-03 2.752638887614011765e-03
1.105848699808120728e-03 2.687784144654870033e-03
1.074206200428307056e-03 2.625411376357078552e-03
1.088578370399773121e-03 2.630964154377579689e-03
1.052745967172086239e-03 2.682064892724156380e-03
1.066360040567815304e-03 2.586162649095058441e-03
1.037340727634727955e-03 2.559943357482552528e-03
1.042822259478271008e-03 2.605258487164974213e-03
1.025447621941566467e-03 2.600035397335886955e-03
1.018200186081230640e-03 2.535191364586353302e-03
1.013820641674101353e-03 2.536685904487967491e-03
9.962323820218443871e-04 2.579546766355633736e-03
9.989456739276647568e-04 2.517132088541984558e-03
9.800340048968791962e-04 2.492171013727784157e-03
9.803741704672574997e-04 2.529485616832971573e-03
9.685109253041446209e-04 2.518273657187819481e-03
9.600636549293994904e-04 2.471345709636807442e-03
9.572041453793644905e-04 2.480527386069297791e-03
9.432333172298967838e-04 2.496887929737567902e-03
9.416816756129264832e-04 2.444324083626270294e-03
9.313139016740024090e-04 2.436393639072775841e-03
9.241153602488338947e-04 2.465921454131603241e-03
9.200866916216909885e-04 2.432608511298894882e-03
9.092672262340784073e-04 2.412029309198260307e-03
9.058406576514244080e-04 2.433744724839925766e-03
8.982245344668626785e-04 2.414519200101494789e-03
8.903617854230105877e-04 2.383768791332840919e-03
8.866401622071862221e-04 2.398252952843904495e-03
8.780492935329675674e-04 2.395664807409048080e-03
8.725183433853089809e-04 2.365629188716411591e-03
8.675176650285720825e-04 2.373348688706755638e-03
8.596545085310935974e-04 2.376198768615722656e-03
8.550308411940932274e-04 2.346020191907882690e-03
8.492671768181025982e-04 2.348575508221983910e-03
8.424131665378808975e-04 2.355670789256691933e-03
8.379455539397895336e-04 2.330179093405604362e-03
8.320261840708553791e-04 2.329934621229767799e-03
8.259183960035443306e-04 2.335590776056051254e-03
8.214220870286226273e-04 2.311090240254998207e-03
8.156986441463232040e-04 2.308704657480120659e-03
8.100728737190365791e-04 2.314470708370208740e-03
8.055663784034550190e-04 2.294769743457436562e-03
8.001548703759908676e-04 2.294041914865374565e-03
7.948237471282482147e-04 2.298088511452078819e-03
7.903497898951172829e-04 2.279184991493821144e-03
7.852910202927887440e-04 2.278325613588094711e-03
7.801718893460929394e-04 2.279904903843998909e-03
7.757429848425090313e-04 2.263758564367890358e-03
7.710333447903394699e-04 2.265158109366893768e-03
7.661156705580651760e-04 2.263611881062388420e-03
7.617138908244669437e-04 2.248649485409259796e-03
7.573110633529722691e-04 2.250571269541978836e-03
7.526341360062360764e-04 2.245701383799314499e-03
7.482452201656997204e-04 2.234353451058268547e-03
7.440646877512335777e-04 2.237950684502720833e-03
7.396809523925185204e-04 2.230196725577116013e-03
7.353438413701951504e-04 2.221893984824419022e-03
7.312725065276026726e-04 2.224484924226999283e-03
7.271773065440356731e-04 2.214725594967603683e-03
7.229866459965705872e-04 2.211129060015082359e-03
7.189544267021119595e-04 2.212313236668705940e-03
7.150594028644263744e-04 2.202332019805908203e-03
7.111029117368161678e-04 2.201676834374666214e-03
7.071458385325968266e-04 2.198616974055767059e-03
7.033313740976154804e-04 2.190248342230916023e-03
6.995869334787130356e-04 2.191592939198017120e-03
6.958075682632625103e-04 2.185352612286806107e-03
6.920566665939986706e-04 2.180543495342135429e-03
6.884125759825110435e-04 2.180540002882480621e-03
6.848230841569602489e-04 2.172522014006972313e-03
6.812240462750196457e-04 2.171410014852881432e-03
6.776513764634728432e-04 2.168613485991954803e-03
6.741573452018201351e-04 2.162516815587878227e-03
6.707186694256961346e-04 2.162768272683024406e-03
6.672910531051456928e-04 2.156655536964535713e-03
6.638803752139210701e-04 2.153803361579775810e-03
6.605240632779896259e-04 2.152296248823404312e-03
6.572240963578224182e-04 2.146423794329166412e-03
6.539530004374682903e-04 2.146189799532294273e-03
6.506982026621699333e-04 2.141489647328853607e-03
6.474746624007821083e-04 2.138228388503193855e-03
6.442983867600560188e-04 2.136832103133201599e-03
6.411633803509175777e-04 2.131529385223984718e-03
6.380544509738683701e-04 2.130886539816856384e-03
6.349666509777307510e-04 2.126690233126282692e-03
6.319094682112336159e-04 2.123801968991756439e-03
6.288897711783647537e-04 2.122074598446488380e-03
6.259058718569576740e-04 2.117540454491972923e-03
6.229496211744844913e-04 2.116857562214136124e-03
6.200160132721066475e-04 2.112850081175565720e-03
6.171086570248007774e-04 2.110871020704507828e-03
6.142307538539171219e-04 2.108535729348659515e-03
6.113845738582313061e-04 2.104945247992873192e-03
6.085672648623585701e-04 2.103932900354266167e-03
6.057753344066441059e-04 2.100007608532905579e-03
6.030058721080422401e-04 2.098819240927696228e-03
6.002606241963803768e-04 2.095649717375636101e-03
5.975412204861640930e-04 2.093351678922772408e-03
5.948480102233588696e-04 2.091433620080351830e-03
5.921805277466773987e-04 2.088269451633095741e-03
5.895375506952404976e-04 2.087121130898594856e-03
5.869169253855943680e-04 2.083653584122657776e-03
5.843183607794344425e-04 2.082439837977290154e-03
5.817419732920825481e-04 2.079383935779333115e-03
5.791876465082168579e-04 2.077735029160976410e-03
5.766553804278373718e-04 2.075447002425789833e-03
5.741454078815877438e-04 2.073174808174371719e-03
5.716569139622151852e-04 2.071477705612778664e-03
5.691898404620587826e-04 2.068717731162905693e-03
5.667436053045094013e-04 2.067457418888807297e-03
5.643170443363487720e-04 2.064535627141594887e-03
5.619106232188642025e-04 2.063473220914602280e-03
5.595232360064983368e-04 2.060509053990244865e-03
5.571553483605384827e-04 2.059457823634147644e-03
5.548059707507491112e-04 2.056591911241412163e-03
5.524756270460784435e-04 2.055567456409335136e-03
5.501634441316127777e-04 2.052812604233622551e-03
5.478695966303348541e-04 2.051780465990304947e-03
5.455938517116010189e-04 2.049014437943696976e-03
5.433356272988021374e-04 2.048078458756208420e-03
5.410949815995991230e-04 2.045234898105263710e-03
5.388716817833483219e-04 2.044576685875654221e-03
5.366658442653715611e-04 2.041426952928304672e-03
5.344773526303470135e-04 2.041259082034230232e-03
5.323060322552919388e-04 2.037455094978213310e-03
5.301528144627809525e-04 2.038276754319667816e-03
5.280199693515896797e-04 2.033216180279850960e-03
5.259095923975110054e-04 2.035926096141338348e-03
5.238287849351763725e-04 2.028325106948614120e-03
5.217902944423258305e-04 2.034815028309822083e-03
5.198225262574851513e-04 2.022127620875835419e-03
5.179806612432003021e-04 2.036652993410825729e-03
5.163947353139519691e-04 2.013523131608963013e-03
5.153219681233167648e-04 2.046113135293126106e-03
5.153989768587052822e-04 2.001884626224637032e-03
5.178608698770403862e-04 2.078776247799396515e-03
5.260274629108607769e-04 1.996353501453995705e-03
5.453829071484506130e-04 2.190436702221632004e-03
5.921998526901006699e-04 2.056602621451020241e-03
6.760301766917109489e-04 2.499283058568835258e-03
8.330463315360248089e-04 2.207559300586581230e-03
9.112476254813373089e-04 2.502596937119960785e-03
8.567791664972901344e-04 1.968147931620478630e-03
5.772500880993902683e-04 1.958017703145742416e-03
5.252452101558446884e-04 2.313476521521806717e-03
6.968218949623405933e-04 2.029302064329385757e-03
6.623335648328065872e-04 2.037347527220845222e-03
5.091035272926092148e-04 2.108827233314514160e-03
5.423918482847511768e-04 2.027013339102268219e-03
6.223216769285500050e-04 2.138755517080426216e-03
5.451770848594605923e-04 2.035420387983322144e-03
4.907165421172976494e-04 2.005792222917079926e-03
5.652212421409785748e-04 2.158697461709380150e-03
5.624485202133655548e-04 1.980092143639922142e-03
4.852725542150437832e-04 1.973796170204877853e-03
5.163808818906545639e-04 2.142001641914248466e-03
5.477944505400955677e-04 1.973665785044431686e-03
4.883425426669418812e-04 1.965268747881054878e-03
4.874576698057353497e-04 2.093388466164469719e-03
5.239204620011150837e-04 1.949370373040437698e-03
4.892059951089322567e-04 1.957638654857873917e-03
4.715818504337221384e-04 2.059913938865065575e-03
5.002326215617358685e-04 1.955894520506262779e-03
4.872406134381890297e-04 1.975544029846787453e-03
4.624719731509685516e-04 2.023736014962196350e-03
4.773713008034974337e-04 1.948954537510871887e-03
4.821842303499579430e-04 1.992100616917014122e-03
4.611410258803516626e-04 1.993898069486021996e-03
4.593897901941090822e-04 1.951788086444139481e-03
4.714042588602751493e-04 2.010529860854148865e-03
4.631923802662640810e-04 1.963485265150666237e-03
4.504299722611904144e-04 1.946403877809643745e-03
4.562693648040294647e-04 2.007707487791776657e-03
4.600913089234381914e-04 1.947677810676395893e-03
4.493762098718434572e-04 1.951228710822761059e-03
4.449371481314301491e-04 1.987622585147619247e-03
4.504624230321496725e-04 1.935614622198045254e-03
4.484864184632897377e-04 1.963005634024739265e-03
4.404594365041702986e-04 1.969365868717432022e-03
4.396620206534862518e-04 1.942207920365035534e-03
4.427022067829966545e-04 1.980835804715752602e-03
4.395327123347669840e-04 1.950906938873231411e-03
4.339584847912192345e-04 1.943539595231413841e-03
4.337698046583682299e-04 1.975269522517919540e-03
4.351596289779990911e-04 1.939651323482394218e-03
4.321621381677687168e-04 1.954003470018506050e-03
4.281004366930574179e-04 1.957754837349057198e-03
4.275458340998739004e-04 1.932336017489433289e-03
4.280034627299755812e-04 1.956786261871457100e-03
4.257372929714620113e-04 1.937742228619754314e-03
4.225265583954751492e-04 1.934294472448527813e-03
4.215429362375289202e-04 1.953219994902610779e-03
4.214841756038367748e-04 1.927987439557909966e-03
4.197318921796977520e-04 1.940120477229356766e-03
4.171144973952323198e-04 1.938934321515262127e-03
4.157448711339384317e-04 1.926142489537596703e-03
4.153071786276996136e-04 1.944388146512210369e-03
4.140592645853757858e-04 1.927264733240008354e-03
4.119063960388302803e-04 1.929026213474571705e-03
4.102597304154187441e-04 1.935517066158354282e-03
4.094590258318930864e-04 1.920103793963789940e-03
4.084663814865052700e-04 1.932503073476254940e-03
4.067807749379426241e-04 1.923350151628255844e-03
4.050701681990176439e-04 1.919196918606758118e-03
4.039325576741248369e-04 1.927487901411950588e-03
4.030059208162128925e-04 1.913999323733150959e-03
4.016931052319705486e-04 1.921984483487904072e-03
4.001005145255476236e-04 1.918619964271783829e-03
3.987266682088375092e-04 1.912999781779944897e-03
3.976703155785799026e-04 1.920707174576818943e-03
3.965831128880381584e-04 1.909891841933131218e-03
3.952386323362588882e-04 1.914698397740721703e-03
3.938173176720738411e-04 1.913266722112894058e-03
3.925761557184159756e-04 1.907724421471357346e-03
3.914929402526468039e-04 1.913650543428957462e-03
3.903546894434839487e-04 1.904651056975126266e-03
3.890705702360719442e-04 1.907553873024880886e-03
3.877609269693493843e-04 1.906034885905683041e-03
3.865615290123969316e-04 1.901587122119963169e-03
3.854557871818542480e-04 1.906189136207103729e-03
3.843255690298974514e-04 1.899118418805301189e-03
3.831134526990354061e-04 1.901879673823714256e-03
3.818765981122851372e-04 1.899873022921383381e-03
3.806941385846585035e-04 1.896950765512883663e-03
3.795766679104417562e-04 1.899897237308323383e-03
3.784680156968533993e-04 1.893936772830784321e-03
3.773200442083179951e-04 1.896504778414964676e-03
3.761436382774263620e-04 1.893424778245389462e-03
3.749809984583407640e-04 1.892156549729406834e-03
3.738588711712509394e-04 1.893306733109056950e-03
3.727635194081813097e-04 1.888674218207597733e-03
3.716632490977644920e-04 1.890819170512259007e-03
3.705440030898898840e-04 1.886850921437144279e-03
3.694168699439615011e-04 1.887017861008644104e-03
3.683024551719427109e-04 1.886235782876610756e-03
3.672117891255766153e-04 1.883418881334364414e-03
3.661364899016916752e-04 1.884675817564129829e-03
3.650618600659072399e-04 1.880799653008580208e-03
3.639803035184741020e-04 1.881898497231304646e-03
3.628955746535211802e-04 1.879470306448638439e-03
3.618172195274382830e-04 1.878593815490603447e-03
3.607520193327218294e-04 1.878136419691145420e-03
3.596987226046621799e-04 1.875365036539733410e-03
3.586521488614380360e-04 1.876090187579393387e-03
3.576065064407885075e-04 1.873002387583255768e-03
3.565600491128861904e-04 1.873368280939757824e-03
3.555156581569463015e-04 1.871174084953963757e-03
3.544772334862500429e-04 1.870202482677996159e-03
3.534465795382857323e-04 1.869462197646498680e-03
3.524243948049843311e-04 1.867399434559047222e-03
3.514082054607570171e-04 1.867604674771428108e-03
3.503955376800149679e-04 1.865051453933119774e-03
3.493853728286921978e-04 1.865192083641886711e-03
3.483780892565846443e-04 1.862993813119828701e-03
3.473744436632841825e-04 1.862517558038234711e-03
3.463759494479745626e-04 1.861143507994711399e-03
3.453835379332304001e-04 1.859779353253543377e-03
3.443968016654253006e-04 1.859090407378971577e-03
3.434152167756110430e-04 1.857094815932214260e-03
3.424382302910089493e-04 1.856865128502249718e-03
3.414650564081966877e-04 1.854731352068483829e-03
3.404955787118524313e-04 1.854500616900622845e-03
3.395297389943152666e-04 1.852500136010348797e-03
3.385678865015506744e-04 1.851933891884982586e-03
3.376104286871850491e-04 1.850342145189642906e-03
3.366575692780315876e-04 1.849389285780489445e-03
3.357093373779207468e-04 1.848240499384701252e-03
3.347656456753611565e-04 1.846871920861303806e-03
3.338264359626919031e-04 1.846049446612596512e-03
3.328915627207607031e-04 1.844402286224067211e-03
3.319607640150934458e-04 1.843813341110944748e-03
3.310340980533510447e-04 1.842004247009754181e-03
3.301114484202116728e-04 1.841480494476854801e-03
3.291926987003535032e-04 1.839596545323729515e-03
3.282778488937765360e-04 1.839091884903609753e-03
3.273670736234635115e-04 1.837246934883296490e-03
3.264602564740926027e-04 1.836727140471339226e-03
3.255571937188506126e-04 1.834907336160540581e-03
3.246582637075334787e-04 1.834336668252944946e-03
3.237630880903452635e-04 1.832553069107234478e-03
3.228720452170819044e-04 1.831983216106891632e-03
3.219846112187951803e-04 1.830209745094180107e-03
3.211014263797551394e-04 1.829647808335721493e-03
3.202220832463353872e-04 1.827802043408155441e-03
3.193464654032140970e-04 1.827308675274252892e-03
3.184748929925262928e-04 1.825349288992583752e-03
3.176071040797978640e-04 1.825022278353571892e-03
3.167435061186552048e-04 1.822834834456443787e-03
3.158836916554719210e-04 1.822788617573678493e-03
3.150285338051617146e-04 1.820217934437096119e-03
3.141777415294200182e-04 1.820679288357496262e-03
3.133325080852955580e-04 1.817479846067726612e-03
3.124934155493974686e-04 1.818776945583522320e-03
3.116623556707054377e-04 1.814488787204027176e-03
3.108421515207737684e-04 1.817229320295155048e-03
3.100383619312196970e-04 1.811095396988093853e-03
3.092597471550107002e-04 1.816397998481988907e-03
3.085238568019121885e-04 1.807028544135391712e-03
3.078596491832286119e-04 1.816989504732191563e-03
3.073253901675343513e-04 1.801900914870202541e-03
3.070189850404858589e-04 1.820718054659664631e-03
3.071462851949036121e-04 1.795570366084575653e-03
3.080467577092349529e-04 1.831985893659293652e-03
3.104793140664696693e-04 1.789782894775271416e-03
3.155906742904335260e-04 1.863060402683913708e-03
3.261908423155546188e-04 1.795194461010396481e-03
3.454894176684319973e-04 1.946478616446256638e-03
3.824798914138227701e-04 1.846261438913643360e-03
4.379160527605563402e-04 2.121487865224480629e-03
5.234605632722377777e-04 1.941847382113337517e-03
5.781396757811307907e-04 2.168904989957809448e-03
5.766431568190455437e-04 1.825354178436100483e-03
4.385635256767272949e-04 1.809188514016568661e-03
3.143454669043421745e-04 1.833028974942862988e-03
3.239664656575769186e-04 1.813494833186268806e-03
4.103583924006670713e-04 1.991422614082694054e-03
4.239855625201016665e-04 1.778759411536157131e-03
3.358513931743800640e-04 1.782392850145697594e-03
2.970900095533579588e-04 1.899032969959080219e-03
3.486129862722009420e-04 1.809906912967562675e-03
3.749776515178382397e-04 1.865695579908788204e-03
3.297982329968363047e-04 1.780647318810224533e-03
2.926943707279860973e-04 1.770145609043538570e-03
3.196561883669346571e-04 1.884557306766510010e-03
3.437350387685000896e-04 1.767236855812370777e-03
3.134114085696637630e-04 1.773310708813369274e-03
2.888228045776486397e-04 1.820477540604770184e-03
3.075585118494927883e-04 1.760139479301869869e-03
3.206518304068595171e-04 1.809502369724214077e-03
3.004966129083186388e-04 1.771616982296109200e-03
2.852743782568722963e-04 1.758332247845828533e-03
2.979739801958203316e-04 1.825085608288645744e-03
3.068172372877597809e-04 1.754059223458170891e-03
2.927100285887718201e-04 1.765386201441287994e-03
2.816992637235671282e-04 1.794595853425562382e-03
2.890272880904376507e-04 1.755544682964682579e-03
2.959802222903817892e-04 1.796714961528778076e-03
2.886360744014382362e-04 1.758766593411564827e-03
2.789888239931315184e-04 1.751345582306385040e-03
2.809386642184108496e-04 1.790418406017124653e-03
2.869645250029861927e-04 1.745592337101697922e-03
2.844719274435192347e-04 1.765337772667407990e-03
2.772099978756159544e-04 1.759528531692922115e-03
2.755984896793961525e-04 1.742188120260834694e-03
2.793665044009685516e-04 1.777572208084166050e-03
2.800703514367341995e-04 1.745819463394582272e-03
2.755724126473069191e-04 1.755747827701270580e-03
2.721901691984385252e-04 1.765534980222582817e-03
2.732795837800949812e-04 1.743400236591696739e-03
2.750564017333090305e-04 1.768589019775390625e-03
2.735703892540186644e-04 1.746239839121699333e-03
2.702552883420139551e-04 1.748012728057801723e-03
2.689510292839258909e-04 1.759246224537491798e-03
2.699144824873656034e-04 1.737232436425983906e-03
2.702361671254038811e-04 1.754192402586340904e-03
2.685218933038413525e-04 1.739178085699677467e-03
2.664080238901078701e-04 1.737799495458602905e-03
2.658099983818829060e-04 1.749052084051072598e-03
2.662332553882151842e-04 1.731212250888347626e-03
2.659299352671951056e-04 1.744322944432497025e-03
2.644933410920202732e-04 1.734450925141572952e-03
2.630653325468301773e-04 1.732250209897756577e-03
2.625862252898514271e-04 1.741247950121760368e-03
2.626048517413437366e-04 1.726605929434299469e-03
2.621304884087294340e-04 1.736193895339965820e-03
2.610103983897715807e-04 1.728144241496920586e-03
2.599215949885547161e-04 1.726143294945359230e-03
2.593841345515102148e-04 1.732490374706685543e-03
2.591524971649050713e-04 1.720843487419188023e-03
2.586623304523527622e-04 1.728155300952494144e-03
2.577855484560132027e-04 1.720819273032248020e-03
2.568787022028118372e-04 1.719745108857750893e-03
2.562701411079615355e-04 1.723872032016515732e-03
2.558837004471570253e-04 1.715412363409996033e-03
2.554061065893620253e-04 1.721712527796626091e-03
2.546972827985882759e-04 1.715035643428564072e-03
2.539085398893803358e-04 1.715234597213566303e-03
2.532536454964429140e-04 1.716740662232041359e-03
2.527618489693850279e-04 1.710435491986572742e-03
2.522837312426418066e-04 1.715137157589197159e-03
2.516906242817640305e-04 1.708501949906349182e-03
2.510023477952927351e-04 1.709761098027229309e-03
2.503365103621035814e-04 1.708829076960682869e-03
2.497679088264703751e-04 1.704849768429994583e-03
2.492614730726927519e-04 1.707978779450058937e-03
2.487298042979091406e-04 1.702194218523800373e-03
2.481307601556181908e-04 1.704440335743129253e-03
2.474990324117243290e-04 1.701869419775903225e-03
2.468946331646293402e-04 1.700236694887280464e-03
2.463429700583219528e-04 1.701425178907811642e-03
2.458177041262388229e-04 1.696845400147140026e-03
2.452759945299476385e-04 1.698963576927781105e-03
2.447005826979875565e-04 1.695224898867309093e-03
2.441094402456656098e-04 1.695326063781976700e-03
2.435325877740979195e-04 1.694421167485415936e-03
2.429834130452945828e-04 1.691652694717049599e-03
2.424510457785800099e-04 1.692811725661158562e-03
2.419148950139060616e-04 1.689134165644645691e-03
2.413630718365311623e-04 1.690134056843817234e-03
2.408006403129547834e-04 1.687644165940582752e-03
2.402416284894570708e-04 1.686682691797614098e-03
2.396956406300887465e-04 1.686180825345218182e-03
2.391626330791041255e-04 1.683580456301569939e-03
2.386335836490616202e-04 1.684274524450302124e-03
2.381001249887049198e-04 1.681321533396840096e-03
2.375603216933086514e-04 1.681494875811040401e-03
2.370184229221194983e-04 1.679451554082334042e-03
2.364801475778222084e-04 1.678320695646107197e-03
2.359497593715786934e-04 1.677685882896184921e-03
2.354254247620701790e-04 1.675437204539775848e-03
2.349035785300657153e-04 1.675482373684644699e-03
2.343808591831475496e-04 1.672950340434908867e-03
2.338559861527755857e-04 1.672805403359234333e-03
2.333307929802685976e-04 1.670948578976094723e-03
2.328077825950458646e-04 1.670019933953881264e-03
2.322885557077825069e-04 1.669052522629499435e-03
2.317733305972069502e-04 1.667290111072361469e-03
2.312610886292532086e-04 1.666937605477869511e-03
2.307499380549415946e-04 1.664857845753431320e-03
2.302389329997822642e-04 1.664542243815958500e-03
2.297280734637752175e-04 1.662625116296112537e-03
2.292185236001387239e-04 1.661851652897894382e-03
2.287107054144144058e-04 1.660468638874590397e-03
2.282053901581093669e-04 1.659175497479736805e-03
2.277025050716474652e-04 1.658341265283524990e-03
2.272018464282155037e-04 1.656642183661460876e-03
2.267027884954586625e-04 1.656056614592671394e-03
2.262048219563439488e-04 1.654260675422847271e-03
2.257077285321429372e-04 1.653646118938922882e-03
2.252120029879733920e-04 1.652040868066251278e-03
2.247176162200048566e-04 1.651142258197069168e-03
2.242249320261180401e-04 1.649833866395056248e-03
2.237341395812109113e-04 1.648605568334460258e-03
2.232451952295377851e-04 1.647613476961851120e-03
2.227579389000311494e-04 1.646141405217349529e-03
2.222721523139625788e-04 1.645317883230745792e-03
2.217879227828234434e-04 1.643723691813647747e-03
2.213050320278853178e-04 1.642933115363121033e-03
2.208235091529786587e-04 1.641396083869040012e-03
2.203432522946968675e-04 1.640527392737567425e-03
2.198644651798531413e-04 1.639123773202300072e-03
2.193872205680236220e-04 1.638080226257443428e-03
2.189115039072930813e-04 1.636843895539641380e-03
2.184372715419158340e-04 1.635648310184478760e-03
2.179646253352984786e-04 1.634574495255947113e-03
2.174933470087125897e-04 1.633248291909694672e-03
2.170237567042931914e-04 1.632266445085406303e-03
2.165554324164986610e-04 1.630859565921127796e-03
2.160884905606508255e-04 1.629924634471535683e-03
2.156230038963258266e-04 1.628501107916235924e-03
2.151589142158627510e-04 1.627563149668276310e-03
2.146961633116006851e-04 1.626157434657216072e-03
2.142347511835396290e-04 1.625188277103006840e-03
2.137749252142384648e-04 1.623838441446423531e-03
2.133162051904946566e-04 1.622824813239276409e-03
2.128590567735955119e-04 1.621528645046055317e-03
2.124032471328973770e-04 1.620453665964305401e-03
2.119487471645697951e-04 1.619210815988481045e-03
2.114957751473411918e-04 1.618095207959413528e-03
2.110439527314156294e-04 1.616902532987296581e-03
2.105935127474367619e-04 1.615744782611727715e-03
2.101446589222177863e-04 1.614582841284573078e-03
2.096969401463866234e-04 1.613390166312456131e-03
2.092506474582478404e-04 1.612264662981033325e-03
2.088055916829034686e-04 1.611049287021160126e-03
2.083619183395057917e-04 1.609951839782297611e-03
2.079195546684786677e-04 1.608712598681449890e-03
2.074784715659916401e-04 1.607639715075492859e-03
2.070387417916208506e-04 1.606382313184440136e-03
2.066003362415358424e-04 1.605340745300054550e-03
2.061630657408386469e-04 1.604056218639016151e-03
2.057273086393252015e-04 1.603048876859247684e-03
2.052926574833691120e-04 1.601728028617799282e-03
2.048592577921226621e-04 1.600770512595772743e-03
2.044274297077208757e-04 1.599396695382893085e-03
2.039967075688764453e-04 1.598507282324135303e-03
2.035671641351655126e-04 1.597050111740827560e-03
2.031392068602144718e-04 1.596263144165277481e-03
2.027124864980578423e-04 1.594689325429499149e-03
2.022870612563565373e-04 1.594060682691633701e-03
2.018631930695846677e-04 1.592298503965139389e-03
2.014407218666747212e-04 1.591912936419248581e-03
2.010200259974226356e-04 1.589854946359992027e-03
2.006014547077938914e-04 1.589854015037417412e-03
2.001852262765169144e-04 1.587321981787681580e-03
1.997723302338272333e-04 1.587942126207053661e-03
1.993640325963497162e-04 1.584633952006697655e-03
1.989623269764706492e-04 1.586283207871019840e-03
1.985709386644884944e-04 1.581690274178981781e-03
1.981958339456468821e-04 1.585089950822293758e-03
1.978478976525366306e-04 1.578335999511182308e-03
1.975449267774820328e-04 1.584782847203314304e-03
1.973195758182555437e-04 1.574380439706146717e-03
1.972263708012178540e-04 1.586291007697582245e-03
1.973686157725751400e-04 1.569744548760354519e-03
1.979142980417236686e-04 1.591797801665961742e-03
1.991998287849128246e-04 1.565175014548003674e-03
2.017434308072552085e-04 1.606854260899126530e-03
2.066462766379117966e-04 1.564922393299639225e-03
2.153883251594379544e-04 1.645727315917611122e-03
2.313584554940462112e-04 1.584074809215962887e-03
2.574058016762137413e-04 1.737829996272921562e-03
3.010337240993976593e-04 1.650660182349383831e-03
3.564518410712480545e-04 1.879598945379257202e-03
4.219468100927770138e-04 1.708281692117452621e-03
4.374787386041134596e-04 1.825908664613962173e-03
3.875021066050976515e-04 1.571871223859488964e-03
2.680033212527632713e-04 1.558602671138942242e-03
1.955722400452941656e-04 1.622254145331680775e-03
2.259977773064747453e-04 1.596929971128702164e-03
2.894299686886370182e-04 1.724953996017575264e-03
2.904354478232562542e-04 1.564540783874690533e-03
2.249243261758238077e-04 1.564976642839610577e-03
1.916402397910133004e-04 1.634863903746008873e-03
2.243385824840515852e-04 1.578368013724684715e-03
2.538746339268982410e-04 1.638311427086591721e-03
2.310187846887856722e-04 1.546447048895061016e-03
1.932728337123990059e-04 1.543749589473009109e-03
1.981318055186420679e-04 1.625827047973871231e-03
2.244706120109185576e-04 1.548548927530646324e-03
2.198286529164761305e-04 1.571757602505385876e-03
1.939929061336442828e-04 1.560593023896217346e-03
1.893186708912253380e-04 1.541793113574385643e-03
2.061388659058138728e-04 1.603814889676868916e-03
2.099201374221593142e-04 1.538762473501265049e-03
1.936327607836574316e-04 1.543738879263401031e-03
1.848773245001211762e-04 1.571403699927031994e-03
1.936032349476590753e-04 1.535017509013414383e-03
2.004649577429518104e-04 1.571601256728172302e-03
1.933622406795620918e-04 1.536581548862159252e-03
1.837289164541289210e-04 1.531959627754986286e-03
1.850135740824043751e-04 1.565551036037504673e-03
1.916566252475604415e-04 1.526439096778631210e-03
1.911732251755893230e-04 1.548278029076755047e-03
1.843422942329198122e-04 1.535386894829571247e-03
1.810316025512292981e-04 1.524680177681148052e-03
1.842435594880953431e-04 1.554064219817519188e-03
1.870219421107321978e-04 1.522435573861002922e-03
1.843351637944579124e-04 1.536667812615633011e-03
1.800711324904114008e-04 1.536343945190310478e-03
1.795449497876688838e-04 1.523658982478082180e-03
1.818836608435958624e-04 1.547324238345026970e-03
1.825412327889353037e-04 1.522386097349226475e-03
1.801404287107288837e-04 1.530856126919388771e-03
1.777301367837935686e-04 1.532342866994440556e-03
1.777652796590700746e-04 1.518739620223641396e-03
1.790436508599668741e-04 1.535882358439266682e-03
1.790164242265745997e-04 1.516169751994311810e-03
1.773204276105388999e-04 1.521797035820782185e-03
1.758470316417515278e-04 1.523908460512757301e-03
1.758431026246398687e-04 1.512961462140083313e-03
1.764666376402601600e-04 1.526996726170182228e-03
1.762636675266548991e-04 1.512185321189463139e-03
1.751044474076479673e-04 1.516975928097963333e-03
1.740940060699358582e-04 1.518184551969170570e-03
1.739370345603674650e-04 1.509436056949198246e-03
1.741727173794060946e-04 1.519926474429666996e-03
1.739692961564287543e-04 1.507884822785854340e-03
1.731865340843796730e-04 1.512071467004716396e-03
1.724127359921112657e-04 1.511747715994715691e-03
1.721136504784226418e-04 1.505480613559484482e-03
1.721159933367744088e-04 1.513379043899476528e-03
1.719367719488218427e-04 1.503619132563471794e-03
1.713998790364712477e-04 1.507752225734293461e-03
1.707788323983550072e-04 1.505860127508640289e-03
1.703912857919931412e-04 1.501741586253046989e-03
1.702343870420008898e-04 1.507094246335327625e-03
1.700547873042523861e-04 1.499086851254105568e-03
1.696779218036681414e-04 1.503171399235725403e-03
1.691803481662645936e-04 1.499903039075434208e-03
1.687537151155993342e-04 1.497898367233574390e-03
1.684810558799654245e-04 1.500873710028827190e-03
1.682687725406140089e-04 1.494586584158241749e-03
1.679822162259370089e-04 1.498372759670019150e-03
1.675922685535624623e-04 1.494143158197402954e-03
1.671809295658022165e-04 1.494005904532968998e-03
1.668379845796152949e-04 1.494771451689302921e-03
1.665686431806534529e-04 1.490529975853860378e-03
1.663068105699494481e-04 1.493656076490879059e-03
1.659944973653182387e-04 1.489351037889719009e-03
1.656339591136202216e-04 1.490624272264540195e-03
1.652749779168516397e-04 1.489484217017889023e-03
1.649568293942138553e-04 1.487179193645715714e-03
1.646742020966485143e-04 1.488895737566053867e-03
1.643917930778115988e-04 1.485054614022374153e-03
1.640822301851585507e-04 1.486785360611975193e-03
1.637489622225984931e-04 1.484261243604123592e-03
1.634164509596303105e-04 1.483657397329807281e-03
1.631047780392691493e-04 1.483706990256905556e-03
1.628127647563815117e-04 1.481084385886788368e-03
1.625237637199461460e-04 1.482480671256780624e-03
1.622227719053626060e-04 1.479578437283635139e-03
1.619085960555821657e-04 1.480097533203661442e-03
1.615918590687215328e-04 1.478656195104122162e-03
1.612837368156760931e-04 1.477456185966730118e-03
1.609872124390676618e-04 1.477729529142379761e-03
1.606962032383307815e-04 1.475322060286998749e-03
1.604021381353959441e-04 1.476007862947881222e-03
1.601014228072017431e-04 1.473779440857470036e-03
1.597967057023197412e-04 1.473711337894201279e-03
1.594938221387565136e-04 1.472707372158765793e-03
1.591966574778780341e-04 1.471410272642970085e-03
1.589047606103122234e-04 1.471441122703254223e-03
1.586145808687433600e-04 1.469440408982336521e-03
1.583227567607536912e-04 1.469745300710201263e-03
1.580280950292944908e-04 1.468013739213347435e-03
1.577324437675997615e-04 1.467745285481214523e-03
1.574383059050887823e-04 1.466798945330083370e-03
1.571470929775387049e-04 1.465695910155773163e-03
1.568588195368647575e-04 1.465512905269861221e-03
1.565717102494090796e-04 1.463931286707520485e-03
1.562845573062077165e-04 1.463936176151037216e-03
1.559965458000078797e-04 1.462390064261853695e-03
1.557080977363511920e-04 1.462038955651223660e-03
1.554203918203711510e-04 1.461000065319240093e-03
1.551341556478291750e-04 1.460120663978159428e-03
1.548498257761821151e-04 1.459621009416878223e-03
1.545667182654142380e-04 1.458324491977691650e-03
1.542843237984925508e-04 1.458092941902577877e-03
1.540021767141297460e-04 1.456754980608820915e-03
1.537199568701907992e-04 1.456453464925289154e-03
1.534381881356239319e-04 1.455349032767117023e-03
1.531571761006489396e-04 1.454701414331793785e-03
1.528771681478247046e-04 1.453940407373011112e-03
1.525982370367273688e-04 1.452956465072929859e-03
1.523203973192721605e-04 1.452477183192968369e-03
1.520432269899174571e-04 1.451310585252940655e-03
1.517665805295109749e-04 1.450908486731350422e-03
1.514902687631547451e-04 1.449777279049158096e-03
1.512145827291533351e-04 1.449286122806370258e-03
1.509395078755915165e-04 1.448345021344721317e-03
1.506651169620454311e-04 1.447645132429897785e-03
1.503916282672435045e-04 1.446912414394319057e-03
1.501189399277791381e-04 1.446014386601746082e-03
1.498470373917371035e-04 1.445448491722345352e-03
1.495758333476260304e-04 1.444443594664335251e-03
1.493052259320393205e-04 1.443930319510400295e-03
1.490352151449769735e-04 1.442919019609689713e-03
1.487658155383542180e-04 1.442368840798735619e-03
1.484970416640862823e-04 1.441455096937716007e-03
1.482288935221731663e-04 1.440809457562863827e-03
1.479614729760214686e-04 1.440018299035727978e-03
1.476946781622245908e-04 1.439253566786646843e-03
1.474287273595109582e-04 1.438577310182154179e-03
1.471633586334064603e-04 1.437727012671530247e-03
1.468987466068938375e-04 1.437124679796397686e-03
1.466346875531598926e-04 1.436226535588502884e-03
1.463712978875264525e-04 1.435643760487437248e-03
1.461085485061630607e-04 1.434755744412541389e-03
1.458464830648154020e-04 1.434160512872040272e-03
1.455849851481616497e-04 1.433316851034760475e-03
1.453241129638627172e-04 1.432676450349390507e-03
1.450639538234099746e-04 1.431887387298047543e-03
1.448044204153120518e-04 1.431197975762188435e-03
1.445453963242471218e-04 1.430472591891884804e-03
1.442871434846892953e-04 1.429738011211156845e-03
1.440295454813167453e-04 1.429059077054262161e-03
1.437726168660447001e-04 1.428288756869733334e-03
1.435162266716361046e-04 1.427647890523076057e-03
1.432605495210736990e-04 1.426863484084606171e-03
1.430054689990356565e-04 1.426243223249912262e-03
1.427509996574372053e-04 1.425452181138098240e-03
1.424971269443631172e-04 1.424838555976748466e-03
1.422439090674743056e-04 1.424053334631025791e-03
1.419913605786859989e-04 1.423438778147101402e-03
1.417394087184220552e-04 1.422666362486779690e-03
1.414879807271063328e-04 1.422043889760971069e-03
1.412373239872977138e-04 1.421288703568279743e-03
1.409870892530307174e-04 1.420660642907023430e-03
1.407376694260165095e-04 1.419924781657755375e-03
1.404887152602896094e-04 1.419290667399764061e-03
1.402404595864936709e-04 1.418566680513322353e-03
1.399927568854764104e-04 1.417928957380354404e-03
1.397456362610682845e-04 1.417218241840600967e-03
1.394991413690149784e-04 1.416578073985874653e-03
1.392532576574012637e-04 1.415876555256545544e-03
1.390079705743119121e-04 1.415234524756669998e-03
1.387633674312382936e-04 1.414543017745018005e-03
1.385192008456215262e-04 1.413904596120119095e-03
1.382757036481052637e-04 1.413219259120523930e-03
1.380328467348590493e-04 1.412585144862532616e-03
1.377905864501371980e-04 1.411902951076626778e-03
1.375487627228721976e-04 1.411277451552450657e-03
1.373077539028599858e-04 1.410597003996372223e-03
1.370672689517959952e-04 1.409980584867298603e-03
1.368272351101040840e-04 1.409297809004783630e-03
1.365878852084279060e-04 1.408695359714329243e-03
1.363491028314456344e-04 1.408004900440573692e-03
1.361108588753268123e-04 1.407422125339508057e-03
1.358732988592237234e-04 1.406718394719064236e-03
1.356361899524927139e-04 1.406163210049271584e-03
1.353998377453535795e-04 1.405435614287853241e-03
1.351638784399256110e-04 1.404920243658125401e-03
1.349285594187676907e-04 1.404153881594538689e-03
1.346938370261341333e-04 1.403697649948298931e-03
1.344598276773467660e-04 1.402868307195603848e-03
1.342263276455923915e-04 1.402503345161676407e-03
1.339935115538537502e-04 1.401570276357233524e-03
1.337611465714871883e-04 1.401345827616751194e-03
1.335296838078647852e-04 1.400244189426302910e-03
1.332989340880885720e-04 1.400248962454497814e-03
1.330691884504631162e-04 1.398866646923124790e-03
1.328406506218016148e-04 1.399246393702924252e-03
1.326137135038152337e-04 1.397393178194761276e-03
1.323892356595024467e-04 1.398404943756759167e-03
1.321683812420815229e-04 1.395753934048116207e-03
1.319533039350062609e-04 1.397848129272460938e-03
1.317478163400664926e-04 1.393828308209776878e-03
1.315584668191149831e-04 1.397815183736383915e-03
1.313970860792323947e-04 1.391426892951130867e-03
1.312842359766364098e-04 1.398810418322682381e-03
1.312576641794294119e-04 1.388311618939042091e-03
1.313833781750872731e-04 1.401960966177284718e-03
1.317860878771170974e-04 1.384385162964463234e-03
1.326804776908829808e-04 1.410017022863030434e-03
1.344877964584156871e-04 1.380681758746504784e-03
1.379043533233925700e-04 1.430212170816957951e-03
1.443493092665448785e-04 1.383103895932435989e-03
1.559138472657650709e-04 1.481703831814229488e-03
1.769857190083712339e-04 1.412781304679811001e-03
2.118007250828668475e-04 1.603504759259521961e-03
2.690107794478535652e-04 1.505286549217998981e-03
3.401654830668121576e-04 1.774330856278538704e-03
4.135765484534204006e-04 1.557642943225800991e-03
4.107298736926168203e-04 1.646909513510763645e-03
3.167135582771152258e-04 1.377971610054373741e-03
1.758135331328958273e-04 1.370636746287345886e-03
1.347005163552239537e-04 1.521258149296045303e-03
2.070684131467714906e-04 1.445588655769824982e-03
2.562625741120427847e-04 1.533064176328480244e-03
2.058737009065225720e-04 1.389562152326107025e-03
1.352008839603513479e-04 1.390528166666626930e-03
1.510592264821752906e-04 1.527477405034005642e-03
2.019315288634970784e-04 1.400067587383091450e-03
1.861114724306389689e-04 1.414634520187973976e-03
1.365286152577027678e-04 1.416188199073076248e-03
1.377000589855015278e-04 1.385733252391219139e-03
1.711170625640079379e-04 1.465904526412487030e-03
1.648445177124813199e-04 1.377449487335979939e-03
1.319640286965295672e-04 1.376973930746316910e-03
1.340527815045788884e-04 1.455502351745963097e-03
1.561960671097040176e-04 1.378289656713604927e-03
1.493503514211624861e-04 1.399039407260715961e-03
1.281046279473230243e-04 1.404335838742554188e-03
1.303137250943109393e-04 1.372491708025336266e-03
1.445785019313916564e-04 1.422208268195390701e-03
1.403789210598915815e-04 1.370746525935828686e-03
1.261313445866107941e-04 1.367434277199208736e-03
1.271057553822174668e-04 1.411970471963286400e-03
1.367060176562517881e-04 1.363173709250986576e-03
1.344988413620740175e-04 1.384965260513126850e-03
1.249224733328446746e-04 1.384444301947951317e-03
1.243860460817813873e-04 1.364490832202136517e-03
1.307318743783980608e-04 1.401327899657189846e-03
1.304799079662188888e-04 1.366252661682665348e-03
1.240508136106655002e-04 1.368340454064309597e-03
1.224213920067995787e-04 1.390653080306947231e-03
1.263594022020697594e-04 1.360722468234598637e-03
1.272739464184269309e-04 1.381994807161390781e-03
1.233405782841145992e-04 1.370479236356914043e-03
1.210320260724984109e-04 1.361670438200235367e-03
1.230030902661383152e-04 1.386908581480383873e-03
1.245714229298755527e-04 1.360885915346443653e-03
1.226271851919591427e-04 1.370513346046209335e-03
1.202507846755906940e-04 1.373471110127866268e-03
1.206249944516457617e-04 1.358262263238430023e-03
1.220611229655332863e-04 1.377539010718464851e-03
1.215829106513410807e-04 1.360771828331053257e-03
1.197667006636038423e-04 1.362285576760768890e-03
1.191676710732281208e-04 1.372089842334389687e-03
1.199983598780818284e-04 1.356346765533089638e-03
1.202653729706071317e-04 1.370089827105402946e-03
1.192386771435849369e-04 1.362170674838125706e-03
1.182853957288898528e-04 1.359150162898004055e-03
1.184107677545398474e-04 1.370143843814730644e-03
1.188418609672226012e-04 1.356611610390245914e-03
1.185143846669234335e-04 1.365024596452713013e-03
1.176897494588047266e-04 1.362249371595680714e-03
1.173057826235890388e-04 1.356757711619138718e-03
1.174906501546502113e-04 1.366283744573593140e-03
1.175460492959246039e-04 1.355712185613811016e-03
