3.134136795997619629e-01 3.219476044178009033e-01
3.122334182262420654e-01 3.207017779350280762e-01
3.109946846961975098e-01 3.194967210292816162e-01
3.097902238368988037e-01 3.183248341083526611e-01
3.086154758930206299e-01 3.171676993370056152e-01
3.074535727500915527e-01 3.160141110420227051e-01
3.062935173511505127e-01 3.148592710494995117e-01
3.051308393478393555e-01 3.137018084526062012e-01
3.039645254611968994e-01 3.125421106815338135e-01
3.027952015399932861e-01 3.113812208175659180e-01
3.016243577003479004e-01 3.102203607559204102e-01
3.004534542560577393e-01 3.090607523918151855e-01
2.992839217185974121e-01 3.079033792018890381e-01
2.981171309947967529e-01 3.067490756511688232e-01
2.969539761543273926e-01 3.055982291698455811e-01
2.957952022552490234e-01 3.044512569904327393e-01
2.946411967277526855e-01 3.033082485198974609e-01
2.934922873973846436e-01 3.021692037582397461e-01
2.923485338687896729e-01 3.010340332984924316e-01
2.912098765373229980e-01 2.999026477336883545e-01
2.900762557983398438e-01 2.987749874591827393e-01
2.889475524425506592e-01 2.976509630680084229e-01
2.878236472606658936e-01 2.965306043624877930e-01
2.867044210433959961e-01 2.954138219356536865e-01
2.855897843837738037e-01 2.943006753921508789e-01
2.844797968864440918e-01 2.931912541389465332e-01
2.833743095397949219e-01 2.920856475830078125e-01
2.822734713554382324e-01 2.909838855266571045e-01
2.811771929264068604e-01 2.898860871791839600e-01
2.800855338573455811e-01 2.887923717498779297e-01
2.789985835552215576e-01 2.877027690410614014e-01
2.779162824153900146e-01 2.866173982620239258e-01
2.768387198448181152e-01 2.855363786220550537e-01
2.757659256458282471e-01 2.844597399234771729e-01
2.746978998184204102e-01 2.833874821662902832e-01
2.736346125602722168e-01 2.823197245597839355e-01
2.725761830806732178e-01 2.812565267086029053e-01
2.715224921703338623e-01 2.801977694034576416e-01
2.704735398292541504e-01 2.791436314582824707e-01
2.694293558597564697e-01 2.780939936637878418e-01
2.683898508548736572e-01 2.770488858222961426e-01
2.673550844192504883e-01 2.760083377361297607e-01
2.663249969482421875e-01 2.749723196029663086e-01
2.652995586395263672e-01 2.739408314228057861e-01
2.642787694931030273e-01 2.729138135910034180e-01
2.632625401020050049e-01 2.718912959098815918e-01
2.622509300708770752e-01 2.708732485771179199e-01
2.612438201904296875e-01 2.698595821857452393e-01
2.602412700653076172e-01 2.688503563404083252e-01
2.592431604862213135e-01 2.678455114364624023e-01
2.582496106624603271e-01 2.668450474739074707e-01
2.572604417800903320e-01 2.658489346504211426e-01
2.562757134437561035e-01 2.648571431636810303e-01
2.552953958511352539e-01 2.638695836067199707e-01
2.543194293975830078e-01 2.628863155841827393e-01
2.533478438854217529e-01 2.619073390960693359e-01
2.523805797100067139e-01 2.609325051307678223e-01
2.514176368713378906e-01 2.599619030952453613e-01
2.504589259624481201e-01 2.589954435825347900e-01
2.495044916868209839e-01 2.580330967903137207e-01
2.485542744398117065e-01 2.570748925209045410e-01
2.476082593202590942e-01 2.561207413673400879e-01
2.466664314270019531e-01 2.551706731319427490e-01
2.457287609577178955e-01 2.542245984077453613e-01
2.447952181100845337e-01 2.532825767993927002e-01
2.438657730817794800e-01 2.523445188999176025e-01
2.429404109716415405e-01 2.514104247093200684e-01
2.420190870761871338e-01 2.504802644252777100e-01
2.411018013954162598e-01 2.495540231466293335e-01
2.401885539293289185e-01 2.486316412687301636e-01
2.392792701721191406e-01 2.477131634950637817e-01
2.383739203214645386e-01 2.467985302209854126e-01
2.374725639820098877e-01 2.458876967430114746e-01
2.365750670433044434e-01 2.449807077646255493e-01
2.356814891099929810e-01 2.440774589776992798e-01
2.347918003797531128e-01 2.431780248880386353e-01
2.339059263467788696e-01 2.422822713851928711e-01
2.330238968133926392e-01 2.413902878761291504e-01
2.321456819772720337e-01 2.405019998550415039e-01
2.312712222337722778e-01 2.396174371242523193e-01
2.304005324840545654e-01 2.387364953756332397e-01
2.295336127281188965e-01 2.378592491149902344e-01
2.286704033613204956e-01 2.369855940341949463e-01
2.278108894824981689e-01 2.361156195402145386e-01
2.269550710916519165e-01 2.352492213249206543e-01
2.261029332876205444e-01 2.343863993883132935e-01
2.252544164657592773e-01 2.335271537303924561e-01
2.244095206260681152e-01 2.326714843511581421e-01
2.235682606697082520e-01 2.318192869424819946e-01
2.227305620908737183e-01 2.309706509113311768e-01
2.218964397907257080e-01 2.301254868507385254e-01
2.210658639669418335e-01 2.292838394641876221e-01
2.202388197183609009e-01 2.284456789493560791e-01
2.194152772426605225e-01 2.276109308004379272e-01
2.185952663421630859e-01 2.267796397209167480e-01
2.177787423133850098e-01 2.259517610073089600e-01
2.169656455516815186e-01 2.251272946596145630e-01
2.161560058593750000e-01 2.243062555789947510e-01
2.153497785329818726e-01 2.234885692596435547e-01
2.145469933748245239e-01 2.226742506027221680e-01
2.137475758790969849e-01 2.218632549047470093e-01
2.129515409469604492e-01 2.210556119680404663e-01
2.121588885784149170e-01 2.202512621879577637e-01
2.113695591688156128e-01 2.194502502679824829e-01
2.105835378170013428e-01 2.186525166034698486e-01
2.098008543252944946e-01 2.178580611944198608e-01
2.090214639902114868e-01 2.170668691396713257e-01
2.082453668117523193e-01 2.162788808345794678e-01
2.074725031852722168e-01 2.154941409826278687e-01
2.067028880119323730e-01 2.147126495838165283e-01
2.059365212917327881e-01 2.139343470335006714e-01
2.051733881235122681e-01 2.131592333316802979e-01
2.044134587049484253e-01 2.123872786760330200e-01
2.036566734313964844e-01 2.116185128688812256e-01
2.029030919075012207e-01 2.108528614044189453e-01
2.021526545286178589e-01 2.100903391838073730e-01
2.014053761959075928e-01 2.093309760093688965e-01
2.006612420082092285e-01 2.085746824741363525e-01
1.999202072620391846e-01 2.078214883804321289e-01
1.991822421550750732e-01 2.070713937282562256e-01
1.984473913908004761e-01 2.063243389129638672e-01
1.977155953645706177e-01 2.055803537368774414e-01
1.969868540763854980e-01 2.048394083976745605e-01
1.962611824274063110e-01 2.041015177965164185e-01
1.955385208129882812e-01 2.033666074275970459e-01
1.948188990354537964e-01 2.026346921920776367e-01
1.941022276878356934e-01 2.019057571887969971e-01
1.933885812759399414e-01 2.011798173189163208e-01
1.926778852939605713e-01 2.004568278789520264e-01
1.919701397418975830e-01 1.997367888689041138e-01
1.912653744220733643e-01 1.990197002887725830e-01
1.905635297298431396e-01 1.983055472373962402e-01
1.898646056652069092e-01 1.975942701101303101e-01
1.891685724258422852e-01 1.968859136104583740e-01
1.884754449129104614e-01 1.961804479360580444e-01
1.877851784229278564e-01 1.954778283834457397e-01
1.870978027582168579e-01 1.947781145572662354e-01
1.864132881164550781e-01 1.940812468528747559e-01
1.857315897941589355e-01 1.933871805667877197e-01
1.850527375936508179e-01 1.926959902048110962e-01
1.843766868114471436e-01 1.920075863599777222e-01
1.837034672498703003e-01 1.913220137357711792e-01
1.830330342054367065e-01 1.906391978263854980e-01
1.823653429746627808e-01 1.899591833353042603e-01
1.817004680633544922e-01 1.892819404602050781e-01
1.810382902622222900e-01 1.886074393987655640e-01
1.803788989782333374e-01 1.879357099533081055e-01
1.797222197055816650e-01 1.872666925191879272e-01
1.790682673454284668e-01 1.866004317998886108e-01
1.784170120954513550e-01 1.859368532896041870e-01
1.777684539556503296e-01 1.852759867906570435e-01
1.771225780248641968e-01 1.846178174018859863e-01
1.764793545007705688e-01 1.839623004198074341e-01
1.758388131856918335e-01 1.833094656467437744e-01
1.752009093761444092e-01 1.826593130826950073e-01
1.745656430721282959e-01 1.820117682218551636e-01
1.739329695701599121e-01 1.813669204711914062e-01
1.733029484748840332e-01 1.807246357202529907e-01
1.726755201816558838e-01 1.800850033760070801e-01
1.720506697893142700e-01 1.794479787349700928e-01
1.714284121990203857e-01 1.788135319948196411e-01
1.708087325096130371e-01 1.781816929578781128e-01
1.701915711164474487e-01 1.775523871183395386e-01
1.695770025253295898e-01 1.769256889820098877e-01
1.689649373292922974e-01 1.763015538454055786e-01
1.683554053306579590e-01 1.756799370050430298e-01
1.677483916282653809e-01 1.750608831644058228e-01
1.671438813209533691e-01 1.744443327188491821e-01
1.665418446063995361e-01 1.738303154706954956e-01
1.659423112869262695e-01 1.732187569141387939e-01
1.653452366590499878e-01 1.726097464561462402e-01
1.647506356239318848e-01 1.720031797885894775e-01
1.641584485769271851e-01 1.713991016149520874e-01
1.635687053203582764e-01 1.707975119352340698e-01
1.629814207553863525e-01 1.701983660459518433e-01
1.623965501785278320e-01 1.696016639471054077e-01
1.618140637874603271e-01 1.690074205398559570e-01
1.612339913845062256e-01 1.684156060218811035e-01
1.606563031673431396e-01 1.678261905908584595e-01
1.600809842348098755e-01 1.672391891479492188e-01
1.595080494880676270e-01 1.666545867919921875e-01
1.589374691247940063e-01 1.660724133253097534e-01
1.583692282438278198e-01 1.654925793409347534e-01
1.578033417463302612e-01 1.649151444435119629e-01
1.572397649288177490e-01 1.643400788307189941e-01
1.566785126924514771e-01 1.637673527002334595e-01
1.561195850372314453e-01 1.631969809532165527e-01
1.555629372596740723e-01 1.626289635896682739e-01
1.550085991621017456e-01 1.620632559061050415e-01
1.544565111398696899e-01 1.614998728036880493e-01
1.539067327976226807e-01 1.609388142824172974e-01
1.533591747283935547e-01 1.603800505399703979e-01
1.528138965368270874e-01 1.598236113786697388e-01
1.522708684206008911e-01 1.592693924903869629e-01
1.517300605773925781e-01 1.587175130844116211e-01
1.511914730072021484e-01 1.581678986549377441e-01
1.506551206111907959e-01 1.576205044984817505e-01
1.501209437847137451e-01 1.570754200220108032e-01
1.495889872312545776e-01 1.565325409173965454e-01
1.490592211484909058e-01 1.559919118881225586e-01
1.485316157341003418e-01 1.554534882307052612e-01
1.480061858892440796e-01 1.549173146486282349e-01
1.474829316139221191e-01 1.543833464384078979e-01
1.469618231058120728e-01 1.538515686988830566e-01
1.464428454637527466e-01 1.533219814300537109e-01
1.459260135889053345e-01 1.527945995330810547e-01
1.454112976789474487e-01 1.522693783044815063e-01
1.448987126350402832e-01 1.517463326454162598e-01
1.443882435560226440e-01 1.512254327535629272e-01
1.438798606395721436e-01 1.507066935300827026e-01
1.433735489845275879e-01 1.501900851726531982e-01
1.428693532943725586e-01 1.496756374835968018e-01
1.423672139644622803e-01 1.491632908582687378e-01
1.418671458959579468e-01 1.486530750989913940e-01
1.413691341876983643e-01 1.481449753046035767e-01
1.408731639385223389e-01 1.476389765739440918e-01
1.403792500495910645e-01 1.471350640058517456e-01
1.398873478174209595e-01 1.466332376003265381e-01
1.393974870443344116e-01 1.461335271596908569e-01
1.389096379280090332e-01 1.456358432769775391e-01
1.384238004684448242e-01 1.451402157545089722e-01
1.379399597644805908e-01 1.446466743946075439e-01
1.374581009149551392e-01 1.441551446914672852e-01
1.369782239198684692e-01 1.436656713485717773e-01
1.365003138780593872e-01 1.431782245635986328e-01
1.360243707895278931e-01 1.426928043365478516e-01
1.355504095554351807e-01 1.422093808650970459e-01
1.350783854722976685e-01 1.417279690504074097e-01
1.346082985401153564e-01 1.412485539913177490e-01
1.341401487588882446e-01 1.407711356878280640e-01
1.336739361286163330e-01 1.402956843376159668e-01
1.332096457481384277e-01 1.398222297430038452e-01
1.327472478151321411e-01 1.393507272005081177e-01
1.322867572307586670e-01 1.388811916112899780e-01
1.318281739950180054e-01 1.384135931730270386e-01
1.313714683055877686e-01 1.379479467868804932e-01
1.309166550636291504e-01 1.374842375516891479e-01
1.304637044668197632e-01 1.370224356651306152e-01
1.300126165151596069e-01 1.365625709295272827e-01
1.295633763074874878e-01 1.361046284437179565e-01
1.291159987449645996e-01 1.356485635042190552e-01
1.286704689264297485e-01 1.351944059133529663e-01
1.282267570495605469e-01 1.347421407699584961e-01
1.277848929166793823e-01 1.342917531728744507e-01
1.273448169231414795e-01 1.338432431221008301e-01
1.269065737724304199e-01 1.333965808153152466e-01
1.264701485633850098e-01 1.329518109560012817e-01
1.260355114936828613e-01 1.325088590383529663e-01
1.256026625633239746e-01 1.320677846670150757e-01
1.251715868711471558e-01 1.316285282373428345e-01
1.247423067688941956e-01 1.311911046504974365e-01
1.243147850036621094e-01 1.307554990053176880e-01
1.238890290260314941e-01 1.303217262029647827e-01
1.234650239348411560e-01 1.298897415399551392e-01
1.230427697300910950e-01 1.294595897197723389e-01
1.226222664117813110e-01 1.290311962366104126e-01
1.222034916281700134e-01 1.286046206951141357e-01
1.217864379286766052e-01 1.281798034906387329e-01
1.213711202144622803e-01 1.277567595243453979e-01
1.209574863314628601e-01 1.273355036973953247e-01
1.205455809831619263e-01 1.269159913063049316e-01
1.201353743672370911e-01 1.264982372522354126e-01
1.197268590331077576e-01 1.260822266340255737e-01
1.193200200796127319e-01 1.256679743528366089e-01
1.189148798584938049e-01 1.252554506063461304e-01
1.185114160180091858e-01 1.248446404933929443e-01
1.181096062064170837e-01 1.244355440139770508e-01
1.177094504237174988e-01 1.240281760692596436e-01
1.173109635710716248e-01 1.236225068569183350e-01
1.169141083955764771e-01 1.232185438275337219e-01
1.165189072489738464e-01 1.228162720799446106e-01
1.161253452301025391e-01 1.224156990647315979e-01
1.157333850860595703e-01 1.220167726278305054e-01
1.153430640697479248e-01 1.216195300221443176e-01
1.149543449282646179e-01 1.212239712476730347e-01
1.145672500133514404e-01 1.208300814032554626e-01
1.141817644238471985e-01 1.204378157854080200e-01
1.137978509068489075e-01 1.200472414493560791e-01
1.134155392646789551e-01 1.196582764387130737e-01
1.130348145961761475e-01 1.192709505558013916e-01
1.126556620001792908e-01 1.188852563500404358e-01
1.122780740261077881e-01 1.185011863708496094e-01
1.119020506739616394e-01 1.181187257170677185e-01
1.115275844931602478e-01 1.177378892898559570e-01
1.111546903848648071e-01 1.173586398363113403e-01
1.107833161950111389e-01 1.169810071587562561e-01
1.104134917259216309e-01 1.166049540042877197e-01
1.100452020764350891e-01 1.162304952740669250e-01
1.096784397959709167e-01 1.158576160669326782e-01
1.093132048845291138e-01 1.154863014817237854e-01
1.089494898915290833e-01 1.151165664196014404e-01
1.085872575640678406e-01 1.147483736276626587e-01
1.082265526056289673e-01 1.143817603588104248e-01
1.078673452138900757e-01 1.140166893601417542e-01
1.075096204876899719e-01 1.136531457304954529e-01
1.071533784270286560e-01 1.132911592721939087e-01
1.067986190319061279e-01 1.129307001829147339e-01
1.064453497529029846e-01 1.125717759132385254e-01
1.060935407876968384e-01 1.122143566608428955e-01
1.057431921362876892e-01 1.118584722280502319e-01
1.053943112492561340e-01 1.115040779113769531e-01
1.050468757748603821e-01 1.111511960625648499e-01
1.047008931636810303e-01 1.107998043298721313e-01
1.043563261628150940e-01 1.104499176144599915e-01
1.040132343769073486e-01 1.101014912128448486e-01
1.036715358495712280e-01 1.097545772790908813e-01
1.033312752842903137e-01 1.094091311097145081e-01
1.029924303293228149e-01 1.090651378035545349e-01
1.026550084352493286e-01 1.087226048111915588e-01
1.023189797997474670e-01 1.083815395832061768e-01
1.019843593239784241e-01 1.080419346690177917e-01
1.016511321067810059e-01 1.077037602663040161e-01
1.013192981481552124e-01 1.073670387268066406e-01
1.009888574481010437e-01 1.070317402482032776e-01
1.006597802042961121e-01 1.066978722810745239e-01
1.003320887684822083e-01 1.063654422760009766e-01
1.000057682394981384e-01 1.060344204306602478e-01
9.968081116676330566e-02 1.057048216462135315e-01
9.935720264911651611e-02 1.053766086697578430e-01
9.903495758771896362e-02 1.050498038530349731e-01
9.871405363082885742e-02 1.047244146466255188e-01
9.839449822902679443e-02 1.044004186987876892e-01
9.807626903057098389e-02 1.040777862071990967e-01
9.775938838720321655e-02 1.037565320730209351e-01
9.744381904602050781e-02 1.034366711974143982e-01
9.712958335876464844e-02 1.031181663274765015e-01
9.681665897369384766e-02 1.028010249137878418e-01
9.650503844022750854e-02 1.024852693080902100e-01
9.619473665952682495e-02 1.021708399057388306e-01
9.588573127985000610e-02 1.018577665090560913e-01
9.557801485061645508e-02 1.015460342168807983e-01
9.527159482240676880e-02 1.012356355786323547e-01
9.496646374464035034e-02 1.009265780448913574e-01
9.466260671615600586e-02 1.006188467144966125e-01
9.436003118753433228e-02 1.003124415874481201e-01
9.405872225761413574e-02 1.000073328614234924e-01
9.375867247581481934e-02 9.970354288816452026e-02
9.345988929271697998e-02 9.940107166767120361e-02
9.316236525774002075e-02 9.909987449645996094e-02
9.286607801914215088e-02 9.880000352859497070e-02
9.257104247808456421e-02 9.850140661001205444e-02
9.227725118398666382e-02 9.820409864187240601e-02
9.198470413684844971e-02 9.790807217359542847e-02
9.169337153434753418e-02 9.761332720518112183e-02
9.140326827764511108e-02 9.731985628604888916e-02
9.111440181732177734e-02 9.702762961387634277e-02
9.082673490047454834e-02 9.673669189214706421e-02
9.054029732942581177e-02 9.644699096679687500e-02
9.025504440069198608e-02 9.615854918956756592e-02
8.997100591659545898e-02 9.587134420871734619e-02
8.968816697597503662e-02 9.558538347482681274e-02
8.940650522708892822e-02 9.530065208673477173e-02
8.912603557109832764e-02 9.501716494560241699e-02
8.884675800800323486e-02 9.473487734794616699e-02
8.856865018606185913e-02 9.445383399724960327e-02
8.829171955585479736e-02 9.417399764060974121e-02
8.801595121622085571e-02 9.389537572860717773e-02
8.774136006832122803e-02 9.361795336008071899e-02
8.746792376041412354e-02 9.334173798561096191e-02
8.719564229249954224e-02 9.306671470403671265e-02
8.692450076341629028e-02 9.279288351535797119e-02
8.665451407432556152e-02 9.252023696899414062e-02
8.638565987348556519e-02 9.224876761436462402e-02
8.611795306205749512e-02 9.197848290205001831e-02
8.585137128829956055e-02 9.170936793088912964e-02
8.558592200279235840e-02 9.144143015146255493e-02
8.532159775495529175e-02 9.117463231086730957e-02
8.505838364362716675e-02 9.090901911258697510e-02
8.479628711938858032e-02 9.064455330371856689e-02
8.453529328107833862e-02 9.038121253252029419e-02
8.427541702985763550e-02 9.011904895305633545e-02
8.401662856340408325e-02 8.985800296068191528e-02
8.375894278287887573e-02 8.959809690713882446e-02
8.350234478712081909e-02 8.933930844068527222e-02
8.324683457612991333e-02 8.908166736364364624e-02
8.299240469932556152e-02 8.882512897253036499e-02
8.273905515670776367e-02 8.856971561908721924e-02
8.248677849769592285e-02 8.831540495157241821e-02
8.223557472229003906e-02 8.806220442056655884e-02
8.198544383049011230e-02 8.781010657548904419e-02
8.173635601997375488e-02 8.755910396575927734e-02
8.148833364248275757e-02 8.730920404195785522e-02
8.124136179685592651e-02 8.706037700176239014e-02
8.099543303251266479e-02 8.681264519691467285e-02
8.075055480003356934e-02 8.656599372625350952e-02
8.050671964883804321e-02 8.632042258977890015e-02
8.026391267776489258e-02 8.607591688632965088e-02
8.002214133739471436e-02 8.583246171474456787e-02
7.978139817714691162e-02 8.559007197618484497e-02
7.954167574644088745e-02 8.534874022006988525e-02
7.930296659469604492e-02 8.510847389698028564e-02
7.906527072191238403e-02 8.486926555633544922e-02
7.882858812808990479e-02 8.463107794523239136e-02
7.859291881322860718e-02 8.439394831657409668e-02
7.835824042558670044e-02 8.415783941745758057e-02
7.812456786632537842e-02 8.392277359962463379e-02
7.789187878370285034e-02 8.368872106075286865e-02
7.766019552946090698e-02 8.345570415258407593e-02
7.742948085069656372e-02 8.322370052337646484e-02
7.719975709915161133e-02 8.299270272254943848e-02
7.697100937366485596e-02 8.276271820068359375e-02
7.674323767423629761e-02 8.253375440835952759e-02
7.651642709970474243e-02 8.230576664209365845e-02
7.629058510065078735e-02 8.207878470420837402e-02
7.606571167707443237e-02 8.185280859470367432e-02
7.584179937839508057e-02 8.162781596183776855e-02
7.561882585287094116e-02 8.140380680561065674e-02
7.539680600166320801e-02 8.118077367544174194e-02
7.517573237419128418e-02 8.095871657133102417e-02
7.495559751987457275e-02 8.073762059211730957e-02
7.473640143871307373e-02 8.051750808954238892e-02
7.451813668012619019e-02 8.029836416244506836e-02
7.430081814527511597e-02 8.008016645908355713e-02
7.408440858125686646e-02 7.986292988061904907e-02
7.386893033981323242e-02 7.964663952589035034e-02
7.365436851978302002e-02 7.943129539489746094e-02
7.344072312116622925e-02 7.921690493822097778e-02
7.322797924280166626e-02 7.900343835353851318e-02
7.301615178585052490e-02 7.879093289375305176e-02
7.280521839857101440e-02 7.857933640480041504e-02
7.259519398212432861e-02 7.836866378784179688e-02
7.238605618476867676e-02 7.815892994403839111e-02
7.217781990766525269e-02 7.795011252164840698e-02
7.197045534849166870e-02 7.774221152067184448e-02
7.176399230957031250e-02 7.753521203994750977e-02
7.155840843915939331e-02 7.732912898063659668e-02
7.135369628667831421e-02 7.712395489215850830e-02
7.114986330270767212e-02 7.691967487335205078e-02
7.094689458608627319e-02 7.671628147363662720e-02
7.074479013681411743e-02 7.651379704475402832e-02
7.054355740547180176e-02 7.631219178438186646e-02
7.034317404031753540e-02 7.611146569252014160e-02
7.014364749193191528e-02 7.591162621974945068e-02
6.994497030973434448e-02 7.571267336606979370e-02
6.974714994430541992e-02 7.551458477973937988e-02
6.955017149448394775e-02 7.531736791133880615e-02
6.935402750968933105e-02 7.512101531028747559e-02
6.915872544050216675e-02 7.492551207542419434e-02
6.896425783634185791e-02 7.473089545965194702e-02
6.877062469720840454e-02 7.453710585832595825e-02
6.857781112194061279e-02 7.434418052434921265e-02
6.838582456111907959e-02 7.415209710597991943e-02
6.819465011358261108e-02 7.396086305379867554e-02
6.800431013107299805e-02 7.377047836780548096e-02
6.781476736068725586e-02 7.358091324567794800e-02
6.762603670358657837e-02 7.339219003915786743e-02
6.743812561035156250e-02 7.320429384708404541e-02
6.725100427865982056e-02 7.301720976829528809e-02
6.706468015909194946e-02 7.283096015453338623e-02
6.687915325164794922e-02 7.264553010463714600e-02
6.669442355632781982e-02 7.246090471744537354e-02
6.651047617197036743e-02 7.227709889411926270e-02
6.632731854915618896e-02 7.209409773349761963e-02
6.614494323730468750e-02 7.191190868616104126e-02
6.596335768699645996e-02 7.173050194978713989e-02
6.578253209590911865e-02 7.154991477727890015e-02
6.560248136520385742e-02 7.137010246515274048e-02
6.542320549488067627e-02 7.119108736515045166e-02
6.524468958377838135e-02 7.101286202669143677e-02
6.506694108247756958e-02 7.083541154861450195e-02
6.488995254039764404e-02 7.065874338150024414e-02
6.471372395753860474e-02 7.048286497592926025e-02
6.453824043273925781e-02 7.030773907899856567e-02
6.436351686716079712e-02 7.013340294361114502e-02
6.418952345848083496e-02 6.995983421802520752e-02
6.401628255844116211e-02 6.978700309991836548e-02
6.384378671646118164e-02 6.961494684219360352e-02
6.367202103137969971e-02 6.944365054368972778e-02
6.350098550319671631e-02 6.927310675382614136e-02
6.333069503307342529e-02 6.910332292318344116e-02
6.316112726926803589e-02 6.893426179885864258e-02
6.299228221178054810e-02 6.876595318317413330e-02
6.282416731119155884e-02 6.859838217496871948e-02
6.265676021575927734e-02 6.843156367540359497e-02
6.249006837606430054e-02 6.826546788215637207e-02
6.232409551739692688e-02 6.810009479522705078e-02
6.215882673859596252e-02 6.793545931577682495e-02
6.199426949024200439e-02 6.777153164148330688e-02
6.183040887117385864e-02 6.760834902524948120e-02
6.166725605726242065e-02 6.744588166475296021e-02
6.150479614734649658e-02 6.728412210941314697e-02
6.134302914142608643e-02 6.712306290864944458e-02
6.118195876479148865e-02 6.696271896362304688e-02
6.102157011628150940e-02 6.680309027433395386e-02
6.086187809705734253e-02 6.664414703845977783e-02
6.070285663008689880e-02 6.648591905832290649e-02
6.054451316595077515e-02 6.632838398218154907e-02
6.038685142993927002e-02 6.617152690887451172e-02
6.022987142205238342e-02 6.601537764072418213e-02
6.007355824112892151e-02 6.585989892482757568e-02
5.991790816187858582e-02 6.570511311292648315e-02
5.976292863488197327e-02 6.555100530385971069e-02
5.960860475897789001e-02 6.539759039878845215e-02
5.945495143532752991e-02 6.524483859539031982e-02
5.930194258689880371e-02 6.509275734424591064e-02
5.914959684014320374e-02 6.494134664535522461e-02
5.899789929389953613e-02 6.479061394929885864e-02
5.884685739874839783e-02 6.464052200317382812e-02
5.869644880294799805e-02 6.449110060930252075e-02
5.854669213294982910e-02 6.434233486652374268e-02
5.839757621288299561e-02 6.419422477483749390e-02
5.824909731745719910e-02 6.404677778482437134e-02
5.810124427080154419e-02 6.389996409416198730e-02
5.795403569936752319e-02 6.375380605459213257e-02
5.780745297670364380e-02 6.360828876495361328e-02
5.766148865222930908e-02 6.346340477466583252e-02
5.751616135239601135e-02 6.331917643547058105e-02
5.737144872546195984e-02 6.317555904388427734e-02
5.722735077142715454e-02 6.303258985280990601e-02
5.708388239145278931e-02 6.289024651050567627e-02
5.694101378321647644e-02 6.274852901697158813e-02
5.679876729846000671e-02 6.260743737220764160e-02
5.665712431073188782e-02 6.246696785092353821e-02
5.651608109474182129e-02 6.232711300253868103e-02
5.637564882636070251e-02 6.218788027763366699e-02
5.623581632971763611e-02 6.204925477504730225e-02
5.609658360481262207e-02 6.191122904419898987e-02
5.595794692635536194e-02 6.177383288741111755e-02
5.581990256905555725e-02 6.163702905178070068e-02
5.568244680762290955e-02 6.150082871317863464e-02
5.554557591676712036e-02 6.136522814631462097e-02
5.540928989648818970e-02 6.123023852705955505e-02
5.527359619736671448e-02 6.109582632780075073e-02
5.513846874237060547e-02 6.096201017498970032e-02
5.500393733382225037e-02 6.082878261804580688e-02
5.486997216939926147e-02 6.069614365696907043e-02
5.473657697439193726e-02 6.056408584117889404e-02
5.460375547409057617e-02 6.043261662125587463e-02
5.447149649262428284e-02 6.030172109603881836e-02
5.433981865644454956e-02 6.017140671610832214e-02
5.420869216322898865e-02 6.004166230559349060e-02
5.407813563942909241e-02 5.991249904036521912e-02
5.394813418388366699e-02 5.978388711810112000e-02
5.381868407130241394e-02 5.965586006641387939e-02
5.368979647755622864e-02 5.952839180827140808e-02
5.356146395206451416e-02 5.940148234367370605e-02
5.343366786837577820e-02 5.927513539791107178e-02
5.330642685294151306e-02 5.914935469627380371e-02
5.317972972989082336e-02 5.902412161231040955e-02
5.305357649922370911e-02 5.889943987131118774e-02
5.292795971035957336e-02 5.877530574798583984e-02
5.280287936329841614e-02 5.865172296762466431e-02
5.267834290862083435e-02 5.852868035435676575e-02
5.255433171987533569e-02 5.840618163347244263e-02
5.243086442351341248e-02 5.828424170613288879e-02
5.230791494250297546e-02 5.816281586885452271e-02
5.218549817800521851e-02 5.804193019866943359e-02
5.206360295414924622e-02 5.792159587144851685e-02
5.194223672151565552e-02 5.780177563428878784e-02
5.182138830423355103e-02 5.768249556422233582e-02
5.170105025172233582e-02 5.756374076008796692e-02
5.158123746514320374e-02 5.744550004601478577e-02
5.146193131804466248e-02 5.732778832316398621e-02
5.134314671158790588e-02 5.721060186624526978e-02
5.122486501932144165e-02 5.709393322467803955e-02
5.110709369182586670e-02 5.697778239846229553e-02
5.098982527852058411e-02 5.686213821172714233e-02
5.087306350469589233e-02 5.674701556563377380e-02
5.075680091977119446e-02 5.663238465785980225e-02
5.064103752374649048e-02 5.651827529072761536e-02
5.052577331662178040e-02 5.640466883778572083e-02
5.041100457310676575e-02 5.629156529903411865e-02
5.029672384262084961e-02 5.617896094918251038e-02
5.018293485045433044e-02 5.606685951352119446e-02
5.006964504718780518e-02 5.595524981617927551e-02
4.995683208107948303e-02 5.584412813186645508e-02
4.984450712800025940e-02 5.573351308703422546e-02
4.973266273736953735e-02 5.562338232994079590e-02
4.962130263447761536e-02 5.551374331116676331e-02
4.951042309403419495e-02 5.540458858013153076e-02
4.940001666545867920e-02 5.529592186212539673e-02
4.929008707404136658e-02 5.518773198127746582e-02
4.918062686920166016e-02 5.508002266287803650e-02
4.907164350152015686e-02 5.497280135750770569e-02
4.896313324570655823e-02 5.486605316400527954e-02
4.885508492588996887e-02 5.475977808237075806e-02
4.874749854207038879e-02 5.465396866202354431e-02
4.864038154482841492e-02 5.454863235354423523e-02
4.853372648358345032e-02 5.444376915693283081e-02
4.842752218246459961e-02 5.433936044573783875e-02
4.832178354263305664e-02 5.423543229699134827e-02
4.821650311350822449e-02 5.413195863366127014e-02
4.811167344450950623e-02 5.402895063161849976e-02
4.800729826092720032e-02 5.392639338970184326e-02
4.790337383747100830e-02 5.382429808378219604e-02
4.779989272356033325e-02 5.372266098856925964e-02
4.769685491919517517e-02 5.362147092819213867e-02
4.759428277611732483e-02 5.352073907852172852e-02
4.749213904142379761e-02 5.342045798897743225e-02
4.739043489098548889e-02 5.332062393426895142e-02
4.728917405009269714e-02 5.322122946381568909e-02
4.718835279345512390e-02 5.312228575348854065e-02
4.708796739578247070e-02 5.302377417683601379e-02
4.698801785707473755e-02 5.292571336030960083e-02
4.688849672675132751e-02 5.282808840274810791e-02
4.678941145539283752e-02 5.273090675473213196e-02
4.669075459241867065e-02 5.263415351510047913e-02
4.659252241253852844e-02 5.253783613443374634e-02
4.649471864104270935e-02 5.244195088744163513e-02
4.639733210206031799e-02 5.234649777412414551e-02
4.630037769675254822e-02 5.225146934390068054e-02
4.620384052395820618e-02 5.215686187148094177e-02
4.610772058367729187e-02 5.206268280744552612e-02
4.601201787590980530e-02 5.196893215179443359e-02
4.591672867536544800e-02 5.187559872865676880e-02
4.582186043262481689e-02 5.178268253803253174e-02
4.572739824652671814e-02 5.169018730521202087e-02
4.563334584236145020e-02 5.159810185432434082e-02
4.553971067070960999e-02 5.150643736124038696e-02
4.544647410511970520e-02 5.141518637537956238e-02
4.535365104675292969e-02 5.132434517145156860e-02
4.526122286915779114e-02 5.123391747474670410e-02
4.516920447349548340e-02 5.114389210939407349e-02
4.507758095860481262e-02 5.105428025126457214e-02
4.498636350035667419e-02 5.096506327390670776e-02
4.489554092288017273e-02 5.087625235319137573e-02
4.480511322617530823e-02 5.078784376382827759e-02
4.471508786082267761e-02 5.069984123110771179e-02
4.462544620037078857e-02 5.061221495270729065e-02
4.453619569540023804e-02 5.052501708269119263e-02
4.444734007120132446e-02 5.043819919228553772e-02
4.435887560248374939e-02 5.035177245736122131e-02
4.427079111337661743e-02 5.026573687791824341e-02
4.418309405446052551e-02 5.018010735511779785e-02
4.409578070044517517e-02 5.009485036134719849e-02
4.400885105133056641e-02 5.000998824834823608e-02
4.392230138182640076e-02 4.992550611495971680e-02
4.383613169193267822e-02 4.984141141176223755e-02
4.375033453106880188e-02 4.975770413875579834e-02
4.366492107510566711e-02 4.967437312006950378e-02
4.357988014817237854e-02 4.959141835570335388e-02
4.349520802497863770e-02 4.950885102152824402e-02
4.341091588139533997e-02 4.942665249109268188e-02
4.332698881626129150e-02 4.934483766555786133e-02
4.324343055486679077e-02 4.926339164376258850e-02
4.316024109721183777e-02 4.918231815099716187e-02
4.307741671800613403e-02 4.910160973668098450e-02
4.299495369195938110e-02 4.902128130197525024e-02
4.291285946965217590e-02 4.894131794571876526e-02
4.283112660050392151e-02 4.886171966791152954e-02
4.274975508451461792e-02 4.878249391913414001e-02
4.266873747110366821e-02 4.870362579822540283e-02
4.258808121085166931e-02 4.862511157989501953e-02
4.250777885317802429e-02 4.854697361588478088e-02
4.242783412337303162e-02 4.846918210387229919e-02
4.234824329614639282e-02 4.839175939559936523e-02
4.226899892091751099e-02 4.831469058990478516e-02
4.219010472297668457e-02 4.823797196149826050e-02
4.211156442761421204e-02 4.816160723567008972e-02
4.203337058424949646e-02 4.808560758829116821e-02
4.195552319288253784e-02 4.800995066761970520e-02
4.187802225351333618e-02 4.793464392423629761e-02
4.180086031556129456e-02 4.785967990756034851e-02
4.172404110431671143e-02 4.778507724404335022e-02
4.164756834506988525e-02 4.771080613136291504e-02
4.157143086194992065e-02 4.763688519597053528e-02
4.149563238024711609e-02 4.756330698728561401e-02
4.142016917467117310e-02 4.749006778001785278e-02
4.134504497051239014e-02 4.741717502474784851e-02
4.127025604248046875e-02 4.734460636973381042e-02
4.119579121470451355e-02 4.727239161729812622e-02
4.112166538834571838e-02 4.720051214098930359e-02
4.104786738753318787e-02 4.712896794080734253e-02
4.097440093755722046e-02 4.705774784088134766e-02
4.090126231312751770e-02 4.698687046766281128e-02
4.082844778895378113e-02 4.691632091999053955e-02
4.075596481561660767e-02 4.684609547257423401e-02
4.068379104137420654e-02 4.677620530128479004e-02
4.061195254325866699e-02 4.670663923025131226e-02
4.054042696952819824e-02 4.663739725947380066e-02
4.046922549605369568e-02 4.656848311424255371e-02
4.039834067225456238e-02 4.649988934397697449e-02
4.032777249813079834e-02 4.643162712454795837e-02
4.025752469897270203e-02 4.636367037892341614e-02
4.018758982419967651e-02 4.629605263471603394e-02
4.011797532439231873e-02 4.622874781489372253e-02
4.004866629838943481e-02 4.616174474358558655e-02
3.997966274619102478e-02 4.609507322311401367e-02
3.991097956895828247e-02 4.602871090173721313e-02
3.984259814023971558e-02 4.596267268061637878e-02
3.977452963590621948e-02 4.589693248271942139e-02
3.970675915479660034e-02 4.583150148391723633e-02
3.963930159807205200e-02 4.576639086008071899e-02
3.957214206457138062e-02 4.570158571004867554e-02
3.950529173016548157e-02 4.563708603382110596e-02
3.943873569369316101e-02 4.557289183139801025e-02
3.937248140573501587e-02 4.550900310277938843e-02
3.930652886629104614e-02 4.544542357325553894e-02
3.924087062478065491e-02 4.538213089108467102e-02
3.917550668120384216e-02 4.531915113329887390e-02
3.911044448614120483e-02 4.525647312402725220e-02
3.904567286372184753e-02 4.519409313797950745e-02
3.898119553923606873e-02 4.513201117515563965e-02
3.891700878739356995e-02 4.507021605968475342e-02
3.885310888290405273e-02 4.500873386859893799e-02
3.878950700163841248e-02 4.494753479957580566e-02
3.872619196772575378e-02 4.488663375377655029e-02
3.866315633058547974e-02 4.482601210474967957e-02
3.860041499137878418e-02 4.476568847894668579e-02
3.853795304894447327e-02 4.470565915107727051e-02
3.847577422857284546e-02 4.464591667056083679e-02
3.841387853026390076e-02 4.458646103739738464e-02
3.835226595401763916e-02 4.452728480100631714e-02
3.829093649983406067e-02 4.446839913725852966e-02
3.822987526655197144e-02 4.440980032086372375e-02
3.816910460591316223e-02 4.435148090124130249e-02
3.810859844088554382e-02 4.429344087839126587e-02
3.804837539792060852e-02 4.423567652702331543e-02
3.798842057585716248e-02 4.417819529771804810e-02
3.792874142527580261e-02 4.412100091576576233e-02
3.786933794617652893e-02 4.406407475471496582e-02
3.781020641326904297e-02 4.400742799043655396e-02
3.775134310126304626e-02 4.395104572176933289e-02
3.769274428486824036e-02 4.389495402574539185e-02
3.763441741466522217e-02 4.383912310004234314e-02
3.757635504007339478e-02 4.378356039524078369e-02
3.751855716109275818e-02 4.372828081250190735e-02
3.746102750301361084e-02 4.367326200008392334e-02
3.740375488996505737e-02 4.361851513385772705e-02
3.734674677252769470e-02 4.356403276324272156e-02
3.729000315070152283e-02 4.350981116294860840e-02
3.723351284861564636e-02 4.345585405826568604e-02
3.717728704214096069e-02 4.340217262506484985e-02
3.712131828069686890e-02 4.334874451160430908e-02
3.706560283899307251e-02 4.329557344317436218e-02
3.701014444231987000e-02 4.324266687035560608e-02
3.695493936538696289e-02 4.319001734256744385e-02
3.689999133348464966e-02 4.313763603568077087e-02
3.684528917074203491e-02 4.308549687266349792e-02
3.679084405303001404e-02 4.303362593054771423e-02
3.673664480447769165e-02 4.298200085759162903e-02
3.668269887566566467e-02 4.293063282966613770e-02
3.662899881601333618e-02 4.287952184677124023e-02
3.657554835081100464e-02 4.282865673303604126e-02
3.652234002947807312e-02 4.277804866433143616e-02
3.646937385201454163e-02 4.272768646478652954e-02
3.641665726900100708e-02 4.267756268382072449e-02
3.636418282985687256e-02 4.262770339846611023e-02
3.631194680929183960e-02 4.257807880640029907e-02
3.625995665788650513e-02 4.252870008349418640e-02
3.620820119976997375e-02 4.247956722974777222e-02
3.615668416023254395e-02 4.243068024516105652e-02
3.610540553927421570e-02 4.238203167915344238e-02
3.605436533689498901e-02 4.233361780643463135e-02
3.600355982780456543e-02 4.228545352816581726e-02
3.595298528671264648e-02 4.223752766847610474e-02
3.590264171361923218e-02 4.218983277678489685e-02
3.585253655910491943e-02 4.214237630367279053e-02
3.580266237258911133e-02 4.209515824913978577e-02
3.575301915407180786e-02 4.204817488789558411e-02
3.570359945297241211e-02 4.200142621994018555e-02
3.565441444516181946e-02 4.195490851998329163e-02
3.560545668005943298e-02 4.190862178802490234e-02
3.555671870708465576e-02 4.186256974935531616e-02
3.550820797681808472e-02 4.181674867868423462e-02
3.545992448925971985e-02 4.177115112543106079e-02
3.541186079382896423e-02 4.172577708959579468e-02
3.536402434110641479e-02 4.168063402175903320e-02
3.531640768051147461e-02 4.163571819663047791e-02
3.526900708675384521e-02 4.159102216362953186e-02
3.522182628512382507e-02 4.154654964804649353e-02
3.517486900091171265e-02 4.150230437517166138e-02
3.512812405824661255e-02 4.145827516913414001e-02
3.508159890770912170e-02 4.141447320580482483e-02
3.503528609871864319e-02 4.137087985873222351e-02
3.498918935656547546e-02 4.132751747965812683e-02
3.494330495595932007e-02 4.128436371684074402e-02
3.489763289690017700e-02 4.124142974615097046e-02
3.485217317938804626e-02 4.119870439171791077e-02
3.480692580342292786e-02 4.115619882941246033e-02
3.476188331842422485e-02 4.111390560865402222e-02
3.471704944968223572e-02 4.107182472944259644e-02
3.467242792248725891e-02 4.102995619177818298e-02
3.462800756096839905e-02 4.098829999566078186e-02
3.458379954099655151e-02 4.094684496521949768e-02
3.453978896141052246e-02 4.090560972690582275e-02
3.449598699808120728e-02 4.086457192897796631e-02
3.445238620042800903e-02 4.082374647259712219e-02
3.440898656845092773e-02 4.078312218189239502e-02
3.436578810214996338e-02 4.074270650744438171e-02
3.432279452681541443e-02 4.070249199867248535e-02
3.427999094128608704e-02 4.066248610615730286e-02
3.423738852143287659e-02 4.062267392873764038e-02
3.419498726725578308e-02 4.058305919170379639e-02
3.415278345346450806e-02 4.054365307092666626e-02
3.411077335476875305e-02 4.050444811582565308e-02
3.406895697116851807e-02 4.046542942523956299e-02
3.402732685208320618e-02 4.042661562561988831e-02
3.398589789867401123e-02 4.038798809051513672e-02
3.394465893507003784e-02 4.034956172108650208e-02
3.390360623598098755e-02 4.031133279204368591e-02
3.386275097727775574e-02 4.027329757809638977e-02
3.382208198308944702e-02 4.023544862866401672e-02
3.378159925341606140e-02 4.019779711961746216e-02
3.374130651354789734e-02 4.016032814979553223e-02
3.370119631290435791e-02 4.012304544448852539e-02
3.366127237677574158e-02 4.008596017956733704e-02
3.362153470516204834e-02 4.004906490445137024e-02
3.358198329806327820e-02 4.001234844326972961e-02
3.354260697960853577e-02 3.997581824660301208e-02
3.350341692566871643e-02 3.993947431445121765e-02
3.346440941095352173e-02 3.990331292152404785e-02
3.342558071017265320e-02 3.986733406782150269e-02
3.338692709803581238e-02 3.983153775334358215e-02
3.334845602512359619e-02 3.979591652750968933e-02
3.331016004085540771e-02 3.976048901677131653e-02
3.327204659581184387e-02 3.972522914409637451e-02
3.323410078883171082e-02 3.969014808535575867e-02
3.319633007049560547e-02 3.965524584054946899e-02
3.315874189138412476e-02 3.962052613496780396e-02
3.312132135033607483e-02 3.958597406744956970e-02
3.308407589793205261e-02 3.955160081386566162e-02
3.304700180888175964e-02 3.951739892363548279e-02
3.301009535789489746e-02 3.948336839675903320e-02
3.297335654497146606e-02 3.944950923323631287e-02
3.293679282069206238e-02 3.941582515835762024e-02
3.290039300918579102e-02 3.938230872154235840e-02
3.286416456103324890e-02 3.934896364808082581e-02
3.282810002565383911e-02 3.931578248739242554e-02
3.279219940304756165e-02 3.928276523947715759e-02
3.275646269321441650e-02 3.924992680549621582e-02
3.272089362144470215e-02 3.921724110841751099e-02
3.268548473715782166e-02 3.918472677469253540e-02
3.265023976564407349e-02 3.915237635374069214e-02
3.261515870690345764e-02 3.912018984556198120e-02
3.258023783564567566e-02 3.908816352486610413e-02
3.254546970129013062e-02 3.905630111694335938e-02
3.251086920499801636e-02 3.902459889650344849e-02
3.247642517089843750e-02 3.899304941296577454e-02
3.244213759899139404e-02 3.896166384220123291e-02
3.240800648927688599e-02 3.893043100833892822e-02
3.237402811646461487e-02 3.889936953783035278e-02
3.234020993113517761e-02 3.886844962835311890e-02
3.230654448270797729e-02 3.883768990635871887e-02
3.227303549647331238e-02 3.880708292126655579e-02
3.223967179656028748e-02 3.877662867307662964e-02
3.220646828413009644e-02 3.874633461236953735e-02
3.217341378331184387e-02 3.871618583798408508e-02
3.214050456881523132e-02 3.868619352579116821e-02
3.210775181651115417e-02 3.865634277462959290e-02
3.207514062523841858e-02 3.862664476037025452e-02
3.204268589615821838e-02 3.859709948301315308e-02
3.201037645339965820e-02 3.856769576668739319e-02
3.197820484638214111e-02 3.853844478726387024e-02
3.194618970155715942e-02 3.850934281945228577e-02
3.191431239247322083e-02 3.848037868738174438e-02
3.188258409500122070e-02 3.845155611634254456e-02
3.185099735856056213e-02 3.842288628220558167e-02
3.181955218315124512e-02 3.839436173439025879e-02
3.178825229406356812e-02 3.836596757173538208e-02
3.175709396600723267e-02 3.833772242069244385e-02
3.172607719898223877e-02 3.830961510539054871e-02
3.169519454240798950e-02 3.828164562582969666e-02
3.166445344686508179e-02 3.825382515788078308e-02
3.163385763764381409e-02 3.822613134980201721e-02
3.160338848829269409e-02 3.819857910275459290e-02
3.157306462526321411e-02 3.817116096615791321e-02
3.154287114739418030e-02 3.814387694001197815e-02
3.151281923055648804e-02 3.811673447489738464e-02
3.148289769887924194e-02 3.808972239494323730e-02
3.145311027765274048e-02 3.806284442543983459e-02
3.142345696687698364e-02 3.803609684109687805e-02
3.139393776655197144e-02 3.800949081778526306e-02
3.136454895138740540e-02 3.798301145434379578e-02
3.133529424667358398e-02 3.795665502548217773e-02
3.130616620182991028e-02 3.793043270707130432e-02
3.127717226743698120e-02 3.790434449911117554e-02
3.124830313026905060e-02 3.787838295102119446e-02
3.121956810355186462e-02 3.785254061222076416e-02
3.119095787405967712e-02 3.782683238387107849e-02
3.116247616708278656e-02 3.780124336481094360e-02
3.113411925733089447e-02 3.777578845620155334e-02
3.110588900744915009e-02 3.775045648217201233e-02
3.107778541743755341e-02 3.772523999214172363e-02
3.104980476200580597e-02 3.770015761256217957e-02
3.102194890379905701e-02 3.767519071698188782e-02
3.099421411752700806e-02 3.765034675598144531e-02
3.096660785377025604e-02 3.762562200427055359e-02
3.093911707401275635e-02 3.760102018713951111e-02
3.091174922883510590e-02 3.757653757929801941e-02
3.088450245559215546e-02 3.755216673016548157e-02
3.085737302899360657e-02 3.752792254090309143e-02
3.083036839962005615e-02 3.750379383563995361e-02
3.080347925424575806e-02 3.747978061437606812e-02
3.077670931816101074e-02 3.745589032769203186e-02
3.075005859136581421e-02 3.743209689855575562e-02
3.072351776063442230e-02 3.740843385457992554e-02
3.069709800183773041e-02 3.738488256931304932e-02
3.067079186439514160e-02 3.736143931746482849e-02
3.064460121095180511e-02 3.733810409903526306e-02
3.061852417886257172e-02 3.731489181518554688e-02
3.059256263077259064e-02 3.729178756475448608e-02
3.056671470403671265e-02 3.726879507303237915e-02
3.054097853600978851e-02 3.724591061472892761e-02
3.051535598933696747e-02 3.722313046455383301e-02
3.048984147608280182e-02 3.720046207308769226e-02
3.046443499624729156e-02 3.717790171504020691e-02
3.043914400041103363e-02 3.715544939041137695e-02
3.041396103799343109e-02 3.713310137391090393e-02
3.038888610899448395e-02 3.711085766553878784e-02
3.036392293870449066e-02 3.708872571587562561e-02
3.033906221389770508e-02 3.706669062376022339e-02
3.031430952250957489e-02 3.704476356506347656e-02
3.028966672718524933e-02 3.702294453978538513e-02
3.026512451469898224e-02 3.700122237205505371e-02
3.024069592356681824e-02 3.697958961129188538e-02
3.021636418998241425e-02 3.695807605981826782e-02
3.019213862717151642e-02 3.693665191531181335e-02
3.016801364719867706e-02 3.691533580422401428e-02
3.014399483799934387e-02 3.689410910010337830e-02
3.012007661163806915e-02 3.687299042940139771e-02
3.009626455605030060e-02 3.685196861624717712e-02
3.007255308330059052e-02 3.683104366064071655e-02
3.004893846809864044e-02 3.681021556258201599e-02
3.002542816102504730e-02 3.678948432207107544e-02
3.000201471149921417e-02 3.676884621381759644e-02
2.997870557010173798e-02 3.674830496311187744e-02
2.995548956096172333e-02 3.672785684466362000e-02
2.993237227201461792e-02 3.670749813318252563e-02
2.990934997797012329e-02 3.668724000453948975e-02
2.988642826676368713e-02 3.666707873344421387e-02
2.986360527575016022e-02 3.664699941873550415e-02
2.984087541699409485e-02 3.662701696157455444e-02
2.981824055314064026e-02 3.660711646080017090e-02
2.979570068418979645e-02 3.658731654286384583e-02
2.977325767278671265e-02 3.656760975718498230e-02
2.975090965628623962e-02 3.654798120260238647e-02
2.972864918410778046e-02 3.652845323085784912e-02
2.970648743212223053e-02 3.650900349020957947e-02
2.968441136181354523e-02 3.648964315652847290e-02
2.966243214905261993e-02 3.647037222981452942e-02
2.964054606854915619e-02 3.645118325948715210e-02
2.961874380707740784e-02 3.643207997083663940e-02
2.959703281521797180e-02 3.641305863857269287e-02
2.957541868090629578e-02 3.639413416385650635e-02
2.955388836562633514e-02 3.637528792023658752e-02
2.953244559466838837e-02 3.635651990771293640e-02
2.951109595596790314e-02 3.633784130215644836e-02
2.948983199894428253e-02 3.631924465298652649e-02
2.946865186095237732e-02 3.630072996020317078e-02
2.944756485521793365e-02 3.628229349851608276e-02
2.942655608057975769e-02 3.626393899321556091e-02
2.940564043819904327e-02 3.624567016959190369e-02
2.938480861485004425e-02 3.622747585177421570e-02
2.936406247317790985e-02 3.620936349034309387e-02
2.934339642524719238e-02 3.619132563471794128e-02
2.932281419634819031e-02 3.617336601018905640e-02
2.930231951177120209e-02 3.615548834204673767e-02
2.928190678358078003e-02 3.613768890500068665e-02
2.926157787442207336e-02 3.611996397376060486e-02
2.924132719635963440e-02 3.610231354832649231e-02
2.922116033732891083e-02 3.608474507927894592e-02
2.920107729732990265e-02 3.606724366545677185e-02
2.918107248842716217e-02 3.604982420802116394e-02
2.916115149855613708e-02 3.603247553110122681e-02
2.914130315184593201e-02 3.601519763469696045e-02
2.912153862416744232e-02 3.599799424409866333e-02
2.910185605287551880e-02 3.598086535930633545e-02
2.908224426209926605e-02 3.596381098031997681e-02
2.906271629035472870e-02 3.594682738184928894e-02
2.904326468706130981e-02 3.592991456389427185e-02
2.902389131486415863e-02 3.591307252645492554e-02
2.900459617376327515e-02 3.589630126953125000e-02
2.898537553846836090e-02 3.587958961725234985e-02
2.896622940897941589e-02 3.586296364665031433e-02
2.894716151058673859e-02 3.584639728069305420e-02
2.892816253006458282e-02 3.582990542054176331e-02
2.890924736857414246e-02 3.581347689032554626e-02
2.889039926230907440e-02 3.579711541533470154e-02
2.887163124978542328e-02 3.578082844614982605e-02
2.885293588042259216e-02 3.576460480690002441e-02
2.883430756628513336e-02 3.574844822287559509e-02
2.881575562059879303e-02 3.573236241936683655e-02
2.879727818071842194e-02 3.571632131934165955e-02
2.877886965870857239e-02 3.570036962628364563e-02
2.876053377985954285e-02 3.568447008728981018e-02
2.874226681888103485e-02 3.566863760352134705e-02
2.872407622635364532e-02 3.565286472439765930e-02
2.870595082640647888e-02 3.563716262578964233e-02
2.868789620697498322e-02 3.562151640653610229e-02
2.866991609334945679e-02 3.560593724250793457e-02
2.865199930965900421e-02 3.559041768312454224e-02
2.863415516912937164e-02 3.557496517896652222e-02
2.861637622117996216e-02 3.555956482887268066e-02
2.859866619110107422e-02 3.554423153400421143e-02
2.858102135360240936e-02 3.552895411849021912e-02
2.856344543397426605e-02 3.551374375820159912e-02
2.854594029486179352e-02 3.549858555197715759e-02
2.852849662303924561e-02 3.548349067568778992e-02
2.851112000644207001e-02 3.546845540404319763e-02
2.849381417036056519e-02 3.545347228646278381e-02
2.847656793892383575e-02 3.543855622410774231e-02
2.845939062535762787e-02 3.542369231581687927e-02
2.844227850437164307e-02 3.540888428688049316e-02
2.842522598803043365e-02 3.539413586258888245e-02
2.840824052691459656e-02 3.537944331765174866e-02
2.839131839573383331e-02 3.536479920148849487e-02
2.837445586919784546e-02 3.535022586584091187e-02
2.835766598582267761e-02 3.533570095896720886e-02
2.834093011915683746e-02 3.532123193144798279e-02
