2.899973988533020020e-01 3.229294419288635254e-01
2.889419794082641602e-01 3.217812776565551758e-01
2.878901958465576172e-01 3.206370472908020020e-01
2.868421077728271484e-01 3.194969296455383301e-01
2.857978641986846924e-01 3.183608651161193848e-01
2.847575247287750244e-01 3.172289729118347168e-01
2.837210893630981445e-01 3.161013424396514893e-01
2.826886177062988281e-01 3.149779140949249268e-01
2.816601693630218506e-01 3.138587772846221924e-01
2.806357741355895996e-01 3.127439916133880615e-01
2.796154618263244629e-01 3.116335570812225342e-01
2.785992622375488281e-01 3.105275034904479980e-01
2.775872647762298584e-01 3.094259202480316162e-01
2.765793800354003906e-01 3.083288073539733887e-01
2.755757868289947510e-01 3.072361946105957031e-01
2.745763957500457764e-01 3.061480522155761719e-01
2.735812664031982422e-01 3.050644695758819580e-01
2.725904285907745361e-01 3.039854466915130615e-01
2.716039121150970459e-01 3.029110133647918701e-01
2.706217169761657715e-01 3.018411695957183838e-01
2.696438133716583252e-01 3.007759153842926025e-01
2.686702609062194824e-01 2.997152209281921387e-01
2.677010595798492432e-01 2.986591756343841553e-01
2.667362391948699951e-01 2.976077497005462646e-01
2.657757401466369629e-01 2.965609729290008545e-01
2.648196220397949219e-01 2.955187261104583740e-01
2.638678252696990967e-01 2.944811582565307617e-01
2.629204094409942627e-01 2.934480905532836914e-01
2.619772851467132568e-01 2.924196720123291016e-01
2.610385119915008545e-01 2.913958132266998291e-01
2.601040899753570557e-01 2.903765141963958740e-01
2.591739892959594727e-01 2.893618047237396240e-01
2.582481503486633301e-01 2.883516252040863037e-01
2.573266029357910156e-01 2.873460054397583008e-01
2.564093768596649170e-01 2.863448262214660645e-01
2.554963231086730957e-01 2.853481769561767578e-01
2.545875906944274902e-01 2.843559682369232178e-01
2.536830306053161621e-01 2.833682000637054443e-01
2.527827024459838867e-01 2.823848724365234375e-01
2.518864870071411133e-01 2.814059257507324219e-01
2.509944438934326172e-01 2.804313898086547852e-01
2.501065731048583984e-01 2.794612050056457520e-01
2.492227554321289062e-01 2.784953415393829346e-01
2.483430355787277222e-01 2.775337398052215576e-01
2.474673837423324585e-01 2.765764296054840088e-01
2.465957552194595337e-01 2.756233513355255127e-01
2.457281202077865601e-01 2.746745347976684570e-01
2.448644787073135376e-01 2.737299203872680664e-01
2.440047860145568848e-01 2.727893590927124023e-01
2.431490272283554077e-01 2.718530297279357910e-01
2.422971129417419434e-01 2.709207236766815186e-01
2.414491176605224609e-01 2.699925601482391357e-01
2.406049370765686035e-01 2.690683901309967041e-01
2.397645711898803711e-01 2.681481838226318359e-01
2.389279752969741821e-01 2.672320306301116943e-01
2.380951642990112305e-01 2.663197815418243408e-01
2.372660189867019653e-01 2.654114365577697754e-01
2.364405989646911621e-01 2.645069956779479980e-01
2.356188297271728516e-01 2.636063992977142334e-01
2.348007112741470337e-01 2.627096176147460938e-01
2.339861840009689331e-01 2.618165910243988037e-01
2.331752479076385498e-01 2.609273493289947510e-01
2.323678731918334961e-01 2.600418329238891602e-01
2.315640151500701904e-01 2.591600716114044189e-01
2.307636290788650513e-01 2.582818865776062012e-01
2.299667447805404663e-01 2.574074566364288330e-01
2.291732728481292725e-01 2.565365433692932129e-01
2.283831983804702759e-01 2.556692361831665039e-01
2.275965362787246704e-01 2.548055052757263184e-01
2.268132269382476807e-01 2.539452910423278809e-01
2.260332703590393066e-01 2.530885636806488037e-01
2.252565920352935791e-01 2.522353231906890869e-01
2.244832068681716919e-01 2.513855397701263428e-01
2.237130850553512573e-01 2.505391538143157959e-01
2.229461967945098877e-01 2.496961951255798340e-01
2.221825122833251953e-01 2.488565891981124878e-01
2.214220166206359863e-01 2.480203360319137573e-01
2.206646949052810669e-01 2.471873760223388672e-01
2.199104726314544678e-01 2.463577836751937866e-01
2.191593945026397705e-01 2.455314248800277710e-01
2.184114009141921997e-01 2.447082996368408203e-01
2.176664620637893677e-01 2.438884079456329346e-01
2.169245630502700806e-01 2.430716753005981445e-01
2.161857187747955322e-01 2.422581613063812256e-01
2.154498547315597534e-01 2.414478510618209839e-01
2.147169709205627441e-01 2.406406253576278687e-01
2.139870375394821167e-01 2.398365288972854614e-01
2.132600545883178711e-01 2.390355020761489868e-01
2.125359922647476196e-01 2.382375448942184448e-01
2.118147909641265869e-01 2.374426722526550293e-01
2.110965102910995483e-01 2.366508245468139648e-01
2.103810757398605347e-01 2.358619570732116699e-01
2.096684575080871582e-01 2.350761294364929199e-01
2.089586853981018066e-01 2.342932075262069702e-01
2.082517147064208984e-01 2.335133105516433716e-01
2.075475156307220459e-01 2.327363044023513794e-01
2.068460434675216675e-01 2.319622039794921875e-01
2.061473429203033447e-01 2.311910092830657959e-01
2.054513692855834961e-01 2.304227054119110107e-01
2.047581225633621216e-01 2.296572476625442505e-01
2.040675729513168335e-01 2.288946360349655151e-01
2.033796608448028564e-01 2.281348705291748047e-01
2.026944160461425781e-01 2.273778766393661499e-01
2.020118236541748047e-01 2.266236841678619385e-01
2.013318538665771484e-01 2.258722931146621704e-01
2.006544768810272217e-01 2.251236289739608765e-01
1.999797075986862183e-01 2.243777364492416382e-01
1.993075013160705566e-01 2.236345708370208740e-01
1.986378878355026245e-01 2.228940874338150024e-01
1.979708075523376465e-01 2.221563011407852173e-01
1.973062306642532349e-01 2.214212119579315186e-01
1.966442018747329712e-01 2.206887900829315186e-01
1.959846615791320801e-01 2.199590355157852173e-01
1.953276097774505615e-01 2.192319035530090332e-01
1.946730166673660278e-01 2.185074239969253540e-01
1.940209269523620605e-01 2.177854925394058228e-01
1.933712363243103027e-01 2.170661836862564087e-01
1.927240043878555298e-01 2.163494676351547241e-01
1.920792013406753540e-01 2.156352996826171875e-01
1.914367675781250000e-01 2.149237096309661865e-01
1.907967329025268555e-01 2.142146527767181396e-01
1.901590824127197266e-01 2.135080993175506592e-01
1.895238012075424194e-01 2.128041088581085205e-01
1.888908743858337402e-01 2.121025919914245605e-01
1.882602870464324951e-01 2.114035636186599731e-01
1.876320242881774902e-01 2.107070386409759521e-01
1.870060861110687256e-01 2.100129425525665283e-01
1.863824427127838135e-01 2.093213349580764771e-01
1.857611089944839478e-01 2.086321711540222168e-01
1.851420402526855469e-01 2.079454362392425537e-01
1.845252662897109985e-01 2.072610855102539062e-01
1.839107424020767212e-01 2.065791934728622437e-01
1.832984685897827148e-01 2.058997005224227905e-01
1.826884150505065918e-01 2.052226066589355469e-01
1.820805966854095459e-01 2.045478522777557373e-01
1.814749985933303833e-01 2.038754820823669434e-01
1.808716058731079102e-01 2.032054513692855835e-01
1.802704036235809326e-01 2.025377899408340454e-01
1.796713918447494507e-01 2.018724679946899414e-01
1.790745556354522705e-01 2.012094408273696899e-01
1.784798651933670044e-01 2.005487382411956787e-01
1.778873503208160400e-01 1.998903602361679077e-01
1.772969663143157959e-01 1.992342472076416016e-01
1.767086982727050781e-01 1.985804438591003418e-01
1.761226058006286621e-01 1.979289352893829346e-01
1.755385696887969971e-01 1.972796320915222168e-01
1.749566793441772461e-01 1.966326385736465454e-01
1.743768751621246338e-01 1.959878951311111450e-01
1.737991720438003540e-01 1.953453719615936279e-01
1.732235252857208252e-01 1.947050690650939941e-01
1.726499497890472412e-01 1.940669864416122437e-01
1.720784455537796021e-01 1.934311240911483765e-01
1.715089827775955200e-01 1.927974671125411987e-01
1.709415763616561890e-01 1.921660155057907104e-01
1.703762263059616089e-01 1.915367692708969116e-01
1.698128581047058105e-01 1.909096837043762207e-01
1.692515164613723755e-01 1.902847439050674438e-01
1.686921864748001099e-01 1.896619796752929688e-01
1.681348681449890137e-01 1.890413612127304077e-01
1.675795316696166992e-01 1.884228587150573730e-01
1.670261770486831665e-01 1.878065615892410278e-01
1.664748042821884155e-01 1.871923357248306274e-01
1.659253835678100586e-01 1.865802556276321411e-01
1.653779596090316772e-01 1.859702765941619873e-01
1.648324579000473022e-01 1.853623986244201660e-01
1.642888933420181274e-01 1.847566217184066772e-01
1.637472957372665405e-01 1.841529607772827148e-01
1.632076054811477661e-01 1.835513561964035034e-01
1.626698523759841919e-01 1.829518377780914307e-01
1.621340066194534302e-01 1.823543608188629150e-01
1.616000682115554810e-01 1.817589402198791504e-01
1.610680222511291504e-01 1.811655759811401367e-01
1.605378687381744385e-01 1.805742681026458740e-01
1.600095927715301514e-01 1.799849867820739746e-01
1.594832092523574829e-01 1.793977469205856323e-01
1.589586883783340454e-01 1.788125187158584595e-01
1.584360599517822266e-01 1.782293170690536499e-01
1.579152494668960571e-01 1.776481270790100098e-01
1.573963016271591187e-01 1.770689040422439575e-01
1.568792015314102173e-01 1.764916926622390747e-01
1.563639342784881592e-01 1.759164780378341675e-01
1.558504849672317505e-01 1.753432303667068481e-01
1.553388684988021851e-01 1.747719794511795044e-01
1.548290550708770752e-01 1.742026805877685547e-01
1.543210744857788086e-01 1.736353486776351929e-01
1.538148969411849976e-01 1.730699688196182251e-01
1.533104926347732544e-01 1.725065112113952637e-01
1.528078913688659668e-01 1.719450205564498901e-01
1.523070484399795532e-01 1.713854670524597168e-01
1.518080085515975952e-01 1.708278357982635498e-01
1.513107419013977051e-01 1.702721118927001953e-01
1.508152335882186890e-01 1.697183251380920410e-01
1.503214687108993530e-01 1.691664308309555054e-01
1.498294621706008911e-01 1.686164140701293945e-01
1.493392139673233032e-01 1.680683344602584839e-01
1.488506793975830078e-01 1.675221323966979980e-01
1.483638882637023926e-01 1.669778078794479370e-01
1.478788256645202637e-01 1.664353609085083008e-01
1.473955065011978149e-01 1.658948063850402832e-01
1.469138711690902710e-01 1.653560996055603027e-01
1.464339643716812134e-01 1.648192554712295532e-01
1.459557414054870605e-01 1.642842590808868408e-01
1.454792171716690063e-01 1.637511104345321655e-01
1.450043916702270508e-01 1.632198095321655273e-01
1.445312649011611938e-01 1.626903414726257324e-01
1.440598070621490479e-01 1.621627062559127808e-01
1.435900181531906128e-01 1.616368889808654785e-01
1.431218981742858887e-01 1.611129045486450195e-01
1.426554471254348755e-01 1.605907231569290161e-01
1.421906650066375732e-01 1.600703448057174683e-01
1.417275071144104004e-01 1.595517545938491821e-01
1.412660181522369385e-01 1.590350121259689331e-01
1.408061683177947998e-01 1.585200130939483643e-01
1.403479427099227905e-01 1.580068320035934448e-01
1.398913562297821045e-01 1.574954092502593994e-01
1.394363790750503540e-01 1.569857597351074219e-01
1.389830261468887329e-01 1.564778834581375122e-01
1.385312974452972412e-01 1.559717655181884766e-01
1.380811780691146851e-01 1.554674357175827026e-01
1.376326680183410645e-01 1.549648195505142212e-01
1.371857374906539917e-01 1.544639617204666138e-01
1.367404013872146606e-01 1.539648473262786865e-01
1.362966746091842651e-01 1.534674763679504395e-01
1.358545124530792236e-01 1.529718339443206787e-01
1.354139447212219238e-01 1.524779051542282104e-01
1.349749267101287842e-01 1.519857197999954224e-01
1.345374733209609985e-01 1.514952331781387329e-01
1.341016143560409546e-01 1.510064750909805298e-01
1.336672753095626831e-01 1.505194008350372314e-01
1.332345008850097656e-01 1.500340402126312256e-01
1.328032910823822021e-01 1.495503634214401245e-01
1.323736011981964111e-01 1.490684002637863159e-01
1.319454610347747803e-01 1.485881060361862183e-01
1.315188556909561157e-01 1.481094956398010254e-01
1.310937702655792236e-01 1.476325988769531250e-01
1.306702196598052979e-01 1.471573263406753540e-01
1.302481740713119507e-01 1.466837227344512939e-01
1.298276633024215698e-01 1.462118029594421387e-01
1.294086426496505737e-01 1.457415223121643066e-01
1.289911419153213501e-01 1.452729105949401855e-01
1.285751163959503174e-01 1.448059380054473877e-01
1.281605958938598633e-01 1.443406045436859131e-01
1.277475804090499878e-01 1.438768953084945679e-01
1.273360401391983032e-01 1.434148401021957397e-01
1.269259750843048096e-01 1.429543942213058472e-01
1.265174001455307007e-01 1.424956023693084717e-01
1.261102855205535889e-01 1.420384198427200317e-01
1.257046461105346680e-01 1.415828317403793335e-01
1.253004670143127441e-01 1.411288529634475708e-01
1.248977258801460266e-01 1.406765133142471313e-01
1.244964748620986938e-01 1.402257531881332397e-01
1.240966394543647766e-01 1.397765874862670898e-01
1.236982792615890503e-01 1.393290013074874878e-01
1.233013421297073364e-01 1.388830393552780151e-01
1.229058355093002319e-01 1.384386271238327026e-01
1.225117817521095276e-01 1.379957944154739380e-01
1.221191436052322388e-01 1.375545263290405273e-01
1.217279210686683655e-01 1.371148377656936646e-01
1.213381066918373108e-01 1.366767287254333496e-01
1.209497302770614624e-01 1.362401545047760010e-01
1.205627545714378357e-01 1.358051747083663940e-01
1.201771944761276245e-01 1.353717297315597534e-01
1.197930276393890381e-01 1.349398046731948853e-01
1.194102540612220764e-01 1.345094442367553711e-01
1.190288811922073364e-01 1.340806335210800171e-01
1.186489015817642212e-01 1.336533278226852417e-01
1.182702854275703430e-01 1.332275718450546265e-01
1.178930699825286865e-01 1.328033506870269775e-01
1.175172105431556702e-01 1.323806196451187134e-01
1.171427518129348755e-01 1.319594234228134155e-01
1.167696267366409302e-01 1.315397471189498901e-01
1.163978874683380127e-01 1.311215609312057495e-01
1.160275116562843323e-01 1.307048946619033813e-01
1.156584694981575012e-01 1.302897036075592041e-01
1.152907982468605042e-01 1.298760324716567993e-01
1.149244606494903564e-01 1.294638365507125854e-01
1.145594716072082520e-01 1.290531307458877563e-01
1.141958236694335938e-01 1.286439150571823120e-01
1.138334944844245911e-01 1.282361745834350586e-01
1.134725213050842285e-01 1.278299093246459961e-01
1.131128668785095215e-01 1.274251043796539307e-01
1.127545163035392761e-01 1.270217746496200562e-01
1.123975068330764771e-01 1.266198903322219849e-01
1.120418235659599304e-01 1.262195110321044922e-01
1.116874143481254578e-01 1.258205324411392212e-01
1.113343238830566406e-01 1.254230290651321411e-01
1.109825447201728821e-01 1.250269562005996704e-01
1.106320545077323914e-01 1.246323212981224060e-01
1.102828830480575562e-01 1.242391616106033325e-01
1.099349856376647949e-01 1.238474026322364807e-01
1.095883771777153015e-01 1.234570667147636414e-01
1.092430427670478821e-01 1.230681613087654114e-01
1.088989973068237305e-01 1.226806864142417908e-01
1.085562258958816528e-01 1.222946271300315857e-01
1.082147359848022461e-01 1.219099834561347961e-01
1.078744977712631226e-01 1.215267479419708252e-01
1.075355261564254761e-01 1.211449205875396729e-01
1.071978285908699036e-01 1.207644790410995483e-01
1.068613752722740173e-01 1.203854456543922424e-01
1.065261811017990112e-01 1.200078129768371582e-01
1.061922386288642883e-01 1.196315437555313110e-01
1.058595329523086548e-01 1.192566901445388794e-01
1.055280789732933044e-01 1.188831925392150879e-01
1.051978394389152527e-01 1.185110732913017273e-01
1.048688441514968872e-01 1.181403473019599915e-01
1.045410856604576111e-01 1.177709698677062988e-01
1.042145490646362305e-01 1.174029931426048279e-01
1.038892492651939392e-01 1.170363500714302063e-01
1.035651490092277527e-01 1.166710704565048218e-01
1.032422706484794617e-01 1.163071319460868835e-01
1.029206067323684692e-01 1.159445568919181824e-01
1.026001349091529846e-01 1.155833229422569275e-01
1.022808849811553955e-01 1.152234375476837158e-01
1.019628271460533142e-01 1.148648783564567566e-01
1.016459688544273376e-01 1.145076677203178406e-01
1.013302952051162720e-01 1.141517683863639832e-01
1.010158285498619080e-01 1.137972325086593628e-01
1.007025390863418579e-01 1.134439930319786072e-01
1.003904268145561218e-01 1.130920648574829102e-01
1.000794917345046997e-01 1.127414554357528687e-01
9.976973384618759155e-02 1.123921647667884827e-01
9.946115314960479736e-02 1.120442003011703491e-01
9.915371984243392944e-02 1.116975098848342896e-01
9.884747117757797241e-02 1.113521456718444824e-01
9.854238480329513550e-02 1.110080555081367493e-01
9.823843836784362793e-02 1.106652617454528809e-01
9.793566167354583740e-02 1.103237569332122803e-01
9.763401746749877930e-02 1.099835485219955444e-01
9.733353555202484131e-02 1.096445918083190918e-01
9.703417867422103882e-02 1.093069612979888916e-01
9.673597663640975952e-02 1.089705452322959900e-01
9.643889218568801880e-02 1.086354479193687439e-01
9.614294767379760742e-02 1.083015874028205872e-01
9.584813565015792847e-02 1.079690158367156982e-01
9.555445611476898193e-02 1.076376959681510925e-01
9.526188671588897705e-02 1.073076203465461731e-01
9.497044235467910767e-02 1.069787815213203430e-01
9.468010067939758301e-02 1.066512241959571838e-01
9.439088404178619385e-02 1.063248813152313232e-01
9.410275518894195557e-02 1.059998050332069397e-01
9.381574392318725586e-02 1.056759431958198547e-01
9.352982789278030396e-02 1.053533181548118591e-01
9.324500709772109985e-02 1.050319224596023560e-01
9.296128153800964355e-02 1.047117561101913452e-01
9.267864376306533813e-02 1.043928116559982300e-01
9.239710122346878052e-02 1.040750741958618164e-01
9.211663156747817993e-02 1.037585809826850891e-01
9.183724224567413330e-02 1.034432724118232727e-01
9.155893325805664062e-02 1.031291782855987549e-01
9.128168970346450806e-02 1.028162837028503418e-01
9.100552648305892944e-02 1.025045886635780334e-01
9.073042124509811401e-02 1.021940931677818298e-01
9.045638144016265869e-02 1.018847897648811340e-01
9.018339961767196655e-02 1.015766635537147522e-01
8.991146832704544067e-02 1.012697294354438782e-01
8.964060246944427490e-02 1.009639799594879150e-01
8.937077969312667847e-02 1.006594151258468628e-01
8.910199254751205444e-02 1.003560125827789307e-01
8.883425593376159668e-02 1.000537946820259094e-01
8.856754750013351440e-02 9.975270926952362061e-02
8.830188959836959839e-02 9.945282340049743652e-02
8.803725242614746094e-02 9.915408492088317871e-02
8.777365088462829590e-02 9.885649383068084717e-02
8.751106262207031250e-02 9.856007248163223267e-02
8.724950999021530151e-02 9.826479852199554443e-02
8.698896318674087524e-02 9.797065705060958862e-02
8.672944456338882446e-02 9.767766296863555908e-02
8.647093176841735840e-02 9.738580882549285889e-02
8.621343225240707397e-02 9.709507972002029419e-02
8.595693111419677734e-02 9.680549055337905884e-02
8.570144325494766235e-02 9.651702642440795898e-02
8.544693887233734131e-02 9.622970223426818848e-02
8.519344031810760498e-02 9.594347327947616577e-02
8.494093269109725952e-02 9.565838426351547241e-02
8.468941599130630493e-02 9.537439793348312378e-02
8.443888276815414429e-02 9.509152173995971680e-02
8.418934047222137451e-02 9.480974823236465454e-02
8.394076675176620483e-02 9.452909231185913086e-02
8.369317650794982910e-02 9.424950927495956421e-02
8.344654738903045654e-02 9.397105127573013306e-02
8.320089429616928101e-02 9.369365125894546509e-02
8.295620232820510864e-02 9.341736882925033569e-02
8.271247893571853638e-02 9.314217418432235718e-02
8.246971666812896729e-02 9.286805242300033569e-02
8.222790807485580444e-02 9.259501099586486816e-02
8.198706060647964478e-02 9.232303500175476074e-02
8.174715936183929443e-02 9.205213934183120728e-02
8.150820434093475342e-02 9.178230911493301392e-02
8.127018809318542480e-02 9.151352941989898682e-02
8.103311806917190552e-02 9.124583750963211060e-02
8.079698681831359863e-02 9.097919613122940063e-02
8.056178689002990723e-02 9.071359783411026001e-02
8.032752573490142822e-02 9.044905751943588257e-02
8.009418845176696777e-02 9.018556773662567139e-02
7.986178249120712280e-02 8.992312848567962646e-02
7.963028550148010254e-02 8.966170996427536011e-02
7.939970493316650391e-02 8.940134197473526001e-02
7.917005568742752075e-02 8.914200216531753540e-02
7.894130796194076538e-02 8.888369053602218628e-02
7.871347665786743164e-02 8.862640708684921265e-02
7.848654687404632568e-02 8.837014436721801758e-02
7.826052606105804443e-02 8.811491727828979492e-02
7.803539186716079712e-02 8.786068111658096313e-02
7.781116664409637451e-02 8.760747313499450684e-02
7.758782058954238892e-02 8.735527098178863525e-02
7.736538350582122803e-02 8.710407465696334839e-02
7.714382559061050415e-02 8.685389161109924316e-02
7.692315429449081421e-02 8.660469949245452881e-02
7.670335471630096436e-02 8.635649085044860840e-02
7.648444920778274536e-02 8.610930293798446655e-02
7.626640796661376953e-02 8.586308360099792480e-02
7.604924589395523071e-02 8.561784774065017700e-02
7.583295553922653198e-02 8.537361025810241699e-02
7.561752945184707642e-02 8.513035625219345093e-02
7.540296763181686401e-02 8.488806337118148804e-02
7.518926262855529785e-02 8.464674651622772217e-02
7.497641444206237793e-02 8.440639823675155640e-02
7.476442307233810425e-02 8.416701853275299072e-02
7.455328106880187988e-02 8.392859250307083130e-02
7.434298098087310791e-02 8.369114995002746582e-02
7.413353770971298218e-02 8.345463871955871582e-02
7.392493635416030884e-02 8.321908861398696899e-02
7.371716201305389404e-02 8.298448473215103149e-02
7.351024448871612549e-02 8.275082707405090332e-02
7.330413907766342163e-02 8.251812309026718140e-02
7.309887558221817017e-02 8.228634297847747803e-02
7.289443910121917725e-02 8.205550909042358398e-02
7.269082218408584595e-02 8.182560652494430542e-02
7.248803228139877319e-02 8.159662783145904541e-02
7.228606194257736206e-02 8.136858791112899780e-02
7.208489626646041870e-02 8.114146441221237183e-02
7.188455760478973389e-02 8.091527223587036133e-02
7.168502360582351685e-02 8.068998157978057861e-02
7.148629426956176758e-02 8.046559244394302368e-02
7.128836959600448608e-02 8.024214208126068115e-02
7.109124958515167236e-02 8.001957833766937256e-02
7.089491933584213257e-02 7.979793101549148560e-02
7.069939374923706055e-02 7.957717031240463257e-02
7.050465792417526245e-02 7.935732603073120117e-02
7.031070441007614136e-02 7.913836091756820679e-02
7.011754810810089111e-02 7.892028987407684326e-02
6.992517411708831787e-02 7.870309799909591675e-02
6.973356753587722778e-02 7.848680764436721802e-02
6.954275071620941162e-02 7.827138900756835938e-02
6.935270130634307861e-02 7.805683463811874390e-02
6.916342675685882568e-02 7.784316688776016235e-02
6.897492706775665283e-02 7.763037830591201782e-02
6.878718733787536621e-02 7.741843909025192261e-02
6.860022246837615967e-02 7.720738649368286133e-02
6.841401010751724243e-02 7.699718326330184937e-02
6.822855025529861450e-02 7.678782939910888672e-02
6.804385036230087280e-02 7.657934725284576416e-02
6.785990297794342041e-02 7.637170702219009399e-02
6.767670810222625732e-02 7.616491615772247314e-02
6.749425083398818970e-02 7.595898211002349854e-02
6.731254607439041138e-02 7.575386762619018555e-02
6.713157892227172852e-02 7.554962486028671265e-02
6.695134937763214111e-02 7.534619420766830444e-02
6.677185744047164917e-02 7.514360547065734863e-02
6.659309566020965576e-02 7.494183629751205444e-02
6.641506403684616089e-02 7.474089413881301880e-02
6.623775511980056763e-02 7.454078644514083862e-02
6.606116890907287598e-02 7.434149086475372314e-02
6.588531285524368286e-02 7.414302229881286621e-02
6.571017205715179443e-02 7.394535839557647705e-02
6.553574651479721069e-02 7.374851405620574951e-02
6.536203622817993164e-02 7.355246692895889282e-02
6.518904119729995728e-02 7.335722446441650391e-02
6.501673907041549683e-02 7.316279411315917969e-02
6.484514474868774414e-02 7.296914607286453247e-02
6.467425823211669922e-02 7.277629524469375610e-02
6.450406461954116821e-02 7.258425652980804443e-02
6.433457136154174805e-02 7.239300012588500977e-02
6.416577845811843872e-02 7.220251113176345825e-02
6.399767100811004639e-02 7.201281934976577759e-02
6.383024901151657104e-02 7.182390242815017700e-02
6.366351246833801270e-02 7.163576036691665649e-02
6.349746137857437134e-02 7.144840061664581299e-02
6.333209574222564697e-02 7.126180082559585571e-02
6.316739320755004883e-02 7.107596099376678467e-02
6.300337612628936768e-02 7.089089602231979370e-02
6.284002214670181274e-02 7.070660591125488281e-02
6.267734616994857788e-02 7.052306085824966431e-02
6.251533329486846924e-02 7.034026831388473511e-02
6.235397979617118835e-02 7.015822082757949829e-02
6.219329312443733215e-02 6.997693330049514771e-02
6.203325837850570679e-02 6.979638338088989258e-02
6.187388300895690918e-02 6.961658596992492676e-02
6.171515956521034241e-02 6.943751871585845947e-02
6.155709177255630493e-02 6.925918906927108765e-02
6.139967218041419983e-02 6.908158957958221436e-02
6.124288961291313171e-02 6.890472769737243652e-02
6.108675524592399597e-02 6.872859597206115723e-02
6.093125045299530029e-02 6.855318695306777954e-02
6.077639013528823853e-02 6.837848573923110962e-02
6.062216684222221375e-02 6.820451468229293823e-02
6.046858057379722595e-02 6.803125888109207153e-02
6.031561270356178284e-02 6.785871833562850952e-02
6.016327440738677979e-02 6.768688559532165527e-02
6.001156568527221680e-02 6.751574575901031494e-02
5.986047536134719849e-02 6.734532117843627930e-02
5.970999598503112793e-02 6.717559695243835449e-02
5.956013873219490051e-02 6.700655817985534668e-02
5.941089615225791931e-02 6.683822721242904663e-02
5.926226824522018433e-02 6.667059659957885742e-02
5.911424010992050171e-02 6.650362908840179443e-02
5.896682292222976685e-02 6.633736938238143921e-02
5.882000550627708435e-02 6.617177277803421021e-02
5.867378413677215576e-02 6.600686907768249512e-02
5.852817371487617493e-02 6.584263592958450317e-02
5.838314816355705261e-02 6.567908078432083130e-02
5.823872238397598267e-02 6.551619619131088257e-02
5.809488520026206970e-02 6.535396724939346313e-02
5.795163661241531372e-02 6.519241631031036377e-02
5.780897289514541626e-02 6.503152102231979370e-02
5.766688659787178040e-02 6.487128138542175293e-02
5.752538889646530151e-02 6.471170485019683838e-02
5.738446116447448730e-02 6.455278396606445312e-02
5.724411085247993469e-02 6.439450383186340332e-02
5.710433423519134521e-02 6.423687934875488281e-02
5.696512386202812195e-02 6.407988071441650391e-02
5.682648345828056335e-02 6.392354518175125122e-02
5.668841674923896790e-02 6.376785039901733398e-02
5.655090510845184326e-02 6.361278146505355835e-02
5.641394481062889099e-02 6.345835328102111816e-02
5.627755820751190186e-02 6.330454349517822266e-02
5.614172294735908508e-02 6.315138190984725952e-02
5.600643903017044067e-02 6.299881637096405029e-02
5.587170273065567017e-02 6.284688413143157959e-02
5.573751404881477356e-02 6.269557774066925049e-02
5.560387670993804932e-02 6.254488229751586914e-02
5.547077581286430359e-02 6.239480152726173401e-02
5.533821880817413330e-02 6.224532425403594971e-02
5.520619451999664307e-02 6.209646165370941162e-02
5.507471412420272827e-02 6.194819882512092590e-02
5.494376271963119507e-02 6.180055066943168640e-02
5.481334403157234192e-02 6.165348365902900696e-02
5.468345433473587036e-02 6.150702387094497681e-02
5.455408990383148193e-02 6.136115640401840210e-02
5.442524328827857971e-02 6.121588125824928284e-02
5.429692566394805908e-02 6.107119098305702209e-02
5.416912212967872620e-02 6.092708557844161987e-02
5.404184013605117798e-02 6.078356876969337463e-02
5.391506478190422058e-02 6.064062938094139099e-02
5.378880724310874939e-02 6.049825996160507202e-02
5.366305634379386902e-02 6.035646796226501465e-02
5.353781580924987793e-02 6.021525338292121887e-02
5.341307446360588074e-02 6.007460877299308777e-02
5.328883603215217590e-02 5.993452295660972595e-02
5.316510051488876343e-02 5.979500710964202881e-02
5.304186418652534485e-02 5.965605005621910095e-02
5.291912332177162170e-02 5.951764434576034546e-02
5.279687419533729553e-02 5.937980860471725464e-02
5.267510935664176941e-02 5.924251675605773926e-02
5.255384370684623718e-02 5.910577997565269470e-02
5.243306234478950500e-02 5.896959081292152405e-02
5.231276899576187134e-02 5.883393436670303345e-02
5.219294503331184387e-02 5.869883298873901367e-02
5.207360908389091492e-02 5.856427550315856934e-02
5.195474997162818909e-02 5.843025073409080505e-02
5.183636397123336792e-02 5.829675868153572083e-02
5.171845108270645142e-02 5.816379562020301819e-02
5.160100758075714111e-02 5.803137272596359253e-02
5.148403346538543701e-02 5.789947509765625000e-02
5.136752873659133911e-02 5.776810273528099060e-02
5.125148966908454895e-02 5.763724818825721741e-02
5.113590881228446960e-02 5.750692263245582581e-02
5.102078989148139954e-02 5.737709999084472656e-02
5.090612173080444336e-02 5.724780261516571045e-02
5.079191550612449646e-02 5.711901932954788208e-02
5.067816004157066345e-02 5.699073523283004761e-02
5.056485906243324280e-02 5.686296522617340088e-02
5.045200511813163757e-02 5.673569440841674805e-02
5.033959448337554932e-02 5.660892277956008911e-02
5.022763088345527649e-02 5.648266151547431946e-02
5.011610686779022217e-02 5.635689571499824524e-02
5.000503361225128174e-02 5.623162165284156799e-02
4.989439249038696289e-02 5.610683560371398926e-02
4.978418350219726562e-02 5.598254874348640442e-02
4.967440664768218994e-02 5.585875362157821655e-02
4.956506937742233276e-02 5.573543161153793335e-02
4.945615679025650024e-02 5.561259761452674866e-02
4.934767633676528931e-02 5.549024790525436401e-02
4.923961684107780457e-02 5.536837130784988403e-02
4.913198575377464294e-02 5.524697154760360718e-02
4.902477562427520752e-02 5.512604489922523499e-02
4.891798272728919983e-02 5.500558018684387207e-02
4.881160706281661987e-02 5.488560348749160767e-02
4.870565235614776611e-02 5.476608872413635254e-02
4.860011115670204163e-02 5.464702844619750977e-02
4.849497601389884949e-02 5.452843010425567627e-02
4.839025065302848816e-02 5.441030114889144897e-02
4.828593879938125610e-02 5.429261922836303711e-02
4.818202555179595947e-02 5.417540296912193298e-02
4.807852208614349365e-02 5.405863747000694275e-02
4.797541722655296326e-02 5.394231528043746948e-02
4.787271469831466675e-02 5.382645130157470703e-02
4.777041077613830566e-02 5.371103063225746155e-02
4.766849800944328308e-02 5.359604954719543457e-02
4.756698384881019592e-02 5.348151922225952148e-02
4.746586084365844727e-02 5.336740612983703613e-02
4.736512526869773865e-02 5.325375869870185852e-02
4.726478457450866699e-02 5.314053222537040710e-02
4.716482385993003845e-02 5.302774161100387573e-02
4.706525430083274841e-02 5.291537940502166748e-02
4.696606472134590149e-02 5.280345305800437927e-02
4.686725512146949768e-02 5.269194766879081726e-02
4.676882177591323853e-02 5.258086696267127991e-02
4.667077213525772095e-02 5.247020721435546875e-02
4.657309502363204956e-02 5.235997959971427917e-02
4.647579416632652283e-02 5.225015804171562195e-02
4.637886211276054382e-02 5.214075744152069092e-02
4.628229886293411255e-02 5.203177034854888916e-02
4.618610814213752747e-02 5.192319303750991821e-02
4.609027877449989319e-02 5.181502550840377808e-02
4.599481821060180664e-02 5.170727521181106567e-02
4.589972645044326782e-02 5.159991979598999023e-02
4.580498859286308289e-02 5.149298161268234253e-02
4.571060836315155029e-02 5.138643831014633179e-02
4.561658948659896851e-02 5.128028988838195801e-02
4.552292451262474060e-02 5.117454379796981812e-02
4.542961344122886658e-02 5.106919631361961365e-02
4.533665999770164490e-02 5.096423998475074768e-02
4.524405673146247864e-02 5.085967853665351868e-02
4.515179991722106934e-02 5.075550824403762817e-02
4.505988955497741699e-02 5.065172165632247925e-02
4.496832937002182007e-02 5.054832249879837036e-02
4.487710818648338318e-02 5.044531822204589844e-02
4.478622972965240479e-02 5.034267902374267578e-02
4.469569772481918335e-02 5.024043470621109009e-02
4.460550099611282349e-02 5.013855546712875366e-02
4.451564326882362366e-02 5.003706738352775574e-02
4.442612454295158386e-02 4.993594810366630554e-02
4.433692619204521179e-02 4.983520880341529846e-02
4.424807429313659668e-02 4.973483458161354065e-02
4.415955021977424622e-02 4.963482543826103210e-02
4.407135397195816040e-02 4.953518882393836975e-02
4.398348554968833923e-02 4.943592101335525513e-02
4.389594495296478271e-02 4.933701828122138977e-02
4.380872845649719238e-02 4.923847690224647522e-02
4.372183978557586670e-02 4.914029687643051147e-02
4.363526776432991028e-02 4.904247447848320007e-02
4.354901611804962158e-02 4.894500970840454102e-02
4.346308112144470215e-02 4.884790256619453430e-02
4.337747022509574890e-02 4.875114560127258301e-02
4.329216852784156799e-02 4.865474626421928406e-02
4.320718348026275635e-02 4.855868592858314514e-02
4.312251135706901550e-02 4.846298694610595703e-02
4.303815215826034546e-02 4.836763441562652588e-02
4.295410588383674622e-02 4.827262461185455322e-02
4.287036508321762085e-02 4.817795380949974060e-02
4.278692230582237244e-02 4.808362945914268494e-02
4.270379990339279175e-02 4.798964411020278931e-02
4.262096807360649109e-02 4.789599776268005371e-02
4.253844544291496277e-02 4.780269041657447815e-02
4.245622083544731140e-02 4.770971834659576416e-02
4.237429425120353699e-02 4.761708155274391174e-02
4.229266941547393799e-02 4.752477258443832397e-02
4.221134260296821594e-02 4.743279889225959778e-02
4.213031008839607239e-02 4.734115302562713623e-02
4.204957187175750732e-02 4.724983498454093933e-02
4.196913167834281921e-02 4.715884849429130554e-02
4.188897460699081421e-02 4.706817492842674255e-02
4.180910810828208923e-02 4.697783663868904114e-02
4.172953218221664429e-02 4.688780754804611206e-02
4.165024310350418091e-02 4.679810628294944763e-02
4.157124087214469910e-02 4.670872911810874939e-02
4.149252176284790039e-02 4.661965742707252502e-02
4.141408577561378479e-02 4.653090983629226685e-02
4.133593291044235229e-02 4.644247144460678101e-02
4.125806316733360291e-02 4.635434970259666443e-02
4.118046909570693970e-02 4.626653343439102173e-02
4.110315069556236267e-02 4.617903009057044983e-02
4.102611541748046875e-02 4.609183222055435181e-02
4.094934836030006409e-02 4.600494354963302612e-02
4.087286442518234253e-02 4.591836407780647278e-02
4.079664498567581177e-02 4.583208635449409485e-02
4.072070494294166565e-02 4.574611037969589233e-02
4.064503312110900879e-02 4.566043242812156677e-02
4.056962952017784119e-02 4.557505622506141663e-02
4.049448668956756592e-02 4.548998177051544189e-02
4.041961953043937683e-02 4.540520906448364258e-02
4.034502431750297546e-02 4.532072693109512329e-02
4.027068242430686951e-02 4.523653164505958557e-02
4.019660502672195435e-02 4.515263810753822327e-02
4.012279212474822998e-02 4.506903141736984253e-02
4.004923626780509949e-02 4.498571902513504028e-02
3.997594118118286133e-02 4.490269348025321960e-02
3.990291059017181396e-02 4.481995850801467896e-02
3.983012586832046509e-02 4.473751038312911987e-02
3.975760936737060547e-02 4.465534165501594543e-02
3.968534246087074280e-02 4.457346349954605103e-02
3.961332887411117554e-02 4.449185356497764587e-02
3.954156860709190369e-02 4.441054165363311768e-02
3.947006165981292725e-02 4.432949796319007874e-02
3.939880430698394775e-02 4.424874484539031982e-02
3.932779654860496521e-02 4.416826367378234863e-02
3.925703465938568115e-02 4.408805817365646362e-02
3.918652236461639404e-02 4.400813207030296326e-02
3.911625593900680542e-02 4.392847418785095215e-02
3.904623538255691528e-02 4.384909197688102722e-02
3.897645324468612671e-02 4.376998171210289001e-02
3.890691697597503662e-02 4.369113594293594360e-02
3.883762657642364502e-02 4.361256957054138184e-02
3.876857087016105652e-02 4.353426024317741394e-02
3.869976103305816650e-02 4.345622658729553223e-02
3.863118216395378113e-02 4.337845370173454285e-02
3.856284916400909424e-02 4.330094903707504272e-02
3.849474713206291199e-02 4.322370514273643494e-02
3.842688724398612976e-02 4.314671829342842102e-02
3.835925459861755371e-02 4.307000711560249329e-02
3.829185664653778076e-02 4.299354925751686096e-02
3.822468966245651245e-02 4.291734471917152405e-02
3.815775737166404724e-02 4.284139722585678101e-02
3.809105604887008667e-02 4.276571422815322876e-02
3.802457824349403381e-02 4.269028082489967346e-02
3.795833885669708252e-02 4.261510446667671204e-02
3.789232298731803894e-02 4.254018142819404602e-02
3.782652691006660461e-02 4.246551170945167542e-02
3.776096180081367493e-02 4.239109158515930176e-02
3.769561648368835449e-02 4.231691733002662659e-02
3.763049840927124023e-02 4.224300011992454529e-02
3.756560757756233215e-02 4.216932505369186401e-02
3.750093281269073486e-02 4.209590330719947815e-02
3.743648529052734375e-02 4.202272370457649231e-02
3.737225383520126343e-02 4.194978624582290649e-02
3.730823844671249390e-02 4.187709465622901917e-02
3.724444657564163208e-02 4.180464521050453186e-02
3.718086332082748413e-02 4.173244163393974304e-02
3.711749985814094543e-02 4.166047647595405579e-02
3.705435246229171753e-02 4.158874973654747009e-02
3.699141740798950195e-02 4.151726141571998596e-02
3.692869842052459717e-02 4.144601896405220032e-02
3.686619549989700317e-02 4.137500002980232239e-02
3.680389747023582458e-02 4.130423069000244141e-02
3.674181550741195679e-02 4.123368486762046814e-02
3.667994216084480286e-02 4.116337746381759644e-02
3.661827370524406433e-02 4.109331220388412476e-02
3.655681386590003967e-02 4.102346673607826233e-02
3.649556636810302734e-02 4.095385596156120300e-02
3.643452003598213196e-02 4.088447242975234985e-02
3.637368232011795044e-02 4.081531614065170288e-02
3.631304949522018433e-02 4.074639827013015747e-02
3.625261783599853516e-02 4.067769646644592285e-02
3.619239106774330139e-02 4.060923308134078979e-02
3.613236546516418457e-02 4.054099321365356445e-02
3.607254475355148315e-02 4.047296568751335144e-02
3.601292148232460022e-02 4.040517657995223999e-02
3.595349565148353577e-02 4.033760353922843933e-02
3.589427471160888672e-02 4.027025401592254639e-02
3.583525121212005615e-02 4.020312801003456116e-02
3.577642142772674561e-02 4.013621062040328979e-02
3.571778908371925354e-02 4.006952792406082153e-02
3.565935418009757996e-02 4.000305756926536560e-02
3.560111299157142639e-02 3.993680700659751892e-02
3.554306551814079285e-02 3.987076878547668457e-02
3.548521175980567932e-02 3.980495780706405640e-02
3.542755171656608582e-02 3.973934426903724670e-02
3.537008166313171387e-02 3.967395797371864319e-02
3.531280532479286194e-02 3.960877656936645508e-02
3.525571525096893311e-02 3.954381868243217468e-02
3.519882261753082275e-02 3.947906568646430969e-02
3.514210879802703857e-02 3.941452130675315857e-02
3.508558496832847595e-02 3.935019299387931824e-02
3.502925112843513489e-02 3.928606957197189331e-02
3.497310727834701538e-02 3.922215104103088379e-02
3.491714596748352051e-02 3.915845230221748352e-02
3.486136347055435181e-02 3.909495100378990173e-02
3.480577468872070312e-02 3.903166204690933228e-02
3.475036472082138062e-02 3.896857053041458130e-02
3.469513729214668274e-02 3.890568763017654419e-02
3.464009240269660950e-02 3.884300962090492249e-02
3.458523377776145935e-02 3.878052905201911926e-02
3.453054651618003845e-02 3.871825709939002991e-02
3.447604924440383911e-02 3.865618258714675903e-02
3.442172333598136902e-02 3.859431296586990356e-02
3.436757996678352356e-02 3.853263705968856812e-02
3.431361168622970581e-02 3.847116231918334961e-02
3.425982221961021423e-02 3.840988874435424805e-02
3.420620784163475037e-02 3.834881260991096497e-02
3.415277227759361267e-02 3.828793019056320190e-02
3.409951180219650269e-02 3.822724893689155579e-02
3.404642269015312195e-02 3.816676139831542969e-02
3.399351239204406738e-02 3.810646757483482361e-02
3.394076600670814514e-02 3.804636374115943909e-02
3.388819843530654907e-02 3.798646107316017151e-02
3.383580222725868225e-02 3.792674094438552856e-02
3.378357365727424622e-02 3.786721825599670410e-02
3.373152390122413635e-02 3.780788555741310120e-02
3.367963433265686035e-02 3.774875029921531677e-02
3.362791985273361206e-02 3.768979385495185852e-02
3.357637301087379456e-02 3.763103485107421875e-02
3.352499380707740784e-02 3.757246583700180054e-02
3.347377851605415344e-02 3.751407563686370850e-02
3.342273086309432983e-02 3.745587915182113647e-02
3.337185084819793701e-02 3.739786148071289062e-02
3.332113474607467651e-02 3.734003379940986633e-02
3.327058255672454834e-02 3.728239238262176514e-02
3.322019800543785095e-02 3.722493350505828857e-02
3.316997364163398743e-02 3.716765716671943665e-02
3.311991691589355469e-02 3.711056336760520935e-02
3.307001292705535889e-02 3.705365210771560669e-02
3.302028030157089233e-02 3.699692711234092712e-02
3.297070413827896118e-02 3.694037348031997681e-02
3.292128443717956543e-02 3.688400983810424805e-02
3.287202864885330200e-02 3.682782128453254700e-02
3.282292932271957397e-02 3.677180781960487366e-02
3.277399763464927673e-02 3.671597316861152649e-02
3.272521495819091797e-02 3.666032105684280396e-02
3.267658874392509460e-02 3.660484775900840759e-02
3.262811899185180664e-02 3.654954209923744202e-02
3.257980570197105408e-02 3.649441152811050415e-02
3.253164887428283691e-02 3.643946349620819092e-02
3.248364850878715515e-02 3.638468682765960693e-02
3.243580460548400879e-02 3.633008897304534912e-02
3.238810971379280090e-02 3.627565130591392517e-02
3.234057128429412842e-02 3.622139990329742432e-02
3.229318186640739441e-02 3.616730868816375732e-02
3.224594891071319580e-02 3.611339628696441650e-02
3.219885751605033875e-02 3.605965152382850647e-02
3.215192630887031555e-02 3.600607439875602722e-02
3.210514038801193237e-02 3.595266863703727722e-02
3.205850720405578613e-02 3.589943051338195801e-02
3.201202303171157837e-02 3.584636747837066650e-02
3.196568787097930908e-02 3.579346463084220886e-02
3.191950172185897827e-02 3.574073314666748047e-02
3.187345713376998901e-02 3.568816184997558594e-02
3.182756528258323669e-02 3.563576191663742065e-02
3.178181871771812439e-02 3.558352962136268616e-02
3.173621371388435364e-02 3.553145378828048706e-02
3.169075772166252136e-02 3.547954559326171875e-02
3.164544701576232910e-02 3.542780131101608276e-02
3.160027787089347839e-02 3.537622094154357910e-02
3.155525401234626770e-02 3.532480075955390930e-02
3.151037171483039856e-02 3.527354821562767029e-02
3.146563097834587097e-02 3.522244095802307129e-02
3.142103180289268494e-02 3.517150878906250000e-02
3.137657791376113892e-02 3.512072935700416565e-02
3.133226186037063599e-02 3.507011383771896362e-02
3.128808736801147461e-02 3.501965478062629700e-02
3.124405257403850555e-02 3.496935591101646423e-02
3.120015934109687805e-02 3.491920605301856995e-02
3.115640021860599518e-02 3.486922383308410645e-02
3.111278079450130463e-02 3.481939435005187988e-02
3.106929920613765717e-02 3.476971760392189026e-02
3.102595917880535126e-02 3.472020104527473450e-02
3.098274767398834229e-02 3.467083722352981567e-02
3.093967959284782410e-02 3.462162986397743225e-02
3.089674748480319977e-02 3.457257151603698730e-02
3.085394203662872314e-02 3.452366963028907776e-02
3.081128001213073730e-02 3.447491675615310669e-02
3.076874651014804840e-02 3.442632406949996948e-02
3.072635270655155182e-02 3.437788039445877075e-02
3.068408742547035217e-02 3.432958200573921204e-02
3.064195625483989716e-02 3.428144007921218872e-02
3.059995733201503754e-02 3.423343971371650696e-02
3.055808693170547485e-02 3.418559581041336060e-02
3.051635064184665680e-02 3.413790464401245117e-02
3.047474659979343414e-02 3.409035503864288330e-02
3.043327108025550842e-02 3.404295817017555237e-02
3.039192594587802887e-02 3.399570286273956299e-02
3.035070747137069702e-02 3.394859656691551208e-02
3.030962496995925903e-02 3.390163928270339966e-02
3.026866540312767029e-02 3.385482355952262878e-02
3.022783435881137848e-02 3.380815312266349792e-02
3.018712811172008514e-02 3.376163169741630554e-02
3.014655224978923798e-02 3.371525928378105164e-02
3.010610304772853851e-02 3.366901725530624390e-02
3.006577678024768829e-02 3.362293168902397156e-02
3.002557903528213501e-02 3.357697650790214539e-02
2.998550422489643097e-02 3.353117033839225769e-02
2.994555421173572540e-02 3.348550572991371155e-02
2.990573085844516754e-02 3.343997895717620850e-02
2.986602857708930969e-02 3.339459747076034546e-02
2.982644736766815186e-02 3.334935382008552551e-02
2.978698723018169403e-02 3.330424800515174866e-02
2.974765561521053314e-02 3.325928747653961182e-02
2.970844134688377380e-02 3.321445733308792114e-02
2.966934815049171448e-02 3.316976875066757202e-02
2.963037975132465363e-02 3.312521800398826599e-02
2.959152497351169586e-02 3.308080881834030151e-02
2.955279871821403503e-02 3.303653374314308167e-02
2.951418794691562653e-02 3.299239650368690491e-02
2.947569638490676880e-02 3.294839337468147278e-02
2.943732216954231262e-02 3.290452435612678528e-02
2.939906530082225800e-02 3.286078572273254395e-02
2.936092764139175415e-02 3.281718865036964417e-02
2.932290732860565186e-02 3.277372568845748901e-02
2.928500436246395111e-02 3.273038938641548157e-02
2.924721315503120422e-02 3.268718719482421875e-02
2.920954674482345581e-02 3.264412283897399902e-02
2.917198836803436279e-02 3.260118886828422546e-02
2.913454920053482056e-02 3.255838900804519653e-02
2.909722365438938141e-02 3.251571208238601685e-02
2.906000986695289612e-02 3.247317671775817871e-02
2.902291342616081238e-02 3.243076056241989136e-02
2.898592501878738403e-02 3.238847479224205017e-02
2.894905395805835724e-02 3.234633058309555054e-02
2.891229465603828430e-02 3.230430930852890015e-02
2.887564711272716522e-02 3.226240724325180054e-02
2.883911132812500000e-02 3.222064301371574402e-02
2.880268543958663940e-02 3.217900544404983521e-02
2.876636944711208344e-02 3.213749453425407410e-02
2.873016893863677979e-02 3.209610655903816223e-02
2.869407273828983307e-02 3.205484151840209961e-02
2.865809388458728790e-02 3.201370686292648315e-02
2.862221747636795044e-02 3.197270259261131287e-02
2.858645096421241760e-02 3.193181008100509644e-02
2.855079434812068939e-02 3.189105540513992310e-02
2.851524017751216888e-02 3.185041993856430054e-02
2.847979776561260223e-02 3.180990368127822876e-02
2.844446338713169098e-02 3.176951035857200623e-02
2.840923517942428589e-02 3.172924369573593140e-02
2.837411127984523773e-02 3.168909624218940735e-02
2.833909355103969574e-02 3.164907544851303101e-02
2.830418013036251068e-02 3.160917013883590698e-02
2.826937474310398102e-02 3.156939148902893066e-02
2.823467366397380829e-02 3.152972832322120667e-02
2.820007875561714172e-02 3.149018436670303345e-02
2.816558256745338440e-02 3.145076334476470947e-02
2.813119255006313324e-02 3.141145780682563782e-02
2.809690497815608978e-02 3.137227147817611694e-02
2.806271985173225403e-02 3.133320435881614685e-02
2.802863717079162598e-02 3.129425272345542908e-02
2.799465693533420563e-02 3.125542774796485901e-02
2.796077914535999298e-02 3.121670521795749664e-02
2.792700193822383881e-02 3.117811307311058044e-02
2.789332345128059387e-02 3.113963082432746887e-02
2.785974740982055664e-02 3.110126033425331116e-02
2.782627008855342865e-02 3.106300905346870422e-02
2.779289521276950836e-02 3.102487884461879730e-02
2.775961533188819885e-02 3.098685294389724731e-02
2.772643789649009705e-02 3.094894438982009888e-02
2.769335359334945679e-02 3.091115131974220276e-02
2.766037359833717346e-02 3.087346814572811127e-02
2.762748673558235168e-02 3.083590045571327209e-02
2.759469859302043915e-02 3.079844638705253601e-02
2.756200917065143585e-02 3.076109848916530609e-02
2.752941288053989410e-02 3.072386421263217926e-02
2.749691717326641083e-02 3.068674542009830475e-02
2.746451087296009064e-02 3.064973093569278717e-02
2.743220515549182892e-02 3.061283193528652191e-02
2.739999443292617798e-02 3.057604283094406128e-02
2.736787684261798859e-02 3.053936548531055450e-02
2.733585238456726074e-02 3.050279244780540466e-02
2.730392478406429291e-02 3.046633303165435791e-02
2.727208845317363739e-02 3.042997419834136963e-02
2.724034711718559265e-02 3.039372898638248444e-02
2.720869705080986023e-02 3.035758994519710541e-02
2.717714011669158936e-02 3.032155707478523254e-02
2.714567817747592926e-02 3.028563596308231354e-02
2.711430378258228302e-02 3.024981729686260223e-02
2.708302251994609833e-02 3.021410480141639709e-02
2.705183066427707672e-02 3.017849661409854889e-02
2.702073380351066589e-02 3.014300018548965454e-02
2.698972076177597046e-02 3.010759875178337097e-02
2.695880830287933350e-02 3.007230907678604126e-02
2.692797593772411346e-02 3.003712184727191925e-02
2.689723484218120575e-02 3.000203892588615417e-02
2.686658315360546112e-02 2.996705658733844757e-02
2.683602273464202881e-02 2.993217855691909790e-02
2.680554799735546112e-02 2.989740669727325439e-02
2.677516452968120575e-02 2.986273169517517090e-02
2.674486301839351654e-02 2.982816100120544434e-02
2.671465091407299042e-02 2.979369275271892548e-02
2.668452821671962738e-02 2.975932694971561432e-02
2.665449306368827820e-02 2.972505800426006317e-02
2.662454172968864441e-02 2.969089336693286896e-02
2.659467794001102448e-02 2.965682744979858398e-02
2.656489610671997070e-02 2.962285839021205902e-02
2.653520181775093079e-02 2.958899177610874176e-02
2.650559321045875549e-02 2.955522388219833374e-02
2.647606842219829559e-02 2.952155470848083496e-02
2.644662745296955109e-02 2.948798611760139465e-02
2.641727216541767120e-02 2.945450693368911743e-02
2.638800069689750671e-02 2.942113019526004791e-02
2.635880745947360992e-02 2.938785403966903687e-02
2.632970549166202545e-02 2.935467287898063660e-02
2.630067989230155945e-02 2.932158485054969788e-02
2.627173438668251038e-02 2.928859554231166840e-02
2.624287642538547516e-02 2.925570122897624969e-02
2.621409855782985687e-02 2.922290377318859100e-02
2.618540078401565552e-02 2.919019386172294617e-02
2.615678682923316956e-02 2.915759198367595673e-02
2.612824924290180206e-02 2.912507578730583191e-02
2.609979547560214996e-02 2.909265831112861633e-02
2.607142366468906403e-02 2.906032651662826538e-02
2.604312822222709656e-02 2.902809530496597290e-02
2.601491101086139679e-02 2.899595350027084351e-02
2.598677389323711395e-02 2.896390296518802643e-02
2.595871500670909882e-02 2.893194928765296936e-02
2.593073807656764984e-02 2.890008501708507538e-02
2.590283751487731934e-02 2.886831387877464294e-02
2.587501145899295807e-02 2.883663401007652283e-02
2.584726922214031219e-02 2.880504168570041656e-02
2.581960149109363556e-02 2.877354063093662262e-02
2.579201012849807739e-02 2.874213643372058868e-02
2.576449327170848846e-02 2.871081605553627014e-02
2.573705464601516724e-02 2.867958322167396545e-02
2.570969238877296448e-02 2.864844352006912231e-02
