6.397932022809982300e-02 3.996615111827850342e-01
4.245755672454833984e-01 5.094422027468681335e-02
4.451821744441986084e-02 5.444607138633728027e-02
4.958939552307128906e-02 4.463890939950942993e-02
4.125252366065979004e-02 3.599475696682929993e-02
3.342499956488609314e-02 3.367197513580322266e-02
3.074235096573829651e-02 3.445012867450714111e-02
3.031529858708381653e-02 3.210839629173278809e-02
2.706401422619819641e-02 2.837307378649711609e-02
2.269787155091762543e-02 2.743321657180786133e-02
2.130169980227947235e-02 2.833799459040164948e-02
2.201670967042446136e-02 2.880015410482883453e-02
2.241034060716629028e-02 2.824393473565578461e-02
2.173684723675251007e-02 2.750157751142978668e-02
2.083991840481758118e-02 2.733348868787288666e-02
2.056404203176498413e-02 2.750804647803306580e-02
2.069483883678913116e-02 2.743436954915523529e-02
2.060077898204326630e-02 2.710942551493644714e-02
2.025592140853404999e-02 2.684962749481201172e-02
1.997997798025608063e-02 2.665208280086517334e-02
1.977236382663249969e-02 2.638166770339012146e-02
1.949450932443141937e-02 2.608293853700160980e-02
1.920832693576812744e-02 2.572223544120788574e-02
1.892500743269920349e-02 2.515669725835323334e-02
1.851480081677436829e-02 2.455036342144012451e-02
1.806534826755523682e-02 2.409463934600353241e-02
1.766772381961345673e-02 2.365634776651859283e-02
1.716817170381546021e-02 2.310103736817836761e-02
1.650710217654705048e-02 2.237411774694919586e-02
1.575477980077266693e-02 2.119383588433265686e-02
1.475388370454311371e-02 1.937133260071277618e-02
1.340843457728624344e-02 1.699391379952430725e-02
1.195429265499114990e-02 1.873874478042125702e-02
2.299462445080280304e-02 1.168752461671829224e-01
1.137451156973838806e-01 3.176019713282585144e-02
2.422370947897434235e-02 3.621795028448104858e-02
2.862985432147979736e-02 3.531900793313980103e-02
2.927353605628013611e-02 3.502248227596282959e-02
3.039927221834659576e-02 3.363395109772682190e-02
3.008011355996131897e-02 3.035171329975128174e-02
2.749415114521980286e-02 2.730414643883705139e-02
2.471909113228321075e-02 2.552320994436740875e-02
2.272641845047473907e-02 2.406125888228416443e-02
2.082791179418563843e-02 2.315573766827583313e-02
1.940803229808807373e-02 2.353765629231929779e-02
1.919780112802982330e-02 2.433502674102783203e-02
1.939112506806850433e-02 2.398501150310039520e-02
1.850881427526473999e-02 2.251456491649150848e-02
1.667944341897964478e-02 2.092893980443477631e-02
1.502027641981840134e-02 2.007611654698848724e-02
1.425734441727399826e-02 2.005948498845100403e-02
1.423577032983303070e-02 2.040429040789604187e-02
1.445601694285869598e-02 2.036750130355358124e-02
1.435949094593524933e-02 2.007668465375900269e-02
1.422109734266996384e-02 2.065083570778369904e-02
1.440535206347703934e-02 1.926294527947902679e-02
1.317474432289600372e-02 1.901486515998840332e-02
1.412848662585020065e-02 1.767002418637275696e-02
1.208706106990575790e-02 1.769985072314739227e-02
1.245935447514057159e-02 1.674041524529457092e-02
1.216272357851266861e-02 1.603290811181068420e-02
1.239497773349285126e-02 1.561962254345417023e-02
1.262161321938037872e-02 1.501091755926609039e-02
1.165209803730249405e-02 1.516263931989669800e-02
1.095249876379966736e-02 1.539499312639236450e-02
1.093469653278589249e-02 1.453395746648311615e-02
1.020095031708478928e-02 1.400381512939929962e-02
1.019530557096004486e-02 1.373233180493116379e-02
9.894495829939842224e-03 1.384980697184801102e-02
9.316151030361652374e-03 1.383704505860805511e-02
9.211530908942222595e-03 1.241750456392765045e-02
8.613556623458862305e-03 1.197283156216144562e-02
8.621956221759319305e-03 1.237647328525781631e-02
8.325292728841304779e-03 1.212834194302558899e-02
8.136025629937648773e-03 1.060332823544740677e-02
7.562016602605581284e-03 1.015338581055402756e-02
7.785887457430362701e-03 1.113461051136255264e-02
7.478460669517517090e-03 1.087217684835195541e-02
7.333802524954080582e-03 8.998182602226734161e-03
6.906340830028057098e-03 8.606657385826110840e-03
6.154709961265325546e-03 8.815834298729896545e-03
6.214469671249389648e-03 7.604564540088176727e-03
5.736851133406162262e-03 7.440677843987941742e-03
5.807082634419202805e-03 8.354514837265014648e-03
6.147108506411314011e-03 6.976111792027950287e-03
5.192128475755453110e-03 7.238867226988077164e-03
6.518752779811620712e-03 8.798981085419654846e-03
6.730020977556705475e-03 7.274706847965717316e-03
5.508988164365291595e-03 6.382658146321773529e-03
6.219134200364351273e-03 5.979944486171007156e-03
5.026124883443117142e-03 7.250590715557336807e-03
5.546149332076311111e-03 6.987191736698150635e-03
5.276208277791738510e-03 6.180979311466217041e-03
4.880419932305812836e-03 6.378763820976018906e-03
5.148780532181262970e-03 6.171280052512884140e-03
4.514651373028755188e-03 6.954119540750980377e-03
4.983100574463605881e-03 5.868515931069850922e-03
4.268057644367218018e-03 5.716659594327211380e-03
4.638880491256713867e-03 5.484243389219045639e-03
3.929773811250925064e-03 6.056692451238632202e-03
4.224996548146009445e-03 5.540721584111452103e-03
3.836380783468484879e-03 5.384325515478849411e-03
4.016114864498376846e-03 5.108263343572616577e-03
3.581775818020105362e-03 5.599443800747394562e-03
3.883229568600654602e-03 5.057084374129772186e-03
3.455135971307754517e-03 5.238413345068693161e-03
3.649317426607012749e-03 5.496508441865444183e-03
3.635189263150095940e-03 5.087144207209348679e-03
3.323887009173631668e-03 4.948874935507774353e-03
3.507987130433320999e-03 4.838682245463132858e-03
3.335297806188464165e-03 4.735306836664676666e-03
3.306650789454579353e-03 4.546749871224164963e-03
3.254540730267763138e-03 4.557982552796602249e-03
3.108579665422439575e-03 4.777414258569478989e-03
3.219117876142263412e-03 4.537871107459068298e-03
3.020635340362787247e-03 4.490892402827739716e-03
3.119817934930324554e-03 4.425248596817255020e-03
2.999732969328761101e-03 4.461503587663173676e-03
3.017897251993417740e-03 4.362514242529869080e-03
2.942787716165184975e-03 4.348342772573232651e-03
2.907742746174335480e-03 4.343829117715358734e-03
2.919793594628572464e-03 4.164606332778930664e-03
2.803806448355317116e-03 4.225559066981077194e-03
2.865762449800968170e-03 4.221405833959579468e-03
2.802105620503425598e-03 4.208221565932035446e-03
2.748902188614010811e-03 4.293768201023340225e-03
2.805345924571156502e-03 4.096867050975561142e-03
2.783732954412698746e-03 3.970451653003692627e-03
2.688487526029348373e-03 4.123578313738107681e-03
2.741872565820813179e-03 4.068206530064344406e-03
2.768297679722309113e-03 3.961850889027118683e-03
2.621870720759034157e-03 3.991869278252124786e-03
2.679779892787337303e-03 3.900473471730947495e-03
2.727358369156718254e-03 3.814133582636713982e-03
2.572102006524801254e-03 3.994327969849109650e-03
2.659169025719165802e-03 3.914967179298400879e-03
2.726783044636249542e-03 3.769035218283534050e-03
2.537515014410018921e-03 3.885700134560465813e-03
2.629483817145228386e-03 3.894827794283628464e-03
2.721380908042192459e-03 3.790884511545300484e-03
2.505269367247819901e-03 3.913748078048229218e-03
2.582068322226405144e-03 3.929252736270427704e-03
2.754163695499300957e-03 3.754565026611089706e-03
2.505187178030610085e-03 3.781089093536138535e-03
2.500958973541855812e-03 3.869029460474848747e-03
2.689855173230171204e-03 3.832594258710741997e-03
2.528105862438678741e-03 3.615879919379949570e-03
2.424811013042926788e-03 3.640088485553860664e-03
2.467222744598984718e-03 3.826790023595094681e-03
2.506806515157222748e-03 3.710796590894460678e-03
2.505769487470388412e-03 3.679441288113594055e-03
2.405674895271658897e-03 3.628335194662213326e-03
2.383918268606066704e-03 3.629371523857116699e-03
2.429815009236335754e-03 3.776333061978220940e-03
2.457695314660668373e-03 3.674481762573122978e-03
2.495672320947051048e-03 3.693473292514681816e-03
2.431217813864350319e-03 3.557717893272638321e-03
2.386781387031078339e-03 3.564987331628799438e-03
2.341751009225845337e-03 3.547581378370523453e-03
2.330602845177054405e-03 3.519032616168260574e-03
2.345251152291893959e-03 3.603062359616160393e-03
2.372668823227286339e-03 3.585750702768564224e-03
2.439896110445261002e-03 3.747550304979085922e-03
2.485054312273859978e-03 3.831692505627870560e-03
2.711714711040258408e-03 3.876969916746020317e-03
2.654643030837178230e-03 3.877246053889393806e-03
2.769846236333250999e-03 3.538986202329397202e-03
2.381559927016496658e-03 3.541718702763319016e-03
2.360065234825015068e-03 3.718302818015217781e-03
2.573492238298058510e-03 3.569603664800524712e-03
2.395970281213521957e-03 3.474915865808725357e-03
2.304245717823505402e-03 3.584154415875673294e-03
2.409632550552487373e-03 3.605930134654045105e-03
2.382893580943346024e-03 3.471967531368136406e-03
2.306902781128883362e-03 3.449872834607958794e-03
2.265955554321408272e-03 3.566013183444738388e-03
2.318791812285780907e-03 3.604894038289785385e-03
2.423782367259263992e-03 3.625676734372973442e-03
2.403159858658909798e-03 3.530750749632716179e-03
2.398656215518712997e-03 3.435663180425763130e-03
2.282421337440609932e-03 3.384259296581149101e-03
2.238027984276413918e-03 3.382608294486999512e-03
2.264987211674451828e-03 3.419176209717988968e-03
2.302014036104083061e-03 3.397517371922731400e-03
2.316186903044581413e-03 3.354965243488550186e-03
2.254191553220152855e-03 3.312622662633657455e-03
2.218306763097643852e-03 3.304614219814538956e-03
2.222326816990971565e-03 3.353409934788942337e-03
2.253866521641612053e-03 3.380901645869016647e-03
2.303025219589471817e-03 3.440108615905046463e-03
2.316741505637764931e-03 3.465731395408511162e-03
2.385588595643639565e-03 3.438234329223632812e-03
2.352349692955613136e-03 3.441969398409128189e-03
2.373269293457269669e-03 3.374284598976373672e-03
2.283509587869048119e-03 3.304238198325037956e-03
2.231783000752329826e-03 3.258994547650218010e-03
2.188579412177205086e-03 3.265959443524479866e-03
2.189429244026541710e-03 3.300338983535766602e-03
2.221754053607583046e-03 3.323445562273263931e-03
2.244373783469200134e-03 3.349962877109646797e-03
2.287521259859204292e-03 3.340512048453092575e-03
2.275571459904313087e-03 3.382227150723338127e-03
2.307259710505604744e-03 3.349467646330595016e-03
2.275525126606225967e-03 3.363708499819040298e-03
2.293524798005819321e-03 3.302284982055425644e-03
2.245088340714573860e-03 3.290171269327402115e-03
2.224530559033155441e-03 3.225696505978703499e-03
2.179363975301384926e-03 3.195193363353610039e-03
2.153347479179501534e-03 3.183560445904731750e-03
2.144893398508429527e-03 3.196022706106305122e-03
2.152714878320693970e-03 3.225885797291994095e-03
2.176333917304873466e-03 3.238967154175043106e-03
2.208234975114464760e-03 3.351073013618588448e-03
2.303712302818894386e-03 3.396718297153711319e-03
2.383677056059241295e-03 3.828151151537895203e-03
2.748149912804365158e-03 3.561757039278745651e-03
2.616941696032881737e-03 3.738591913133859634e-03
2.633855910971760750e-03 3.200117032974958420e-03
2.191547071561217308e-03 3.386842086911201477e-03
2.354104071855545044e-03 3.839248325675725937e-03
2.684027422219514847e-03 3.222878556698560715e-03
2.218546811491250992e-03 3.378088120371103287e-03
2.375608542934060097e-03 3.849215805530548096e-03
2.692195354029536247e-03 3.182382555678486824e-03
2.170425839722156525e-03 3.428769530728459358e-03
2.453224267810583115e-03 3.960655536502599716e-03
2.813184401020407677e-03 3.231799229979515076e-03
2.152795903384685516e-03 3.608898026868700981e-03
2.605296438559889793e-03 4.175184294581413269e-03
3.005948383361101151e-03 3.214680822566151619e-03
2.169784624129533768e-03 4.058125428855419159e-03
3.112861886620521545e-03 4.303057212382555008e-03
3.038729541003704071e-03 3.693368751555681229e-03
2.537820255383849144e-03 3.959903027862310410e-03
3.137458814308047295e-03 3.507651854306459427e-03
2.292325487360358238e-03 4.099148791283369064e-03
2.790515776723623276e-03 3.295816015452146530e-03
2.298843581229448318e-03 3.588059451431035995e-03
2.683686558157205582e-03 3.539520082995295525e-03
2.329110167920589447e-03 3.747138660401105881e-03
2.511969301849603653e-03 3.252219874411821365e-03
2.286897273734211922e-03 3.296095412224531174e-03
2.378644654527306557e-03 3.472150070592761040e-03
2.333210315555334091e-03 3.481858177110552788e-03
2.274658298119902611e-03 3.431767690926790237e-03
2.367320004850625992e-03 3.188941162079572678e-03
2.219414338469505310e-03 3.313711611554026604e-03
2.293876605108380318e-03 3.255438525229692459e-03
2.206147415563464165e-03 3.278401447460055351e-03
2.202528994530439377e-03 3.275149734690785408e-03
2.232647733762860298e-03 3.136451821774244308e-03
2.167605794966220856e-03 3.178980899974703789e-03
2.216750755906105042e-03 3.204894484952092171e-03
2.157441107556223869e-03 3.203771309927105904e-03
2.172710141167044640e-03 3.084485651925206184e-03
2.155980793759226799e-03 3.059099894016981125e-03
2.126809675246477127e-03 3.159637795761227608e-03
2.154028508812189102e-03 3.140716580674052238e-03
2.115272684022784233e-03 3.107630647718906403e-03
2.121752826496958733e-03 3.094823565334081650e-03
2.131249988451600075e-03 3.030471270903944969e-03
2.095386385917663574e-03 3.074277890846133232e-03
2.121155848726630211e-03 3.114863531664013863e-03
2.106211846694350243e-03 3.067187033593654633e-03
2.079163445159792900e-03 3.038683440536260605e-03
2.114135306328535080e-03 3.027068451046943665e-03
2.081200480461120605e-03 3.036700654774904251e-03
2.078131306916475296e-03 3.040177281945943832e-03
2.098849741742014885e-03 3.018377814441919327e-03
2.066279063001275063e-03 3.019754076376557350e-03
2.070746384561061859e-03 3.014126559719443321e-03
2.076169010251760483e-03 3.031580708920955658e-03
2.060471102595329285e-03 3.016869071871042252e-03
2.057359321042895317e-03 2.984142163768410683e-03
2.065183361992239952e-03 2.997284522280097008e-03
2.056165132671594620e-03 3.008978208526968956e-03
2.045647008344531059e-03 3.030559746548533440e-03
2.057349309325218201e-03 3.039280418306589127e-03
2.049956703558564186e-03 3.000903874635696411e-03
2.039344049990177155e-03 2.996942959725856781e-03
2.043985063210129738e-03 3.039190778508782387e-03
2.045520581305027008e-03 3.020541276782751083e-03
2.035743091255426407e-03 3.009278327226638794e-03
2.032156800851225853e-03 3.023652127012610435e-03
2.038105158135294914e-03 3.000092925503849983e-03
2.031754469498991966e-03 3.013115143403410912e-03
2.025811932981014252e-03 3.019183874130249023e-03
2.025912282988429070e-03 3.000147407874464989e-03
2.027180045843124390e-03 3.015637164935469627e-03
2.023681299760937691e-03 3.009920939803123474e-03
2.018091036006808281e-03 3.009916981682181358e-03
2.018311060965061188e-03 3.015981987118721008e-03
2.018756931647658348e-03 2.992156660184264183e-03
2.016499638557434082e-03 3.004519967362284660e-03
2.011741744354367256e-03 3.012764966115355492e-03
2.010131254792213440e-03 3.006396116688847542e-03
2.010202500969171524e-03 3.013383131474256516e-03
2.009585965424776077e-03 2.993870293721556664e-03
2.006679307669401169e-03 3.003310644999146461e-03
2.003257628530263901e-03 3.004988655447959900e-03
2.001810120418667793e-03 2.994664246216416359e-03
2.001015236601233482e-03 3.003194462507963181e-03
2.000713488087058067e-03 2.989423926919698715e-03
1.998701598495244980e-03 3.001300152391195297e-03
1.996470848098397255e-03 2.989044412970542908e-03
1.993852434679865837e-03 2.988865133374929428e-03
1.991903176531195641e-03 2.992262365296483040e-03
1.990444958209991455e-03 2.990351291373372078e-03
1.989344134926795959e-03 2.997743897140026093e-03
1.988407690078020096e-03 2.979731187224388123e-03
1.987206051126122475e-03 2.990942448377609253e-03
1.986026763916015625e-03 2.980030374601483345e-03
1.984374597668647766e-03 2.996948314830660820e-03
1.982932211831212044e-03 2.979848999530076981e-03
1.981276087462902069e-03 2.991249784827232361e-03
1.980009255930781364e-03 2.974878065288066864e-03
1.978719606995582581e-03 2.995345275849103928e-03
1.978114945814013481e-03 2.974774921312928200e-03
1.978008076548576355e-03 3.004326485097408295e-03
1.980010420083999634e-03 2.975313458591699600e-03
1.984266797080636024e-03 3.043497679755091667e-03
1.997439190745353699e-03 2.997894072905182838e-03
2.019157400354743004e-03 3.171405987814068794e-03
2.085181651636958122e-03 3.097918583080172539e-03
2.155083464458584785e-03 3.559401724487543106e-03
2.385554369539022446e-03 3.251322079449892044e-03
2.348524518311023712e-03 3.588449675589799881e-03
2.387189539149403572e-03 3.050017403438687325e-03
2.053301082924008369e-03 3.080567810684442520e-03
2.030535135418176651e-03 3.432733472436666489e-03
2.232559025287628174e-03 3.115497296676039696e-03
2.113322960212826729e-03 3.050752915441989899e-03
1.983585767447948456e-03 3.151891054585576057e-03
2.037195721641182899e-03 3.111640689894556999e-03
2.096774522215127945e-03 3.206421155482530594e-03
2.066878369078040123e-03 3.053442575037479401e-03
1.972505589947104454e-03 3.074481384828686714e-03
1.993642654269933701e-03 3.247817512601613998e-03
2.073884475976228714e-03 3.067415207624435425e-03
2.038445323705673218e-03 3.101026173681020737e-03
1.975743100047111511e-03 3.096097148954868317e-03
1.955433283001184464e-03 3.104756586253643036e-03
1.997677609324455261e-03 3.233435098081827164e-03
2.028018003329634666e-03 3.041925141587853432e-03
1.980335917323827744e-03 3.055249340832233429e-03
1.944159856066107750e-03 3.112958744168281555e-03
1.961909933015704155e-03 3.055453998968005180e-03
1.988713629543781281e-03 3.146399976685643196e-03
1.996447565034031868e-03 2.989467931911349297e-03
1.958364853635430336e-03 3.004788188263773918e-03
1.933997264131903648e-03 3.034163033589720726e-03
1.942014321684837341e-03 2.985737985000014305e-03
1.961041009053587914e-03 3.092709928750991821e-03
1.975385472178459167e-03 2.974423812702298164e-03
1.955957850441336632e-03 3.014280460774898529e-03
1.934546628035604954e-03 2.973233582451939583e-03
1.922124647535383701e-03 2.968011423945426941e-03
1.926422701217234135e-03 3.047249978408217430e-03
1.938110450282692909e-03 2.982964040711522102e-03
1.941803609952330589e-03 3.042172174900770187e-03
1.937532448209822178e-03 2.963684266433119774e-03
1.923742354847490788e-03 3.015313064679503441e-03
1.911572413519024849e-03 3.028379986062645912e-03
1.907015568576753139e-03 3.013551933690905571e-03
1.908760867081582546e-03 3.045570105314254761e-03
1.913368352688848972e-03 2.985646249726414680e-03
1.916003180667757988e-03 3.075977088883519173e-03
1.916669076308608055e-03 3.022920805960893631e-03
1.913420273922383785e-03 3.091911785304546356e-03
1.911158906295895576e-03 3.010726999491453171e-03
1.906447345390915871e-03 3.082649316638708115e-03
1.904172240756452084e-03 3.026907332241535187e-03
1.900600269436836243e-03 3.106641117483377457e-03
1.900274073705077171e-03 3.034516936168074608e-03
1.899076974950730801e-03 3.118850523605942726e-03
1.902074785903096199e-03 3.035271773114800453e-03
1.904636621475219727e-03 3.158967476338148117e-03
1.916540437377989292e-03 3.052916843444108963e-03
1.926668686792254448e-03 3.240686375647783279e-03
1.959052402526140213e-03 3.088769270107150078e-03
1.982671208679676056e-03 3.391521517187356949e-03
2.063862048089504242e-03 3.150842618197202682e-03
2.078435616567730904e-03 3.535107476636767387e-03
2.151849446818232536e-03 3.154723672196269035e-03
2.039069309830665588e-03 3.281308803707361221e-03
1.945493975654244423e-03 3.104800358414649963e-03
1.860674819909036160e-03 3.106349613517522812e-03
1.878222217783331871e-03 3.312973771244287491e-03
1.955885207280516624e-03 3.134537022560834885e-03
1.973287435248494148e-03 3.339273855090141296e-03
1.963314833119511604e-03 3.135145409032702446e-03
1.884378842078149319e-03 3.197640180587768555e-03
1.835671602748334408e-03 3.195809666067361832e-03
1.830211607739329338e-03 3.144875867292284966e-03
1.857336377725005150e-03 3.310355823487043381e-03
1.894186250865459442e-03 3.158704610541462898e-03
1.892953878268599510e-03 3.313430119305849075e-03
1.883849734440445900e-03 3.143051639199256897e-03
1.844437792897224426e-03 3.200085368007421494e-03
1.814599731005728245e-03 3.152580233290791512e-03
1.798095414415001869e-03 3.143847687169909477e-03
1.798853510990738869e-03 3.212715266272425652e-03
1.811312162317335606e-03 3.135136561468243599e-03
1.825093990191817284e-03 3.292070003226399422e-03
1.843966310843825340e-03 3.175514284521341324e-03
1.847690553404390812e-03 3.344459459185600281e-03
1.860519871115684509e-03 3.178931772708892822e-03
1.848122337833046913e-03 3.320041345432400703e-03
1.842268044129014015e-03 3.172663506120443344e-03
1.812230795621871948e-03 3.254602896049618721e-03
1.787529909051954746e-03 3.168491646647453308e-03
1.763842999935150146e-03 3.193556563928723335e-03
1.751659787259995937e-03 3.213028656318783760e-03
1.749956747516989708e-03 3.184503642842173576e-03
1.755514414981007576e-03 3.268041182309389114e-03
1.766600646078586578e-03 3.198172198608517647e-03
1.777458353899419308e-03 3.349883481860160828e-03
1.798770390450954437e-03 3.233829978853464127e-03
1.815963769331574440e-03 3.450678195804357529e-03
1.860459567978978157e-03 3.270604182034730911e-03
1.876775408163666725e-03 3.549125744029879570e-03
1.926019089296460152e-03 3.278867807239294052e-03
1.882003969512879848e-03 3.459405852481722832e-03
1.837581978179514408e-03 3.238492878153920174e-03
1.746910042129456997e-03 3.251024056226015091e-03
1.705409609712660313e-03 3.297605086117982864e-03
1.723471446894109249e-03 3.239064943045377731e-03
1.766701578162610531e-03 3.470126073807477951e-03
1.812640926800668240e-03 3.276410046964883804e-03
1.802514540031552315e-03 3.451366443186998367e-03
1.777365570887923241e-03 3.252056892961263657e-03
1.719340914860367775e-03 3.276878269389271736e-03
1.681719208136200905e-03 3.269138280302286148e-03
1.673563732765614986e-03 3.251666901633143425e-03
1.689613447524607182e-03 3.396871034055948257e-03
1.717047416605055332e-03 3.263133810833096504e-03
1.733523793518543243e-03 3.509200643748044968e-03
1.748169423080980778e-03 3.213294316083192825e-03
1.740415347740054131e-03 3.511852817609906197e-03
1.729105249978601933e-03 3.217824501916766167e-03
1.702799694612622261e-03 3.449122654274106026e-03
1.677483087405562401e-03 3.257508622482419014e-03
1.651380909606814384e-03 3.312903689220547676e-03
1.634620479308068752e-03 3.289758460596203804e-03
1.628462923690676689e-03 3.242335515096783638e-03
1.630847924388945103e-03 3.395674284547567368e-03
1.641299924813210964e-03 3.190577728673815727e-03
1.664608367718756199e-03 3.728042589500546455e-03
1.725730253383517265e-03 2.989017637446522713e-03
1.905898796394467354e-03 4.752259235829114914e-03
2.248296514153480530e-03 3.192549571394920349e-03
2.826719544827938080e-03 4.226753953844308853e-03
2.318638842552900314e-03 4.890477750450372696e-03
2.440559212118387222e-03 3.038441063836216927e-03
2.242486458271741867e-03 2.794416621327400208e-03
2.085627522319555283e-03 3.570350585505366325e-03
2.125424798578023911e-03 3.657146822661161423e-03
2.103921491652727127e-03 3.013511421158909798e-03
1.967116026207804680e-03 2.954390831291675568e-03
2.026006579399108887e-03 3.197108162567019463e-03
1.891196938231587410e-03 3.533687442541122437e-03
2.059615682810544968e-03 3.120744833722710609e-03
1.827330677770078182e-03 2.954351482912898064e-03
1.931668608449399471e-03 2.912145340815186501e-03
1.825571642257273197e-03 3.239319426938891411e-03
1.859432319179177284e-03 3.266368759796023369e-03
1.842975383624434471e-03 2.995403250679373741e-03
1.750377239659428596e-03 3.022593213245272636e-03
1.845663180574774742e-03 3.027531318366527557e-03
1.711741322651505470e-03 3.247451502829790115e-03
1.797902397811412811e-03 3.169826697558164597e-03
1.709036878310143948e-03 3.102402668446302414e-03
1.757745398208498955e-03 3.170269075781106949e-03
1.701404573395848274e-03 3.307314123958349228e-03
1.694511622190475464e-03 3.289707470685243607e-03
1.708742231130599976e-03 3.180077997967600822e-03
1.687031937763094902e-03 3.198183607310056686e-03
1.687487936578691006e-03 3.328957362100481987e-03
1.654114807024598122e-03 3.334710374474525452e-03
1.674670376814901829e-03 3.157150465995073318e-03
1.648919074796140194e-03 3.157748375087976456e-03
1.653506653383374214e-03 3.319069277495145798e-03
1.635426422581076622e-03 3.377232700586318970e-03
1.636660890653729439e-03 3.217242192476987839e-03
1.624522963538765907e-03 3.171381307765841484e-03
1.631920924410223961e-03 3.333091270178556442e-03
1.609192462638020515e-03 3.434053156524896622e-03
1.617159461602568626e-03 3.243458922952413559e-03
1.600422663614153862e-03 3.156704362481832504e-03
1.612529391422867775e-03 3.279374912381172180e-03
1.591896638274192810e-03 3.397600259631872177e-03
1.602345844730734825e-03 3.240176243707537651e-03
1.584857353009283543e-03 3.143714275211095810e-03
1.589735271409153938e-03 3.243718761950731277e-03
1.580175710842013359e-03 3.333207685500383377e-03
1.583962934091687202e-03 3.221177728846669197e-03
1.577852526679635048e-03 3.171035554260015488e-03
1.578318653628230095e-03 3.292926819995045662e-03
1.576189184561371803e-03 3.336137160658836365e-03
1.573604531586170197e-03 3.250195179134607315e-03
1.579120755195617676e-03 3.266091924160718918e-03
1.579403528012335300e-03 3.359465626999735832e-03
1.600812771357595921e-03 3.340705530717968941e-03
1.622026553377509117e-03 3.395916428416967392e-03
1.696230843663215637e-03 3.557302523404359818e-03
1.745973131619393826e-03 3.647954668849706650e-03
1.902997144497931004e-03 3.568791551515460014e-03
1.880371361039578915e-03 3.701099427416920662e-03
1.886277692392468452e-03 3.499731421470642090e-03
1.631892053410410881e-03 3.246288280934095383e-03
1.565288985148072243e-03 3.379794303327798843e-03
1.701126573607325554e-03 3.550529945641756058e-03
1.728247269056737423e-03 3.393556224182248116e-03
1.651532715186476707e-03 3.256107214838266373e-03
1.544138533063232899e-03 3.389080520719289780e-03
1.597223104909062386e-03 3.392732236534357071e-03
1.695596845820546150e-03 3.278675023466348648e-03
1.635802676901221275e-03 3.380750073119997978e-03
1.549366046674549580e-03 3.228429239243268967e-03
1.532370108179748058e-03 3.282065736129879951e-03
1.584846293553709984e-03 3.474957076832652092e-03
1.607645303010940552e-03 3.121877554804086685e-03
1.544295111671090126e-03 3.240782301872968674e-03
1.508133136667311192e-03 3.387371078133583069e-03
1.536996336653828621e-03 3.178046317771077156e-03
1.566170132718980312e-03 3.451377153396606445e-03
1.558793010190129280e-03 3.124463139101862907e-03
1.516596181318163872e-03 3.308131825178861618e-03
1.494707539677619934e-03 3.304071258753538132e-03
1.508555607870221138e-03 3.146868664771318436e-03
1.526863314211368561e-03 3.535658819600939751e-03
1.537430449388921261e-03 2.988839987665414810e-03
1.537023810669779778e-03 3.727825824171304703e-03
1.536678406409919262e-03 2.876720158383250237e-03
1.553519861772656441e-03 3.471537027508020401e-03
1.503336126916110516e-03 3.233215538784861565e-03
1.481226412579417229e-03 3.081668633967638016e-03
1.489451387897133827e-03 3.481500316411256790e-03
1.500495593063533306e-03 3.013739828020334244e-03
1.495232689194381237e-03 3.392420243471860886e-03
1.489700749516487122e-03 3.106719115749001503e-03
1.492973649874329567e-03 3.276382805779576302e-03
1.499181264080107212e-03 3.152258228510618210e-03
1.496151555329561234e-03 3.473532153293490410e-03
1.497636665590107441e-03 2.846632152795791626e-03
1.544843777082860470e-03 4.179591313004493713e-03
1.623553805984556675e-03 2.759036840870976448e-03
1.806224929168820381e-03 3.631169442087411880e-03
1.700260909274220467e-03 3.569158259779214859e-03
1.717162085697054863e-03 3.429831471294164658e-03
1.828690757974982262e-03 3.295547561720013618e-03
1.591969630680978298e-03 3.320551710203289986e-03
1.509432913735508919e-03 3.162600565701723099e-03
1.619632123038172722e-03 3.305083606392145157e-03
1.570919528603553772e-03 3.497898578643798828e-03
1.607151352800428867e-03 2.937191864475607872e-03
1.590074622072279453e-03 3.640654031187295914e-03
1.491113682277500629e-03 3.551832865923643112e-03
1.504358602687716484e-03 2.864211099222302437e-03
1.573236309923231602e-03 3.453122917562723160e-03
1.511254464276134968e-03 3.637213958427309990e-03
1.510873902589082718e-03 3.019248601049184799e-03
1.500826096162199974e-03 3.307611448690295219e-03
1.465351437218487263e-03 3.500261111184954643e-03
1.492454903200268745e-03 3.319857176393270493e-03
1.522459439001977444e-03 3.306819591671228409e-03
1.466142362914979458e-03 3.390903351828455925e-03
1.458921004086732864e-03 3.095941850915551186e-03
1.464741886593401432e-03 3.325785975903272629e-03
1.441729255020618439e-03 3.354521002620458603e-03
1.451240619644522667e-03 2.982336329296231270e-03
1.476761884987354279e-03 3.706966293975710869e-03
1.467927242629230022e-03 3.189849201589822769e-03
1.442927983589470387e-03 3.108752891421318054e-03
1.446309383027255535e-03 3.315728623420000076e-03
1.428683404810726643e-03 3.336059395223855972e-03
1.413284800946712494e-03 3.152969758957624435e-03
1.413798425346612930e-03 3.471740754321217537e-03
1.418055035173892975e-03 3.154207020998001099e-03
1.412987010553479195e-03 3.333064261823892593e-03
1.400892389938235283e-03 3.145276801660656929e-03
1.403048285283148289e-03 3.288146806880831718e-03
1.412464887835085392e-03 3.102370770648121834e-03
1.440249965526163578e-03 3.834859235212206841e-03
1.578081399202346802e-03 2.817730419337749481e-03
2.161894459277391434e-03 6.461102515459060669e-03
3.034733468666672707e-03 3.086113370954990387e-03
2.648759167641401291e-03 3.433596342802047729e-03
2.061835722997784615e-03 4.270151257514953613e-03
2.086357446387410164e-03 3.537134034559130669e-03
1.857523573562502861e-03 3.253224072977900505e-03
2.244879491627216339e-03 2.899724524468183517e-03
1.692022546194493771e-03 3.606327576562762260e-03
1.956478692591190338e-03 3.511992050334811211e-03
1.901735202409327030e-03 3.165685106068849564e-03
1.853091409429907799e-03 3.267573658376932144e-03
1.657664543017745018e-03 3.762618871405720711e-03
1.900960109196603298e-03 3.310461994260549545e-03
1.679696724750101566e-03 3.014288609847426414e-03
1.618656562641263008e-03 3.168027848005294800e-03
1.664429670199751854e-03 3.234847215935587883e-03
1.654382795095443726e-03 3.184328554198145866e-03
1.577698043547570705e-03 3.167740302160382271e-03
1.631261780858039856e-03 3.115887288004159927e-03
1.582204131409525871e-03 3.253787057474255562e-03
1.541120000183582306e-03 3.388834418728947639e-03
1.569191575981676579e-03 3.241960424929857254e-03
1.506493659690022469e-03 3.233209252357482910e-03
1.530524226836860180e-03 3.350638318806886673e-03
1.528304652310907841e-03 3.286626888439059258e-03
1.488190144300460815e-03 3.172798780724406242e-03
1.483257627114653587e-03 3.161605447530746460e-03
1.497761579230427742e-03 3.186613786965608597e-03
1.459591439925134182e-03 3.228611079975962639e-03
1.469569629989564419e-03 3.130997996777296066e-03
1.460275496356189251e-03 3.063562093302607536e-03
1.440068241208791733e-03 3.163607325404882431e-03
1.439332962036132812e-03 3.237242344766855240e-03
1.440993743017315865e-03 3.143094945698976517e-03
1.417717430740594864e-03 3.132685553282499313e-03
1.427081529982388020e-03 3.252008929848670959e-03
1.416463754139840603e-03 3.244386520236730576e-03
1.405388931743800640e-03 3.101459005847573280e-03
1.404210692271590233e-03 3.066869219765067101e-03
1.402866211719810963e-03 3.118240740150213242e-03
1.389472628943622112e-03 3.164264839142560959e-03
1.388911390677094460e-03 3.166080918163061142e-03
1.389262732118368149e-03 3.152845893055200577e-03
1.377139938995242119e-03 3.190484596416354179e-03
1.371700782328844070e-03 3.174730110913515091e-03
1.371927675791084766e-03 3.118412103503942490e-03
1.366425654850900173e-03 3.151514101773500443e-03
1.359534915536642075e-03 3.148570191115140915e-03
1.354145351797342300e-03 3.121876157820224762e-03
1.354624866507947445e-03 3.169321920722723007e-03
1.349170925095677376e-03 3.154060570523142815e-03
1.342796836979687214e-03 3.135654609650373459e-03
1.339710317552089691e-03 3.166741225868463516e-03
1.337646506726741791e-03 3.135178936645388603e-03
1.333981519564986229e-03 3.158438252285122871e-03
1.328026410192251205e-03 3.197894664481282234e-03
1.324093667790293694e-03 3.192608477547764778e-03
1.322288066148757935e-03 3.184840781614184380e-03
1.319137751124799252e-03 3.172082826495170593e-03
1.314279623329639435e-03 3.202297259122133255e-03
1.310474122874438763e-03 3.137562889605760574e-03
1.306403544731438160e-03 3.155762329697608948e-03
1.302339136600494385e-03 3.207914531230926514e-03
1.299482886679470539e-03 3.156419843435287476e-03
1.296759932301938534e-03 3.189035458490252495e-03
1.294433721341192722e-03 3.161805914714932442e-03
1.293704728595912457e-03 3.221681807190179825e-03
1.296796370297670364e-03 3.122282447293400764e-03
1.311347470618784428e-03 3.362355753779411316e-03
1.358217094093561172e-03 3.086062381044030190e-03
1.482656458392739296e-03 3.828968154266476631e-03
1.634342013858258724e-03 2.939394675195217133e-03
1.628754311241209507e-03 3.754834877327084541e-03
1.496662385761737823e-03 3.178367391228675842e-03
1.306049642153084278e-03 2.919043414294719696e-03
1.397116924636065960e-03 3.837866010144352913e-03
1.549545791931450367e-03 3.155495505779981613e-03
1.482850406318902969e-03 3.217974212020635605e-03
1.339653972536325455e-03 3.331245388835668564e-03
1.291477237828075886e-03 3.205972258001565933e-03
1.400897512212395668e-03 3.453751560300588608e-03
1.391706988215446472e-03 3.263718681409955025e-03
1.309184008277952671e-03 3.151126671582460403e-03
1.316970679908990860e-03 3.572827903553843498e-03
1.334635308012366295e-03 3.171406686305999756e-03
1.308877486735582352e-03 3.172651631757616997e-03
1.278633601032197475e-03 3.584875958040356636e-03
1.301007694564759731e-03 2.963711274787783623e-03
1.305936020798981190e-03 3.237480763345956802e-03
1.300550531595945358e-03 3.412542864680290222e-03
1.304470817558467388e-03 3.100070403888821602e-03
1.273092930205166340e-03 3.271052613854408264e-03
1.248100772500038147e-03 3.288867650553584099e-03
1.253477646969258785e-03 3.172031138092279434e-03
1.258126460015773773e-03 3.289361251518130302e-03
1.234131166711449623e-03 3.218102734535932541e-03
1.229811576195061207e-03 3.284248290583491325e-03
1.226165331900119781e-03 3.269382985308766365e-03
1.247309031896293163e-03 3.346571000292897224e-03
1.322384108789265156e-03 3.204315435141324997e-03
1.366225420497357845e-03 3.733504097908735275e-03
1.350975944660604000e-03 2.943746745586395264e-03
1.304692821577191353e-03 3.944340627640485764e-03
1.298264018259942532e-03 3.194876480847597122e-03
1.356434193439781666e-03 3.641345771029591560e-03
1.315119094215333462e-03 3.505061846226453781e-03
1.364700379781424999e-03 3.297798801213502884e-03
1.240331330336630344e-03 3.236062126234173775e-03
1.219421857967972755e-03 3.431414021179080009e-03
1.327339559793472290e-03 3.341491101309657097e-03
1.276306458748877048e-03 3.270778106525540352e-03
1.232318114489316940e-03 3.346526529639959335e-03
1.281457021832466125e-03 3.739913459867238998e-03
1.294410787522792816e-03 3.185249399393796921e-03
1.250909874215722084e-03 3.739525331184267998e-03
1.228608889505267143e-03 3.215626580640673637e-03
1.248474000021815300e-03 3.702132031321525574e-03
1.204653759486973286e-03 3.347502322867512703e-03
1.174966804683208466e-03 3.440028522163629532e-03
1.228431588970124722e-03 3.732700599357485771e-03
1.375327119603753090e-03 3.724605543538928032e-03
2.026857342571020126e-03 3.596872789785265923e-03
1.588705228641629219e-03 5.270871799439191818e-03
2.087004482746124268e-03 3.990205004811286926e-03
1.696759602054953575e-03 3.920041024684906006e-03
1.844040467403829098e-03 3.044989192858338356e-03
1.727133290842175484e-03 3.457095474004745483e-03
1.471407478675246239e-03 3.988978918641805649e-03
1.703329035080969334e-03 3.465416608378291130e-03
1.721058972179889679e-03 3.150313626974821091e-03
1.511613023467361927e-03 3.786655608564615250e-03
1.485733664594590664e-03 3.693795297294855118e-03
1.584823592565953732e-03 2.980071585625410080e-03
1.414789003320038319e-03 3.254247829318046570e-03
1.538810902275145054e-03 3.693039994686841965e-03
1.435612677596509457e-03 3.681475762277841568e-03
1.434888225048780441e-03 3.750415984541177750e-03
1.369737205095589161e-03 3.541189478710293770e-03
1.404677866958081722e-03 2.952664392068982124e-03
1.361116999760270119e-03 3.064311109483242035e-03
1.264869002625346184e-03 3.584613557904958725e-03
1.386033836752176285e-03 2.951809205114841461e-03
1.248624757863581181e-03 2.808622550219297409e-03
1.285354839637875557e-03 3.279062686488032341e-03
1.278386218473315239e-03 3.257727948948740959e-03
1.221279613673686981e-03 3.135818289592862129e-03
1.230804598890244961e-03 3.324308199808001518e-03
1.229508314281702042e-03 3.171273041516542435e-03
1.198391662910580635e-03 3.176131751388311386e-03
1.174251665361225605e-03 3.611067775636911392e-03
1.209209556691348553e-03 3.340331371873617172e-03
1.154700061306357384e-03 3.084275638684630394e-03
1.165914116427302361e-03 3.439784515649080276e-03
1.148227136582136154e-03 3.519238438457250595e-03
1.155741629190742970e-03 3.090891987085342407e-03
1.220251317135989666e-03 3.415750805288553238e-03
1.135389902628958225e-03 3.720580833032727242e-03
1.198090030811727047e-03 3.199125872924923897e-03
1.149131334386765957e-03 3.288781270384788513e-03
1.174462609924376011e-03 3.351253923028707504e-03
1.132055534981191158e-03 3.574380185455083847e-03
1.149095129221677780e-03 3.416651394218206406e-03
1.112667727284133434e-03 3.337018657475709915e-03
1.131687080487608910e-03 3.595099318772554398e-03
1.134130754508078098e-03 3.395449835807085037e-03
1.092615770176053047e-03 3.293116809800267220e-03
1.127747818827629089e-03 3.396803047508001328e-03
1.101478352211415768e-03 3.657641587778925896e-03
1.113637932576239109e-03 3.475083736702799797e-03
1.085822354070842266e-03 3.350689541548490524e-03
1.083852490410208702e-03 3.832534654065966606e-03
1.096168765798211098e-03 3.398286178708076477e-03
1.069275080226361752e-03 3.590671345591545105e-03
1.087632728740572929e-03 3.468849463388323784e-03
1.079102396033704281e-03 3.849616739898920059e-03
1.090796897187829018e-03 3.241860773414373398e-03
1.103372778743505478e-03 4.005487542599439621e-03
1.112829660996794701e-03 3.232487244531512260e-03
1.168971182778477669e-03 4.140221048146486282e-03
1.221024896949529648e-03 3.024812322109937668e-03
1.323690754361450672e-03 4.629602190107107162e-03
1.374468440189957619e-03 3.124261507764458656e-03
1.281571225263178349e-03 3.676872234791517258e-03
1.113319769501686096e-03 4.025748930871486664e-03
1.101099071092903614e-03 3.191620577126741409e-03
1.183223444968461990e-03 3.901651827618479729e-03
1.130613149143755436e-03 3.925326745957136154e-03
1.137955579906702042e-03 3.331359475851058960e-03
1.227602595463395119e-03 3.720055567100644112e-03
1.088686636649072170e-03 3.894725814461708069e-03
1.111394027248024940e-03 3.357654903084039688e-03
1.161399297416210175e-03 3.464634995907545090e-03
1.084133866243064404e-03 3.908440470695495605e-03
1.086211763322353363e-03 3.425090108066797256e-03
1.095284358598291874e-03 3.516033990308642387e-03
1.066404394805431366e-03 3.926333971321582794e-03
1.077794120647013187e-03 3.441076260060071945e-03
1.067161560058593750e-03 3.620608942583203316e-03
1.029100851155817509e-03 4.024647176265716553e-03
1.056603738106787205e-03 3.531040158122777939e-03
1.062927069142460823e-03 3.930239472538232803e-03
1.028547179885208607e-03 3.977145999670028687e-03
1.041292794980108738e-03 3.548640292137861252e-03
1.041131094098091125e-03 4.044062923640012741e-03
1.018890761770308018e-03 3.802621271461248398e-03
1.020451192744076252e-03 3.702852409332990646e-03
1.007470069453120232e-03 4.035115242004394531e-03
1.021778443828225136e-03 3.657903987914323807e-03
1.055425149388611317e-03 3.982007037848234177e-03
1.050733728334307671e-03 4.151852801442146301e-03
1.142741879448294640e-03 3.518851008266210556e-03
1.246786792762577534e-03 5.642320029437541962e-03
1.738014398142695427e-03 3.340675961226224899e-03
1.852740184403955936e-03 4.666551947593688965e-03
1.530364272184669971e-03 4.345909692347049713e-03
1.355008920654654503e-03 4.043609369546175003e-03
1.748721697367727757e-03 3.619400784373283386e-03
1.355358981527388096e-03 3.894374473020434380e-03
1.446895417757332325e-03 3.383224830031394958e-03
1.441158354282379150e-03 3.665391355752944946e-03
1.354041625745594501e-03 4.358002450317144394e-03
1.469965674914419651e-03 3.666318254545331001e-03
1.210090005770325661e-03 3.481490071862936020e-03
1.337226363830268383e-03 4.042107611894607544e-03
1.258985023014247417e-03 3.970303572714328766e-03
1.218693214468657970e-03 3.450469579547643661e-03
1.231406931765377522e-03 3.643953707069158554e-03
1.174247474409639835e-03 4.284244962036609650e-03
1.219244091771543026e-03 3.940079826861619949e-03
1.138843712396919727e-03 3.565088612958788872e-03
1.193982199765741825e-03 3.954895772039890289e-03
1.136336941272020340e-03 4.432638175785541534e-03
1.140715321525931358e-03 3.897324670106172562e-03
1.112648169510066509e-03 3.712765173986554146e-03
1.109808217734098434e-03 4.090153612196445465e-03
1.091114478185772896e-03 3.961049020290374756e-03
1.082518720068037510e-03 3.504561958834528923e-03
1.085605239495635033e-03 3.810998750850558281e-03
1.054460881277918816e-03 3.966273274272680283e-03
1.067326636984944344e-03 3.579234704375267029e-03
1.038739341311156750e-03 3.836347954347729683e-03
1.036838395521044731e-03 3.907040227204561234e-03
1.022443640977144241e-03 3.697119653224945068e-03
1.018344541080296040e-03 3.909531980752944946e-03
1.010856707580387592e-03 3.786510322242975235e-03
9.941020980477333069e-04 3.789911512285470963e-03
9.904943872243165970e-04 3.915432374924421310e-03
9.816801175475120544e-04 3.629007842391729355e-03
9.777502855286002159e-04 3.872756613418459892e-03
9.690934675745666027e-04 3.819355741143226624e-03
9.657962364144623280e-04 3.615497145801782608e-03
9.676766349002718925e-04 3.910396248102188110e-03
9.559534373693168163e-04 3.671597689390182495e-03
9.582362836226820946e-04 3.930356353521347046e-03
9.532518452033400536e-04 3.727799979969859123e-03
9.462065063416957855e-04 4.004025366157293320e-03
9.482967434450984001e-04 3.559359814971685410e-03
9.542955085635185242e-04 4.211186897009611130e-03
9.984545176848769188e-04 3.357064444571733475e-03
1.172650372609496117e-03 6.491411477327346802e-03
2.167718252167105675e-03 3.549393266439437866e-03
1.944569521583616734e-03 4.294722341001033783e-03
1.929634949192404747e-03 6.148119457066059113e-03
2.133817877620458603e-03 4.358367994427680969e-03
1.883609569631516933e-03 3.710258286446332932e-03
1.731738448143005371e-03 4.729263018816709518e-03
1.700907596386969090e-03 4.464833531528711319e-03
1.494961092248558998e-03 3.789051668718457222e-03
1.535004237666726112e-03 3.970499150454998016e-03
1.514264498837292194e-03 4.647464491426944733e-03
1.440758351236581802e-03 4.119803197681903839e-03
1.432523946277797222e-03 3.490264061838388443e-03
1.383855124004185200e-03 3.411255776882171631e-03
1.278517185710370541e-03 3.645637305453419685e-03
1.356947468593716621e-03 4.016879945993423462e-03
1.236732234247028828e-03 4.116086754947900772e-03
1.232426147907972336e-03 4.182516597211360931e-03
1.213890267536044121e-03 4.547450691461563110e-03
1.183132408186793327e-03 4.585111979395151138e-03
1.176064251922070980e-03 4.039356019347906113e-03
1.125079230405390263e-03 3.795032622292637825e-03
1.138104707933962345e-03 3.985576797276735306e-03
1.086958334781229496e-03 3.703960450366139412e-03
1.073158695362508297e-03 3.232963848859071732e-03
1.057025976479053497e-03 3.267385531216859818e-03
1.054837601259350777e-03 3.565292339771986008e-03
1.052007428370416164e-03 3.353985492140054703e-03
1.034638145938515663e-03 3.306826110929250717e-03
1.044307486154139042e-03 3.645532531663775444e-03
1.012150896713137627e-03 3.517207223922014236e-03
1.016449299640953541e-03 3.452843520790338516e-03
1.000207150354981422e-03 3.811822040006518364e-03
9.914026595652103424e-04 3.811559407040476799e-03
9.780403925105929375e-04 3.694272134453058243e-03
9.805184090510010719e-04 3.859285963699221611e-03
9.664109093137085438e-04 3.799717407673597336e-03
9.628300322219729424e-04 3.553061978891491890e-03
9.661383810453116894e-04 3.749978495761752129e-03
9.529974195174872875e-04 3.541871206834912300e-03
9.544133208692073822e-04 3.593671368435025215e-03
9.391478961333632469e-04 3.785407636314630508e-03
9.445546311326324940e-04 3.541148733347654343e-03
9.862112347036600113e-04 3.830015193670988083e-03
9.355779620818793774e-04 3.878386225551366806e-03
9.670746512711048126e-04 3.565198276191949844e-03
9.853898081928491592e-04 3.894507419317960739e-03
9.671425214037299156e-04 3.732381388545036316e-03
9.548559901304543018e-04 3.727594856172800064e-03
9.541168692521750927e-04 3.679993795230984688e-03
9.398167021572589874e-04 3.460012841969728470e-03
9.298032964579761028e-04 3.742478089407086372e-03
9.625771199353039265e-04 3.452220931649208069e-03
9.189116535708308220e-04 3.715747501701116562e-03
9.453361853957176208e-04 3.376566572114825249e-03
9.227158734574913979e-04 3.904883284121751785e-03
9.424315649084746838e-04 3.331248182803392410e-03
9.370176121592521667e-04 4.009408876299858093e-03
9.592056157998740673e-04 3.404454793781042099e-03
1.010013162158429623e-03 4.831816535443067551e-03
1.200055470690131187e-03 3.081082832068204880e-03
1.256568240933120251e-03 5.343193653970956802e-03
1.352795865386724472e-03 3.748621093109250069e-03
9.630409767851233482e-04 3.230360802263021469e-03
1.191971939988434315e-03 4.540892317891120911e-03
1.141651766374707222e-03 4.325143992900848389e-03
1.046868739649653435e-03 3.203877713531255722e-03
1.142872846685349941e-03 3.395694773644208908e-03
9.975031716749072075e-04 4.331952892243862152e-03
1.087473938241600990e-03 3.710763994604349136e-03
1.006015460006892681e-03 3.101645270362496376e-03
1.077374792657792568e-03 3.356280503794550896e-03
1.058632158674299717e-03 4.013834521174430847e-03
1.022608834318816662e-03 3.895453410223126411e-03
1.067811623215675354e-03 3.298297058790922165e-03
9.791604243218898773e-04 3.258187323808670044e-03
1.084682531654834747e-03 3.515263553708791733e-03
9.453996317461133003e-04 3.940273076295852661e-03
1.062161521986126900e-03 3.642202820628881454e-03
9.372421773150563240e-04 3.268346656113862991e-03
9.979163296520709991e-04 3.179078223183751106e-03
9.526257636025547981e-04 3.655383829027414322e-03
9.496164275333285332e-04 3.838039468973875046e-03
9.643716621212661266e-04 3.419894725084304810e-03
9.148280369117856026e-04 3.213872434571385384e-03
9.557429002597928047e-04 3.509992035105824471e-03
9.065357735380530357e-04 3.819209290668368340e-03
9.337759693153202534e-04 3.614046378061175346e-03
9.066156926564872265e-04 3.445592243224382401e-03
9.103018674068152905e-04 3.530072746798396111e-03
9.101629257202148438e-04 3.672214224934577942e-03
8.911002660170197487e-04 3.725878195837140083e-03
9.037416311912238598e-04 3.608105238527059555e-03
8.856795029714703560e-04 3.433505073189735413e-03
8.907436276786029339e-04 3.557462943717837334e-03
8.811320876702666283e-04 3.727084491401910782e-03
8.837553905323147774e-04 3.544193226844072342e-03
8.766240207478404045e-04 3.413225058466196060e-03
8.761375211179256439e-04 3.508927766233682632e-03
8.721250342205166817e-04 3.579006064683198929e-03
8.690899121575057507e-04 3.558147698640823364e-03
8.686881628818809986e-04 3.474781755357980728e-03
8.622769964858889580e-04 3.486813278868794441e-03
8.653335971757769585e-04 3.555013565346598625e-03
8.575852843932807446e-04 3.582584904506802559e-03
8.618248393759131432e-04 3.547280561178922653e-03
8.548713522031903267e-04 3.491972805932164192e-03
8.584122406318783760e-04 3.647065255790948868e-03
8.566085016354918480e-04 3.477577818557620049e-03
8.705470827408134937e-04 3.919975366443395615e-03
9.166157105937600136e-04 3.247629851102828979e-03
1.072559156455099583e-03 5.894509144127368927e-03
2.044537570327520370e-03 3.694548504427075386e-03
1.364333671517670155e-03 3.531438764184713364e-03
1.319027855060994625e-03 5.391032434999942780e-03
1.694745616987347603e-03 4.142825026065111160e-03
1.061637536622583866e-03 3.820230718702077866e-03
1.606756239198148251e-03 4.117742180824279785e-03
1.218574703671038151e-03 4.780645482242107391e-03
1.448386930860579014e-03 3.435586113482713699e-03
1.153670251369476318e-03 3.281042445451021194e-03
1.286928891204297543e-03 3.929552622139453888e-03
1.126600895076990128e-03 4.321825690567493439e-03
1.227240893058478832e-03 3.611109685152769089e-03
1.063042087480425835e-03 3.361818846315145493e-03
1.179438433609902859e-03 3.603770863264799118e-03
1.044028089381754398e-03 4.119358491152524948e-03
1.081141061149537563e-03 3.729665651917457581e-03
1.030627405270934105e-03 3.372742561623454094e-03
1.044689328409731388e-03 3.460858482867479324e-03
1.024086493998765945e-03 3.694950370118021965e-03
9.815010707825422287e-04 3.686292795464396477e-03
1.008766819722950459e-03 3.466564463451504707e-03
9.716778877191245556e-04 3.490507137030363083e-03
9.663893142715096474e-04 3.672619117423892021e-03
9.454314713366329670e-04 3.575197653844952583e-03
9.470366640016436577e-04 3.313394263386726379e-03
9.457007981836795807e-04 3.384464886039495468e-03
9.236155892722308636e-04 3.564205486327409744e-03
9.374861838296055794e-04 3.490675939247012138e-03
8.984630694612860680e-04 3.377457614988088608e-03
9.288075380027294159e-04 3.500015009194612503e-03
8.910995093174278736e-04 3.651431994512677193e-03
9.084056946448981762e-04 3.608473110944032669e-03
8.856545900925993919e-04 3.591685788705945015e-03
8.961044950410723686e-04 3.651529550552368164e-03
8.757227915339171886e-04 3.649029415100812912e-03
8.837876957841217518e-04 3.562773345038294792e-03
8.744184160605072975e-04 3.594049718230962753e-03
8.685787324793636799e-04 3.628033446148037910e-03
8.707827073521912098e-04 3.567540319636464119e-03
8.610917138867080212e-04 3.584026591852307320e-03
8.644651388749480247e-04 3.712976351380348206e-03
8.563630981370806694e-04 3.643227275460958481e-03
8.574238163419067860e-04 3.496564226225018501e-03
8.535913075320422649e-04 3.588094608858227730e-03
