0.0 -0.065 -0.065 -0.065 -0.065 -0.022261228 0.10544561 0.057134688 -0.011541728
0.0005 -0.065 -0.065 -0.065 -0.065 -0.017931687 0.11444001 0.07245898 -0.017358236
0.001 -0.065 -0.065 -0.065 -0.065 -0.020056156 0.12144336 0.08618534 -0.02307046
0.0015 -0.065 -0.065 -0.065 -0.065 -0.0143762445 0.13199958 0.086336285 -0.014902103
0.002 -0.065 -0.065 -0.065 -0.065 -0.003991669 0.13887301 0.085088685 -0.0077964077
0.0025 -0.065 -0.065 -0.065 -0.065 -0.0031197034 0.1383134 0.0936511 -0.0135729145
0.003 -0.065 -0.065 -0.065 -0.065 -0.012350921 0.14270963 0.09289932 -0.010774177
0.0035 -0.065 -0.065 -0.065 -0.065 -0.00871755 0.14256683 0.08864275 -0.003777219
0.004 -0.065 -0.065 -0.065 -0.065 -0.008924622 0.14442465 0.088319704 -0.0035457006
0.0045 -0.065 -0.065 -0.065 -0.065 -0.0065408214 0.14401492 0.09193279 -0.008360036
0.005 -0.065 -0.065 -0.065 -0.065 -0.008228055 0.14577027 0.09224629 -0.010128614
0.0055 -0.065 -0.065 -0.065 -0.065 -0.010561506 0.14441475 0.08898163 -0.008990559
0.006 -0.065 -0.065 -0.065 -0.065 -0.0075689275 0.13897876 0.08726174 -0.007864153
0.0065 -0.065 -0.065 -0.065 -0.065 -0.0060280166 0.13538685 0.087413065 -0.010519816
0.006999999999999999 -0.065 -0.065 -0.065 -0.065 -0.012561714 0.13627684 0.082802385 -0.009151822
0.0075 -0.065 -0.065 -0.065 -0.065 -0.011827453 0.13035819 0.07941216 -0.008760728
0.008 -0.065 -0.065 -0.065 -0.065 -0.010728104 0.12549017 0.078939244 -0.011710156
0.0085 -0.065 -0.065 -0.065 -0.065 -0.012328072 0.12465779 0.075442545 -0.012892143
0.009000000000000001 -0.065 -0.065 -0.065 -0.065 -0.013222209 0.121019654 0.07163857 -0.012128756
0.0095 -0.065 -0.065 -0.065 -0.065 -0.013756628 0.11415381 0.07059407 -0.014883242
0.01 -0.065 -0.065 -0.065 -0.065 -0.015153126 0.11055162 0.06766139 -0.015712874
0.0105 -0.065 -0.065 -0.065 -0.065 -0.015707716 0.10755134 0.06293817 -0.015317105
0.011000000000000001 -0.065 -0.065 -0.065 -0.065 -0.017651808 0.1026552 0.06009944 -0.016261201
0.0115 -0.065 -0.065 -0.065 -0.065 -0.017769381 0.09678377 0.058412254 -0.018776726
0.012 -0.065 -0.065 -0.065 -0.065 -0.01850153 0.093766116 0.055021208 -0.019549085
0.0125 -0.065 -0.065 -0.065 -0.065 -0.020453254 0.090417854 0.05053846 -0.019684443
0.013000000000000001 -0.065 -0.065 -0.065 -0.065 -0.020526003 0.08409806 0.0484104 -0.020970156
0.0135 -0.065 -0.065 -0.065 -0.065 -0.020981325 0.079273604 0.04653144 -0.023292352
0.013999999999999999 -0.065 -0.065 -0.065 -0.065 -0.023523888 0.076992 0.042069342 -0.023015196
0.0145 -0.065 -0.065 -0.065 -0.065 -0.02393275 0.071864046 0.038538832 -0.02345657
0.015 -0.065 -0.065 -0.065 -0.065 -0.024058038 0.06627071 0.03725575 -0.025845703
0.0155 -0.065 -0.065 -0.065 -0.065 -0.025637053 0.06339567 0.034077734 -0.026981948
0.016 -0.065 -0.065 -0.065 -0.065 -0.026772734 0.059910193 0.03007142 -0.026629612
0.0165 -0.065 -0.065 -0.065 -0.065 -0.027183827 0.05443524 0.027991533 -0.028281864
0.017 -0.065 -0.065 -0.065 -0.065 -0.027917676 0.05032947 0.026002083 -0.029869381
0.0175 -0.065 -0.065 -0.065 -0.065 -0.02917353 0.04759849 0.022387102 -0.030104797
0.018000000000000002 -0.065 -0.065 -0.065 -0.065 -0.030332975 0.043521073 0.019422714 -0.03053039
0.0185 -0.065 -0.065 -0.065 -0.065 -0.03049615 0.03865494 0.01777304 -0.032311983
0.019 -0.065 -0.065 -0.065 -0.065 -0.031282328 0.035692483 0.015349466 -0.033309758
0.0195 -0.065 -0.065 -0.065 -0.065 -0.03278275 0.03296541 0.011933595 -0.033404246
0.02 -0.065 -0.065 -0.065 -0.065 -0.033099823 0.028392471 0.009929422 -0.03432361
0.0205 -0.065 -0.065 -0.065 -0.065 -0.033434197 0.024609234 0.008382283 -0.035970118
0.021 -0.065 -0.065 -0.065 -0.065 -0.03482529 0.022481997 0.0054259337 -0.03618983
0.0215 -0.065 -0.065 -0.065 -0.065 -0.035548855 0.019058034 0.002757784 -0.0364668
0.022000000000000002 -0.065 -0.065 -0.065 -0.065 -0.035726283 0.014944442 0.0015100464 -0.037930414
0.0225 -0.065 -0.065 -0.065 -0.065 -0.036580246 0.01248908 -0.0005402006 -0.03886555
0.023 -0.065 -0.065 -0.065 -0.065 -0.03754803 0.0101796985 -0.0033236854 -0.038806267
0.0235 -0.065 -0.065 -0.065 -0.065 -0.037962485 0.006549135 -0.0050120093 -0.039686218
0.024 -0.065 -0.065 -0.065 -0.065 -0.038318772 0.003443338 -0.0062848777 -0.04090883
0.0245 -0.065 -0.065 -0.065 -0.065 -0.03920196 0.0015590191 -0.008603979 -0.04121832
0.025 -0.065 -0.065 -0.065 -0.065 -0.03997238 -0.0010389015 -0.0107631385 -0.04141131
0.0255 -0.065 -0.065 -0.065 -0.065 -0.04013703 -0.0043482706 -0.011906676 -0.04251629
0.026000000000000002 -0.065 -0.065 -0.065 -0.065 -0.040647596 -0.006495796 -0.013396651 -0.04331218
0.0265 -0.065 -0.065 -0.065 -0.065 -0.041586086 -0.008220218 -0.015639141 -0.043357186
0.027000000000000003 -0.065 -0.065 -0.065 -0.065 -0.0418948 -0.011065945 -0.017084256 -0.043886002
0.0275 -0.065 -0.065 -0.065 -0.065 -0.042095743 -0.0136461705 -0.018037722 -0.044957228
0.027999999999999997 -0.065 -0.065 -0.065 -0.065 -0.042874854 -0.015108228 -0.019812383 -0.045235418
0.0285 -0.065 -0.065 -0.065 -0.065 -0.043448772 -0.017110921 -0.02160409 -0.0453378
0.028999999999999998 -0.065 -0.065 -0.065 -0.065 -0.043578297 -0.019744568 -0.02248624 -0.04618545
0.0295 -0.065 -0.065 -0.065 -0.065 -0.04401494 -0.021463111 -0.023636289 -0.046872713
0.03 -0.065 -0.065 -0.065 -0.065 -0.044682432 -0.022813119 -0.025379129 -0.04687926
0.0305 -0.065 -0.065 -0.065 -0.065 -0.044990424 -0.024979144 -0.026557848 -0.047293816
0.031 -0.065 -0.065 -0.065 -0.065 -0.045149367 -0.027035907 -0.027294941 -0.04810241
0.0315 -0.065 -0.065 -0.065 -0.065 -0.045683037 -0.028224885 -0.028633706 -0.048379466
0.032 -0.065 -0.065 -0.065 -0.065 -0.04619444 -0.029704243 -0.030047655 -0.048436306
0.0325 -0.065 -0.065 -0.065 -0.065 -0.046308246 -0.031751297 -0.030787043 -0.04905708
0.033 -0.065 -0.065 -0.065 -0.065 -0.04658011 -0.03316596 -0.0316125 -0.049624786
0.0335 -0.065 -0.065 -0.065 -0.065 -0.04714497 -0.03416171 -0.032965377 -0.049661577
0.034 -0.065 -0.065 -0.065 -0.065 -0.047390323 -0.035803683 -0.033929445 -0.049914338
0.0345 -0.065 -0.065 -0.065 -0.065 -0.047487006 -0.037447743 -0.03447918 -0.050567396
0.035 -0.065 -0.065 -0.065 -0.065 -0.04790802 -0.038373597 -0.03547606 -0.0508108
0.0355 -0.065 -0.065 -0.065 -0.065 -0.048305403 -0.039473638 -0.03660609 -0.05083084
0.036000000000000004 -0.065 -0.065 -0.065 -0.065 -0.048398502 -0.041058153 -0.037186712 -0.05128885
0.0365 -0.065 -0.065 -0.065 -0.065 -0.048605736 -0.04218377 -0.037799075 -0.051757976
0.037000000000000005 -0.065 -0.065 -0.065 -0.065 -0.049021013 -0.042943455 -0.03883069 -0.051788084
0.0375 -0.065 -0.065 -0.065 -0.065 -0.04924075 -0.044168875 -0.039607674 -0.05196424
0.038 -0.065 -0.065 -0.065 -0.065 -0.049310658 -0.045462616 -0.040027894 -0.052458286
0.0385 -0.065 -0.065 -0.065 -0.065 -0.04960614 -0.046202935 -0.040764607 -0.052678898
0.039 -0.065 -0.065 -0.065 -0.065 -0.049936727 -0.047007896 -0.04164832 -0.052683152
0.0395 -0.065 -0.065 -0.065 -0.065 -0.050017983 -0.04822077 -0.042124376 -0.05301041
0.04 -0.065 -0.065 -0.065 -0.065 -0.050149575 -0.049129933 -0.042564213 -0.053391345
0.0405 -0.065 -0.065 -0.065 -0.065 -0.05047993 -0.04969784 -0.04334998 -0.053432144
0.040999999999999995 -0.065 -0.065 -0.065 -0.065 -0.050660223 -0.050612174 -0.04397735 -0.053536236
0.0415 -0.065 -0.065 -0.065 -0.065 -0.050705478 -0.051630914 -0.04429727 -0.053919338
0.042 -0.065 -0.065 -0.065 -0.065 -0.050926276 -0.052216396 -0.044838674 -0.054110907
0.0425 -0.065 -0.065 -0.065 -0.065 -0.05118626 -0.052809626 -0.045532756 -0.05410584
0.043 -0.065 -0.065 -0.065 -0.065 -0.05125626 -0.05373633 -0.04591471 -0.05433981
0.0435 -0.065 -0.065 -0.065 -0.065 -0.051349856 -0.05446136 -0.046238028 -0.054647252
0.044000000000000004 -0.065 -0.065 -0.065 -0.065 -0.05159546 -0.05489701 -0.046831183 -0.054688394
0.0445 -0.065 -0.065 -0.065 -0.065 -0.051750187 -0.055574343 -0.04733465 -0.054753922
0.045 -0.065 -0.065 -0.065 -0.065 -0.051783625 -0.056371182 -0.047583826 -0.05504162
0.0455 -0.065 -0.065 -0.065 -0.065 -0.05193889 -0.056841686 -0.047980376 -0.05520837
0.046 -0.065 -0.065 -0.065 -0.065 -0.05214846 -0.057277516 -0.04852006 -0.055202015
0.0465 -0.065 -0.065 -0.065 -0.065 -0.05221042 -0.05798155 -0.048832737 -0.055365287
0.047 -0.065 -0.065 -0.065 -0.065 -0.052270338 -0.058563694 -0.049068183 -0.05561102
0.0475 -0.065 -0.065 -0.065 -0.065 -0.052459165 -0.058897555 -0.049515255 -0.055655256
0.048 -0.065 -0.065 -0.065 -0.065 -0.05258706 -0.05939965 -0.04991936 -0.055691116
0.0485 -0.065 -0.065 -0.065 -0.065 -0.05261145 -0.060022444 -0.05011481 -0.055908583
0.049 -0.065 -0.065 -0.065 -0.065 -0.05272379 -0.0604001 -0.050404795 -0.056050897
0.0495 -0.065 -0.065 -0.065 -0.065 -0.0528883 -0.060723037 -0.05082444 -0.05604527
0.05 -0.065 -0.065 -0.065 -0.065 -0.052942798 -0.061257035 -0.051078647 -0.05615858
0.0505 -0.065 -0.065 -0.065 -0.065 -0.052983858 -0.061721712 -0.051253326 -0.056353524
0.051 -0.065 -0.065 -0.065 -0.065 -0.05312417 -0.061982587 -0.051588498 -0.05639711
0.0515 -0.065 -0.065 -0.065 -0.065 -0.05323126 -0.062353775 -0.051911466 -0.056416757
0.052000000000000005 -0.065 -0.065 -0.065 -0.065 -0.053251076 -0.06283851 -0.05206757 -0.0565781
0.0525 -0.065 -0.065 -0.065 -0.065 -0.053329572 -0.0631441 -0.052279457 -0.056698702
0.053 -0.065 -0.065 -0.065 -0.065 -0.053459622 -0.06338437 -0.052603774 -0.056695953
0.0535 -0.065 -0.065 -0.065 -0.065 -0.05350779 -0.06378788 -0.052812018 -0.05677291
0.054000000000000006 -0.065 -0.065 -0.065 -0.065 -0.053534366 -0.06415942 -0.05294209 -0.056926325
0.0545 -0.065 -0.065 -0.065 -0.065 -0.053639844 -0.06436446 -0.05319284 -0.05696886
0.055 -0.065 -0.065 -0.065 -0.065 -0.053727902 -0.06463918 -0.053450502 -0.056977704
0.0555 -0.065 -0.065 -0.065 -0.065 -0.05374438 -0.0650157 -0.0535762 -0.05709716
0.055999999999999994 -0.065 -0.065 -0.065 -0.065 -0.05379986 -0.06526302 -0.053731143 -0.057198092
0.0565 -0.065 -0.065 -0.065 -0.065 -0.053901162 -0.065443486 -0.053981274 -0.057198077
0.057 -0.065 -0.065 -0.065 -0.065 -0.053943336 -0.06574784 -0.054151192 -0.057249747
0.0575 -0.065 -0.065 -0.065 -0.065 -0.053961437 -0.06604372 -0.054249734 -0.057369545
0.057999999999999996 -0.065 -0.065 -0.065 -0.065 -0.05403924 -0.06620701 -0.05443663 -0.0574094
0.0585 -0.065 -0.065 -0.065 -0.065 -0.05411167 -0.06641027 -0.05464135 -0.057412736
0.059000000000000004 -0.065 -0.065 -0.065 -0.065 -0.054126192 -0.06670171 -0.054743677 -0.057500012
0.0595 -0.065 -0.065 -0.065 -0.065 -0.054164574 -0.06690243 -0.05485715 -0.057583697
0.06 -0.065 -0.065 -0.065 -0.065 -0.05424342 -0.06703901 -0.055049144 -0.057586394
0.0605 -0.065 -0.065 -0.065 -0.065 -0.05428015 -0.067267925 -0.055187955 -0.057620265
0.061 -0.065 -0.065 -0.065 -0.065 -0.054292303 -0.06750326 -0.055263363 -0.057713114
0.0615 -0.065 -0.065 -0.065 -0.065 -0.054349802 -0.06763409 -0.05540233 -0.057749793
0.062 -0.065 -0.065 -0.065 -0.065 -0.05440865 -0.0677848 -0.055564463 -0.057750106
0.0625 -0.065 -0.065 -0.065 -0.065 -0.05442168 -0.068009734 -0.05564823 -0.057813443
0.063 -0.065 -0.065 -0.065 -0.065 -0.054448266 -0.068172485 -0.055731587 -0.05788213
0.0635 -0.065 -0.065 -0.065 -0.065 -0.054509014 -0.06827693 -0.05587846 -0.05788684
0.064 -0.065 -0.065 -0.065 -0.065 -0.054540746 -0.06844877 -0.05599147 -0.05790864
0.0645 -0.065 -0.065 -0.065 -0.065 -0.054549348 -0.068635225 -0.056050077 -0.057979986
0.065 -0.065 -0.065 -0.065 -0.065 -0.054591265 -0.06874089 -0.056153096 -0.05801294
0.0655 -0.065 -0.065 -0.065 -0.065 -0.05463895 -0.06885283 -0.056281 -0.058012113
0.066 -0.065 -0.065 -0.065 -0.065 -0.054650735 -0.069025844 -0.056349903 -0.05805754
0.0665 -0.065 -0.065 -0.065 -0.065 -0.054668915 -0.06915772 -0.056411378 -0.05811342
0.067 -0.065 -0.065 -0.065 -0.065 -0.0547156 -0.069238305 -0.05652327 -0.05811961
0.0675 -0.065 -0.065 -0.065 -0.065 -0.0547427 -0.069367096 -0.056615062 -0.058133207
0.068 -0.065 -0.065 -0.065 -0.065 -0.054748952 -0.06951441 -0.05666112 -0.05818765
0.0685 -0.065 -0.065 -0.065 -0.065 -0.05477946 -0.069600046 -0.0567374 -0.05821673
0.069 -0.065 -0.065 -0.065 -0.065 -0.054817673 -0.06968348 -0.056837857 -0.05821564
0.0695 -0.065 -0.065 -0.065 -0.065 -0.054828383 -0.06981614 -0.056894578 -0.05824794
0.07 -0.065 -0.065 -0.065 -0.065 -0.05484084 -0.06992273 -0.056940243 -0.058292963
0.0705 -0.065 -0.065 -0.065 -0.065 -0.05487631 -0.0699856 -0.057025187 -0.058299966
0.071 -0.065 -0.065 -0.065 -0.065 -0.054899324 -0.07008189 -0.057099424 -0.05830822
0.0715 -0.065 -0.065 -0.065 -0.065 -0.054904144 -0.070197865 -0.05713612 -0.058349423
0.07200000000000001 -0.065 -0.065 -0.065 -0.065 -0.054926116 -0.07026751 -0.057192475 -0.058374666
0.0725 -0.065 -0.065 -0.065 -0.065 -0.05495663 -0.070329964 -0.057271056 -0.05837386
0.073 -0.065 -0.065 -0.065 -0.065 -0.054966263 -0.07043135 -0.05731781 -0.058396503
0.0735 -0.065 -0.065 -0.065 -0.065 -0.05497472 -0.070517346 -0.057351924 -0.05843249
0.07400000000000001 -0.065 -0.065 -0.065 -0.065 -0.055001643 -0.07056676 -0.05741617 -0.058439873
0.0745 -0.065 -0.065 -0.065 -0.065 -0.05502095 -0.070638716 -0.05747602 -0.05844464
0.075 -0.065 -0.065 -0.065 -0.065 -0.055024818 -0.07072966 -0.057505503 -0.058475584
0.0755 -0.065 -0.065 -0.065 -0.065 -0.055040546 -0.07078642 -0.057547107 -0.058497213
0.076 -0.065 -0.065 -0.065 -0.065 -0.055064697 -0.070833415 -0.057608306 -0.058496855
0.0765 -0.065 -0.065 -0.065 -0.065 -0.05507332 -0.07091063 -0.05764682 -0.05851256
0.077 -0.065 -0.065 -0.065 -0.065 -0.055079125 -0.070979774 -0.05767256 -0.05854106
0.0775 -0.065 -0.065 -0.065 -0.065 -0.055099327 -0.07101901 -0.057720967 -0.058548428
0.078 -0.065 -0.065 -0.065 -0.065 -0.05511542 -0.0710727 -0.057769015 -0.05855105
0.0785 -0.065 -0.065 -0.065 -0.065 -0.055118676 -0.071143806 -0.057792924 -0.058574088
0.079 -0.065 -0.065 -0.065 -0.065 -0.055129893 -0.07119006 -0.057823613 -0.058592357
0.0795 -0.065 -0.065 -0.065 -0.065 -0.055148896 -0.07122563 -0.057871103 -0.05859252
0.08 -0.065 -0.065 -0.065 -0.065 -0.055156514 -0.071284294 -0.057902746 -0.058603242
0.0805 -0.065 -0.065 -0.065 -0.065 -0.05516048 -0.07133971 -0.057922326 -0.05862564
0.081 -0.065 -0.065 -0.065 -0.065 -0.05517561 -0.071371004 -0.05795873 -0.058632664
0.0815 -0.065 -0.065 -0.065 -0.065 -0.055188872 -0.07141113 -0.057997093 -0.05863405
0.08199999999999999 -0.065 -0.065 -0.065 -0.065 -0.055191763 -0.07146649 -0.058016583 -0.058651038
0.0825 -0.065 -0.065 -0.065 -0.065 -0.055199627 -0.071504176 -0.058039308 -0.05866626
0.083 -0.065 -0.065 -0.065 -0.065 -0.05521444 -0.071531266 -0.058075942 -0.058666892
0.0835 -0.065 -0.065 -0.065 -0.065 -0.055221207 -0.07157566 -0.058101907 -0.05867414
0.084 -0.065 -0.065 -0.065 -0.065 -0.055223923 -0.07161996 -0.05811698 -0.05869156
0.0845 -0.065 -0.065 -0.065 -0.065 -0.055235147 -0.07164514 -0.05814421 -0.058698095
0.085 -0.065 -0.065 -0.065 -0.065 -0.055246036 -0.07167506 -0.05817473 -0.05869873
0.0855 -0.065 -0.065 -0.065 -0.065 -0.05524855 -0.07171801 -0.058190733 -0.05871118
0.086 -0.065 -0.065 -0.065 -0.065 -0.055254105 -0.071748674 -0.058207512 -0.058723792
0.0865 -0.065 -0.065 -0.065 -0.065 -0.055265635 -0.07176946 -0.058235727 -0.0587247
0.087 -0.065 -0.065 -0.065 -0.065 -0.055271387 -0.07180303 -0.058256924 -0.058729507
0.0875 -0.065 -0.065 -0.065 -0.065 -0.05527342 -0.07183826 -0.05826863 -0.05874303
0.08800000000000001 -0.065 -0.065 -0.065 -0.065 -0.055281695 -0.071858585 -0.05828896 -0.05874891
0.0885 -0.065 -0.065 -0.065 -0.065 -0.055290498 -0.07188098 -0.058313146 -0.058749184
0.08900000000000001 -0.065 -0.065 -0.065 -0.065 -0.05529277 -0.071914166 -0.05832628 -0.05875823
0.0895 -0.065 -0.065 -0.065 -0.065 -0.05529668 -0.07193905 -0.05833882 -0.058768503
0.09 -0.065 -0.065 -0.065 -0.065 -0.055305526 -0.07195516 -0.058360405 -0.05876968
0.0905 -0.065 -0.065 -0.065 -0.065 -0.05531053 -0.07198045 -0.058377646 -0.058772802
0.091 -0.065 -0.065 -0.065 -0.065 -0.05531197 -0.07200837 -0.058386862 -0.05878316
0.0915 -0.065 -0.065 -0.065 -0.065 -0.055318024 -0.07202488 -0.058401994 -0.05878842
0.092 -0.065 -0.065 -0.065 -0.065 -0.055325177 -0.072041646 -0.058421083 -0.058788538
0.0925 -0.065 -0.065 -0.065 -0.065 -0.05532718 -0.07206723 -0.0584319 -0.058795005
0.09300000000000001 -0.065 -0.065 -0.065 -0.065 -0.055329893 -0.07208739 -0.05844122 -0.058803327
0.0935 -0.065 -0.065 -0.065 -0.065 -0.055336703 -0.072099924 -0.058457673 -0.05880467
0.094 -0.065 -0.065 -0.065 -0.065 -0.05534095 -0.07211895 -0.058471695 -0.058806635
0.0945 -0.065 -0.065 -0.065 -0.065 -0.055342022 -0.07214102 -0.05847899 -0.058814526
0.095 -0.065 -0.065 -0.065 -0.065 -0.05534645 -0.07215439 -0.058490254 -0.058819115
0.0955 -0.065 -0.065 -0.065 -0.065 -0.05535217 -0.072167024 -0.0585052 -0.058819205
0.096 -0.065 -0.065 -0.065 -0.065 -0.05535401 -0.07218665 -0.05851411 -0.0588238
0.0965 -0.065 -0.065 -0.065 -0.065 -0.055355866 -0.072202936 -0.05852112 -0.05883047
0.09699999999999999 -0.065 -0.065 -0.065 -0.065 -0.055361003 -0.072212785 -0.05853364 -0.05883184
0.0975 -0.065 -0.065 -0.065 -0.065 -0.055364624 -0.07222706 -0.05854495 -0.058833107
0.098 -0.065 -0.065 -0.065 -0.065 -0.055365477 -0.072244436 -0.058550783 -0.058839038
0.0985 -0.065 -0.065 -0.065 -0.065 -0.055368677 -0.07225531 -0.058559164 -0.058842972
0.099 -0.065 -0.065 -0.065 -0.065 -0.0553732 -0.072264835 -0.058570854 -0.05884307
0.0995 -0.065 -0.065 -0.065 -0.065 -0.05537482 -0.072279856 -0.05857817 -0.058846325
0.1 -0.065 -0.065 -0.065 -0.065 -0.336115 0.265301 -0.0104220435 -0.057732068
0.1005 -0.05364023 -0.06490283 -0.06393973 -0.05928345 0.14857219 -0.04191128 -0.11256034 -0.22017293
0.10099999999999999 -0.04157442 -0.0645434 -0.06229162 -0.05417503 0.36634275 -0.13775125 0.08858891 -0.0032879673
0.1015 -0.03399742 -0.063925 -0.06095807 -0.05017674 0.20201688 -0.03957306 0.02064652 0.012341088
0.102 -0.02910543 -0.06306143 -0.05980025 -0.04654107 -0.010852762 -0.032634176 -0.0061531216 0.16523887
0.1025 -0.02547948 -0.06195835 -0.05866356 -0.04304102 0.0630496 -0.094270945 0.016693939 0.05573006
0.10300000000000001 -0.0224232 -0.06061755 -0.05747113 -0.03961788 0.10620011 -0.03914593 0.102638155 0.046434157
0.1035 -0.01962909 -0.05903965 -0.05618988 -0.03625471 0.047886662 0.04587263 0.03922364 0.07252605
0.10400000000000001 -0.01696454 -0.05722519 -0.05480591 -0.03294492 0.12977114 0.02590901 0.0735687 0.096921034
0.1045 -0.0143766 -0.05517419 -0.05331385 -0.02968757 0.15053548 0.05306143 0.11165928 0.028055249
0.105 -0.01185248 -0.05288624 -0.05171254 -0.02648395 0.12723203 0.079231165 0.12777025 0.062391154
0.1055 -0.009373864 -0.05036459 -0.05000067 -0.02332968 0.08847631 0.093048766 0.09500228 0.10352677
0.106 -0.006917896 -0.04761267 -0.04817635 -0.02021722 0.11995524 0.08991967 0.117215686 0.10828523
0.1065 -0.004476812 -0.04463445 -0.04625566 -0.0171455 0.12735033 0.12629546 0.13310984 0.08596183
0.107 -0.0020544870000000002 -0.04143758 -0.04426162 -0.01411872 0.12624212 0.15152098 0.14438766 0.09781354
0.1075 0.00034927199999999997 -0.03802588 -0.04214916 -0.01113175 0.11447793 0.1681124 0.14094126 0.10725116
0.10800000000000001 0.002732798 -0.03440104 -0.0399083 -0.008180156 0.13960873 0.17231119 0.15996927 0.10570384
0.1085 0.005087009 -0.03056448 -0.03754306 -0.005263348 0.13697204 0.1980794 0.16689971 0.10508926
0.109 0.007420988000000001 -0.0265204 -0.03505803 -0.00238198 0.13073304 0.21413936 0.17045361 0.11791735
0.1095 0.009741419 -0.02227287 -0.03245708 0.0004667019 0.13049974 0.22525544 0.17486253 0.12259685
0.11 0.0120475 -0.0178258 -0.02974595 0.0032844659999999998 0.14215198 0.23764525 0.18810204 0.12100624
0.1105 0.01433793 -0.01318304 -0.02692702 0.00607259 0.13877058 0.25935936 0.19270629 0.12442415
0.111 0.01661243 -0.008348472 -0.02400054 0.00883208 0.14003876 0.27177635 0.19870219 0.13046114
0.1115 0.01887011 -0.003326013 -0.02096785 0.01156379 0.1428206 0.28365627 0.20651439 0.13162053
0.11199999999999999 0.02111023 0.0018822670000000002 -0.01780116 0.01426877 0.14695725 0.29765004 0.21516034 0.13344316
0.1125 0.0233313 0.007264746 -0.01453417 0.01694871 0.14539027 0.31372473 0.21998268 0.13809198
0.113 0.025531599999999998 0.01277531 -0.01119156 0.01960411 0.14727938 0.32544315 0.22703785 0.14136232
0.1135 0.02771385 0.01838568 -0.0077654740000000005 0.02223484 0.14965497 0.33827245 0.2347984 0.14273421
0.114 0.0298791 0.02411863 -0.004247924 0.024840900000000003 0.15169652 0.3522587 0.24205017 0.14529458
0.1145 0.03202759 0.03000003 -0.0006337942 0.0274233 0.15191734 0.36605608 0.24823329 0.14854994
0.115 0.03415295 0.03604989 0.003076308 0.02997956 0.15412274 0.3779071 0.2558399 0.1506537
0.1155 0.03624133 0.04228006 0.006878648 0.03250492 0.15583324 0.39083225 0.2633217 0.15254152
0.11599999999999999 0.03831053 0.04869519 0.01078039 0.03500817 0.15702194 0.4040774 0.27031612 0.15519787
0.1165 0.04037172 0.05529472 0.01478337 0.03749339 0.15810448 0.4167002 0.27736318 0.15763612
0.11699999999999999 0.04242662 0.06207446 0.018886 0.039961699999999996 0.15992384 0.42880774 0.28506446 0.15944532
0.1175 0.04447343 0.06902794 0.0230857 0.04241351 0.16123712 0.44152695 0.29245904 0.16148072
0.11800000000000001 0.04650941 0.0761475 0.02737446 0.0448487 0.16245335 0.4540451 0.29974288 0.16372672
0.1185 0.04850918 0.0834238 0.03168912 0.04724992 0.16376325 0.46614292 0.30724978 0.16564846
0.11900000000000001 0.05044703 0.09084697 0.0360578 0.04956213 0.16518167 0.47817385 0.31489444 0.167428
0.1195 0.05235222 0.09840875 0.04052204 0.0518548 0.16634506 0.49035624 0.32234555 0.16937378
0.12 0.05425055 0.1061032 0.04509211 0.05414498 0.16752647 0.5022596 0.32984176 0.1712528
0.1205 0.05613872 0.1139251 0.04976309 0.05642782 0.1687427 0.5139375 0.33743957 0.17294684
0.121 0.05803453 0.12186949999999999 0.05454017 0.05871226 0.16991208 0.52557003 0.3449978 0.17464088
0.1215 0.05994227 0.1299325 0.05941987 0.06099947 0.17097439 0.53710914 0.35246357 0.1763644
0.122 0.06185704 0.1381106 0.06439576 0.06328727 0.17204715 0.5483932 0.35995132 0.17798582
0.1225 0.06377222 0.14640060000000002 0.06946169 0.06557310000000001 0.17308909 0.55950963 0.36741772 0.17953233
0.12300000000000001 0.06568247 0.1547996 0.07461268 0.06785481 0.17406698 0.5705013 0.37479427 0.18108013
0.1235 0.06758414 0.1633046 0.0798449 0.0701307 0.1749979 0.5812965 0.38209882 0.18258983
0.124 0.06947489 0.17191289999999998 0.08515541 0.07239947 0.17590693 0.59186095 0.3893555 0.18402389
0.1245 0.07135346 0.1806219 0.09054189 0.07466013 0.17676571 0.6022401 0.39651898 0.18542153
0.125 0.07321929 0.18942920000000002 0.09600249 0.07691199 0.17757493 0.6124212 0.40357143 0.18679424
0.1255 0.07507222 0.1983319 0.10153560000000002 0.07915454 0.178346 0.6223683 0.41052496 0.18811461
0.126 0.07691236 0.2073272 0.10713989999999998 0.08138746 0.17907798 0.6320828 0.41737035 0.18938419
0.1265 0.07873999 0.2164125 0.1128142 0.08361063 0.17976294 0.6415759 0.42408475 0.19061981
0.127 0.08055549999999999 0.2255859 0.11855710000000001 0.08582405 0.18040654 0.6508303 0.43066582 0.19181581
0.1275 0.08235927 0.23484560000000002 0.12436769999999998 0.08802774 0.18101169 0.65983534 0.43711337 0.19296359
0.128 0.08415151 0.24418979999999996 0.1302449 0.09022156 0.18157603 0.6685945 0.44341633 0.19406953
0.1285 0.08593244 0.253617 0.13618770000000002 0.09240564 0.18210013 0.67710644 0.44956622 0.19513734
0.129 0.08770255 0.26312559999999996 0.14219489999999999 0.09458027 0.18258728 0.6853632 0.45556244 0.19616231
0.1295 0.08946236 0.2727143 0.1482654 0.09674593 0.1830378 0.6933629 0.46140116 0.19714403
0.13 0.09121223 0.2823817 0.1543986 0.09890285 0.18345214 0.70110756 0.4670768 0.198086
0.1305 0.09295239 0.2921264 0.1605936 0.1010511 0.1838323 0.70859534 0.47258672 0.1989882
0.131 0.09468304 0.30194699999999997 0.16684939999999998 0.103191 0.18417996 0.71582466 0.4779305 0.19984907
0.1315 0.09639811 0.3118419 0.1731644 0.1053175 0.18449557 0.722797 0.48310608 0.20066985
0.132 0.09808528 0.321809 0.1795351 0.1074259 0.18478067 0.729514 0.4881114 0.20145205
0.1325 0.09976075 0.3318468 0.1859625 0.10952160000000001 0.18503667 0.73597634 0.4929468 0.20219527
0.133 0.10143239999999999 0.3419533 0.1924454 0.11159970000000001 0.18526532 0.7421853 0.49761254 0.2028998
0.1335 0.10310250000000001 0.3521275 0.1989848 0.11366389999999998 0.18546686 0.74814403 0.50210834 0.20356698
0.134 0.104771 0.3623685 0.20558099999999999 0.1157241 0.18564333 0.7538547 0.5064349 0.20419742
0.1345 0.10643659999999999 0.372675 0.21223320000000004 0.1177859 0.18579568 0.75931996 0.51059353 0.20479137
0.135 0.10808430000000001 0.3830455 0.2189381 0.11983339999999998 0.18592477 0.7645428 0.51458544 0.2053496
0.1355 0.1097097 0.3934783 0.22569270000000002 0.12186760000000002 0.18603179 0.76952654 0.518412 0.20587291
0.136 0.11133030000000001 0.4039722 0.2324991 0.12390219999999999 0.18611793 0.7742743 0.5220749 0.20636219
0.1365 0.1129533 0.41452619999999996 0.239358 0.1259399 0.18618378 0.77878964 0.525576 0.20681788
0.13699999999999998 0.11457830000000001 0.4251392 0.24626869999999998 0.1279799 0.18623027 0.783076 0.5289174 0.20724061
0.1375 0.11620280000000001 0.43580990000000003 0.2532297 0.13002060000000001 0.18625858 0.78713715 0.532101 0.20763145
0.138 0.1178134 0.4465365 0.2602375 0.1320446 0.18626924 0.79097664 0.53512913 0.20799078
0.1385 0.1193989 0.4573170999999999 0.2672881 0.13404860000000002 0.18626262 0.79459804 0.5380039 0.20831959
0.139 0.12097770000000001 0.46815070000000003 0.2743848 0.1360522 0.18623987 0.79800504 0.5407277 0.2086183
0.1395 0.12255930000000001 0.4790366 0.2815293 0.13805989999999999 0.18620114 0.8012015 0.54330266 0.20888773
0.14 0.1241443 0.4899739000000001 0.288721 0.14007120000000003 0.18614729 0.8041909 0.54573125 0.20912842
0.1405 0.1257301 0.5009617000000001 0.2959585 0.1420843 0.18607873 0.80697674 0.54801595 0.20934099
0.141 0.12731389999999998 0.5119989 0.3032404 0.1440979 0.18599576 0.8095627 0.55015886 0.20952612
0.1415 0.128894 0.5230844 0.3105655 0.1461112 0.1858991 0.81195235 0.5521624 0.20968448
0.142 0.1304692 0.5342170999999999 0.3179328 0.14812329999999999 0.1857886 0.8141494 0.5540287 0.2098166
0.1425 0.1320387 0.5453958999999999 0.3253413 0.1501336 0.185665 0.8161569 0.55576044 0.20992298
0.14300000000000002 0.13360229999999998 0.5566198 0.3327903 0.15213220000000002 0.18552876 0.8179784 0.5573595 0.21000414
0.1435 0.1351565 0.5678875 0.3402788 0.15387320000000002 0.18537986 0.81961745 0.55882853 0.21006054
0.14400000000000002 0.1366825 0.5791977 0.34780370000000005 0.1554906 0.18521856 0.8210771 0.5601694 0.21009278
0.1445 0.13817349999999998 0.5905469 0.35536009999999996 0.1571727 0.18504547 0.82236093 0.5613846 0.21010137
0.145 0.1396525 0.6019346 0.3629506 0.1589382 0.18486032 0.8234719 0.56247616 0.21008646
0.1455 0.1411414 0.6133611999999999 0.3705799 0.1607389 0.18466403 0.8244133 0.5634465 0.2100489
0.146 0.1426437 0.6248254 0.3782489 0.1624355 0.18445617 0.82518864 0.56429744 0.20998897
0.1465 0.14415429999999999 0.6363274999999999 0.38595619999999997 0.1641999 0.18423751 0.82580054 0.5650316 0.20990692
0.147 0.14566800000000002 0.6478673 0.39370029999999995 0.1660497 0.18400803 0.82625246 0.5656508 0.2098033
0.1475 0.1471817 0.6594445999999999 0.4014798 0.167966 0.18376788 0.8265476 0.56615734 0.20967858
0.14800000000000002 0.1486936 0.6710587 0.4092938 0.1699305 0.18351765 0.826689 0.56655306 0.20953313
0.1485 0.15020250000000002 0.682709 0.41714140000000005 0.17192910000000003 0.18325748 0.8266797 0.56684077 0.20936702
0.149 0.1517079 0.6943946 0.42502170000000006 0.1739509 0.18298748 0.8265228 0.5670219 0.20918116
0.1495 0.1532094 0.7061145999999999 0.43293409999999993 0.1759878 0.1827082 0.82622135 0.5670993 0.20897545
0.15 0.1547065 0.7178680000000001 0.4408773 0.1780306 0.18235359 0.82586074 0.5671071 0.20877197
0.1505 0.15619760000000002 0.7295483 0.4487806 0.1800685 0.17747499 0.82966834 0.5721679 0.20904484
0.151 0.1576826 0.7409745 0.45655429999999997 0.18210410000000002 0.17538686 0.8324644 0.57280576 0.20916343
0.1515 0.1591622 0.7520799 0.4642125 0.1841361 0.17827721 0.83075005 0.5773083 0.21025828
0.152 0.1606332 0.7628304 0.4717704000000001 0.1861622 0.17886734 0.83140045 0.5790338 0.21148215
0.1525 0.16209229999999997 0.7732073 0.47923530000000003 0.18818010000000002 0.179911 0.8322102 0.58160454 0.21397819
0.153 0.16353689999999999 0.7831991 0.48660909999999996 0.19018210000000002 0.1801152 0.8326548 0.5842074 0.21541551
0.1535 0.164952 0.7927976 0.49388820000000005 0.1921469 0.18050829 0.8330748 0.58708674 0.21717969
0.154 0.16635450000000002 0.8020007 0.5010733 0.19409479999999998 0.18099923 0.8340139 0.58943933 0.21902195
0.1545 0.16774129999999998 0.8108017 0.5077879 0.1960244 0.18172838 0.83472717 0.59216225 0.22075452
0.155 0.1690961 0.8191624 0.5136604 0.1979424 0.18231405 0.8353117 0.5948747 0.22229177
0.1555 0.17045839999999998 0.8270924000000001 0.5197199 0.1998558 0.1829348 0.83591187 0.59755147 0.22397776
0.156 0.17184370000000002 0.8346078000000001 0.5255025 0.20176229999999998 0.18354794 0.83655125 0.60011643 0.2256604
0.1565 0.17322970000000001 0.8416954 0.5310332 0.2036437 0.18420437 0.8370884 0.6027275 0.22728828
0.157 0.1746068 0.8483871999999999 0.5370235 0.20550429999999997 0.18484679 0.8375821 0.6052958 0.22886905
0.1575 0.1759914 0.8547188 0.5434249 0.2073631 0.18550429 0.8380419 0.6078253 0.2304508
0.158 0.1773879 0.8607121999999999 0.5500513000000001 0.20921820000000002 0.18617092 0.8384437 0.61031306 0.23199663
0.1585 0.1787898 0.8663784 0.5567430999999999 0.2110558 0.18685031 0.83877283 0.6127746 0.23350748
0.159 0.1801925 0.8717244000000001 0.5633975 0.2128893 0.18753168 0.83904684 0.6151879 0.23498969
0.1595 0.18159460000000002 0.8767538 0.5699562 0.21472420000000003 0.1882228 0.8392577 0.6175596 0.23644371
0.16 0.1829944 0.8814683000000001 0.5763884 0.21655970000000002 0.18892093 0.8393991 0.61988956 0.2378612
0.1605 0.1843902 0.8858696 0.5826809000000001 0.2183938 0.18962671 0.83947116 0.6221772 0.23924477
0.161 0.1857808 0.8899597 0.5888304 0.2202245 0.19033866 0.8394752 0.624419 0.24059443
0.1615 0.1871651 0.8937411 0.5948388000000001 0.22205039999999998 0.19105822 0.839407 0.6266171 0.2419083
0.162 0.18854279999999998 0.8972155999999999 0.600711 0.2238701 0.19178443 0.8392661 0.6287708 0.24318506
0.1625 0.1899136 0.9003873 0.6064526 0.2256827 0.19251765 0.83905184 0.6308799 0.24442478
0.163 0.1912774 0.9032626 0.6120694999999999 0.22748779999999996 0.1932575 0.8387631 0.6329441 0.2456264
0.1635 0.1926344 0.9058476000000001 0.6175670999999999 0.2292846 0.19400404 0.83839864 0.63496417 0.24678887
0.16399999999999998 0.1939845 0.9081484000000001 0.6229505 0.23107289999999997 0.19475733 0.8379579 0.63693976 0.24791165
0.1645 0.1953279 0.9101708000000001 0.628224 0.2328524 0.1955171 0.83743984 0.6388712 0.24899395
0.165 0.19665320000000003 0.9119166 0.6333883000000001 0.2345899 0.1962835 0.83684367 0.64075875 0.25003454
0.1655 0.1979404 0.9133914000000001 0.6384406 0.23627150000000002 0.19705623 0.8361684 0.64260256 0.25103298
0.166 0.1992145 0.9146044 0.6433906999999999 0.23794479999999998 0.19783555 0.8354132 0.64440304 0.25198814
0.1665 0.2004934 0.9155633 0.648246 0.23962529999999996 0.19862112 0.83457696 0.6461606 0.25289872
0.16699999999999998 0.20167929999999998 0.9162753 0.6530098000000001 0.24131370000000002 0.19941251 0.8336585 0.64787525 0.25376397
0.1675 0.2027028 0.9167464 0.6576823 0.2430069 0.20021003 0.83265716 0.64954746 0.25458297
0.168 0.20379679999999997 0.9169825 0.6622644 0.24470189999999997 0.20101327 0.8315714 0.6511774 0.25535452
0.1685 0.20499539999999997 0.9169889999999999 0.6667576999999999 0.24639650000000002 0.20182216 0.8303999 0.6527655 0.25607705
0.16899999999999998 0.2062708 0.9167716 0.6711628000000001 0.2480886 0.20263618 0.8291416 0.65431195 0.25674966
0.1695 0.2075625 0.916334 0.6754387 0.2497584 0.20345536 0.82779473 0.6558169 0.257371
0.17 0.2088527 0.9156798 0.6796093000000001 0.2514077 0.20427917 0.8263578 0.6572806 0.25793967
0.1705 0.2101532 0.9148149 0.6837138 0.2530542 0.20510742 0.82482916 0.65870357 0.2584539
0.171 0.21146170000000003 0.9137457 0.6877563 0.25470160000000003 0.20593937 0.82320696 0.6600855 0.25891256
0.1715 0.21277159999999998 0.9124781 0.6917319000000001 0.2563491 0.20677477 0.8214893 0.6614271 0.25931355
0.172 0.2140768 0.9110173 0.6956352 0.257995 0.20761305 0.81967366 0.6627278 0.25965565
0.1725 0.2153736 0.9093683000000001 0.6994626 0.2596378 0.20845361 0.817758 0.66398805 0.25993663
0.17300000000000001 0.21665990000000002 0.9075353999999999 0.7032124 0.2612763 0.20929582 0.8157398 0.66520804 0.2601546
0.1735 0.21793420000000002 0.9055231 0.7068840000000001 0.2629094 0.21013866 0.8136164 0.6663873 0.26030773
0.174 0.2191955 0.9033353999999999 0.7104775 0.26453590000000005 0.2109816 0.8113848 0.66752625 0.26039365
0.1745 0.2204448 0.9009765 0.7139935000000001 0.2661558 0.21182346 0.8090421 0.6686242 0.26041004
0.175 0.2216839 0.8984503 0.7174331 0.2677691 0.21266331 0.8065843 0.6696815 0.26035458
0.1755 0.22291370000000002 0.8957606 0.7207972 0.2693757 0.21349975 0.8040083 0.6706974 0.26022482
0.17600000000000002 0.22413490000000003 0.8929113999999999 0.724087 0.27097459999999995 0.21433191 0.80130994 0.6716716 0.26001802
0.1765 0.2253479 0.8899063 0.7273035 0.2725657 0.21515776 0.7984849 0.6726038 0.25973147
0.177 0.22655300000000003 0.8867491 0.7304479 0.2741495 0.21597639 0.7955285 0.6734931 0.25936213
0.1775 0.22775079999999998 0.8834433 0.7335213 0.2757259 0.216785 0.79243594 0.6743389 0.25890678
0.17800000000000002 0.22894160000000002 0.8799923000000001 0.7365246999999999 0.2772952 0.21758273 0.7892015 0.6751403 0.25836244
0.1785 0.23012570000000002 0.8763996999999999 0.7394593 0.27885740000000003 0.21836644 0.78581953 0.67589605 0.25772557
0.179 0.23130309999999998 0.8726684000000001 0.7423251000000001 0.28041209999999994 0.21913417 0.78228384 0.67660517 0.2569928
0.1795 0.2324442 0.8687985 0.7450734999999999 0.2819454 0.21988317 0.77858734 0.677266 0.2561602
0.18 0.2335623 0.8647905999999999 0.7477351999999999 0.28346659999999996 0.22061 0.7747228 0.67787653 0.25522405
0.1805 0.23466420000000002 0.8606459999999999 0.7503488 0.2849514 0.22131203 0.77068216 0.678435 0.25418052
0.18100000000000002 0.2357556 0.8563713 0.7529168 0.2864145 0.22198506 0.7664569 0.67893887 0.2530256
0.1815 0.2368571 0.8519733 0.7554393 0.2878799 0.22262517 0.76203746 0.67938524 0.25175506
0.182 0.2379732 0.8474571 0.7579127 0.28935190000000005 0.22322755 0.757414 0.67977077 0.2503651
0.1825 0.2391 0.8428266 0.7603331999999999 0.290829 0.22378777 0.7525756 0.6800919 0.24885128
0.183 0.24023179999999997 0.8380847 0.7626977 0.29230900000000004 0.22429979 0.74751073 0.68034375 0.24720998
0.1835 0.24136370000000001 0.8332339 0.7650047 0.2937896 0.22475837 0.7422066 0.68052155 0.24543734
0.184 0.24249250000000003 0.8282765999999999 0.7672535 0.2952691 0.22515619 0.7366502 0.68061924 0.24352969
0.1845 0.2436158 0.8232146999999999 0.7694441 0.29674490000000003 0.22548613 0.73082703 0.68062973 0.24148421
0.185 0.2447322 0.8180503 0.7715771 0.2982167 0.2257409 0.7247218 0.6805452 0.23929848
0.1855 0.24584189999999997 0.8127854 0.7736531999999999 0.29968429999999996 0.2259117 0.71831864 0.6803567 0.23697074
0.18600000000000003 0.2469448 0.8074193000000001 0.7756723000000001 0.3011474 0.22598961 0.71160096 0.6800533 0.2345006
0.1865 0.2480389 0.8019527 0.777634 0.30259899999999995 0.22596514 0.7045508 0.6796236 0.23188901
0.187 0.24909740000000002 0.7963844 0.7795316 0.3039955 0.22582802 0.69715065 0.6790537 0.2291382
0.1875 0.2501325 0.7907199 0.7813699000000001 0.30537509999999995 0.22556792 0.68938226 0.6783284 0.22625321
0.188 0.2511683 0.7849649999999999 0.7831585 0.3067495 0.22517449 0.6812279 0.67743045 0.22324088
0.1885 0.2521913 0.7791229000000001 0.7848651 0.3081258 0.22463675 0.67267036 0.6763414 0.22011106
0.18899999999999997 0.2531938 0.7731938 0.7864886999999999 0.3094921 0.2239446 0.663694 0.67504066 0.21687728
0.1895 0.2542076 0.7671804 0.7880842 0.31085609999999997 0.22308888 0.6542853 0.67350686 0.21355641
0.19 0.2552376 0.7610859999999999 0.7896588000000001 0.3122259 0.22206129 0.6444343 0.6717174 0.21016915
0.1905 0.2562772 0.7549134 0.7912060000000001 0.3136015 0.22085577 0.6341354 0.6696497 0.20674056
0.191 0.2573201 0.7486645000000001 0.7927181999999999 0.3149812 0.21946861 0.62338877 0.66728264 0.20329943
0.1915 0.258363 0.742341 0.7941903 0.3163636 0.21789879 0.61220247 0.66459703 0.1998781
0.192 0.2594034 0.7359435999999999 0.7956194999999999 0.3177474 0.21614954 0.600593 0.66157806 0.19651186
0.1925 0.26043920000000004 0.7294695 0.796992 0.31913070000000004 0.21422774 0.5885876 0.65821654 0.1932384
0.193 0.2614199 0.7228817 0.7969046 0.3204907 0.21214533 0.57622474 0.6545114 0.19009559
0.1935 0.26234959999999996 0.7161466999999999 0.7965749 0.3218368 0.2099175 0.56355596 0.6504711 0.18712111
0.19399999999999998 0.2632889 0.7093041999999999 0.7968767 0.32318559999999996 0.20756514 0.5506443 0.64611554 0.18435001
0.1945 0.2642541 0.7023944000000001 0.7977516 0.3245388 0.20511141 0.5375651 0.641476 0.18181422
0.195 0.2652409 0.6954416999999999 0.7989789 0.32589450000000003 0.20258346 0.52440375 0.6365964 0.1795405
0.1955 0.2662402 0.6884566999999999 0.8003733000000001 0.3272509 0.20000951 0.511253 0.631531 0.17755012
0.196 0.2672447 0.6814406999999999 0.8017943000000001 0.32860690000000004 0.19741929 0.49821016 0.626344 0.1758579
0.1965 0.2682486 0.6743839 0.8030558000000001 0.3299611 0.19484174 0.48537368 0.6211057 0.17447264
0.19699999999999998 0.2692482 0.6672793 0.8041373 0.33131309999999997 0.19230539 0.47283825 0.6158896 0.17339712
0.1975 0.2702422 0.6601231 0.8050972 0.3326614 0.18983553 0.4606926 0.61076903 0.17262846
0.198 0.2712301 0.6529142 0.805988 0.3339915 0.18745609 0.44901478 0.6058137 0.17215979
0.1985 0.2722112 0.6456529999999999 0.8068423000000001 0.335316 0.1851869 0.4378706 0.6010865 0.17197976
0.19899999999999998 0.2731857 0.6383409000000001 0.8076767 0.33664099999999997 0.18304482 0.42731085 0.59664184 0.17207475
0.1995 0.2741542 0.6309794 0.8084974 0.337966 0.18104249 0.4173723 0.5925231 0.17242844
0.2 0.275117 0.6235696999999999 0.8093049 0.3392898 0.14190692 0.42322215 0.2815366 0.09928101
0.2005 0.2631447 0.6157 0.7937732 0.32275570000000003 0.15756045 0.3325985 0.5143006 0.26278874
0.201 0.24883609999999998 0.6071656999999999 0.7771444000000001 0.3081375 -0.20164248 0.54472685 0.31682724 0.13896064
0.2015 0.23940250000000002 0.5983214 0.7637656 0.29741809999999996 0.050067555 0.550274 0.25001633 0.1957488
0.20199999999999999 0.23324539999999996 0.5894186 0.7525202 0.28815409999999997 0.26635364 0.5878838 0.17986932 0.014945222
0.2025 0.2287225 0.5805968 0.7422964 0.2795257 0.19246419 0.5325841 0.40066218 0.021142507
0.203 0.22495229999999997 0.5719316 0.7324943 0.27130279999999996 -0.05291861 0.52787745 0.3467439 0.059384733
0.2035 0.2215244 0.5634664 0.722843 0.26341329999999996 0.08379809 0.43058088 0.3912904 0.13003863
0.204 0.2182567 0.5552286 0.7132331999999999 0.2558258 0.0047922553 0.585139 0.29148048 0.058917865
0.2045 0.215069 0.5472369 0.7036269 0.24852080000000001 0.052853923 0.57604903 0.31985536 0.10784706
0.205 0.21192600000000003 0.5395045 0.694016 0.24148229999999998 0.072777204 0.51456034 0.35126916 0.03288254
0.2055 0.20881190000000002 0.5320415 0.6844038 0.23469659999999998 0.09009938 0.51979107 0.3675553 0.052060656
0.20600000000000002 0.20571979999999998 0.5248549 0.6747979000000001 0.2281508 0.070629105 0.58633363 0.2689319 0.07791137
0.2065 0.2026467 0.51795 0.6652070999999999 0.22183289999999997 0.087972075 0.53199947 0.31282526 0.086120576
0.207 0.1995914 0.5113300000000001 0.6556401999999999 0.2157319 0.031576026 0.5182165 0.3237024 0.045772977
0.2075 0.19655379999999997 0.504997 0.6461056 0.20983720000000003 0.058672275 0.53521836 0.31684837 0.08526602
0.20800000000000002 0.19353399999999998 0.4989519 0.6366111 0.20413889999999998 0.044443842 0.57821816 0.28198954 0.07330552
0.2085 0.1905324 0.49319440000000003 0.6271641 0.1986279 0.06152605 0.5516572 0.3111448 0.06018263
0.209 0.1875496 0.4877236 0.6177713 0.1932953 0.06822912 0.5389377 0.31524247 0.035347983
0.2095 0.1845862 0.48253779999999996 0.6084387 0.1881329 0.05428904 0.5599898 0.30278742 0.06245166
0.21 0.18164270000000002 0.47763490000000003 0.599172 0.183133 0.04410836 0.5659969 0.27676025 0.06966745
0.2105 0.1787196 0.47301220000000005 0.5899764000000001 0.17828829999999998 0.068118714 0.53824407 0.30071554 0.05728004
0.21100000000000002 0.17581760000000002 0.4686665 0.5808566 0.1735919 0.044133347 0.5584712 0.29213503 0.043693304
0.2115 0.1729371 0.46459459999999997 0.5718169 0.1690372 0.04142105 0.57126576 0.27770668 0.06585818
0.212 0.1700786 0.4607928 0.5628612 0.1646183 0.053430896 0.55873144 0.27912828 0.052905254
0.2125 0.1672425 0.45725730000000003 0.5539930999999999 0.1603292 0.054802593 0.55602795 0.28921196 0.04330703
0.213 0.1644295 0.45398409999999995 0.5452156 0.1561646 0.043868225 0.57155275 0.27330342 0.047261305
0.2135 0.16163970000000003 0.4509692 0.5365318 0.15211929999999999 0.04409853 0.5690127 0.2711449 0.054508924
0.214 0.1588736 0.4482084 0.5279441999999999 0.1481884 0.044708755 0.56265223 0.27194318 0.043921404
0.2145 0.1561315 0.4456973 0.5194552 0.1443674 0.047557663 0.56726617 0.27073607 0.04438304
0.215 0.1534138 0.44343190000000005 0.5110669 0.1406518 0.038951274 0.57803243 0.2611917 0.04474555
0.2155 0.1507208 0.4414076 0.5027811 0.1370376 0.040053476 0.573426 0.26188904 0.04497107
0.21600000000000003 0.1480527 0.43962029999999996 0.4945994000000001 0.1335208 0.044267267 0.5702127 0.26187086 0.037671477
0.2165 0.14540970000000003 0.4380655 0.4865233 0.1300978 0.039704617 0.5788895 0.2573904 0.039719447
0.217 0.1427922 0.43673909999999994 0.478554 0.12676510000000002 0.035297666 0.5828194 0.2507264 0.04061663
0.2175 0.14020020000000002 0.43563679999999994 0.47069259999999996 0.1235193 0.039408084 0.5773366 0.25334576 0.03751722
0.218 0.1376339 0.4347544 0.4629399 0.12035739999999999 0.036995284 0.5813652 0.2503588 0.033457182
0.2185 0.1350936 0.4340876 0.4552968 0.11727629999999999 0.034138717 0.58786887 0.24489638 0.036733933
0.21899999999999997 0.13257929999999998 0.43363240000000003 0.4477638 0.1142731 0.034300067 0.58718395 0.24308437 0.03419716
0.2195 0.1300912 0.43338459999999995 0.44034140000000005 0.1113452 0.03471073 0.58656526 0.24366814 0.031182898
0.22 0.1276293 0.4333403 0.4330299 0.1084901 0.032495838 0.5917572 0.23900968 0.030645398
0.2205 0.12519380000000002 0.4334954000000001 0.4258295999999999 0.10570519999999999 0.030983921 0.594911 0.23609334 0.03157694
0.221 0.1227847 0.43384620000000007 0.4187407 0.1029883 0.030801903 0.5947279 0.23505259 0.028596206
0.2215 0.120402 0.43438859999999996 0.411763 0.1003372 0.030850265 0.5967096 0.23374224 0.027268285
0.222 0.1180458 0.435119 0.4048966 0.09774966 0.028484933 0.6014364 0.23002502 0.026897842
0.2225 0.1157161 0.4360335999999999 0.39814120000000003 0.09522378 0.027766515 0.6032048 0.2282893 0.026559805
0.223 0.1134129 0.43712870000000004 0.3914968 0.09275761 0.028106246 0.6040495 0.22726524 0.024133062
0.2235 0.1111362 0.4384009 0.3849628 0.09034931 0.026820008 0.6076626 0.22525454 0.02351859
0.22399999999999998 0.1088859 0.43984650000000003 0.378539 0.08799714 0.025244158 0.61124396 0.22247165 0.023203002
0.2245 0.10666210000000001 0.4414621 0.3722249 0.08569942 0.02533773 0.6126403 0.22157809 0.022113701
0.225 0.1044647 0.44324430000000004 0.36601999999999996 0.08345455 0.024744261 0.61518013 0.22017959 0.020454625
0.2255 0.1022935 0.4451898 0.3599237 0.08126101 0.023579605 0.61894745 0.21814367 0.020307029
0.226 0.1001487 0.4472952 0.3539354 0.07911731 0.022866745 0.6217005 0.21653345 0.01951777
0.2265 0.09803003 0.4495575 0.34805440000000004 0.07702206 0.022653125 0.62392265 0.21570906 0.018418213
0.22699999999999998 0.09593746 0.4519734 0.34228000000000003 0.07497391 0.02194846 0.62724805 0.2141901 0.017534772
0.2275 0.09387089 0.45453999999999994 0.33661149999999995 0.07297156 0.021097165 0.6307391 0.21276405 0.01723239
0.228 0.09183021 0.457254 0.33104809999999996 0.07101378 0.02063698 0.6335274 0.2117222 0.016354432
0.2285 0.08981531 0.46011270000000004 0.3255889 0.06909938 0.020373888 0.6364694 0.2108934 0.015574953
0.22899999999999998 0.08782607 0.463113 0.320233 0.06722719999999999 0.019652024 0.6401071 0.20968446 0.014989888
0.2295 0.08586236 0.4662522 0.31497970000000003 0.06539615 0.019097406 0.6434859 0.2087552 0.014597403
0.23 0.08392405 0.4695275 0.30982790000000004 0.06360516 0.018838633 0.6465697 0.20806053 0.013846602
0.2305 0.08201101 0.47293599999999997 0.3047768 0.06185323 0.018441055 0.65005636 0.20735872 0.013319902
0.231 0.08012307 0.4764753 0.2998254 0.06013937 0.017901458 0.6537655 0.20653218 0.012909425
0.2315 0.07826010000000001 0.4801425 0.2949726 0.05846263 0.017605752 0.6571958 0.20601457 0.012492735
0.23199999999999998 0.07642194 0.4839353 0.2902175 0.0568221 0.01734573 0.66068184 0.20554632 0.011944372
0.2325 0.07460842 0.4878509 0.2855591 0.05521691 0.017001458 0.66443056 0.20505929 0.011617934
0.233 0.07281937 0.4918871 0.2809963 0.05364621 0.01667343 0.6681658 0.2046229 0.011282887
0.2335 0.07105463 0.49604129999999996 0.2765282 0.05210918 0.016479965 0.67178833 0.20436856 0.010941083
0.23399999999999999 0.06931403 0.5003112 0.27215359999999994 0.05060503 0.0162738 0.6755353 0.20410109 0.010596462
0.2345 0.06759737 0.5046944 0.26787150000000004 0.049132999999999996 0.01603575 0.6793867 0.20387164 0.010376535
0.235 0.06590449 0.5091888 0.2636808 0.04769236 0.015852183 0.68318117 0.20371011 0.010126431
0.2355 0.06423519 0.5137921 0.2595804 0.04628238 0.015741527 0.68695503 0.2036382 0.009897741
0.23600000000000002 0.0625893 0.518502 0.2555693 0.04490238 0.015599218 0.69081926 0.20355517 0.009692427
0.2365 0.06096661 0.5233166 0.2516463 0.04355169 0.0154710775 0.6946901 0.20352 0.0095515065
0.237 0.05936694 0.5282336 0.2478105 0.04222967 0.015394974 0.6985116 0.20353055 0.009387581
0.2375 0.05779008 0.533251 0.24406060000000002 0.04093569 0.015339126 0.702342 0.20357457 0.009254763
0.23800000000000002 0.05623585 0.5383669 0.24039560000000001 0.03966915 0.015272607 0.7061959 0.20361155 0.009143205
0.2385 0.05470405 0.5435791999999999 0.23681439999999998 0.03842945 0.015235039 0.7100115 0.20368248 0.009058438
0.239 0.05319446 0.548886 0.233316 0.03721603 0.015222655 0.71378934 0.20376295 0.008963853
0.2395 0.05170689999999999 0.5542855 0.2298991 0.03602834 0.0152175715 0.71755445 0.20384467 0.008895764
0.24 0.05024116 0.5597758 0.22656279999999998 0.03486584 0.015214703 0.721291 0.20391434 0.008834679
0.2405 0.04879703 0.5653551 0.22330589999999997 0.03372801 0.0152328545 0.7249707 0.20398644 0.008783678
0.24100000000000002 0.04737430000000001 0.5710215999999999 0.2201274 0.03261434 0.0152613735 0.7286025 0.20403844 0.008728351
0.2415 0.04597278 0.5767734999999999 0.2170261 0.03152435 0.015292372 0.7321886 0.20406845 0.008685164
0.242 0.04459225 0.5826093000000001 0.2140011 0.03045756 0.015327851 0.7357124 0.20406789 0.008638969
0.2425 0.0432325 0.5885272 0.2110513 0.02941349 0.015374186 0.7391635 0.20403877 0.008592416
0.243 0.04189334 0.5945256 0.2081755 0.02839172 0.015421196 0.74254614 0.20396572 0.00853838
0.2435 0.04057454 0.6006029 0.20537270000000002 0.02739178 0.015468032 0.7458537 0.20384762 0.008483296
0.244 0.03927591 0.6067575 0.20264189999999999 0.02641327 0.015516215 0.7490759 0.20367739 0.008416912
0.2445 0.03799723 0.6129879 0.19998210000000002 0.02545576 0.015565149 0.7522092 0.20345217 0.008341435
0.245 0.0367383 0.6192926 0.1973922 0.02451885 0.015609962 0.75525236 0.20316255 0.008252138
0.2455 0.0354989 0.6256701 0.1948711 0.02360214 0.01565092 0.7581987 0.20280704 0.008150812
0.24600000000000002 0.03427883 0.632119 0.192418 0.02270527 0.015687726 0.76104325 0.20237923 0.008031387
0.2465 0.03307789 0.6386379 0.1900317 0.02182784 0.015719112 0.76378363 0.2018762 0.007895017
0.247 0.03189586 0.6452254 0.1877112 0.0209695 0.015742172 0.7664175 0.20129192 0.0077382177
0.2475 0.03073254 0.6518801 0.1854557 0.02012989 0.015757762 0.7689404 0.20062488 0.0075611956
0.248 0.02958772 0.6586008000000001 0.183264 0.01930867 0.015764493 0.77135015 0.1998702 0.0073605534
0.2485 0.028461200000000002 0.6653861 0.18113529999999997 0.01850549 0.015761696 0.7736451 0.19902599 0.0071365107
0.249 0.02735277 0.6722347 0.1790685 0.01772004 0.015748024 0.7758237 0.19808877 0.00688689
0.2495 0.02626224 0.6791454 0.17706270000000002 0.01695199 0.01572366 0.77788377 0.19705725 0.0066113584
0.25 0.02518939 0.686117 0.175117 0.01620103 0.015675116 0.7798544 0.1960057 0.006338658
0.2505 0.02413647 0.6930458 0.1732306 0.01549282 0.013414015 0.78355974 0.2022359 0.007514475
0.251 0.02311324 0.6997566999999999 0.1714015 0.01485946 0.011887527 0.78702366 0.2041218 0.00803273
0.2515 0.02212127 0.7061878 0.1696219 0.01428479 0.01616671 0.7871896 0.21088633 0.010842986
0.252 0.02115741 0.7123083 0.1678852 0.01375934 0.01701358 0.7900718 0.21376714 0.011743022
0.2525 0.02021898 0.7181014 0.16618650000000001 0.01327898 0.01874045 0.79241854 0.21842432 0.015579706
0.253 0.01930439 0.7235576 0.164523 0.01284124 0.019014642 0.794888 0.22177058 0.017491387
0.2535 0.01841274 0.7286716 0.1628921 0.01244419 0.020930994 0.79687667 0.22625083 0.020952648
0.254 0.01754348 0.7334411999999999 0.1612919 0.01208607 0.022633564 0.79958504 0.23001179 0.023107754
0.2545 0.01669624 0.7378659000000001 0.1597208 0.01176525 0.024151184 0.80252326 0.23490873 0.026337182
0.255 0.01587071 0.7419472 0.1581773 0.01148021 0.025636606 0.8053941 0.23915336 0.028819254
0.2555 0.01506664 0.7456877 0.1566598 0.01122948 0.027666513 0.8081301 0.2441917 0.03199797
0.256 0.01428377 0.7490912 0.1551672 0.01101172 0.029106025 0.81139326 0.24877432 0.03460282
0.2565 0.01352185 0.7521621000000001 0.1536981 0.01082561 0.030897442 0.8145687 0.253878 0.037938178
0.257 0.01278064 0.7549056 0.1522515 0.01066993 0.032749765 0.81774884 0.2588222 0.04073698
0.2575 0.01205991 0.7573274 0.15082620000000002 0.01054351 0.034674622 0.8210796 0.26407942 0.04396957
0.258 0.011359399999999999 0.7594335 0.1494213 0.01044525 0.036508728 0.8245535 0.26915032 0.04693055
0.2585 0.01067887 0.7612305 0.1480358 0.0103741 0.038473934 0.8279781 0.27456626 0.050200023
0.259 0.01001808 0.7627246999999999 0.1466687 0.01032906 0.040412802 0.8314798 0.2798516 0.053242326
0.2595 0.00937678 0.7639231 0.14531929999999998 0.01030919 0.042460013 0.83503634 0.2853299 0.056544214
0.26 0.008754727 0.7648323 0.14398670000000002 0.01031358 0.044446245 0.83865875 0.2907401 0.05966623
0.2605 0.008151674 0.7654592 0.1426701 0.01034137 0.0465172 0.8422579 0.29630843 0.0629663
0.261 0.007567374 0.7658107 0.1413687 0.01039176 0.048591655 0.84588605 0.30181357 0.06614103
0.2615 0.00700158 0.7658935 0.1400819 0.01046396 0.050697904 0.84953403 0.307417 0.06944882
0.262 0.006454048 0.7657145000000001 0.138809 0.01055723 0.052796934 0.85318184 0.31296855 0.07266253
0.2625 0.00592453 0.7652804 0.1375494 0.01067086 0.054946955 0.8567939 0.3185949 0.07595955
0.263 0.005412781 0.7645976 0.1363023 0.01080418 0.057079013 0.86040384 0.32416326 0.079182014
0.2635 0.0049185570000000005 0.7636727 0.13506729999999997 0.01095656 0.059239876 0.863979 0.32976195 0.082469605
0.264 0.004441614 0.7625121 0.1338437 0.01112736 0.0613969 0.86751086 0.33531004 0.08568896
0.2645 0.003981709 0.7611220000000001 0.132631 0.011316 0.06357089 0.8709863 0.3408628 0.088942684
0.265 0.0035385999999999994 0.7595084 0.1314286 0.01152193 0.06573521 0.8744088 0.34634954 0.09214312
0.2655 0.003112047 0.7576774000000001 0.13023610000000002 0.01174459 0.06790879 0.8777557 0.35181686 0.09535918
0.266 0.00270181 0.7556347 0.129053 0.01198349 0.070072524 0.88102216 0.3572128 0.098521695
0.2665 0.0023076520000000003 0.7533861 0.12787880000000001 0.01223812 0.07223905 0.88419586 0.36256516 0.10168455
0.267 0.001929336 0.7509371 0.12671300000000002 0.01250801 0.07439013 0.88727313 0.36783406 0.104797095
0.2675 0.0015666279999999998 0.7482930999999999 0.1255553 0.0127927 0.07653725 0.89023733 0.37304002 0.10789665
0.268 0.0012192939999999999 0.7454593 0.12440510000000002 0.01309177 0.07866877 0.8930831 0.37815255 0.11094458
0.2685 0.0008871022 0.742441 0.1232622 0.01340479 0.08078881 0.89580023 0.38318318 0.113969184
0.26899999999999996 0.0005698243 0.7392430999999999 0.1221261 0.01373137 0.0828889 0.8983816 0.38810873 0.11694183
0.2695 0.000267232 0.7358704 0.12099639999999999 0.01407111 0.08497382 0.9008152 0.39293754 0.11988168
0.27 -2.090016e-05 0.7323276999999999 0.1198728 0.01442365 0.08703566 0.90309566 0.39765033 0.122767605
0.2705 -0.000294796 0.7286195 0.118755 0.01478863 0.08907666 0.90521365 0.40225178 0.12561414
0.271 -0.000554677 0.7247504 0.11764260000000001 0.0151657 0.09109186 0.907162 0.4067275 0.12840495
0.2715 -0.0008007629 0.7207246999999999 0.11653530000000001 0.01555454 0.09308254 0.90893215 0.41107976 0.13115017
0.272 -0.001033271 0.7165467 0.1154328 0.01595483 0.09504434 0.9105181 0.4152969 0.13383806
0.2725 -0.0012524160000000001 0.7122203 0.11433489999999999 0.01636626 0.09697787 0.9119121 0.41938 0.13647585
0.273 -0.001458411 0.7077496999999999 0.11324110000000001 0.01678854 0.09887999 0.91310805 0.42331994 0.1390546
0.2735 -0.001651468 0.7031387 0.1121513 0.01722138 0.10075074 0.91409934 0.4271166 0.14157967
0.27399999999999997 -0.001833015 0.698391 0.11106310000000001 0.01766342 0.102587566 0.9148802 0.43076277 0.14404444
0.2745 -0.002007568 0.6935098000000001 0.109971 0.01811044 0.10439042 0.9154444 0.4342578 0.14645283
0.275 -0.0021704479999999997 0.6884986999999999 0.1088826 0.01856606 0.10615699 0.9157868 0.437596 0.1487999
0.2755 -0.00231908 0.6833616 0.1078008 0.01903235 0.10788735 0.91590136 0.44077635 0.1510885
0.276 -0.00245341 0.6781019 0.1067247 0.01950941 0.10957925 0.91578346 0.44379404 0.15331508
0.2765 -0.002574205 0.6727232 0.10565319999999999 0.01999684 0.11123268 0.91542745 0.446648 0.15548173
0.27699999999999997 -0.002682315 0.6672286999999999 0.10458519999999999 0.02049416 0.11284596 0.9148288 0.4493342 0.15758589
0.2775 -0.0027784479999999998 0.6616214 0.10351969999999999 0.02100092 0.114418685 0.9139824 0.45185137 0.15962906
0.278 -0.002863138 0.6559043999999999 0.10245639999999999 0.02151671 0.11594938 0.91288364 0.4541961 0.16160923
0.2785 -0.002936785 0.6500805000000001 0.1013949 0.02204119 0.11743748 0.91152734 0.45636693 0.16352767
0.27899999999999997 -0.002999687 0.6441525 0.1003348 0.02257403 0.11888184 0.909909 0.4583606 0.16538282
0.2795 -0.003052086 0.6381232 0.09927596 0.02311495 0.12028146 0.9080238 0.4601753 0.16717575
0.28 -0.003094182 0.6319952 0.09821825 0.02366369 0.121635646 0.9058664 0.4618085 0.16890493
0.2805 -0.003126155 0.6257712 0.0971615 0.02422002 0.12294306 0.9034323 0.46325797 0.17057116
0.281 -0.00314817 0.6194536 0.0961056 0.02478373 0.12420273 0.9007162 0.46452078 0.1721734
0.2815 -0.003160387 0.6130449 0.0950504 0.025354599999999998 0.1254136 0.8977129 0.46559453 0.17371193
0.282 -0.003162962 0.6065476 0.09399581 0.02593245 0.12657434 0.8944167 0.46647626 0.17518577
0.2825 -0.00315605 0.5999639 0.09294171 0.0265171 0.127684 0.890822 0.46716318 0.17659491
0.28300000000000003 -0.003139803 0.5932960999999999 0.09188799 0.02710838 0.12874104 0.8869228 0.46765205 0.17793846
0.2835 -0.0031143729999999997 0.5865464 0.09083453 0.02770613 0.12974398 0.8827132 0.4679395 0.17921607
0.284 -0.003079913 0.5797169 0.08978125 0.02831021 0.13069151 0.8781863 0.46802205 0.18042672
0.2845 -0.003036572 0.5728099 0.08872804 0.02892045 0.13158193 0.87333554 0.46789566 0.18156983
0.285 -0.002984502 0.5658272 0.08767480000000001 0.02953673 0.13241364 0.86815375 0.46755627 0.18264422
0.2855 -0.002923851 0.5587709 0.08662145 0.0301589 0.13318467 0.8626334 0.46699974 0.18364875
0.28600000000000003 -0.002854766 0.5516429 0.08556788 0.03078684 0.1338932 0.8567665 0.4662211 0.18458204
0.2865 -0.002777393 0.544445 0.08451402 0.03142041 0.13453718 0.8505449 0.46521538 0.18544288
0.287 -0.0026918759999999997 0.5371791 0.08345978 0.032059500000000005 0.13511458 0.8439598 0.4639776 0.18622921
0.2875 -0.0025983589999999997 0.5298470000000001 0.08240508 0.03270399 0.13562289 0.837002 0.46250167 0.18693957
0.28800000000000003 -0.002496981 0.5224504 0.08134985 0.03335375 0.13605976 0.82966214 0.46078163 0.18757191
0.2885 -0.002387882 0.5149909 0.08029401 0.03400869 0.13642272 0.8219299 0.4588112 0.18812393
0.289 -0.002271198 0.5074702 0.07923749 0.03466868 0.13670886 0.8137948 0.4565836 0.188593
0.2895 -0.00214732 0.4990303 0.07816658 0.035331 0.13691556 0.805246 0.4540917 0.18897669
0.29 -0.002017351 0.4895339 0.07704775 0.03599493 0.13703977 0.7962719 0.45132798 0.18927197
0.2905 -0.0018807320000000002 0.47996130000000004 0.07590002 0.03666481 0.13707857 0.7868605 0.44828475 0.18947564
0.29100000000000004 -0.001737005 0.47069859999999997 0.07474844 0.03734067 0.13702856 0.77699965 0.4449535 0.1895844
0.2915 -0.0015860999999999998 0.4618558 0.07360822 0.03802207 0.13688661 0.76667637 0.44132587 0.18959467
0.292 -0.001428104 0.453413 0.07248563 0.03870866 0.13664916 0.75587744 0.43739307 0.18950234
0.2925 -0.001263162 0.4452974 0.07138134 0.03940014 0.13631284 0.74458927 0.4331458 0.18930355
0.293 -0.001091435 0.4374228 0.07029322 0.04009629 0.135874 0.7327981 0.42857456 0.18899389
0.2935 -0.0009130811 0.4297083 0.06921807 0.0407969 0.13532923 0.7204898 0.42367 0.18856892
0.294 -0.0007282552000000001 0.42208500000000004 0.06815252 0.04150183 0.134675 0.7076502 0.41842213 0.18802395
0.2945 -0.0005371033 0.4144985 0.06709358 0.04221094 0.13390736 0.694265 0.4128212 0.18735419
0.295 -0.000339764 0.4069076 0.06603869999999999 0.04292409 0.1330232 0.68032014 0.4068574 0.18655497
0.2955 -0.0001363691 0.39928259999999993 0.06498589 0.0436412 0.13201894 0.66580206 0.40052122 0.18562135
0.29600000000000004 7.295643e-05 0.3916031 0.06393361 0.04436215 0.13089134 0.6506976 0.3938033 0.18454868
0.2965 0.0002881103 0.383856 0.06288073 0.04508686 0.12963746 0.63499445 0.38669485 0.18333247
0.297 0.0005090073999999999 0.37603359999999997 0.06182645 0.04581527 0.12825465 0.61868167 0.37918782 0.18196875
0.2975 0.0007355333999999999 0.36813229999999997 0.06077021 0.04654729 0.12674059 0.60174996 0.37127522 0.18045378
0.298 0.0009675625999999999 0.3601514 0.05971164 0.04728284 0.12509325 0.5841921 0.36295125 0.17878476
0.2985 0.001204973 0.352092 0.05865052 0.04802185 0.12331149 0.5660037 0.35421175 0.17695977
0.299 0.001447651 0.3439567 0.05758673 0.04876423 0.12139465 0.54718375 0.34505504 0.1749779
0.2995 0.001695489 0.33574879999999996 0.05652022 0.04950993 0.11934279 0.52773595 0.33548194 0.17283975
0.3 0.0019483870000000002 0.32747209999999993 0.05545099 0.05025886 0.11715625 0.5076984 0.32544467 0.17054556
0.3005 0.002206351 0.3192331 0.05438081 0.05101225 0.114684716 0.4900787 0.30994594 0.16785096
0.301 0.00246979 0.31121 0.05331706 0.05177246 0.11286746 0.47614694 0.29761988 0.16831082
0.3015 0.002738815 0.3034678 0.05226568 0.05253933 0.105986685 0.4694609 0.27967712 0.16574849
0.302 0.0030133670000000003 0.2960403 0.05123036 0.05331282 0.104665145 0.4588247 0.2688741 0.16366898
0.3025 0.003293388 0.2889468 0.05021351 0.05409304 0.09984961 0.4526277 0.25740135 0.1582825
0.303 0.0035788290000000004 0.28219890000000003 0.04921684 0.05488001 0.099814564 0.44600677 0.24916309 0.15614298
0.3035 0.0038678740000000003 0.275804 0.04824081 0.05566464 0.095681205 0.44110912 0.24040318 0.15120636
0.304 0.00415894 0.269766 0.04728582 0.05644886 0.09263136 0.43431738 0.23351496 0.14873311
0.3045 0.0044546329999999995 0.2640866 0.04635417 0.05724172 0.09003261 0.4288493 0.22448438 0.14572807
0.305 0.004756812 0.2587656 0.04544737 0.05804553 0.088429 0.4235926 0.21671021 0.14378904
0.3055 0.00506587 0.2538013 0.04456614 0.05886013 0.085033186 0.41938496 0.20764929 0.14092636
0.306 0.005381451999999999 0.2491911 0.04371079 0.05968483 0.08397095 0.4134609 0.200526 0.13857315
0.3065 0.005703049 0.24493130000000002 0.04288158 0.06051979 0.08093271 0.4094709 0.19219428 0.1355017
0.307 0.006030186 0.2410174 0.04207865 0.06136467 0.07897343 0.40503994 0.18426001 0.1338663
0.3075 0.0063633280000000006 0.23744429999999997 0.04130234 0.06221796 0.07676801 0.40037444 0.17665088 0.1309689
0.308 0.006702471999999999 0.234206 0.04055296 0.06307951 0.07453519 0.39591312 0.16974962 0.1284545
0.3085 0.007047296 0.23129639999999999 0.03983069 0.06394926 0.07196057 0.3922719 0.1617752 0.12608066
0.309 0.007397496 0.22870929999999998 0.03913569 0.06482714 0.070254385 0.38779235 0.15477836 0.1237719
0.3095 0.007752886 0.2264379 0.03846808 0.06571308 0.0677975 0.3838568 0.14754564 0.1210198
0.31 0.008113383 0.2244757 0.03782796 0.066607 0.066007204 0.37985963 0.14048564 0.11887307
0.3105 0.008478964 0.2228159 0.0372154 0.06750885 0.063732356 0.37610742 0.13328557 0.11638505
0.311 0.008849636999999999 0.2214515 0.03663044 0.06841857 0.06167442 0.3721669 0.12645851 0.11414387
0.3115 0.009225421999999999 0.2203759 0.03607313 0.06933611 0.059667986 0.3684943 0.11950095 0.11175261
0.312 0.00960634 0.2195821 0.03554345 0.07026143 0.057714496 0.3649089 0.11284526 0.1094761
0.3125 0.009992406 0.2190634 0.03504141 0.07119447 0.055520806 0.36152074 0.10606821 0.10716611
0.313 0.01038363 0.21881309999999998 0.03456696 0.0721352 0.053762358 0.3579503 0.099670544 0.10493557
0.3135 0.01078001 0.2188246 0.03412005 0.07308357 0.05172472 0.35478115 0.09321454 0.10262058
0.314 0.01118156 0.21909139999999996 0.03370063 0.07403954 0.049840387 0.35165593 0.08689942 0.10053204
0.3145 0.01158826 0.21960700000000002 0.03330861 0.07500213 0.04797134 0.34858766 0.08073635 0.09832126
0.315 0.01199999 0.2203654 0.03294388 0.07596347 0.046148326 0.34568724 0.07477851 0.09619734
0.3155 0.01241662 0.22136020000000003 0.03260635 0.07693198 0.044304054 0.34304848 0.06880332 0.094145946
0.316 0.01283822 0.2225854 0.03229589 0.07791048 0.04260039 0.3404292 0.063116245 0.09212428
0.3165 0.01326489 0.2240353 0.03201238 0.07889861 0.04081964 0.3380515 0.057537787 0.09010289
0.317 0.013696700000000001 0.22570389999999999 0.03175568 0.0798958 0.03918114 0.33583912 0.052125882 0.08820937
0.3175 0.01413366 0.22758589999999998 0.03152566 0.08090158 0.03752293 0.33383366 0.046866912 0.086318664
0.318 0.01457577 0.2296755 0.03132215 0.08191556 0.035928547 0.3319938 0.041821525 0.08450942
0.3185 0.01502301 0.2319676 0.031145 0.08293745 0.03438502 0.33038333 0.036925897 0.082750365
0.319 0.01547528 0.2344569 0.03099404 0.083967 0.032897964 0.3289832 0.03224553 0.08106168
0.3195 0.01593249 0.23713829999999997 0.030869099999999997 0.08500399 0.03142317 0.32782376 0.027730273 0.07943795
0.32 0.01639465 0.24000700000000003 0.03076998 0.08604825 0.030051067 0.32686076 0.02344694 0.077887595
0.3205 0.0168618 0.243058 0.03069651 0.08709964 0.028692577 0.3261709 0.019350693 0.07639602
0.321 0.01733395 0.2462868 0.030648500000000002 0.08815805 0.027402021 0.32571965 0.0154650025 0.075000376
0.3215 0.0178111 0.2496888 0.03062575 0.08922338 0.026165053 0.32551315 0.011796288 0.07366543
0.322 0.01829322 0.25325949999999997 0.03062807 0.09029554 0.024984568 0.32556814 0.008353788 0.072412595
0.3225 0.01878028 0.2569945 0.03065525 0.09137445 0.023852557 0.32589987 0.005114656 0.07124627
0.32299999999999995 0.01927229 0.2608899 0.03070709 0.09246005 0.022789534 0.32648444 0.0021147057 0.07015947
0.3235 0.01976931 0.2649413 0.03078338 0.09355231 0.021769874 0.3273509 -0.0006645657 0.06915351
0.324 0.02027131 0.26914499999999997 0.03088391 0.09465116 0.02081889 0.3284917 -0.003215436 0.0682406
0.3245 0.02077819 0.2734969 0.03100846 0.09575652 0.01991954 0.32991287 -0.0055369623 0.06740953
0.325 0.02128986 0.2779934 0.03115683 0.09686831 0.01907897 0.33161336 -0.0076245666 0.066668876
0.3255 0.021806299999999997 0.2826308 0.03132878 0.09798646 0.018296797 0.33359915 -0.009484194 0.06601767
0.326 0.02232754 0.28740540000000003 0.03152411 0.09911092 0.0175737 0.33586794 -0.011108398 0.06545602
0.3265 0.02285355 0.2923138 0.03174258 0.1002416 0.01690396 0.3384244 -0.01250349 0.064985625
0.327 0.02338424 0.29735259999999997 0.03198397 0.1013785 0.016296536 0.34126326 -0.013664104 0.06460697
0.3275 0.02391955 0.30251859999999997 0.03224806 0.10252149999999999 0.015742682 0.34439027 -0.01459454 0.0643189
0.32799999999999996 0.02445943 0.3078085 0.03253463 0.1036705 0.015246504 0.34780195 -0.01529447 0.06412489
0.3285 0.02500386 0.3132193 0.03284344 0.10482550000000002 0.014806767 0.35149744 -0.015764743 0.06402244
0.32899999999999996 0.02555283 0.3187478 0.03317426 0.10598640000000001 0.014422734 0.35547686 -0.01600568 0.06401242
0.3295 0.02610633 0.32439120000000005 0.03352688 0.10715319999999999 0.014093374 0.35973948 -0.01602076 0.06409586
0.33 0.02666434 0.3301465 0.03390106 0.10832570000000001 0.013819919 0.3642819 -0.015808783 0.064271696
0.3305 0.02722685 0.3360111 0.03429657 0.10950399999999999 0.013599764 0.36910468 -0.01537279 0.0645401
0.331 0.02779384 0.3419821 0.03471319 0.11068789999999999 0.013434454 0.37420532 -0.014713988 0.06490157
0.3315 0.02836202 0.3480567 0.03514896 0.1118604 0.013322205 0.3795821 -0.013833649 0.06535494
0.332 0.0289279 0.354232 0.0356021 0.1130233 0.013263055 0.38523355 -0.012733452 0.0659009
0.3325 0.02949683 0.36050540000000003 0.03607552 0.1141943 0.013256916 0.39115766 -0.011415243 0.066538796
0.33299999999999996 0.03007248 0.366875 0.036570599999999995 0.1153778 0.013303095 0.39735246 -0.009880073 0.06726809
0.3335 0.03065566 0.37333829999999996 0.03708719 0.1165731 0.013401314 0.40381628 -0.008129891 0.06808882
0.33399999999999996 0.03124585 0.3798934 0.03762469 0.11777889999999999 0.013551624 0.410547 -0.006166078 0.06900038
0.3345 0.03184221 0.386538 0.03818243 0.1189941 0.013753762 0.4175428 -0.0039900914 0.0700023
0.335 0.03244399 0.3932699 0.03875987 0.1202174 0.01400761 0.4248016 -0.001603473 0.07109394
0.3355 0.03304807 0.4000868 0.03935561 0.12144300000000001 0.014312924 0.432321 0.0009920113 0.072274804
0.336 0.0336536 0.4069864 0.03996922 0.1226738 0.014669924 0.44009888 0.0037948787 0.07354417
0.3365 0.03426371 0.41396689999999997 0.04060166 0.123912 0.015078711 0.4481327 0.0068034343 0.07490113
0.337 0.03487958 0.4210265 0.04125303 0.12515739999999997 0.015539148 0.45641974 0.010016032 0.076344706
0.3375 0.03550114 0.42816329999999997 0.04192303 0.1264095 0.016051427 0.464957 0.013430618 0.07787396
0.33799999999999997 0.03612792 0.4353755 0.042611300000000005 0.12766789999999997 0.016615603 0.47374108 0.017045114 0.07948764
0.3385 0.03675947 0.44266130000000004 0.04331747 0.128932 0.017231885 0.48276836 0.020857237 0.0811842
0.33899999999999997 0.03739527 0.4500187 0.04404125 0.1302014 0.017900411 0.49203438 0.024864163 0.082962215
0.3395 0.03803504 0.4574462 0.04478234 0.1314759 0.018621046 0.5015342 0.02906304 0.08481955
0.34 0.03867876 0.46494179999999996 0.04554052 0.1327553 0.019393906 0.5112624 0.033450358 0.086754315
0.3405 0.03932646 0.47250410000000004 0.04631558 0.1340395 0.020219158 0.5212125 0.038022034 0.08876412
0.341 0.03997816 0.4801313 0.047107300000000005 0.1353284 0.021096393 0.5313771 0.042773947 0.09084589
0.3415 0.04063356 0.48782179999999997 0.04791516 0.1366171 0.022025097 0.5417478 0.04770049 0.09299695
0.342 0.04128826 0.4955732 0.04873542 0.1378825 0.023005124 0.55231524 0.052795757 0.09521386
0.3425 0.04193647 0.5033835 0.04956634 0.1391211 0.024035774 0.56306857 0.05805293 0.09749277
0.34299999999999997 0.04258142 0.51125 0.05041088 0.1403595 0.025115903 0.5739958 0.063464314 0.099829346
0.3435 0.04323196 0.5191701 0.05127333 0.1416154 0.02624451 0.58508325 0.06902112 0.10221901
0.344 0.04389185 0.5271423000000001 0.05215451 0.1428904 0.027419813 0.596316 0.074713536 0.10465665
0.3445 0.04456106 0.5351658 0.05305358 0.144182 0.028640006 0.6076774 0.08053052 0.10713682
0.345 0.04523824 0.5432401 0.05396938 0.1454874 0.029902823 0.61914915 0.08645968 0.10965351
0.3455 0.04591633 0.5513643 0.05489122 0.1468006 0.031205755 0.6307111 0.09248794 0.11220022
0.34600000000000003 0.04658915 0.5595365 0.05581274 0.1481192 0.032545354 0.6423419 0.098600335 0.11477014
0.3465 0.04726871 0.5677571 0.05675377 0.1494471 0.033918146 0.65401846 0.1047809 0.11735619
0.34700000000000003 0.04795804 0.5760263000000001 0.05771794 0.1507836 0.035319798 0.66571593 0.11101239 0.11995045
0.3475 0.04865601 0.5843441999999999 0.05870303 0.1521277 0.036746223 0.6774084 0.117276676 0.1225455
0.348 0.04936078 0.5927103 0.05970622 0.1534781 0.038191944 0.6890688 0.12355421 0.1251327
0.3485 0.05007087 0.6011238 0.06072524 0.1548342 0.03965162 0.70066893 0.12982495 0.12770414
0.349 0.05078528 0.6095838000000001 0.06175869 0.1561955 0.041119263 0.71218014 0.13606778 0.13025121
0.3495 0.05150339 0.6180892 0.06280573 0.1575614 0.04258877 0.7235733 0.14226148 0.1327658
0.35 0.05222482 0.6266391 0.06386584 0.15893139999999997 -0.041372783 0.7655957 -0.110940225 0.068086356
0.3505 0.05139498 0.6350897 0.06382675 0.1481527 0.071251065 0.59720534 0.0217151 -0.013040134
0.35100000000000003 0.04897318 0.6431946999999999 0.06319711 0.13862750000000001 0.053792138 0.6302545 0.14173473 0.0013968032
0.3515 0.04694712 0.6509261 0.06306623 0.13184500000000002 -0.003124768 0.76583993 0.088246554 0.033802807
0.35200000000000004 0.04550984 0.6582873 0.06330383 0.1261198 0.025766268 0.73957133 0.12392528 -0.0050036553
0.3525 0.04443691 0.6652792 0.06371096 0.1208626 -0.025320563 0.70071024 0.18839592 -0.0720424
0.353 0.04354453 0.6719006 0.06417989 0.11590360000000001 -0.049741276 0.72626644 0.17697677 -0.011179753
0.3535 0.04273161 0.67815 0.06466285 0.1111886 0.008342993 0.73425364 0.16144481 0.01771211
0.354 0.04194937 0.6840271 0.06514002 0.1066935 0.027011931 0.73135275 0.17523459 -0.005308491
0.3545 0.04117564 0.6895326999999999 0.06560325 0.10240250000000001 0.0101195155 0.72965944 0.17753142 -0.023790065
0.355 0.04040076 0.6946693 0.06604906 0.09830302 -0.0053107534 0.73168856 0.1842761 -0.00636195
0.3555 0.03962075 0.69944 0.06647583 0.09438351 -0.0036065532 0.73384386 0.1832799 0.002295345
0.35600000000000004 0.03883419 0.7038492 0.06688272 0.09063349 0.015969072 0.7308777 0.18977568 0.004049657
0.3565 0.03804087 0.7079021 0.06726921 0.08704319 0.013354865 0.7355534 0.1970486 -0.0052862046
0.35700000000000004 0.03724105 0.7116043000000001 0.06763494 0.08360348 0.0022974228 0.7410879 0.20135215 0.0010115616
0.3575 0.03643528 0.714962 0.06797966 0.08030581 0.009479779 0.73682564 0.2034514 0.00443908
0.358 0.03562417 0.7179817 0.06830318 0.07714221 0.015915424 0.73632866 0.21013609 0.0053309985
0.3585 0.03480837 0.7206703000000001 0.06860534 0.07410518 0.012594826 0.74167573 0.21250808 0.0049797986
0.359 0.03398855 0.7230347 0.06888604 0.07118771 0.01304783 0.7417948 0.21782836 0.009046586
0.3595 0.03316534 0.7250821 0.0691452 0.06838323 0.015251896 0.74056846 0.22207266 0.008923132
0.36 0.03233936 0.7268198 0.06938277 0.06568559 0.017220676 0.742147 0.22597569 0.011396317
0.3605 0.03151119 0.7282549 0.06959873 0.06308899999999999 0.017739475 0.7439479 0.22944817 0.012306398
0.361 0.03068139 0.7293947 0.06979307 0.06058804 0.018402226 0.7440022 0.23457673 0.014371099
0.3615 0.02985048 0.7302463 0.06996581 0.05817765 0.020125702 0.74399924 0.23806655 0.015282119
0.36200000000000004 0.02901897 0.7308169 0.07011698 0.05585304 0.021616075 0.74499124 0.24214286 0.017341824
0.3625 0.02818734 0.7311135 0.07024664 0.05360974 0.021937486 0.74599445 0.2456983 0.018397568
0.363 0.02735602 0.731143 0.07035485 0.05144354 0.02347375 0.7458072 0.25004023 0.020281514
0.3635 0.02652544 0.7309123000000001 0.07044169 0.04935049 0.024809614 0.74606854 0.25368828 0.02127385
0.364 0.025695999999999997 0.730428 0.07050724 0.04732688 0.025717199 0.74682367 0.25742888 0.023138603
0.3645 0.02486808 0.7296965999999999 0.0705516 0.04536922 0.026802972 0.7470196 0.26099005 0.024369678
0.365 0.02404201 0.7287246999999999 0.07057488 0.04347421 0.02813049 0.74689597 0.26500213 0.02588428
0.3655 0.02321815 0.7275185000000001 0.07057719999999999 0.04163878 0.029131059 0.74717784 0.2683964 0.027135232
0.366 0.02239679 0.7260840000000001 0.07055869 0.03986 0.030276023 0.7473367 0.27200353 0.028808506
0.3665 0.02157823 0.7244274 0.07051946 0.03813514 0.031369776 0.7472385 0.275501 0.029987173
0.36700000000000005 0.02076274 0.7225544 0.07045967 0.03646161 0.032545205 0.74708396 0.2790845 0.03145702
0.3675 0.01995059 0.7204706999999999 0.07037945 0.03483698 0.033597734 0.74702764 0.28237557 0.032749407
0.368 0.01914201 0.7181819 0.07027896 0.03325896 0.034687273 0.7468239 0.28579465 0.034217447
0.3685 0.01833722 0.7156934 0.07015835 0.03172536 0.035794053 0.7464742 0.28907117 0.035440892
0.369 0.01753643 0.7130105 0.07001777 0.03023416 0.036910493 0.7460954 0.29237965 0.036821395
0.3695 0.01673984 0.7101381999999999 0.06985739 0.02878341 0.03791975 0.74571353 0.29549968 0.038084663
0.37 0.01594762 0.7070816 0.06967737 0.027371299999999998 0.039015904 0.7451627 0.2986738 0.03943772
0.3705 0.01515995 0.7038456 0.06947788 0.02599609 0.040082328 0.74453425 0.30173203 0.04063753
0.371 0.01437698 0.7004348000000001 0.06925911 0.02465615 0.04112119 0.7438673 0.30476046 0.04193832
0.3715 0.01359884 0.6968539 0.06902121 0.02334994 0.04213779 0.7431106 0.30766955 0.043152362
0.37200000000000005 0.01282567 0.6931073 0.06876436 0.022076 0.043184604 0.742224 0.31058308 0.044394933
0.3725 0.01205759 0.6891994 0.06848875 0.02083294 0.044190757 0.7412744 0.3133775 0.04555843
0.373 0.01129471 0.6851344 0.06819456 0.01961945 0.045191113 0.7402395 0.31612936 0.046769485
0.3735 0.01053713 0.6809165 0.06788197 0.01843428 0.04616984 0.73909813 0.31878668 0.047907427
0.374 0.009784924 0.6765496 0.06755116 0.01727625 0.04715544 0.7378444 0.32140255 0.04905832
0.3745 0.009038188 0.6720377 0.06720232 0.01614425 0.048109196 0.7365073 0.3239125 0.050156005
0.375 0.008296988 0.6673846 0.06683564 0.01503721 0.0490512 0.73506296 0.32636458 0.051265836
0.3755 0.0075613880000000005 0.6625938 0.0664513 0.01395412 0.049977396 0.7335017 0.32872385 0.052320637
0.376 0.006831443 0.6576691 0.06604949 0.01289402 0.05089472 0.7318271 0.33101803 0.05337262
0.3765 0.006107202 0.6526139 0.06563039 0.011856 0.0517813 0.7300488 0.33320925 0.05438292
0.377 0.005388705 0.6474314999999999 0.06519421 0.01083918 0.05265754 0.72814405 0.33532807 0.055385888
0.3775 0.004675987 0.6421254 0.06474113 0.009842758 0.05351301 0.7261144 0.33735102 0.05634222
0.37799999999999995 0.003969075999999999 0.6366987 0.06427133 0.00886593 0.054349516 0.72396165 0.3392896 0.05728636
0.3785 0.003267993 0.6311545000000001 0.06378501 0.007907951 0.055160347 0.7216817 0.34112498 0.058192126
0.379 0.002572755 0.6254958 0.06328235 0.006968108000000001 0.055954237 0.71926206 0.342874 0.05907736
0.3795 0.0018833720000000001 0.6197256999999999 0.06276355 0.00604572 0.056722667 0.7167056 0.3445183 0.05992212
0.38 0.001199851 0.613847 0.0622288 0.005140138 0.057468142 0.7140084 0.3460652 0.060745865
0.3805 0.0005221929 0.6078625 0.06167828 0.0042507429999999995 0.05818669 0.7111645 0.3475036 0.061530568
0.381 -0.0001496069 0.6017749 0.06111218 0.003376944 0.058882292 0.7081665 0.34884098 0.06228763
0.3815 -0.0008155559 0.5955868000000001 0.06053069 0.002518176 0.05954888 0.7050146 0.35006455 0.06300565
0.382 -0.001475666 0.5893009 0.059934 0.0016739 0.060187887 0.70170265 0.35117832 0.063695
0.3825 -0.002129953 0.5829196 0.05932229 0.0008436014 0.06079719 0.6982244 0.35217473 0.06434403
0.38299999999999995 -0.002778437 0.5764454000000001 0.05869576 2.678618e-05 0.061377723 0.6945751 0.3530561 0.064959876
0.3835 -0.00342114 0.5698807 0.05805457 -0.0007770167999999999 0.061924946 0.69075197 0.35381344 0.0655355
0.384 -0.004058088 0.5632276999999999 0.05739893 -0.001568259 0.062440377 0.6867476 0.3544485 0.06607618
0.3845 -0.004689311 0.5564888000000001 0.056728999999999995 -0.002347372 0.06292168 0.6825566 0.3549551 0.06657444
0.385 -0.005314839 0.549666 0.05604498 -0.00311477 0.06336827 0.67817414 0.3553327 0.06703467
0.3855 -0.005934708 0.5427616 0.05534705 -0.003870848 0.06377726 0.6735951 0.3555749 0.06745208
0.386 -0.006548954 0.5357776 0.05463537 -0.004615988 0.064149186 0.66881216 0.35568157 0.06782902
0.3865 -0.0071576159999999995 0.528716 0.05391014 -0.005350554 0.064481564 0.66382 0.35564718 0.068160824
0.387 -0.007760736 0.5215787000000001 0.05317153 -0.006074894 0.06477341 0.65861297 0.35546982 0.06845004
0.3875 -0.008358355999999999 0.5143678 0.05241972 -0.006789344 0.06502271 0.6531845 0.3551445 0.06869295
0.38799999999999996 -0.008950521 0.5070851 0.05165487 -0.007494226999999999 0.065228775 0.64752746 0.35466945 0.068890534
0.3885 -0.009537279000000001 0.4997323 0.05087718 -0.008189851 0.06538938 0.64163584 0.35403994 0.06903971
0.389 -0.01011868 0.4923112 0.05008680000000001 -0.008876512 0.06550328 0.63550305 0.3532531 0.06914164
0.3895 -0.01069477 0.48482359999999997 0.0492839 -0.009554498 0.06556864 0.62912196 0.35230458 0.06919347
0.39 -0.0112656 0.47727109999999995 0.04846867 -0.01022408 0.06558423 0.62248516 0.35119203 0.069195345
0.3905 -0.01183122 0.4696554 0.04764126 -0.01088552 0.065547876 0.61558616 0.34991056 0.0691453
0.391 -0.01239169 0.46197790000000005 0.04680184 -0.01153908 0.06545816 0.6084174 0.34845752 0.069043376
0.3915 -0.01294706 0.45424040000000004 0.04595058 -0.012185 0.065313265 0.60097146 0.3468288 0.068887465
0.392 -0.01349739 0.4464443 0.04508764 -0.01282352 0.06511165 0.593241 0.34502137 0.068677425
0.3925 -0.01404273 0.438591 0.04421319 -0.01345485 0.06485123 0.58521897 0.34303135 0.06841164
0.39299999999999996 -0.01458313 0.43068190000000006 0.04332738 -0.01407922 0.0645306 0.57689756 0.34085578 0.068089895
0.3935 -0.01511867 0.42271850000000005 0.04243037 -0.01469684 0.06414782 0.56826955 0.33849126 0.0677105
0.39399999999999996 -0.01564939 0.4147022 0.04152232 -0.01530791 0.063701354 0.5593278 0.335935 0.067273326
0.3945 -0.01617535 0.4066341 0.04060339 -0.01591263 0.063189335 0.55006546 0.33318388 0.0667773
0.395 -0.01669661 0.39851570000000003 0.03967373 -0.01651118 0.06261047 0.5404756 0.330236 0.06622185
0.3955 -0.01721323 0.3903481 0.03873349 -0.01710374 0.06196304 0.53055197 0.32708874 0.065606184
0.396 -0.01772527 0.38213259999999993 0.03778283 -0.0176905 0.06124573 0.52028865 0.32374066 0.06493028
0.3965 -0.0182328 0.3738703 0.0368219 -0.01827161 0.060457263 0.50968045 0.3201904 0.064193636
0.397 -0.01873586 0.3655625 0.03585083 -0.01884725 0.059596654 0.49872273 0.31643754 0.06339622
0.3975 -0.01923452 0.35721020000000003 0.03486979 -0.01941756 0.058662858 0.48741212 0.31248212 0.06253796
0.39799999999999996 -0.01972884 0.34881449999999997 0.03387891 -0.01998271 0.057655353 0.4757462 0.30832517 0.06161949
0.3985 -0.02021887 0.3403766 0.03287833 -0.02054283 0.05657384 0.4637238 0.3039686 0.06064122
0.39899999999999997 -0.02070469 0.3318974 0.03186821 -0.02109808 0.055418376 0.45134553 0.29941565 0.059604213
0.3995 -0.02118635 0.32337790000000005 0.03084867 -0.02164858 0.054189343 0.43861395 0.29467052 0.058509618
0.4 -0.0216639 0.3148192 0.02981987 -0.02219448 0.052910853 0.4255396 0.28975037 0.05737885
0.4005 -0.02213482 0.30627350000000003 0.02878474 -0.022708000000000002 0.05336493 0.41401234 0.2822371 0.056975015
0.401 -0.02258844 0.2978294 0.02775313 -0.02315323 0.052575666 0.40527904 0.27685165 0.057217427
0.4015 -0.02302276 0.2895188 0.02672737 -0.02354632 0.048381288 0.39888063 0.26882148 0.055441335
0.402 -0.02344075 0.281358 0.02570702 -0.02389653 0.04713591 0.38993135 0.26361582 0.055671223
0.4025 -0.02384489 0.27335590000000004 0.02469201 -0.02420759 0.04524849 0.3833477 0.2569266 0.05483538
0.40299999999999997 -0.02423658 0.2655177 0.02368269 -0.02448149 0.046997894 0.37695014 0.25208935 0.055113375
0.4035 -0.02461651 0.2578463 0.02267955 -0.02471975 0.045717835 0.3718275 0.2471607 0.052729964
0.40399999999999997 -0.02498498 0.2503434 0.02168313 -0.02492368 0.043667983 0.36537093 0.24300575 0.052361846
0.4045 -0.02534213 0.24300940000000001 0.02069394 -0.02509449 0.042851973 0.3585478 0.23770237 0.052186735
0.405 -0.02568804 0.2358439 0.01971243 -0.02523335 0.04258301 0.3525487 0.23329589 0.052576624
0.4055 -0.02602272 0.2288459 0.01873902 -0.02534132 0.040835287 0.3477576 0.22806883 0.05199746
0.406 -0.02634561 0.2220146 0.01777416 -0.02541834 0.04053586 0.34155762 0.22421378 0.051523715
0.4065 -0.02665647 0.21534789999999998 0.01681827 -0.02546547 0.039311387 0.33617073 0.21963769 0.050479494
0.40700000000000003 -0.02695617 0.20884299999999997 0.01587154 -0.02548467 0.03896148 0.330809 0.21487674 0.05090826
0.4075 -0.027245099999999998 0.2024971 0.01493416 -0.0254771 0.038570326 0.32513463 0.21031031 0.050448142
0.408 -0.02752329 0.19630720000000002 0.01400636 -0.02544364 0.03749002 0.3193987 0.20646289 0.049999155
0.4085 -0.02779069 0.1902703 0.01308835 -0.02538509 0.03626104 0.3141647 0.20168698 0.04979457
0.409 -0.02804722 0.18438339999999998 0.01218034 -0.02530217 0.035811454 0.30867207 0.19726586 0.049900383
0.4095 -0.02829283 0.1786434 0.0112825 -0.02519561 0.03489971 0.30338305 0.19291708 0.049305655
0.41 -0.028527499999999997 0.1730472 0.01039501 -0.02506606 0.034454994 0.297902 0.18892372 0.048981205
0.4105 -0.02875125 0.1675915 0.009517988 -0.02491418 0.033547986 0.2927515 0.18453494 0.048562154
0.41100000000000003 -0.028964099999999996 0.1622731 0.008651569 -0.02474059 0.032731097 0.2873882 0.1801936 0.04855544
0.4115 -0.02916608 0.15708889999999998 0.007795857 -0.02454587 0.03222374 0.28184855 0.17594925 0.048210643
0.41200000000000003 -0.02935725 0.15203570000000002 0.006950948 -0.02433059 0.031478487 0.2765892 0.17188919 0.04793919
0.4125 -0.02953765 0.14711029999999997 0.006116921 -0.02409529 0.030433286 0.27155736 0.16744713 0.0477679
0.413 -0.02970735 0.1423096 0.005293845 -0.02384051 0.029963993 0.26608974 0.16337362 0.047575317
0.4135 -0.02986639 0.13763050000000002 0.004481779 -0.02356675 0.029247548 0.26090008 0.1593153 0.047087498
0.414 -0.03001485 0.13307 0.003680772 -0.02327448 0.028520405 0.25586444 0.15513992 0.04697717
0.4145 -0.03015279 0.1286252 0.002890863 -0.02296419 0.027849123 0.25064936 0.15099677 0.046748176
0.415 -0.03028027 0.1242931 0.002112083 -0.0226363 0.027162902 0.24538733 0.14708441 0.0464568
0.4155 -0.03039736 0.1200708 0.001344455 -0.02229127 0.02645982 0.24038294 0.14298075 0.046231225
0.41600000000000004 -0.03050413 0.1159556 0.000587996 -0.021929499999999998 0.025819402 0.23537798 0.13894513 0.04610941
0.4165 -0.03060066 0.11194480000000001 -0.0001572861 -0.02155139 0.02508543 0.23032947 0.13500518 0.045822553
0.41700000000000004 -0.03068701 0.1080357 -0.0008913883 -0.02115734 0.024540879 0.22529191 0.13118249 0.045582667
0.4175 -0.03076326 0.10422560000000002 -0.001614314 -0.02074772 0.02387201 0.22048818 0.12724897 0.045373306
0.418 -0.03082949 0.10051210000000001 -0.0023260729999999997 -0.02032289 0.023200665 0.21563824 0.12337814 0.045254722
0.4185 -0.03088576 0.09689273 -0.003026678 -0.0198832 0.02265706 0.21071057 0.119652726 0.04500851
0.419 -0.03093217 0.09336503 -0.00371615 -0.01942899 0.022056889 0.20598495 0.11596506 0.04480736
0.4195 -0.03096878 0.08992668 -0.004394513 -0.01896058 0.021384824 0.20140524 0.11216934 0.044707596
0.42 -0.03099568 0.0865754 -0.005061795 -0.01847828 0.020885352 0.1966905 0.10856871 0.044564754
0.4205 -0.03101295 0.08330896 -0.005718029 -0.01798242 0.020335238 0.19210872 0.10506069 0.044328593
0.42100000000000004 -0.03102066 0.08012522 -0.006363252 -0.01747327 0.019768387 0.18771061 0.10150057 0.044246726
0.4215 -0.03101891 0.07702205 -0.006997504 -0.01695112 0.0192458 0.1833047 0.097996205 0.04416378
0.42200000000000004 -0.03100777 0.07399743 -0.0076208280000000005 -0.01641626 0.018759929 0.17890602 0.094664276 0.044019543
0.4225 -0.03098732 0.07104935 -0.008233272 -0.01586895 0.018271405 0.17469221 0.09133243 0.043913588
0.423 -0.03095765 0.06817588 -0.008834887 -0.01530945 0.017788932 0.17058295 0.088023886 0.043888383
0.4235 -0.03091884 0.06537514 -0.009425725 -0.01473802 0.017323956 0.16648334 0.08482581 0.04382316
0.424 -0.03087098 0.06264528 -0.01000584 -0.014154900000000002 0.016937107 0.16246316 0.08174565 0.04375127
0.4245 -0.03081416 0.05998453 -0.0105753 -0.01356032 0.016509894 0.15863533 0.07866587 0.043730825
0.425 -0.03074845 0.05739115 -0.01113415 -0.01295453 0.016095527 0.15486175 0.07564957 0.043762125
0.4255 -0.03067394 0.05486345 -0.01168246 -0.01233773 0.015758075 0.15111205 0.072770424 0.04374878
0.426 -0.03059072 0.05239979 -0.01222031 -0.01171016 0.015418322 0.14753082 0.06995823 0.04375878
0.4265 -0.03049887 0.04999857 -0.01274774 -0.01107201 0.015060495 0.14409298 0.06715373 0.04383964
0.42700000000000005 -0.03039848 0.04765824 -0.01326484 -0.0104235 0.014774042 0.14066824 0.064477816 0.04391505
0.4275 -0.03028963 0.04537728 -0.01377167 -0.009764831 0.014505486 0.13735777 0.061909042 0.04396595
0.428 -0.03017242 0.04315422 -0.01426831 -0.009096195999999999 0.014236978 0.13421562 0.0593667 0.044086725
0.4285 -0.03004691 0.04098762 -0.01475482 -0.008417786 0.01399319 0.13114616 0.056895126 0.044234246
0.429 -0.02991321 0.03887609 -0.01523129 -0.0077297880000000005 0.013790798 0.12813497 0.054552834 0.044362806
0.4295 -0.02977139 0.03681827 -0.015697799999999998 -0.0070323830000000006 0.013604668 0.12527335 0.052270897 0.04451645
0.43 -0.02962154 0.03481283 -0.01615441 -0.006325746 0.013425357 0.12253666 0.050035484 0.044722088
0.4305 -0.02946375 0.0328585 -0.01660121 -0.00561005 0.013274266 0.11985847 0.047898866 0.044928692
0.431 -0.02929809 0.03095403 -0.01703828 -0.004885461 0.013166643 0.11727458 0.04586406 0.045135207
0.4315 -0.02912464 0.02909825 -0.01746569 -0.004152128 0.013057494 0.11483887 0.043873753 0.04537954
0.43200000000000005 -0.02894347 0.02729 -0.01788352 -0.003410205 0.012964611 0.11248713 0.04194955 0.045657232
0.4325 -0.02875465 0.02552812 -0.01829186 -0.0026598459999999996 0.012914869 0.11019653 0.040129762 0.045926757
0.433 -0.02855854 0.02381111 -0.01870998 -0.001902083 0.012879559 0.10802969 0.038379617 0.046213113
0.4335 -0.02835925 0.02213293 -0.01920593 -0.001147157 0.0128475325 0.10597743 0.03667158 0.04653997
0.434 -0.02815623 0.02049279 -0.01967412 -0.0003885191 0.012849606 0.10398039 0.03505039 0.046874747
0.4345 -0.02794612 0.018893 -0.02008919 0.00037984559999999995 0.012875334 0.10207032 0.033512816 0.047207773
0.435 -0.02772719 0.01733504 -0.02046149 0.001159099 0.012909343 0.10027567 0.032020703 0.04757292
0.4355 -0.02749885 0.01581921 -0.02080487 0.001948927 0.012958874 0.09855438 0.030586798 0.047959507
0.436 -0.02726142 0.01434491 -0.02112963 0.002748602 0.013035498 0.09689107 0.029235208 0.048344843
0.4365 -0.02701554 0.01291109 -0.02144222 0.00355744 0.013127607 0.09532188 0.02793989 0.04874348
0.43700000000000006 -0.02676189 0.01151647 -0.02174624 0.004374876 0.01322735 0.09383881 0.026687782 0.049167998
0.4375 -0.02650098 0.01015975 -0.02204352 0.005200449 0.013345229 0.09240799 0.025499187 0.049599387
0.43799999999999994 -0.02623319 0.008839639 -0.0223348 0.006033775999999999 0.013485671 0.091040425 0.02437486 0.050033025
0.4385 -0.02595879 0.007554951999999999 -0.02262029 0.006874535 0.013632235 0.08975613 0.02329059 0.0504841
0.439 -0.02567793 0.006304584 -0.02289989 0.0077224369999999995 0.013788967 0.08852866 0.02225094 0.050950713
0.4395 -0.02539075 0.005087541 -0.02317339 0.008577179 0.013965526 0.087344535 0.021269765 0.05141718
0.44 -0.02509734 0.0039028759999999996 -0.02344053 0.009438561 0.0141528705 0.08622457 0.02033294 0.051890552
0.4405 -0.02479773 0.002749696 -0.0237011 0.01030644 0.014345047 0.085164875 0.019428406 0.052379407
0.441 -0.02449197 0.001627164 -0.0239549 0.01118066 0.014550819 0.08414126 0.01856928 0.05287242
0.4415 -0.0241801 0.0005344934 -0.02420176 0.0120611 0.014768965 0.083160594 0.017754607 0.053365238
0.442 -0.02386217 -0.0005290777 -0.02444158 0.01294764 0.014992434 0.08223266 0.016969472 0.053867765
0.4425 -0.02353825 -0.00156425 -0.02467429 0.01384014 0.01522223 0.08134146 0.016215723 0.05437752
0.44299999999999995 -0.02320841 -0.002571576 -0.02489984 0.01473804 0.015462999 0.080478154 0.015500598 0.054886095
0.4435 -0.0228737 -0.003550432 -0.025118900000000003 0.01563405 0.015710536 0.079653405 0.014815006 0.05539708
0.444 -0.02253483 -0.0045020220000000005 -0.02533155 0.01653192 0.015960973 0.078863874 0.0141525455 0.05591449
0.4445 -0.02219059 -0.005427693000000001 -0.02553696 0.01743669 0.016217697 0.07809614 0.013518713 0.056432396
0.445 -0.02184181 -0.006327343000000001 -0.02573674 0.01834261 0.016481724 0.07735205 0.01291291 0.056948468
0.4455 -0.02148916 -0.00720204 -0.02593066 0.01925059 0.016748082 0.076636836 0.012326695 0.057467073
0.446 -0.02113065 -0.008053124 -0.026116700000000003 0.02016662 0.01701688 0.07594141 0.011760145 0.05798737
0.4465 -0.0207652 -0.008881376 -0.026294400000000002 0.02109191 0.01729082 0.07525989 0.011216931 0.058504537
0.447 -0.02039276 -0.009687316 -0.02646404 0.02202594 0.017567419 0.07459743 0.010691974 0.059020355
0.4475 -0.0200137 -0.01047135 -0.02662607 0.02296789 0.017844498 0.073952325 0.01018104 0.05953688
0.44799999999999995 -0.01962848 -0.01123386 -0.02678087 0.02391702 0.018123936 0.07331663 0.009687152 0.060050905
0.4485 -0.01923751 -0.011975200000000002 -0.02692874 0.02487272 0.018405478 0.072691195 0.009209592 0.060560904
0.449 -0.01884107 -0.01269574 -0.02706988 0.02583449 0.018686995 0.07207826 0.008743674 0.061069563
0.4495 -0.01843941 -0.01339586 -0.02720445 0.02680191 0.0189686 0.07147301 0.008289274 0.061576
0.45 -0.01803268 -0.01407595 -0.02733256 0.02777466 0.019251056 0.07087232 0.007848047 0.06207806
0.4505 -0.01762099 -0.01473641 -0.0274543 0.02875247 0.0195334 0.07027857 0.007417351 0.06257637
0.451 -0.01720444 -0.01537764 -0.02756975 0.02973511 0.019814312 0.06969083 0.0069950894 0.063072026
0.4515 -0.0167831 -0.01600003 -0.02767898 0.0307224 0.02009467 0.06910521 0.006582439 0.06356359
0.452 -0.01635705 -0.01660398 -0.02778205 0.03171419 0.020374585 0.06852204 0.006179098 0.064050436
0.4525 -0.01592632 -0.01718989 -0.02787904 0.03271034 0.020652741 0.067942515 0.005782895 0.064533524
0.45299999999999996 -0.015491 -0.01775815 -0.02797 0.033710699999999996 0.020928964 0.06736436 0.005393803 0.06501277
0.4535 -0.01505115 -0.01830915 -0.02805502 0.03471516 0.02120392 0.06678625 0.005012445 0.06548722
0.45399999999999996 -0.01460679 -0.01884327 -0.02813415 0.03572364 0.02147717 0.06620944 0.0046376996 0.06595727
0.4545 -0.01415799 -0.01936088 -0.02820746 0.0367361 0.021748032 0.06563369 0.0042688996 0.066423334
0.455 -0.01370478 -0.01986233 -0.02827501 0.03775245 0.022016846 0.06505752 0.003906429 0.0668851
0.4555 -0.01324722 -0.020347999999999998 -0.02833688 0.03877263 0.022283588 0.064481154 0.003550481 0.06734223
0.456 -0.01278537 -0.02081822 -0.02839312 0.03979659 0.022547893 0.06390547 0.0032000504 0.06779536
0.4565 -0.01231927 -0.02127334 -0.02844381 0.04082426 0.022809725 0.06332986 0.0028554127 0.06824455
0.457 -0.011849 -0.02171369 -0.02848901 0.04185558 0.023069184 0.062753975 0.0025169104 0.068689585
0.4575 -0.01137459 -0.02213959 -0.02852879 0.0428905 0.023326159 0.062178575 0.0021844357 0.06913063
0.45799999999999996 -0.01089605 -0.02250079 -0.02856217 0.04392966 0.023580562 0.061604183 0.0018577091 0.06956818
0.4585 -0.01041334 -0.02281009 -0.02858781 0.04497268 0.023832496 0.061030373 0.0015371032 0.070002116
0.45899999999999996 -0.009926691 -0.02310548 -0.02860703 0.04601878 0.02408196 0.06045755 0.0012231171 0.07043255
0.4595 -0.009436208 -0.02340325 -0.02862108 0.04706793 0.024328899 0.059886556 0.0009154491 0.070859894
0.46 -0.008941928 -0.02370882 -0.02863068 0.04812018 0.02457324 0.059317626 0.00061435625 0.07128443
0.4605 -0.008443874 -0.02402216 -0.02863616 0.04917555 0.024815295 0.058750898 0.00032036006 0.071706
0.461 -0.007942071 -0.02434079 -0.0286376 0.05023405 0.025054898 0.058187097 3.374368e-05 0.07212497
0.4615 -0.007436555 -0.02466145 -0.02863498 0.05129568 0.02529208 0.05762689 -0.0002455674 0.07254175
0.462 -0.006927361999999999 -0.02498086 -0.02862823 0.05236042 0.025526974 0.057070497 -0.0005171411 0.07295664
0.4625 -0.006414715 -0.02529593 -0.02861732 0.05342656 0.025759794 0.056518383 -0.0007804148 0.07336949
0.46299999999999997 -0.005901469 -0.02560305 -0.02860336 0.05448253 0.025990233 0.05597145 -0.0010353215 0.073780775
0.4635 -0.0053875730000000005 -0.02590127 -0.02858608 0.05553722 0.026218574 0.055430006 -0.0012815818 0.07419086
0.46399999999999997 -0.00487019 -0.02619004 -0.02856412 0.05659783 0.026444953 0.054894485 -0.001518663 0.07459989
0.4645 -0.004347883 -0.02646869 -0.02853698 0.05766556 0.026669372 0.054365747 -0.001746241 0.075008035
0.465 -0.003820508 -0.02673668 -0.02850475 0.05873987 0.026891936 0.05384431 -0.0019642524 0.07541584
0.4655 -0.0032884470000000003 -0.02699365 -0.02846765 0.05981998 0.027112551 0.05333036 -0.002171874 0.07582305
0.466 -0.0027522490000000004 -0.02723877 -0.02842594 0.0609063 0.02733136 0.052825037 -0.0023694113 0.076230526
0.4665 -0.002212257 -0.02747162 -0.02837985 0.06199805 0.027548738 0.05232826 -0.0025560297 0.07663806
0.467 -0.0016682420000000001 -0.02769305 -0.02832943 0.06309318 0.027764283 0.051840942 -0.0027315281 0.077046126
0.4675 -0.0011204639999999998 -0.02790364 -0.02827472 0.06419144 0.027978394 0.051363356 -0.0028956719 0.0774549
0.46799999999999997 -0.0005693609 -0.02810374 -0.02821582 0.06529272 0.02819109 0.050896026 -0.0030481778 0.07786466
0.4685 -1.526606e-05 -0.02829364 -0.028152800000000002 0.06639692 0.028402328 0.05043959 -0.0031888187 0.07827568
0.469 0.0005416468 -0.02847354 -0.02808575 0.06750394 0.028612271 0.049994327 -0.0033172294 0.07868809
0.4695 0.001101344 -0.02864365 -0.02801471 0.0686137 0.028820965 0.049560584 -0.003433086 0.07910214
0.47 0.00166382 -0.02880418 -0.02793975 0.06972613 0.0290284 0.04913895 -0.0035361834 0.079518035
0.4705 0.002229067 -0.02895538 -0.02786092 0.07084112 0.029234685 0.048729807 -0.0036264025 0.079936035
0.47100000000000003 0.002797074 -0.029097500000000002 -0.02777828 0.07195862 0.029440012 0.048333127 -0.0037034675 0.08035636
0.4715 0.003367834 -0.02923081 -0.02769186 0.07307855 0.029643968 0.04794973 -0.0037671812 0.08077911
0.47200000000000003 0.003941334 -0.02935555 -0.02760174 0.07420086 0.02984728 0.04757961 -0.0038172007 0.08120475
0.4725 0.00451756 -0.02947198 -0.02750795 0.07532549 0.030049413 0.047223244 -0.0038534962 0.08163306
0.473 0.005096493 -0.02958033 -0.02741054 0.07645239 0.030250631 0.04688077 -0.0038759336 0.08206451
0.4735 0.005678109000000001 -0.02968084 -0.02730957 0.07758153 0.030451007 0.046552338 -0.0038843863 0.0824991
0.474 0.0062623819999999995 -0.02977372 -0.02720508 0.07871287 0.030650508 0.04623827 -0.0038786083 0.08293715
0.4745 0.006849284000000001 -0.02985918 -0.02709712 0.07984636 0.030848991 0.04593882 -0.0038587041 0.083378814
0.475 0.007438783000000001 -0.02993743 -0.02698573 0.08098198 0.031046938 0.04565382 -0.003824409 0.083824135
0.4755 0.008030848 -0.03000865 -0.02687098 0.08211969 0.031243801 0.04538394 -0.0037756115 0.08427311
0.47600000000000003 0.008625445 -0.03007303 -0.02675289 0.08325946 0.03143993 0.045128915 -0.003712453 0.084726244
0.4765 0.009222528 -0.03013072 -0.02663152 0.08439825 0.031635292 0.0448888 -0.0036346503 0.08518346
0.47700000000000004 0.00982192 -0.03018191 -0.02650692 0.08553144 0.031829853 0.044663828 -0.0035423264 0.08564479
0.4775 0.01042353 -0.03022674 -0.02637914 0.08666793 0.032023627 0.044453986 -0.0034354553 0.08611065
0.478 0.01102743 -0.03026536 -0.02624822 0.08780894 0.032216623 0.0442594 -0.0033139922 0.086580805
0.4785 0.01163367 -0.03029792 -0.0261142 0.08895396 0.032408647 0.04407998 -0.0031779036 0.08705542
0.479 0.01224224 -0.03032456 -0.02597714 0.09010244 0.0326001 0.043915663 -0.0030273534 0.08753481
0.4795 0.012853100000000001 -0.03034542 -0.02583708 0.09125394 0.03279062 0.04376649 -0.002862174 0.088018894
0.48 0.01346627 -0.03036063 -0.02569406 0.09240816 0.032980293 0.043632604 -0.0026826859 0.08850785
0.4805 0.01408168 -0.03037029 -0.0255481 0.09356484 0.0331691 0.04351356 -0.0024885908 0.08900154
0.48100000000000004 0.01469944 -0.03037448 -0.02539924 0.09472383 0.033357013 0.043409646 -0.0022802576 0.08950033
0.4815 0.01531956 -0.03037332 -0.02524752 0.09588499 0.03354409 0.043320633 -0.0020576231 0.09000415
0.48200000000000004 0.01594198 -0.03036692 -0.02509296 0.09704818 0.033730134 0.04324638 -0.0018207692 0.09051299
0.4825 0.0165666 -0.03035542 -0.02493563 0.09821331 0.03391522 0.043186918 -0.0015698448 0.09102707
0.483 0.01719336 -0.03033891 -0.02477555 0.09938029 0.034099355 0.043141875 -0.0013048053 0.09154625
0.4835 0.01782221 -0.03031751 -0.02461277 0.10054910000000002 0.034282412 0.043111496 -0.0010260381 0.092070736
0.484 0.01845309 -0.03029133 -0.02444732 0.10171960000000001 0.03446458 0.04309524 -0.000733424 0.09260057
0.4845 0.01908596 -0.03026046 -0.02427925 0.10289169999999999 0.034645453 0.04309327 -0.0004271306 0.09313575
0.485 0.0197208 -0.03022501 -0.02410859 0.10406549999999999 0.03482523 0.043105192 -0.00010711327 0.09367616
0.4855 0.02035763 -0.03018505 -0.02393537 0.10524100000000002 0.035003908 0.043131135 0.00022601336 0.09422214
0.486 0.02099648 -0.03014069 -0.02375964 0.10641800000000001 0.035181474 0.04317065 0.00057256594 0.09477352
0.4865 0.02163729 -0.03009201 -0.02358142 0.10759660000000001 0.035357643 0.043223664 0.00093217567 0.09533035
0.48700000000000004 0.02227996 -0.03003909 -0.02340076 0.1087767 0.03553262 0.043289997 0.0013047904 0.09589266
0.4875 0.02292444 -0.02998202 -0.02321768 0.10995839999999998 0.035706226 0.043369293 0.0016901866 0.0964605
0.488 0.02357069 -0.02992087 -0.02303223 0.11114149999999999 0.035878435 0.04346164 0.0020882785 0.09703388
0.4885 0.02421867 -0.02985572 -0.02284443 0.1123261 0.03604919 0.04356665 0.0024988316 0.09761291
0.489 0.02486837 -0.02978666 -0.02265432 0.1135121 0.036218602 0.043684177 0.002921734 0.09819735
0.4895 0.02551979 -0.02971375 -0.02246192 0.1146995 0.03638649 0.043814134 0.0033568926 0.09878744
0.49 0.02617291 -0.02963707 -0.02226729 0.1158883 0.036552947 0.04395601 0.0038039498 0.09938307
0.4905 0.02682769 -0.02955669 -0.02207043 0.1170785 0.03671759 0.044109862 0.0042629205 0.09998432
0.491 0.02748391 -0.02947271 -0.02187143 0.11826969999999999 0.036880825 0.044275314 0.004733585 0.10059119
0.4915 0.0281414 -0.02938521 -0.02167034 0.11946199999999998 0.03704224 0.04445226 0.005215615 0.101203635
0.49200000000000005 0.02880031 -0.02929426 -0.02146717 0.12065530000000001 0.03720207 0.04464033 0.005709082 0.101821594
0.4925 0.0294608 -0.02919993 -0.02126192 0.1218499 0.03736 0.04483957 0.006213557 0.10244525
0.493 0.03012295 -0.02910226 -0.0210546 0.12304580000000001 0.037516274 0.045049366 0.006729163 0.10307435
0.4935 0.03078675 -0.02900132 -0.02084523 0.124243 0.037670694 0.045269772 0.0072553977 0.103709154
0.494 0.0314522 -0.02889716 -0.02063384 0.12544149999999998 0.03782317 0.045500427 0.0077923946 0.10434949
0.4945 0.03211925 -0.02878983 -0.02042046 0.1266412 0.037973557 0.045741398 0.008339509 0.104995504
0.495 0.03278788 -0.02867938 -0.02020512 0.1278422 0.038122322 0.04599194 0.008897074 0.10564689
0.4955 0.03345805 -0.02856587 -0.01998784 0.1290445 0.038268752 0.046252433 0.009464718 0.106303826
0.496 0.03412974 -0.02844935 -0.01976866 0.1302481 0.03841338 0.04652208 0.010042101 0.106966436
0.4965 0.03480291 -0.02832988 -0.0195476 0.13145279999999998 0.03855579 0.04680091 0.010629356 0.1076345
0.49700000000000005 0.03547754 -0.02820751 -0.0193247 0.1326588 0.038696017 0.04708883 0.011225924 0.10830795
0.4975 0.03615361 -0.028082299999999998 -0.01909997 0.133866 0.038834166 0.0473854 0.01183195 0.10898704
0.498 0.03683108 -0.02795428 -0.01887345 0.13507439999999998 0.03897012 0.047690436 0.012447033 0.10967141
0.4985 0.03750995 -0.02782352 -0.01864515 0.13628389999999999 0.039103765 0.04800385 0.013071153 0.11036136
0.499 0.03819019 -0.02769006 -0.01841511 0.13749470000000003 0.03923519 0.048325226 0.013704084 0.11105674
0.4995 0.03887177 -0.02755395 -0.01818335 0.1387065 0.039364204 0.048654445 0.014345564 0.11175751
