1.149739250540733337e-01 1.218289285898208618e-01
1.145208850502967834e-01 1.212736219167709351e-01
1.140003427863121033e-01 1.206881329417228699e-01
1.134512946009635925e-01 1.200870275497436523e-01
1.128875613212585449e-01 1.194772943854331970e-01
1.123157218098640442e-01 1.188627779483795166e-01
1.117394044995307922e-01 1.182458847761154175e-01
1.111608520150184631e-01 1.176282092928886414e-01
1.105815395712852478e-01 1.170108243823051453e-01
1.100025027990341187e-01 1.163945794105529785e-01
1.094244867563247681e-01 1.157800257205963135e-01
1.088480502367019653e-01 1.151676550507545471e-01
1.082736104726791382e-01 1.145577877759933472e-01
1.077014878392219543e-01 1.139507293701171875e-01
1.071319580078125000e-01 1.133466884493827820e-01
1.065652221441268921e-01 1.127458214759826660e-01
1.060014367103576660e-01 1.121482923626899719e-01
1.054407507181167603e-01 1.115541756153106689e-01
1.048832312226295471e-01 1.109635829925537109e-01
1.043289825320243835e-01 1.103765517473220825e-01
1.037780791521072388e-01 1.097931489348411560e-01
1.032305434346199036e-01 1.092134118080139160e-01
1.026864349842071533e-01 1.086373776197433472e-01
1.021457836031913757e-01 1.080650389194488525e-01
1.016085818409919739e-01 1.074964106082916260e-01
1.010748669505119324e-01 1.069314926862716675e-01
1.005446165800094604e-01 1.063702777028083801e-01
1.000178530812263489e-01 1.058127805590629578e-01
9.949454665184020996e-02 1.052589565515518188e-01
9.897470474243164062e-02 1.047088354825973511e-01
9.845831990242004395e-02 1.041623800992965698e-01
9.794537723064422607e-02 1.036195531487464905e-01
9.743586182594299316e-02 1.030803695321083069e-01
9.692973643541336060e-02 1.025447845458984375e-01
9.642701596021652222e-02 1.020127907395362854e-01
9.592766314744949341e-02 1.014843732118606567e-01
9.543166309595108032e-02 1.009594872593879700e-01
9.493899345397949219e-02 1.004381254315376282e-01
9.444965422153472900e-02 9.992026537656784058e-02
9.396359324455261230e-02 9.940586984157562256e-02
9.348080307245254517e-02 9.889493137598037720e-02
9.300127625465393066e-02 9.838740527629852295e-02
9.252496063709259033e-02 9.788329154253005981e-02
9.205184131860733032e-02 9.738253057003021240e-02
9.158191084861755371e-02 9.688512235879898071e-02
9.111513197422027588e-02 9.639102220535278320e-02
9.065148234367370605e-02 9.590020030736923218e-02
9.019093215465545654e-02 9.541265666484832764e-02
8.973346650600433350e-02 9.492835402488708496e-02
8.927905559539794922e-02 9.444723278284072876e-02
8.882766962051391602e-02 9.396930038928985596e-02
8.837929368019104004e-02 9.349451959133148193e-02
8.793389052152633667e-02 9.302283823490142822e-02
8.749144524335861206e-02 9.255427122116088867e-02
8.705192059278488159e-02 9.208876639604568481e-02
8.661530911922454834e-02 9.162627905607223511e-02
8.618155866861343384e-02 9.116682410240173340e-02
8.575066179037094116e-02 9.071033447980880737e-02
8.532259613275527954e-02 9.025680273771286011e-02
8.489732444286346436e-02 8.980619162321090698e-02
8.447483181953430176e-02 8.935849368572235107e-02
8.405508846044540405e-02 8.891365677118301392e-02
8.363807201385498047e-02 8.847167342901229858e-02
8.322376757860183716e-02 8.803250640630722046e-02
8.281213045120239258e-02 8.759614080190658569e-02
8.240314573049545288e-02 8.716253936290740967e-02
8.199679851531982422e-02 8.673169463872909546e-02
8.159306645393371582e-02 8.630355447530746460e-02
8.119191229343414307e-02 8.587812632322311401e-02
8.079332858324050903e-02 8.545535802841186523e-02
8.039728552103042603e-02 8.503525704145431519e-02
8.000376075506210327e-02 8.461776375770568848e-02
7.961273193359375000e-02 8.420287072658538818e-02
7.922418415546417236e-02 8.379057794809341431e-02
7.883808761835098267e-02 8.338083326816558838e-02
7.845441997051239014e-02 8.297362178564071655e-02
7.807316631078720093e-02 8.256891369819641113e-02
7.769431173801422119e-02 8.216672390699386597e-02
7.731781899929046631e-02 8.176698535680770874e-02
7.694368809461593628e-02 8.136970549821853638e-02
7.657188922166824341e-02 8.097486943006515503e-02
7.620240747928619385e-02 8.058241009712219238e-02
7.583521306514739990e-02 8.019237220287322998e-02
7.547029852867126465e-02 7.980468869209289551e-02
7.510764151811599731e-02 7.941935956478118896e-02
7.474721968173980713e-02 7.903637737035751343e-02
7.438902556896209717e-02 7.865568995475769043e-02
7.403302937746047974e-02 7.827730476856231689e-02
7.367920875549316406e-02 7.790119200944900513e-02
7.332756370306015015e-02 7.752735167741775513e-02
7.297807931900024414e-02 7.715574651956558228e-02
7.263071089982986450e-02 7.678636163473129272e-02
7.228547334671020508e-02 7.641918957233428955e-02
7.194233685731887817e-02 7.605420798063278198e-02
7.160127907991409302e-02 7.569139450788497925e-02
7.126230001449584961e-02 7.533074915409088135e-02
7.092536240816116333e-02 7.497224211692810059e-02
7.059046626091003418e-02 7.461586594581604004e-02
7.025759667158126831e-02 7.426157593727111816e-02
6.992673128843307495e-02 7.390940934419631958e-02
6.959786266088485718e-02 7.355931401252746582e-02
6.927096843719482422e-02 7.321128249168395996e-02
6.894604861736297607e-02 7.286531478166580200e-02
6.862306594848632812e-02 7.252137362957000732e-02
6.830202788114547729e-02 7.217946648597717285e-02
6.798291951417922974e-02 7.183956354856491089e-02
6.766571104526519775e-02 7.150165736675262451e-02
6.735040247440338135e-02 7.116573303937911987e-02
6.703698635101318359e-02 7.083179801702499390e-02
6.672543287277221680e-02 7.049982249736785889e-02
6.641574949026107788e-02 7.016978412866592407e-02
6.610791385173797607e-02 6.984168291091918945e-02
6.580191105604171753e-02 6.951551139354705811e-02
6.549773365259170532e-02 6.919126212596893311e-02
6.519536674022674561e-02 6.886889785528182983e-02
6.489481031894683838e-02 6.854844093322753906e-02
6.459604203701019287e-02 6.822986155748367310e-02
6.429906934499740601e-02 6.791314482688903809e-02
6.400385499000549316e-02 6.759830564260482788e-02
6.371039897203445435e-02 6.728529930114746094e-02
6.341869384050369263e-02 6.697414815425872803e-02
6.312873214483261108e-02 6.666482239961624146e-02
6.284050643444061279e-02 6.635733693838119507e-02
6.255400180816650391e-02 6.605164706707000732e-02
6.226921454071998596e-02 6.574779003858566284e-02
6.198612228035926819e-02 6.544571369886398315e-02
6.170472502708435059e-02 6.514543294906616211e-02
6.142502278089523315e-02 6.484693288803100586e-02
6.114699691534042358e-02 6.455020606517791748e-02
6.087064370512962341e-02 6.425524502992630005e-02
6.059594079852104187e-02 6.396204978227615356e-02
6.032289937138557434e-02 6.367061287164688110e-02
6.005151197314262390e-02 6.338091194629669189e-02
5.978175625205039978e-02 6.309295445680618286e-02
5.951362848281860352e-02 6.280672550201416016e-02
5.924713239073753357e-02 6.252223998308181763e-02
5.898224562406539917e-02 6.223946064710617065e-02
5.871896818280220032e-02 6.195839866995811462e-02
5.845730006694793701e-02 6.167904660105705261e-02
5.819723010063171387e-02 6.140139698982238770e-02
5.793874338269233704e-02 6.112544983625411987e-02
5.768183618783950806e-02 6.085119023919105530e-02
5.742651224136352539e-02 6.057861819863319397e-02
5.717275291681289673e-02 6.030773371458053589e-02
5.692055821418762207e-02 6.003851443529129028e-02
5.666992813348770142e-02 5.977097153663635254e-02
5.642083659768104553e-02 5.950509011745452881e-02
5.617329850792884827e-02 5.924088135361671448e-02
5.592729523777961731e-02 5.897832661867141724e-02
5.568283796310424805e-02 5.871742591261863708e-02
5.543989315629005432e-02 5.845816805958747864e-02
5.519847571849822998e-02 5.820055678486824036e-02
5.495857074856758118e-02 5.794458463788032532e-02
5.472017824649810791e-02 5.769024044275283813e-02
5.448328703641891479e-02 5.743753537535667419e-02
5.424789339303970337e-02 5.718644335865974426e-02
5.401400104165077209e-02 5.693698674440383911e-02
5.378159135580062866e-02 5.668914318084716797e-02
5.355066061019897461e-02 5.644290894269943237e-02
5.332121625542640686e-02 5.619828402996063232e-02
5.309323593974113464e-02 5.595526844263076782e-02
5.286672338843345642e-02 5.571384355425834656e-02
5.264166742563247681e-02 5.547402799129486084e-02
5.241807922720909119e-02 5.523579195141792297e-02
5.219592154026031494e-02 5.499914661049842834e-02
5.197522044181823730e-02 5.476408824324607849e-02
5.175594612956047058e-02 5.453060194849967957e-02
5.153811722993850708e-02 5.429869517683982849e-02
5.132170394062995911e-02 5.406835302710533142e-02
5.110672116279602051e-02 5.383958667516708374e-02
5.089315772056579590e-02 5.361237004399299622e-02
5.068099498748779297e-02 5.338671803474426270e-02
5.047024413943290710e-02 5.316262319684028625e-02
5.026089027523994446e-02 5.294007062911987305e-02
5.005293712019920349e-02 5.271906033158302307e-02
4.984636977314949036e-02 5.249959230422973633e-02
4.964118823409080505e-02 5.228164792060852051e-02
4.943737760186195374e-02 5.206524580717086792e-02
4.923494160175323486e-02 5.185036733746528625e-02
4.903387278318405151e-02 5.163700133562088013e-02
4.883415997028350830e-02 5.142515897750854492e-02
4.863581061363220215e-02 5.121481418609619141e-02
4.843880236148834229e-02 5.100598186254501343e-02
4.824313893914222717e-02 5.079864338040351868e-02
4.804881662130355835e-02 5.059280246496200562e-02
4.785581678152084351e-02 5.038844421505928040e-02
4.766414687037467957e-02 5.018557608127593994e-02
4.747379198670387268e-02 4.998418688774108887e-02
4.728475585579872131e-02 4.978426173329353333e-02
4.709702357649803162e-02 4.958580806851387024e-02
4.691059142351150513e-02 4.938881099224090576e-02
4.672545939683914185e-02 4.919326677918434143e-02
4.654160887002944946e-02 4.899917915463447571e-02
4.635903984308242798e-02 4.880652204155921936e-02
4.617774486541748047e-02 4.861530661582946777e-02
4.599772393703460693e-02 4.842552170157432556e-02
4.581896215677261353e-02 4.823716357350349426e-02
4.564145952463150024e-02 4.805021733045578003e-02
4.546520486474037170e-02 4.786467924714088440e-02
4.529019072651863098e-02 4.768056049942970276e-02
4.511641710996627808e-02 4.749781638383865356e-02
4.494386538863182068e-02 4.731647670269012451e-02
4.477253928780555725e-02 4.713651165366172791e-02
4.460243508219718933e-02 4.695793241262435913e-02
4.443353414535522461e-02 4.678072035312652588e-02
4.426584020256996155e-02 4.660487547516822815e-02
4.409933835268020630e-02 4.643037170171737671e-02
4.393402487039566040e-02 4.625722765922546387e-02
4.376989603042602539e-02 4.608541727066040039e-02
4.360694065690040588e-02 4.591494798660278320e-02
4.344515129923820496e-02 4.574580118060112000e-02
4.328452050685882568e-02 4.557797312736511230e-02
4.312504827976226807e-02 4.541145265102386475e-02
4.296672344207763672e-02 4.524623975157737732e-02
4.280953109264373779e-02 4.508231952786445618e-02
4.265347123146057129e-02 4.491968080401420593e-02
4.249854013323783875e-02 4.475833103060722351e-02
4.234472662210464478e-02 4.459824040532112122e-02
4.219202324748039246e-02 4.443942382931709290e-02
4.204041883349418640e-02 4.428185895085334778e-02
4.188991710543632507e-02 4.412553831934928894e-02
4.174049571156501770e-02 4.397045820951461792e-02
4.159215837717056274e-02 4.381661489605903625e-02
4.144489765167236328e-02 4.366398975253105164e-02
4.129869863390922546e-02 4.351257905364036560e-02
4.115356504917144775e-02 4.336236417293548584e-02
4.100947082042694092e-02 4.321335628628730774e-02
4.086643084883689880e-02 4.306553304195404053e-02
4.072442650794982910e-02 4.291889816522598267e-02
4.058344662189483643e-02 4.277342557907104492e-02
4.044349491596221924e-02 4.262911155819892883e-02
4.030454903841018677e-02 4.248596355319023132e-02
4.016661643981933594e-02 4.234395921230316162e-02
4.002967849373817444e-02 4.220308363437652588e-02
3.989373520016670227e-02 4.206333681941032410e-02
3.975877538323402405e-02 4.192472249269485474e-02
3.962478786706924438e-02 4.178720712661743164e-02
3.949177637696266174e-02 4.165079817175865173e-02
3.935972228646278381e-02 4.151548072695732117e-02
3.922862559556961060e-02 4.138125479221343994e-02
3.909847512841224670e-02 4.124810546636581421e-02
3.896926343441009521e-02 4.111601039767265320e-02
3.884098306298255920e-02 4.098498448729515076e-02
3.871363028883934021e-02 4.085500165820121765e-02
3.858719021081924438e-02 4.072606191039085388e-02
3.846166282892227173e-02 4.059816151857376099e-02
3.833704069256782532e-02 4.047127813100814819e-02
3.821331262588500977e-02 4.034541174769401550e-02
3.809047117829322815e-02 4.022054746747016907e-02
3.796851634979248047e-02 4.009668529033660889e-02
3.784742951393127441e-02 3.997381404042243958e-02
3.772721067070960999e-02 3.985191881656646729e-02
3.760784864425659180e-02 3.973099216818809509e-02
3.748934343457221985e-02 3.961103036999702454e-02
3.737168014049530029e-02 3.949202969670295715e-02
3.725485503673553467e-02 3.937396779656410217e-02
3.713886439800262451e-02 3.925684466958045959e-02
3.702369332313537598e-02 3.914064913988113403e-02
3.690933808684349060e-02 3.902537748217582703e-02
3.679579868912696838e-02 3.891102224588394165e-02
3.668305650353431702e-02 3.879755735397338867e-02
3.657111153006553650e-02 3.868499025702476501e-02
3.645995631814002991e-02 3.857331722974777222e-02
3.634958341717720032e-02 3.846251964569091797e-02
3.623998537659645081e-02 3.835258632898330688e-02
3.613116219639778137e-02 3.824352845549583435e-02
3.602309525012969971e-02 3.813531622290611267e-02
3.591578453779220581e-02 3.802794218063354492e-02
3.580922633409500122e-02 3.792142122983932495e-02
3.570340946316719055e-02 3.781572356820106506e-02
3.559832274913787842e-02 3.771083801984786987e-02
3.549396991729736328e-02 3.760677948594093323e-02
3.539033979177474976e-02 3.750351816415786743e-02
3.528742492198944092e-02 3.740106895565986633e-02
3.518522158265113831e-02 3.729939460754394531e-02
3.508372232317924500e-02 3.719851747155189514e-02
3.498292341828346252e-02 3.709839656949043274e-02
3.488280624151229858e-02 3.699906170368194580e-02
3.478338196873664856e-02 3.690046817064285278e-02
3.468463569879531860e-02 3.680263832211494446e-02
3.458656743168830872e-02 3.670554980635643005e-02
3.448915481567382812e-02 3.660920634865760803e-02
3.439240902662277222e-02 3.651358932256698608e-02
3.429631888866424561e-02 3.641868755221366882e-02
3.420087695121765137e-02 3.632451221346855164e-02
3.410607948899269104e-02 3.623104095458984375e-02
3.401191532611846924e-02 3.613827005028724670e-02
3.391838818788528442e-02 3.604619577527046204e-02
3.382548689842224121e-02 3.595481067895889282e-02
3.373320773243904114e-02 3.586409986019134521e-02
3.364153951406478882e-02 3.577407076954841614e-02
3.355048224329948425e-02 3.568470478057861328e-02
3.346002846956253052e-02 3.559599444270133972e-02
3.337017074227333069e-02 3.550794720649719238e-02
3.328091278672218323e-02 3.542054072022438049e-02
3.319223597645759583e-02 3.533377125859260559e-02
3.310414403676986694e-02 3.524764627218246460e-02
3.301663324236869812e-02 3.516214713454246521e-02
3.292968869209289551e-02 3.507726266980171204e-02
3.284331411123275757e-02 3.499299660325050354e-02
3.275749832391738892e-02 3.490934148430824280e-02
3.267224133014678955e-02 3.482628613710403442e-02
3.258753567934036255e-02 3.474383056163787842e-02
3.250337392091751099e-02 3.466196730732917786e-02
3.241975978016853333e-02 3.458068519830703735e-02
3.233668208122253418e-02 3.449998050928115845e-02
3.225413337349891663e-02 3.441985324025154114e-02
3.217211365699768066e-02 3.434028849005699158e-02
3.209061920642852783e-02 3.426128998398780823e-02
3.200963884592056274e-02 3.418285027146339417e-02
3.192916885018348694e-02 3.410495445132255554e-02
3.184921294450759888e-02 3.402760624885559082e-02
3.176976367831230164e-02 3.395079821348190308e-02
3.169080987572669983e-02 3.387451916933059692e-02
3.161235526204109192e-02 3.379877284169197083e-02
3.153438866138458252e-02 3.372354805469512939e-02
3.145691007375717163e-02 3.364884480834007263e-02
3.137991204857826233e-02 3.357465565204620361e-02
3.130339458584785461e-02 3.350096940994262695e-02
3.122735023498535156e-02 3.342778980731964111e-02
3.115177340805530548e-02 3.335510194301605225e-02
3.107666596770286560e-02 3.328290954232215881e-02
3.100201673805713654e-02 3.321121260523796082e-02
3.092782944440841675e-02 3.313998878002166748e-02
3.085409291088581085e-02 3.306924924254417419e-02
3.078080527484416962e-02 3.299897909164428711e-02
3.070796467363834381e-02 3.292918205261230469e-02
3.063556738197803497e-02 3.285984694957733154e-02
3.056360408663749695e-02 3.279097378253936768e-02
3.049208037555217743e-02 3.272255882620811462e-02
3.042098321020603180e-02 3.265459090471267700e-02
3.035031445324420929e-02 3.258707001805305481e-02
3.028006851673126221e-02 3.251999244093894958e-02
3.021024167537689209e-02 3.245335444808006287e-02
3.014083579182624817e-02 3.238714858889579773e-02
3.007183596491813660e-02 3.232137113809585571e-02
3.000324778258800507e-02 3.225602209568023682e-02
2.993506379425525665e-02 3.219109028577804565e-02
2.986728213727474213e-02 3.212657943367958069e-02
2.979989908635616302e-02 3.206248208880424500e-02
2.973291091620922089e-02 3.199879452586174011e-02
2.966631762683391571e-02 3.193551301956176758e-02
2.960010990500450134e-02 3.187263384461402893e-02
2.953428961336612701e-02 3.181014955043792725e-02
2.946885116398334503e-02 3.174806386232376099e-02
2.940379083156585693e-02 3.168636932969093323e-02
2.933910489082336426e-02 3.162505105137825012e-02
2.927479334175586700e-02 3.156413137912750244e-02
2.921085245907306671e-02 3.150358423590660095e-02
2.914727851748466492e-02 3.144341334700584412e-02
2.908406592905521393e-02 3.138361871242523193e-02
2.902121655642986298e-02 3.132419288158416748e-02
2.895872108638286591e-02 3.126513212919235229e-02
2.889658510684967041e-02 3.120643272995948792e-02
2.883480302989482880e-02 3.114809654653072357e-02
2.877336367964744568e-02 3.109011240303516388e-02
2.871227450668811798e-02 3.103248216211795807e-02
2.865152619779109955e-02 3.097520768642425537e-02
2.859111875295639038e-02 3.091827780008316040e-02
2.853105403482913971e-02 3.086168877780437469e-02
2.847131900489330292e-02 3.080544434487819672e-02
2.841191925108432770e-02 3.074953332543373108e-02
2.835285104811191559e-02 3.069395758211612701e-02
2.829411067068576813e-02 3.063872084021568298e-02
2.823568694293498993e-02 3.058380819857120514e-02
2.817759476602077484e-02 3.052921965718269348e-02
2.811981737613677979e-02 3.047495707869529724e-02
2.806236036121845245e-02 3.042101673781871796e-02
2.800521813333034515e-02 3.036738932132720947e-02
2.794838510453701019e-02 3.031408041715621948e-02
2.789186313748359680e-02 3.026108443737030029e-02
2.783565036952495575e-02 3.020839765667915344e-02
2.777974307537078857e-02 3.015601448714733124e-02
2.772413939237594604e-02 3.010394237935543060e-02
2.766883559525012970e-02 3.005217015743255615e-02
2.761382795870304108e-02 3.000069595873355865e-02
2.755911275744438171e-02 2.994951792061328888e-02
2.750469930469989777e-02 2.989863976836204529e-02
2.745057456195354462e-02 2.984805032610893250e-02
2.739674039185047150e-02 2.979774773120880127e-02
2.734318934381008148e-02 2.974773570895195007e-02
2.728992328047752380e-02 2.969801053404808044e-02
2.723694406449794769e-02 2.964856289327144623e-02
2.718424052000045776e-02 2.959939837455749512e-02
2.713181823492050171e-02 2.955051325261592865e-02
2.707967534661293030e-02 2.950190380215644836e-02
2.702780440449714661e-02 2.945356816053390503e-02
2.697620540857315063e-02 2.940550260245800018e-02
2.692487835884094238e-02 2.935770340263843536e-02
2.687381953001022339e-02 2.931018359959125519e-02
2.682302892208099365e-02 2.926292084157466888e-02
2.677249722182750702e-02 2.921592444181442261e-02
2.672223560512065887e-02 2.916918694972991943e-02
2.667223289608955383e-02 2.912270464003086090e-02
2.662248536944389343e-02 2.907648868858814240e-02
2.657299861311912537e-02 2.903052419424057007e-02
2.652376703917980194e-02 2.898481488227844238e-02
2.647478692233562469e-02 2.893934957683086395e-02
2.642605826258659363e-02 2.889414131641387939e-02
2.637757919728755951e-02 2.884917519986629486e-02
2.632935158908367157e-02 2.880445867776870728e-02
2.628136985003948212e-02 2.875998802483081818e-02
2.623363025486469269e-02 2.871575392782688141e-02
2.618613280355930328e-02 2.867176569998264313e-02
2.613887935876846313e-02 2.862801589071750641e-02
2.609186433255672455e-02 2.858449704945087433e-02
2.604508399963378906e-02 2.854122035205364227e-02
2.599854394793510437e-02 2.849817462265491486e-02
2.595223672688007355e-02 2.845535799860954285e-02
2.590616419911384583e-02 2.841277793049812317e-02
2.586032077670097351e-02 2.837041951715946198e-02
2.581471018493175507e-02 2.832829020917415619e-02
2.576932311058044434e-02 2.828639000654220581e-02
2.572416327893733978e-02 2.824470773339271545e-02
2.567923255264759064e-02 2.820325270295143127e-02
2.563452161848545074e-02 2.816201560199260712e-02
2.559003420174121857e-02 2.812099643051624298e-02
2.554576657712459564e-02 2.808020077645778656e-02
2.550172060728073120e-02 2.803961560130119324e-02
2.545789070427417755e-02 2.799924649298191071e-02
2.541427686810493469e-02 2.795908786356449127e-02
2.537087537348270416e-02 2.791913971304893494e-02
2.532768808305263519e-02 2.787940762937068939e-02
2.528471313416957855e-02 2.783988416194915771e-02
2.524194866418838501e-02 2.780056186020374298e-02
2.519939653575420380e-02 2.776145003736019135e-02
2.515704743564128876e-02 2.772254310548305511e-02
2.511490508913993835e-02 2.768383733928203583e-02
2.507296949625015259e-02 2.764533460140228271e-02
2.503123506903648376e-02 2.760703489184379578e-02
2.498970553278923035e-02 2.756893076002597809e-02
2.494837716221809387e-02 2.753102406859397888e-02
2.490724436938762665e-02 2.749331668019294739e-02
2.486631087958812714e-02 2.745579741895198822e-02
2.482557669281959534e-02 2.741848118603229523e-02
2.478503808379173279e-02 2.738135308027267456e-02
2.474468946456909180e-02 2.734442055225372314e-02
2.470454014837741852e-02 2.730767801403999329e-02
2.466457895934581757e-02 2.727111801505088806e-02
2.462481148540973663e-02 2.723475359380245209e-02
2.458523027598857880e-02 2.719857171177864075e-02
2.454583905637264252e-02 2.716257981956005096e-02
2.450663410127162933e-02 2.712676674127578735e-02
2.446761541068553925e-02 2.709113806486129761e-02
2.442878484725952148e-02 2.705569751560688019e-02
2.439013496041297913e-02 2.702043205499649048e-02
2.435166761279106140e-02 2.698534913361072540e-02
2.431338094174861908e-02 2.695044316351413727e-02
2.427527308464050293e-02 2.691571414470672607e-02
2.423734776675701141e-02 2.688116207718849182e-02
2.419959753751754761e-02 2.684678323566913605e-02
2.416202612221240997e-02 2.681258507072925568e-02
2.412462793290615082e-02 2.677855454385280609e-02
2.408740483224391937e-02 2.674469910562038422e-02
2.405035682022571564e-02 2.671101316809654236e-02
2.401348017156124115e-02 2.667749673128128052e-02
2.397677674889564514e-02 2.664415352046489716e-02
2.394024096429347992e-02 2.661097422242164612e-02
2.390387654304504395e-02 2.657796256244182587e-02
2.386767603456974030e-02 2.654511667788028717e-02
2.383164688944816589e-02 2.651243843138217926e-02
2.379578165709972382e-02 2.647992596030235291e-02
2.376008220016956329e-02 2.644756995141506195e-02
2.372454665601253510e-02 2.641538158059120178e-02
2.368917316198348999e-02 2.638335339725017548e-02
2.365396358072757721e-02 2.635148353874683380e-02
2.361891604959964752e-02 2.631977573037147522e-02
2.358402870595455170e-02 2.628822252154350281e-02
2.354929596185684204e-02 2.625683322548866272e-02
2.351472526788711548e-02 2.622559480369091034e-02
2.348030917346477509e-02 2.619451284408569336e-02
2.344605326652526855e-02 2.616358734667301178e-02
2.341194637119770050e-02 2.613281831145286560e-02
2.337799966335296631e-02 2.610219456255435944e-02
2.334420382976531982e-02 2.607172913849353790e-02
2.331056259572505951e-02 2.604141272604465485e-02
2.327707037329673767e-02 2.601124905049800873e-02
2.324373088777065277e-02 2.598123252391815186e-02
2.321053855121135712e-02 2.595136500895023346e-02
2.317749708890914917e-02 2.592164650559425354e-02
2.314460463821887970e-02 2.589207515120506287e-02
2.311185747385025024e-02 2.586264908313751221e-02
2.307925559580326080e-02 2.583336457610130310e-02
2.304680086672306061e-02 2.580422908067703247e-02
2.301449142396450043e-02 2.577523514628410339e-02
2.298232354223728180e-02 2.574638649821281433e-02
2.295029908418655396e-02 2.571767941117286682e-02
2.291841804981231689e-02 2.568911202251911163e-02
2.288667671382427216e-02 2.566068805754184723e-02
2.285507135093212128e-02 2.563239820301532745e-02
2.282361127436161041e-02 2.560424804687500000e-02
2.279228903353214264e-02 2.557623945176601410e-02
2.276110090315341949e-02 2.554836496710777283e-02
2.273005433380603790e-02 2.552063018083572388e-02
2.269914001226425171e-02 2.549302950501441956e-02
2.266836166381835938e-02 2.546556480228900909e-02
2.263771928846836090e-02 2.543823607265949249e-02
2.260721102356910706e-02 2.541103586554527283e-02
2.257683500647544861e-02 2.538396976888179779e-02
2.254659123718738556e-02 2.535703964531421661e-02
2.251647599041461945e-02 2.533023618161678314e-02
2.248649671673774719e-02 2.530356682837009430e-02
2.245664410293102264e-02 2.527702599763870239e-02
2.242692001163959503e-02 2.525061555206775665e-02
2.239732444286346436e-02 2.522433362901210785e-02
2.236785553395748138e-02 2.519817277789115906e-02
2.233851701021194458e-02 2.517214976251125336e-02
2.230930142104625702e-02 2.514624409377574921e-02
2.228021062910556793e-02 2.512046694755554199e-02
2.225124463438987732e-02 2.509481646120548248e-02
2.222240343689918518e-02 2.506928704679012299e-02
2.219368517398834229e-02 2.504388429224491119e-02
2.216508984565734863e-02 2.501860074698925018e-02
2.213661372661590576e-02 2.499344572424888611e-02
2.210825867950916290e-02 2.496840432286262512e-02
2.208002656698226929e-02 2.494348771870136261e-02
2.205191180109977722e-02 2.491869032382965088e-02
2.202391624450683594e-02 2.489401586353778839e-02
2.199603803455829620e-02 2.486945129930973053e-02
2.196828089654445648e-02 2.484500966966152191e-02
2.194063737988471985e-02 2.482068911194801331e-02
2.191310562193393707e-02 2.479648217558860779e-02
2.188569866120815277e-02 2.477239258587360382e-02
2.185839787125587463e-02 2.474842034280300140e-02
2.183121629059314728e-02 2.472455799579620361e-02
2.180414646863937378e-02 2.470081485807895660e-02
2.177718840539455414e-02 2.467718347907066345e-02
2.175034210085868835e-02 2.465366572141647339e-02
2.172360755503177643e-02 2.463025785982608795e-02
2.169698104262351990e-02 2.460696361958980560e-02
2.167047187685966492e-02 2.458377927541732788e-02
2.164406515657901764e-02 2.456070855259895325e-02
2.161776646971702576e-02 2.453774586319923401e-02
2.159157954156398773e-02 2.451488934457302094e-02
2.156550064682960510e-02 2.449214644730091095e-02
2.153952419757843018e-02 2.446950972080230713e-02
2.151365578174591064e-02 2.444698102772235870e-02
2.148789167404174805e-02 2.442456036806106567e-02
2.146223373711109161e-02 2.440224401652812958e-02
2.143668197095394135e-02 2.438003569841384888e-02
2.141123078763484955e-02 2.435793355107307434e-02
2.138588391244411469e-02 2.433593012392520905e-02
2.136063762009143829e-02 2.431403473019599915e-02
2.133549563586711884e-02 2.429224178194999695e-02
2.131045423448085785e-02 2.427055127918720245e-02
2.128551155328750610e-02 2.424896508455276489e-02
2.126067131757736206e-02 2.422747761011123657e-02
2.123592607676982880e-02 2.420608885586261749e-02
2.121128141880035400e-02 2.418480813503265381e-02
2.118673734366893768e-02 2.416362054646015167e-02
2.116228640079498291e-02 2.414253912866115570e-02
2.113793604075908661e-02 2.412155270576477051e-02
2.111368067562580109e-02 2.410066127777099609e-02
2.108952216804027557e-02 2.407987602055072784e-02
2.106545493006706238e-02 2.405918017029762268e-02
2.104148641228675842e-02 2.403858490288257599e-02
2.101760916411876678e-02 2.401808276772499084e-02
2.099382691085338593e-02 2.399767562747001648e-02
2.097013592720031738e-02 2.397736907005310059e-02
2.094653993844985962e-02 2.395715191960334778e-02
2.092303149402141571e-02 2.393702790141105652e-02
2.089961618185043335e-02 2.391700074076652527e-02
2.087629213929176331e-02 2.389706484973430634e-02
2.085305564105510712e-02 2.387721836566925049e-02
2.082991413772106171e-02 2.385747060179710388e-02
2.080685645341873169e-02 2.383780851960182190e-02
2.078388631343841553e-02 2.381823770701885223e-02
2.076100558042526245e-02 2.379876002669334412e-02
2.073821239173412323e-02 2.377936430275440216e-02
2.071550674736499786e-02 2.376006729900836945e-02
2.069288678467273712e-02 2.374085411429405212e-02
2.067035250365734100e-02 2.372173033654689789e-02
2.064790390431880951e-02 2.370269410312175751e-02
2.062553726136684418e-02 2.368374355137348175e-02
2.060325443744659424e-02 2.366487681865692139e-02
2.058105729520320892e-02 2.364610321819782257e-02
2.055894397199153900e-02 2.362740971148014069e-02
2.053690887987613678e-02 2.360880374908447266e-02
2.051495760679244995e-02 2.359028346836566925e-02
2.049309015274047852e-02 2.357184514403343201e-02
2.047130465507507324e-02 2.355349063873291016e-02
2.044959366321563721e-02 2.353521808981895447e-02
2.042796462774276733e-02 2.351703122258186340e-02
2.040641754865646362e-02 2.349892258644104004e-02
2.038494497537612915e-02 2.348089590668678284e-02
2.036355808377265930e-02 2.346295304596424103e-02
2.034224011003971100e-02 2.344508841633796692e-02
2.032100595533847809e-02 2.342730388045310974e-02
2.029984444379806519e-02 2.340959943830966949e-02
2.027876116335391998e-02 2.339197695255279541e-02
2.025775238871574402e-02 2.337442710995674133e-02
2.023682184517383575e-02 2.335696108639240265e-02
2.021596394479274750e-02 2.333956956863403320e-02
2.019518055021762848e-02 2.332225441932678223e-02
2.017447166144847870e-02 2.330501936376094818e-02
2.015383541584014893e-02 2.328786067664623260e-02
2.013327367603778839e-02 2.327077649533748627e-02
2.011278085410594940e-02 2.325377054512500763e-02
2.009236253798007965e-02 2.323683351278305054e-02
2.007201500236988068e-02 2.321997284889221191e-02
2.005174010992050171e-02 2.320318669080734253e-02
2.003153227269649506e-02 2.318647503852844238e-02
2.001139707863330841e-02 2.316983602941036224e-02
1.999133266508579254e-02 2.315326780080795288e-02
1.997133530676364899e-02 2.313677594065666199e-02
1.995140686631202698e-02 2.312035486102104187e-02
1.993154548108577728e-02 2.310400083661079407e-02
1.991175301373004913e-02 2.308771945536136627e-02
1.989202760159969330e-02 2.307151257991790771e-02
1.987236924469470978e-02 2.305536717176437378e-02
1.985277794301509857e-02 2.303929813206195831e-02
1.983325183391571045e-02 2.302329801023006439e-02
1.981379091739654541e-02 2.300736308097839355e-02
1.979439333081245422e-02 2.299149706959724426e-02
1.977506279945373535e-02 2.297569811344146729e-02
1.975579746067523956e-02 2.295996807515621185e-02
1.973659358918666840e-02 2.294430881738662720e-02
1.971745304763317108e-02 2.292870916426181793e-02
1.969837583601474762e-02 2.291317842900753021e-02
1.967936009168624878e-02 2.289771474897861481e-02
1.966040953993797302e-02 2.288231253623962402e-02
1.964151673018932343e-02 2.286697924137115479e-02
1.962268911302089691e-02 2.285170741379261017e-02
1.960391737520694733e-02 2.283649891614913940e-02
1.958520896732807159e-02 2.282135561108589172e-02
1.956656016409397125e-02 2.280627749860286713e-02
1.954797096550464630e-02 2.279125899076461792e-02
1.952943950891494751e-02 2.277630195021629333e-02
1.951096765697002411e-02 2.276140823960304260e-02
1.949255354702472687e-02 2.274657785892486572e-02
1.947419717907905579e-02 2.273180522024631500e-02
1.945590041577816010e-02 2.271709218621253967e-02
1.943765953183174133e-02 2.270244248211383820e-02
1.941947266459465027e-02 2.268785238265991211e-02
1.940134353935718536e-02 2.267332188785076141e-02
1.938327029347419739e-02 2.265884913504123688e-02
1.936525292694568634e-02 2.264443412423133850e-02
1.934728957712650299e-02 2.263008058071136475e-02
1.932938210666179657e-02 2.261578105390071869e-02
1.931152679026126862e-02 2.260154113173484802e-02
1.929372735321521759e-02 2.258735895156860352e-02
1.927598193287849426e-02 2.257323078811168671e-02
1.925828494131565094e-02 2.255916222929954529e-02
1.924064569175243378e-02 2.254514396190643311e-02
1.922305673360824585e-02 2.253118902444839478e-02
1.920551992952823639e-02 2.251728437840938568e-02
1.918803341686725616e-02 2.250343561172485352e-02
1.917059719562530518e-02 2.248964272439479828e-02
1.915321685373783112e-02 2.247590012848377228e-02
1.913588494062423706e-02 2.246221527457237244e-02
1.911860145628452301e-02 2.244858071208000183e-02
1.910137012600898743e-02 2.243499830365180969e-02
1.908418349921703339e-02 2.242146991193294525e-02
1.906705088913440704e-02 2.240799553692340851e-02
1.904996298253536224e-02 2.239456959068775177e-02
1.903292536735534668e-02 2.238119952380657196e-02
1.901593431830406189e-02 2.236787416040897369e-02
1.899899356067180634e-02 2.235460281372070312e-02
1.898209750652313232e-02 2.234138548374176025e-02
1.896524988114833832e-02 2.232821285724639893e-02
1.894844695925712585e-02 2.231509238481521606e-02
1.893168874084949493e-02 2.230202220380306244e-02
1.891497895121574402e-02 2.228900231420993805e-02
1.889831572771072388e-02 2.227602712810039520e-02
1.888169534504413605e-02 2.226310223340988159e-02
1.886512152850627899e-02 2.225022576749324799e-02
1.884859055280685425e-02 2.223739400506019592e-02
1.883210428059101105e-02 2.222461253404617310e-02
1.881566084921360016e-02 2.221187762916088104e-02
1.879926212131977081e-02 2.219918742775917053e-02
1.878290623426437378e-02 2.218654565513134003e-02
1.876659318804740906e-02 2.217394672334194183e-02
1.875032112002372742e-02 2.216139808297157288e-02
1.873409375548362732e-02 2.214889228343963623e-02
1.871790736913681030e-02 2.213643118739128113e-02
1.870176009833812714e-02 2.212401665747165680e-02
1.868565939366817474e-02 2.211164310574531555e-02
1.866959594190120697e-02 2.209931612014770508e-02
1.865357346832752228e-02 2.208703011274337769e-02
1.863759011030197144e-02 2.207478880882263184e-02
1.862164959311485291e-02 2.206259220838546753e-02
1.860574446618556976e-02 2.205043844878673553e-02
1.858988404273986816e-02 2.203832566738128662e-02
1.857405900955200195e-02 2.202625200152397156e-02
1.855827309191226959e-02 2.201422676444053650e-02
1.854252442717552185e-02 2.200223691761493683e-02
1.852681487798690796e-02 2.199028991162776947e-02
1.851114444434642792e-02 2.197838574647903442e-02
1.849551126360893250e-02 2.196652255952358246e-02
1.847991719841957092e-02 2.195469476282596588e-02
1.846435666084289551e-02 2.194291166961193085e-02
1.844883523881435394e-02 2.193116955459117889e-02
1.843334920704364777e-02 2.191946096718311310e-02
1.841789856553077698e-02 2.190779708325862885e-02
1.840248517692089081e-02 2.189617045223712921e-02
1.838710717856884003e-02 2.188458479940891266e-02
1.837176457047462463e-02 2.187303081154823303e-02
1.835645362734794617e-02 2.186151966452598572e-02
1.834117993712425232e-02 2.185004204511642456e-02
1.832594349980354309e-02 2.183860540390014648e-02
1.831073872745037079e-02 2.182720601558685303e-02
1.829556748270988464e-02 2.181584201753139496e-02
1.828042976558208466e-02 2.180451340973377228e-02
1.826532557606697083e-02 2.179322578012943268e-02
1.825025677680969238e-02 2.178196795284748077e-02
1.823521964251995087e-02 2.177074924111366272e-02
1.822021231055259705e-02 2.175956778228282928e-02
1.820524223148822784e-02 2.174841798841953278e-02
1.819030195474624634e-02 2.173730544745922089e-02
1.817539334297180176e-02 2.172622457146644592e-02
1.816051267087459564e-02 2.171517908573150635e-02
1.814566925168037415e-02 2.170417085289955139e-02
1.813085563480854034e-02 2.169319428503513336e-02
1.811607182025909424e-02 2.168224938213825226e-02
1.810131594538688660e-02 2.167134173214435577e-02
1.808659359812736511e-02 2.166046388447284698e-02
1.807190291583538055e-02 2.164961956441402435e-02
1.805724017322063446e-02 2.163880877196788788e-02
1.804260537028312683e-02 2.162803336977958679e-02
1.802800223231315613e-02 2.161728590726852417e-02
1.801342889666557312e-02 2.160657010972499847e-02
1.799888350069522858e-02 2.159588597714900970e-02
1.798436604440212250e-02 2.158523537218570709e-02
1.796987839043140411e-02 2.157461643218994141e-02
1.795542053878307343e-02 2.156402729451656342e-02
1.794098690152168274e-02 2.155346609652042389e-02
1.792658306658267975e-02 2.154294028878211975e-02
1.791220717132091522e-02 2.153244242072105408e-02
1.789785735309123993e-02 2.152197249233722687e-02
1.788353547453880310e-02 2.151153609156608582e-02
1.786924153566360474e-02 2.150112390518188477e-02
1.785497367382049561e-02 2.149074338376522064e-02
1.784073188900947571e-02 2.148039266467094421e-02
1.782651618123054504e-02 2.147006802260875702e-02
1.781232655048370361e-02 2.145977504551410675e-02
1.779816485941410065e-02 2.144950814545154572e-02
1.778402738273143768e-02 2.143927104771137238e-02
1.776991225779056549e-02 2.142906561493873596e-02
1.775582693517208099e-02 2.141888067126274109e-02
1.774176582694053650e-02 2.140872739255428314e-02
1.772772893309593201e-02 2.139860019087791443e-02
1.771371811628341675e-02 2.138850092887878418e-02
1.769972778856754303e-02 2.137842774391174316e-02
1.768576726317405701e-02 2.136838249862194061e-02
1.767182536423206329e-02 2.135836146771907806e-02
1.765791140496730804e-02 2.134836651384830475e-02
1.764401793479919434e-02 2.133839949965476990e-02
1.763015054166316986e-02 2.132845669984817505e-02
1.761630736291408539e-02 2.131854183971881866e-02
1.760248653590679169e-02 2.130865119397640228e-02
1.758868806064128876e-02 2.129878476262092590e-02
1.757491193711757660e-02 2.128894068300724030e-02
1.756115630269050598e-02 2.127912826836109161e-02
1.754742674529552460e-02 2.126933261752128601e-02
1.753371953964233398e-02 2.125956676900386810e-02
1.752003282308578491e-02 2.124982513487339020e-02
1.750636845827102661e-02 2.124010585248470306e-02
1.749272830784320831e-02 2.123041450977325439e-02
1.747910492122173309e-02 2.122073806822299957e-02
1.746550574898719788e-02 2.121109329164028168e-02
1.745192892849445343e-02 2.120146714150905609e-02
1.743837073445320129e-02 2.119186520576477051e-02
1.742483302950859070e-02 2.118228748440742493e-02
1.741131767630577087e-02 2.117273211479187012e-02
1.739782281219959259e-02 2.116319723427295685e-02
1.738434843719005585e-02 2.115368656814098358e-02
1.737089268863201141e-02 2.114419825375080109e-02
1.735745929181575775e-02 2.113472856581211090e-02
1.734404265880584717e-02 2.112528868019580841e-02
1.733064837753772736e-02 2.111586183309555054e-02
1.731727086007595062e-02 2.110646106302738190e-02
1.730391569435596466e-02 2.109707891941070557e-02
1.729057915508747101e-02 2.108772285282611847e-02
1.727726124227046967e-02 2.107838541269302368e-02
1.726396381855010986e-02 2.106906659901142120e-02
1.725068129599094391e-02 2.105976827442646027e-02
1.723742112517356873e-02 2.105049043893814087e-02
1.722417771816253662e-02 2.104123495519161224e-02
1.721095480024814606e-02 2.103199996054172516e-02
1.719774864614009857e-02 2.102278359234333038e-02
1.718455925583839417e-02 2.101358771324157715e-02
1.717139035463333130e-02 2.100441046059131622e-02
1.715823635458946228e-02 2.099525369703769684e-02
1.714510284364223480e-02 2.098611742258071899e-02
1.713198609650135040e-02 2.097699977457523346e-02
1.711888425052165985e-02 2.096789889037609100e-02
1.710580289363861084e-02 2.095882035791873932e-02
1.709273643791675568e-02 2.094975858926773071e-02
1.707968860864639282e-02 2.094071544706821442e-02
1.706665568053722382e-02 2.093168906867504120e-02
1.705364137887954712e-02 2.092268504202365875e-02
1.704064384102821350e-02 2.091369777917861938e-02
1.702766120433807373e-02 2.090472728013992310e-02
1.701469533145427704e-02 2.089577540755271912e-02
1.700174622237682343e-02 2.088683843612670898e-02
1.698881387710571289e-02 2.087792381644248962e-02
1.697589643299579620e-02 2.086902223527431488e-02
1.696299389004707336e-02 2.086014486849308014e-02
1.695010997354984283e-02 2.085127681493759155e-02
1.693723723292350769e-02 2.084242925047874451e-02
1.692438311874866486e-02 2.083360217511653900e-02
1.691154390573501587e-02 2.082478255033493042e-02
1.689871773123741150e-02 2.081598900258541107e-02
1.688590832054615021e-02 2.080720849335193634e-02
1.687311381101608276e-02 2.079844288527965546e-02
1.686033234000205994e-02 2.078969217836856842e-02
1.684757135808467865e-02 2.078096009790897369e-02
1.683481968939304352e-02 2.077224478125572205e-02
1.682208478450775146e-02 2.076354436576366425e-02
1.680936291813850403e-02 2.075485885143280029e-02
1.679665595293045044e-02 2.074618823826313019e-02
1.678396388888359070e-02 2.073753438889980316e-02
1.677128300070762634e-02 2.072889730334281921e-02
1.675861887633800507e-02 2.072027511894702911e-02
1.674596779048442841e-02 2.071166597306728363e-02
1.673332974314689636e-02 2.070307359099388123e-02
1.672070659697055817e-02 2.069449238479137421e-02
1.670809648931026459e-02 2.068592794239521027e-02
1.669549942016601562e-02 2.067738026380538940e-02
1.668291352689266205e-02 2.066884376108646393e-02
1.667034439742565155e-02 2.066032402217388153e-02
1.665778644382953644e-02 2.065181918442249298e-02
1.664524152874946594e-02 2.064332552254199982e-02
1.663271151483058929e-02 2.063484862446784973e-02
1.662019267678260803e-02 2.062638103961944580e-02
1.660768687725067139e-02 2.061793208122253418e-02
1.659519411623477936e-02 2.060949429869651794e-02
1.658271253108978271e-02 2.060107141733169556e-02
1.657024584710597992e-02 2.059266157448291779e-02
1.655778847634792328e-02 2.058426290750503540e-02
1.654534414410591125e-02 2.057588286697864532e-02
1.653291098773479462e-02 2.056751400232315063e-02
1.652049273252487183e-02 2.055915445089340210e-02
1.650808565318584442e-02 2.055081166326999664e-02
1.649569161236286163e-02 2.054248005151748657e-02
1.648330502212047577e-02 2.053415775299072266e-02
1.647093147039413452e-02 2.052585408091545105e-02
1.645856909453868866e-02 2.051756158471107483e-02
1.644622161984443665e-02 2.050927840173244476e-02
1.643388345837593079e-02 2.050101011991500854e-02
1.642155833542346954e-02 2.049275115132331848e-02
1.640924066305160522e-02 2.048450708389282227e-02
1.639693789184093475e-02 2.047627419233322144e-02
1.638464443385601044e-02 2.046805247664451599e-02
1.637236028909683228e-02 2.045984379947185516e-02
1.636009104549884796e-02 2.045164443552494049e-02
1.634783111512660980e-02 2.044345811009407043e-02
1.633557863533496857e-02 2.043528482317924500e-02
1.632333919405937195e-02 2.042712084949016571e-02
1.631111092865467072e-02 2.041896618902683258e-02
1.629889197647571564e-02 2.041082829236984253e-02
1.628668420016765594e-02 2.040269784629344940e-02
1.627448573708534241e-02 2.039457857608795166e-02
1.626229844987392426e-02 2.038647234439849854e-02
1.625012047588825226e-02 2.037837170064449310e-02
1.623795367777347565e-02 2.037028595805168152e-02
1.622579619288444519e-02 2.036220766603946686e-02
1.621364802122116089e-02 2.035414427518844604e-02
1.620150916278362274e-02 2.034608647227287292e-02
1.618938334286212921e-02 2.033803984522819519e-02
1.617726497352123260e-02 2.033000439405441284e-02
1.616515405476093292e-02 2.032198198139667511e-02
1.615305617451667786e-02 2.031396701931953430e-02
1.614096574485301971e-02 2.030596509575843811e-02
1.612888462841510773e-02 2.029796689748764038e-02
1.611681468784809113e-02 2.028998173773288727e-02
1.610475219786167145e-02 2.028200775384902954e-02
1.609270088374614716e-02 2.027403935790061951e-02
1.608065515756607056e-02 2.026608213782310486e-02
1.606862246990203857e-02 2.025813609361648560e-02
1.605659537017345428e-02 2.025019749999046326e-02
1.604457758367061615e-02 2.024227008223533630e-02
1.603256911039352417e-02 2.023435011506080627e-02
1.602056995034217834e-02 2.022644132375717163e-02
1.600857824087142944e-02 2.021853625774383545e-02
1.599659770727157593e-02 2.021064609289169312e-02
1.598462276160717010e-02 2.020276337862014771e-02
1.597265712916851044e-02 2.019488811492919922e-02
1.596070080995559692e-02 2.018702216446399689e-02
1.594875194132328033e-02 2.017916180193424225e-02
1.593681052327156067e-02 2.017131261527538300e-02
1.592488028109073639e-02 2.016347274184226990e-02
1.591295562684535980e-02 2.015564031898975372e-02
1.590103842318058014e-02 2.014781534671783447e-02
1.588913053274154663e-02 2.013999596238136292e-02
1.587723009288311005e-02 2.013218961656093597e-02
1.586533896625041962e-02 2.012438885867595673e-02
1.585345529019832611e-02 2.011659555137157440e-02
1.584157720208168030e-02 2.010881341993808746e-02
1.582970656454563141e-02 2.010103687644004822e-02
1.581784524023532867e-02 2.009326405823230743e-02
1.580599136650562286e-02 2.008550241589546204e-02
1.579414308071136475e-02 2.007775008678436279e-02
1.578230597078800201e-02 2.007000334560871124e-02
1.577047258615493774e-02 2.006226032972335815e-02
1.575864851474761963e-02 2.005453221499919891e-02
1.574683003127574921e-02 2.004680410027503967e-02
1.573501899838447571e-02 2.003908716142177582e-02
1.572321541607379913e-02 2.003137394785881042e-02
1.571141928434371948e-02 2.002366818487644196e-02
1.569963060319423676e-02 2.001597359776496887e-02
1.568784564733505249e-02 2.000828273594379425e-02
1.567607186734676361e-02 2.000059746205806732e-02
1.566430367529392242e-02 1.999292150139808655e-02
1.565253920853137970e-02 1.998524926602840424e-02
1.564078405499458313e-02 1.997758634388446808e-02
1.562903448939323425e-02 1.996992528438568115e-02
1.561729144304990768e-02 1.996227353811264038e-02
1.560555398464202881e-02 1.995462924242019653e-02
1.559382583945989609e-02 1.994698867201805115e-02
1.558210141956806183e-02 1.993935927748680115e-02
1.557038538157939911e-02 1.993172615766525269e-02
1.555867306888103485e-02 1.992410607635974884e-02
1.554696820676326752e-02 1.991649530827999115e-02
1.553526893258094788e-02 1.990888267755508423e-02
1.552357617765665054e-02 1.990127749741077423e-02
1.551188994199037552e-02 1.989367604255676270e-02
1.550020929425954819e-02 1.988608576357364655e-02
1.548853423446416855e-02 1.987849362194538116e-02
1.547686289995908737e-02 1.987091638147830963e-02
1.546520087867975235e-02 1.986333914101123810e-02
1.545354351401329041e-02 1.985576562583446503e-02
1.544188987463712692e-02 1.984820328652858734e-02
1.543024275451898575e-02 1.984063908457756042e-02
1.541860215365886688e-02 1.983308047056198120e-02
1.540696714073419571e-02 1.982553116977214813e-02
1.539533678442239761e-02 1.981798373162746429e-02
1.538371015340089798e-02 1.981044001877307892e-02
1.537209004163742065e-02 1.980290561914443970e-02
1.536047644913196564e-02 1.979537121951580048e-02
1.534886751323938370e-02 1.978784427046775818e-02
1.533726230263710022e-02 1.978032104671001434e-02
1.532566361129283905e-02 1.977279782295227051e-02
1.531406864523887634e-02 1.976528577506542206e-02
1.530248112976551056e-02 1.975777558982372284e-02
1.529089361429214478e-02 1.975026912987232208e-02
1.527931541204452515e-02 1.974276825785636902e-02
1.526774093508720398e-02 1.973526924848556519e-02
1.525616925209760666e-02 1.972777210175991058e-02
1.524460408836603165e-02 1.972028426826000214e-02
1.523304264992475510e-02 1.971279643476009369e-02
1.522148586809635162e-02 1.970531232655048370e-02
1.520993374288082123e-02 1.969783380627632141e-02
1.519838534295558929e-02 1.969035714864730835e-02
1.518684346228837967e-02 1.968288235366344452e-02
1.517530251294374466e-02 1.967541500926017761e-02
1.516376808285713196e-02 1.966794580221176147e-02
1.515223830938339233e-02 1.966048404574394226e-02
1.514071226119995117e-02 1.965302601456642151e-02
1.512918993830680847e-02 1.964556984603404999e-02
1.511766947805881500e-02 1.963811554014682770e-02
1.510615553706884384e-02 1.963066495954990387e-02
1.509464532136917114e-02 1.962321810424327850e-02
1.508313883095979691e-02 1.961577124893665314e-02
1.507163513451814651e-02 1.960832998156547546e-02
1.506013516336679459e-02 1.960088871419429779e-02
1.504864078015089035e-02 1.959344930946826935e-02
1.503714732825756073e-02 1.958601363003253937e-02
1.502565946429967880e-02 1.957858353853225708e-02
1.501417532563209534e-02 1.957115344703197479e-02
1.500269118696451187e-02 1.956372521817684174e-02
1.499121356755495071e-02 1.955629885196685791e-02
1.497973967343568802e-02 1.954887621104717255e-02
1.496826671063899994e-02 1.954145170748233795e-02
1.495679933577775955e-02 1.953403651714324951e-02
1.494533382356166840e-02 1.952661760151386261e-02
1.493387110531330109e-02 1.951920241117477417e-02
1.492241211235523224e-02 1.951178908348083496e-02
1.491095591336488724e-02 1.950437389314174652e-02
1.489950250834226608e-02 1.949696429073810577e-02
1.488805096596479416e-02 1.948955468833446503e-02
1.487660408020019531e-02 1.948214508593082428e-02
1.486515812575817108e-02 1.947473548352718353e-02
1.485371589660644531e-02 1.946733146905899048e-02
1.484227646142244339e-02 1.945992559194564819e-02
1.483083982020616531e-02 1.945252344012260437e-02
1.481940597295761108e-02 1.944511942565441132e-02
1.480797305703163147e-02 1.943771913647651672e-02
1.479654200375080109e-02 1.943031698465347290e-02
1.478511374443769455e-02 1.942291483283042908e-02
1.477368921041488647e-02 1.941551454365253448e-02
1.476226653903722763e-02 1.940811425447463989e-02
1.475084386765956879e-02 1.940071396529674530e-02
1.473942585289478302e-02 1.939331740140914917e-02
1.472800783812999725e-02 1.938592270016670227e-02
1.471659354865550995e-02 1.937851868569850922e-02
1.470517925918102264e-02 1.937112212181091309e-02
1.469376962631940842e-02 1.936372369527816772e-02
1.468235906213521957e-02 1.935632713139057159e-02
1.467095036059617996e-02 1.934892870485782623e-02
1.465954445302486420e-02 1.934152655303478241e-02
1.464814040809869766e-02 1.933412998914718628e-02
1.463673729449510574e-02 1.932672969996929169e-02
1.462533604353666306e-02 1.931933127343654633e-02
1.461393386125564575e-02 1.931193098425865173e-02
1.460253633558750153e-02 1.930453069508075714e-02
1.459113787859678268e-02 1.929712854325771332e-02
1.457974128425121307e-02 1.928972825407981873e-02
1.456834562122821808e-02 1.928232051432132721e-02
1.455695182085037231e-02 1.927491836249828339e-02
