2.295512296259403229e-01 1.681319855153560749e-01
1.674108965322375353e-01 1.231036376208066996e-01
1.256958127021789440e-01 9.522992074489593228e-02
1.009717606008052881e-01 7.507289387285709381e-02
8.171555157750845511e-02 6.275696922093629282e-02
6.825221851468085688e-02 5.481929779052734097e-02
5.975000616163015504e-02 4.991748165339231214e-02
5.321191549301147738e-02 4.683098755776882172e-02
4.925933666527271271e-02 4.457723069936037064e-02
4.638796560466289243e-02 4.262199401855468889e-02
4.345459323376417438e-02 4.107959289103746414e-02
4.113751333206892152e-02 3.950757384300231795e-02
3.914002366364002089e-02 3.810655865818261823e-02
3.741420004516839842e-02 3.686329238116740903e-02
3.571227164939046184e-02 3.569293059408664565e-02
3.425299860537052432e-02 3.483629003167152544e-02
3.309383261948824206e-02 3.394468612968921939e-02
3.194546494632959088e-02 3.329449295997619768e-02
3.093597879633307526e-02 3.239480517804622928e-02
2.985353581607341766e-02 3.178838174790143967e-02
2.890101103112101624e-02 3.141720984131098071e-02
2.858561035245656828e-02 3.123057857155799727e-02
2.781272381544113229e-02 3.063762523233890672e-02
2.714700056239962439e-02 3.015461117029189994e-02
2.652562446892261366e-02 2.986180614680051734e-02
2.585222674533724924e-02 2.937983162701129913e-02
2.516408152878284524e-02 2.867212500423193047e-02
2.459299983456730843e-02 2.851811200380325456e-02
2.413043258711695602e-02 2.818043287843465666e-02
2.376815490424633026e-02 2.764484640210866997e-02
2.349649956449866364e-02 2.776182368397712638e-02
2.281041918322444101e-02 2.723294049501418998e-02
2.243288457393646101e-02 2.696377746760845323e-02
2.207302032038569589e-02 2.697723265737295151e-02
2.191104963421821455e-02 2.658986803144216399e-02
2.137248311191797256e-02 2.641381938010454317e-02
2.108608130365609984e-02 2.603470757603645186e-02
2.079179538413882325e-02 2.594217583537101676e-02
2.080355351790785789e-02 2.582929860800504615e-02
2.016652086749672751e-02 2.549235038459301064e-02
2.002459252253174782e-02 2.601428925991058211e-02
2.048658523708581786e-02 2.619366403669119020e-02
2.034400282427668502e-02 2.573257721960544447e-02
1.969497650861740112e-02 2.516220547258853774e-02
1.875223647803068300e-02 2.502332348376512527e-02
1.864388249814510207e-02 2.464924119412898948e-02
1.807264983654022217e-02 2.457624729722738405e-02
1.856963089667260786e-02 2.484377492219209602e-02
2.008544486016035011e-02 2.743057999759912491e-02
2.126321885734796385e-02 2.663963660597801208e-02
2.091235117986798425e-02 2.598460540175438066e-02
2.079706378281116416e-02 2.572725676000118394e-02
2.045114273205399583e-02 2.572160381823778222e-02
2.035046098753810068e-02 2.579879146069288115e-02
2.027959078550338815e-02 2.562287244945764611e-02
2.009125063195824762e-02 2.571442350745201111e-02
2.002298310399055342e-02 2.563694398850202560e-02
1.995305670425295830e-02 2.566614951938390662e-02
1.982913836836814811e-02 2.562368493527173927e-02
1.973487185314297745e-02 2.565249223262071679e-02
1.971182730048894743e-02 2.566102948039770265e-02
1.958481865003704886e-02 2.556803058832883904e-02
1.944133425131440093e-02 2.552924323827028205e-02
1.944846045225858550e-02 2.553931977599859307e-02
1.931596081703901291e-02 2.550524752587080002e-02
1.928210761398076872e-02 2.559335101395845274e-02
1.923956852406263213e-02 2.571007199585437913e-02
1.909562153741717339e-02 2.554339300841092925e-02
1.904864255338907172e-02 2.544190622866153786e-02
1.894971430301666329e-02 2.544821556657552580e-02
1.896244678646325996e-02 2.567158769816160063e-02
1.878099590539932320e-02 2.541981115937232832e-02
1.870292490348219802e-02 2.530643660575151305e-02
1.864242078736424307e-02 2.551025878638029168e-02
1.852172994986176630e-02 2.551244739443063805e-02
1.841348977759480615e-02 2.525653857737779687e-02
1.836935067549348016e-02 2.528256904333829949e-02
1.818583933636546204e-02 2.528211697936057906e-02
1.822488326579332213e-02 2.533048093318939278e-02
1.804671585559845109e-02 2.508319169282913208e-02
1.797800706699490686e-02 2.513639759272336821e-02
1.764960559085011413e-02 2.501449696719646593e-02
1.743403663858771394e-02 2.489298619329929213e-02
1.730836406350135664e-02 2.480584066361189027e-02
1.700436761602759292e-02 2.462740540504455497e-02
1.672086687758565088e-02 2.435893546789884637e-02
1.621930105611681799e-02 2.407510299235582352e-02
1.562305684201419423e-02 2.324605248868465493e-02
1.459133001044392655e-02 2.314363997429609229e-02
1.552090309560298989e-02 2.317544631659984589e-02
1.461526541970670223e-02 2.191802132874727180e-02
1.469188812188804150e-02 2.267679003998637061e-02
1.593200811184942653e-02 2.288397792726755073e-02
1.581837646663188796e-02 2.219003140926361153e-02
1.468582889065146377e-02 2.111353976652026107e-02
1.819035718217492173e-02 2.288665520027279715e-02
1.703465851023793290e-02 2.350206691771745612e-02
1.667061122134327888e-02 2.264355216175317764e-02
1.649343837052583833e-02 2.235902175307273934e-02
1.600681208074093004e-02 2.227129209786653588e-02
1.522131673991680180e-02 2.190948147326707979e-02
1.443141344934701850e-02 2.108763204887509346e-02
1.366662792861461639e-02 2.022226909175515314e-02
1.454082289710640838e-02 2.097486183047294478e-02
1.332166437059640815e-02 2.030101316049694876e-02
1.358878188766539027e-02 2.001402499154210021e-02
1.294015981256961892e-02 1.962924096733331680e-02
1.345632830634713173e-02 1.962938979268074105e-02
1.286594308912753989e-02 1.879235687665641377e-02
1.214623982086777618e-02 1.879477798938751151e-02
1.245021419599652221e-02 1.843140590935945372e-02
1.249528098851442406e-02 1.828348450362682343e-02
1.201746077276766300e-02 1.791325076483190129e-02
1.200294326990842750e-02 1.831560200080275397e-02
1.221910747699439526e-02 1.727741374634206295e-02
1.214458239264786313e-02 1.741483611986040930e-02
1.171433781273662975e-02 1.714671486988663535e-02
1.162557620555162465e-02 1.798782413825392862e-02
1.314199436455965042e-02 1.973087601363658974e-02
1.351484414190053975e-02 1.840959703549742768e-02
1.228024996817111969e-02 1.766561539843678613e-02
1.214439901523292099e-02 1.839141082018613815e-02
1.193154412321746280e-02 1.770356055349111418e-02
1.169387749396264518e-02 1.959418496116995673e-02
1.382136987522244488e-02 1.815669815987348487e-02
1.155140749178826774e-02 1.729586841538548539e-02
1.374854198656976292e-02 1.875111162662506173e-02
1.337148221209645202e-02 1.780894426628947327e-02
1.123049268499016692e-02 1.695079319179058214e-02
1.171858119778335094e-02 1.697863102890551090e-02
1.119523257948458125e-02 1.617509718053043027e-02
1.320422873832285439e-02 1.820855820551514626e-02
1.244026469066739082e-02 1.629026480950414996e-02
1.115597099997103249e-02 1.627727071754634519e-02
1.334070586599409546e-02 1.889654472470283370e-02
1.314738355576992000e-02 1.744902804493904044e-02
1.161119360476732185e-02 1.797407707199454377e-02
1.235855715349316528e-02 1.756517216563224792e-02
1.186694926582276821e-02 1.744464407674968173e-02
1.088110585696995189e-02 1.667700842954218318e-02
1.094537484459578991e-02 1.626815423369407793e-02
1.082846997305750812e-02 1.667940896004438400e-02
1.044566831551492145e-02 1.598935020156204770e-02
1.091200602240860462e-02 1.550595639273524319e-02
1.139694247394800256e-02 1.654505748301744392e-02
1.123266601935029099e-02 1.735083241946995189e-02
1.122307912446558406e-02 1.553100394085049629e-02
1.076004127971827949e-02 1.641388097777962685e-02
1.100349677726626327e-02 1.811807043850421906e-02
1.553663024678826263e-02 2.207877393811941147e-02
1.649834206327795844e-02 2.012710496783256392e-02
1.597914621233940263e-02 2.012492287904023985e-02
1.587191764265298913e-02 2.052446603775024553e-02
1.544690486043691705e-02 2.052264092490076880e-02
1.521281655877828633e-02 2.022800464183092256e-02
1.489599235355854034e-02 2.012601904571056227e-02
1.452363207936286857e-02 1.999812806025147438e-02
1.407740181311964954e-02 1.969522610306739807e-02
1.338796624913811753e-02 1.905497657135129044e-02
1.251162388361990417e-02 1.815758608281612535e-02
1.127922860905528069e-02 1.647570738568902154e-02
1.063706721179187228e-02 1.556283747777342796e-02
1.035815170034766128e-02 1.683023590594530036e-02
1.092435466125607491e-02 1.622188664041459422e-02
1.113418918102979625e-02 1.598523380234837671e-02
1.067916941829025711e-02 1.504520270973444020e-02
1.067669023759663070e-02 1.720496155321598122e-02
1.055896473117172787e-02 1.467135348357260193e-02
1.022694902494549786e-02 1.544760982505977154e-02
1.007204693742096493e-02 1.635279948823153973e-02
1.076001184992492199e-02 1.591817396692931513e-02
1.071727531962096691e-02 1.507609994150698254e-02
1.014639763161540031e-02 1.586382701061666081e-02
9.662897977977990410e-03 1.485704625956714084e-02
1.024972824379801785e-02 1.550742639228701661e-02
1.039611436426639626e-02 1.498822625726461445e-02
1.061321678571403027e-02 1.836434518918395042e-02
1.072335210628807579e-02 1.432875245809555123e-02
1.005053804256022046e-02 1.515456824563443661e-02
1.085920813493430545e-02 1.560865705832839047e-02
1.027791555970907281e-02 1.442811936140060355e-02
1.028424822725355556e-02 1.758763734251260827e-02
1.103221522644162213e-02 1.494076093658804928e-02
1.020616060122847557e-02 1.534348865970969200e-02
9.966920083388685486e-03 1.457853266038000584e-02
9.872161317616701126e-03 1.827164422720670839e-02
1.018957453779876197e-02 1.463140482082963059e-02
1.107600899413228000e-02 1.667910302057862282e-02
1.027233949862420628e-02 1.564008612185716768e-02
9.682811005041003574e-03 1.946238372474908690e-02
1.307371999137103488e-02 1.753443032503127982e-02
1.230779094621539151e-02 1.643387801013886790e-02
1.034776698797941138e-02 1.462449431419372489e-02
9.968598023988306522e-03 1.590190064162015984e-02
9.561435692012310375e-03 1.437264624983072316e-02
9.957898734137415539e-03 1.615863097831606726e-02
1.070507150143384933e-02 1.475746827200055157e-02
1.095687230117619107e-02 1.635164963081479211e-02
1.013002367690205539e-02 1.443925462663173641e-02
9.747700509615242134e-03 1.473638275638222694e-02
9.718018583953380585e-03 1.432048343122005463e-02
1.073493494186550379e-02 2.132079582661390235e-02
1.347396913915872504e-02 1.848434824496507714e-02
1.310850698500871589e-02 1.710351286455989023e-02
1.125438157469034126e-02 1.609367933124303957e-02
1.076878006570041249e-02 1.742964768782257964e-02
1.066511962562799454e-02 1.464211074635386398e-02
1.027633990161120822e-02 1.848656861111521582e-02
1.336314324289560387e-02 1.671064114198088715e-02
1.201711222529411316e-02 1.575374207459390163e-02
1.032072510570287635e-02 1.557133425958454574e-02
9.509788686409592282e-03 1.475798673927783931e-02
1.007246915251016652e-02 1.566193024627864430e-02
1.045275819487869774e-02 1.586112659424543381e-02
1.093350602313876083e-02 1.652283086441457341e-02
1.115239183418452809e-02 1.549763018265366485e-02
1.040568985044956242e-02 1.551454095169901848e-02
1.067142586689442431e-02 1.494781468063592980e-02
1.041930206120014225e-02 1.513826451264321804e-02
1.059043738059699605e-02 1.581462696194648604e-02
1.061743306927382877e-02 1.441478780470788548e-02
1.037159808911383187e-02 1.559480787254869869e-02
1.061135192867368460e-02 1.467646853998303379e-02
9.722745744511485100e-03 1.558428895659744705e-02
9.650972299277782093e-03 1.545006949454546044e-02
9.582486702129244804e-03 1.420582784339785576e-02
9.618526394478976033e-03 1.371156289242208073e-02
9.329280676320194851e-03 1.451826682314276765e-02
9.330022148787975311e-03 1.412338670343160629e-02
1.039909184910356964e-02 1.611686907708644728e-02
1.135618123225867748e-02 1.555006294511258533e-02
1.010230211541056702e-02 1.634452426806092332e-02
1.000509643927216530e-02 1.447214772924780915e-02
1.131870145909488236e-02 1.599610922858119011e-02
9.872268466278911331e-03 1.371916583739221131e-02
1.096522905863821576e-02 1.578775821253657410e-02
1.114089759066700866e-02 1.365246511995792458e-02
9.860550751909613609e-03 1.469356841407716205e-02
9.346383251249789845e-03 1.420247545465827023e-02
9.473080420866608967e-03 1.359388693235814502e-02
1.041546007618308033e-02 1.751733310520648887e-02
1.212778035551309586e-02 1.626370437443256517e-02
1.112650413997471298e-02 1.508842138573527301e-02
9.995125420391558907e-03 1.521835378371179034e-02
9.577071154490112911e-03 1.465859478339552949e-02
9.658655291423201908e-03 1.669358117505908082e-02
1.133289881981909206e-02 1.513030761852860416e-02
1.044609197415411438e-02 1.478787427768111194e-02
1.016481039114296506e-02 1.434838082641363109e-02
9.959257813170552601e-03 1.785305105149746080e-02
1.108578881248831714e-02 1.536716641858220170e-02
1.033591106534004211e-02 1.680360226891934941e-02
1.048307581804692676e-02 1.606202982366084983e-02
1.094617554917931557e-02 1.562354229390621255e-02
9.833874832838773034e-03 1.492041726596653531e-02
1.120971203781664406e-02 1.753043849021196365e-02
1.077366317622363567e-02 1.392087726853787934e-02
9.696420631371438503e-03 1.455261325463652611e-02
1.478218091651797329e-02 2.198418471962213655e-02
1.478740423917770420e-02 1.918965158984065056e-02
1.346228099428117310e-02 1.886434527114033699e-02
1.167193017899990047e-02 1.778337294235825608e-02
1.112039983272552525e-02 1.647109845653176377e-02
1.059165478218346799e-02 1.752541246823966642e-02
9.983695857226849296e-03 1.650700718164443970e-02
9.743491047993301998e-03 1.580025162547826767e-02
9.642035607248545040e-03 1.507505564950406551e-02
9.419903089292348125e-03 1.393389124423265527e-02
9.662733320146799434e-03 1.507481387816369568e-02
9.257614891976118782e-03 1.473672380670905044e-02
9.716882742941379894e-03 1.532849078066647087e-02
9.862997801974415779e-03 1.379877268336713279e-02
1.032973118126392399e-02 1.530403760261833668e-02
1.028406252153217862e-02 1.386436726897954941e-02
1.096129221841692959e-02 1.580487731844186852e-02
1.154848765581846168e-02 1.528295832686126302e-02
1.008211071603000095e-02 1.448890301398932969e-02
9.485402191057801941e-03 1.533374362625181640e-02
9.241052344441414226e-03 1.350152557715773513e-02
9.278011578135191700e-03 1.403426900506019558e-02
9.613140509463847030e-03 1.465322598814964260e-02
9.202639013528824199e-03 1.383736897259950707e-02
9.664531750604509613e-03 1.498611639253795078e-02
1.032020482234656880e-02 1.399404886178672383e-02
9.621597710065543652e-03 1.381132295355200733e-02
1.035458315163850784e-02 1.993140988051891188e-02
1.203196840360760619e-02 1.545213190838694642e-02
1.049578934907913208e-02 1.533650723285973072e-02
9.737150045111775398e-03 1.424901387654244934e-02
9.396090125665067933e-03 1.430771537125110661e-02
9.616242861375213016e-03 1.320778327062726090e-02
9.539730893447995880e-03 1.526664537377655541e-02
9.127400419674813054e-03 1.414884491823613713e-02
9.374662768095731735e-03 1.359728542156517575e-02
9.374277014285326698e-03 1.545421825721859932e-02
1.055352506227791309e-02 1.435583145357668435e-02
9.418698097579180500e-03 1.440324527211487259e-02
9.838972659781574509e-03 1.445275992155075143e-02
9.295566822402179241e-03 1.418659379705786670e-02
9.155062702484428536e-03 1.384542998857796192e-02
8.907212270423769604e-03 1.425630981102585758e-02
8.838274725712835442e-03 1.326641724444925854e-02
9.551841532811522484e-03 1.648115753196179728e-02
1.027702586725354195e-02 1.471022674813866546e-02
9.976307395845651627e-03 1.387967821210622787e-02
9.953216463327408531e-03 1.549525191076099942e-02
9.335977328009902737e-03 1.382421269081532920e-02
9.028568747453391552e-03 1.291138208471238544e-02
9.421034855768084873e-03 1.444840230979025329e-02
8.893865323625505664e-03 1.345382151193916763e-02
8.695098059251903794e-03 1.323981946334242855e-02
9.529366483911871563e-03 1.539140050299465587e-02
9.659024933353067138e-03 1.258890777826309273e-02
1.107990192249417270e-02 2.530063744634390016e-02
1.644947770982980659e-02 1.834695581346750329e-02
1.324506881646811927e-02 1.993864923715591569e-02
1.138597554527223145e-02 1.648655142635107110e-02
1.054819556884467602e-02 1.625416497699916363e-02
1.043125255964696442e-02 1.556833339855074813e-02
9.865352977067231785e-03 1.530684046447277138e-02
9.890712797641754150e-03 1.639332501217722823e-02
9.860578039661050537e-03 1.426244340837001801e-02
9.439926128834486008e-03 1.516871373169124092e-02
9.436107613146305431e-03 1.414535692892968620e-02
9.112809807993471969e-03 1.412535957060754264e-02
9.078967384994029999e-03 1.455093384720385075e-02
8.870164444670081833e-03 1.393288862891495228e-02
8.964090910740196011e-03 1.420992361381650040e-02
8.721006056293844483e-03 1.353447940200567211e-02
8.851926191709935665e-03 1.397128053940832615e-02
9.345582127571106304e-03 1.457250616513192619e-02
8.973171678371727120e-03 1.336409025825560128e-02
8.484296896494925716e-03 1.406398275867104530e-02
1.633818927221000056e-02 1.993079613894224028e-02
1.518280049785971676e-02 1.779958708211779733e-02
1.474052211269736255e-02 1.811713948845863204e-02
1.422624373808503186e-02 1.948772165924310754e-02
1.378725939430296490e-02 1.840422591194510599e-02
1.279316879808902775e-02 1.746032442897558351e-02
1.183776212856173585e-02 1.658492907881736755e-02
1.035756543278694083e-02 1.509055010974407265e-02
9.156629443168640137e-03 1.437025144696235657e-02
9.373126830905676582e-03 1.530197216197848320e-02
1.009333166293799842e-02 1.393848573789000476e-02
9.792281035333871148e-03 1.439092233777046134e-02
1.043617646209895646e-02 1.662250314839184423e-02
9.709861641749740341e-03 1.433826512657105853e-02
1.036165875848382711e-02 1.448506638407707180e-02
1.006754729896783794e-02 1.498940144665539265e-02
1.161367374006658758e-02 2.002686709165573190e-02
1.626251982524990966e-02 1.942435950040817191e-02
1.555199986323714187e-02 1.862512882798910210e-02
1.531289787963032757e-02 1.912530660629272600e-02
1.512105241417884861e-02 1.977616734802722931e-02
1.474823979660868679e-02 1.954759219661355088e-02
1.455916990526020562e-02 1.931473687291145394e-02
1.414265315979719093e-02 1.915145143866538863e-02
1.390100275166332791e-02 1.891783205792307854e-02
1.353024919517338207e-02 1.870140340179204941e-02
1.324876993894577061e-02 1.809925846755504678e-02
1.231450019404292141e-02 1.774944290518760612e-02
1.161040118895471061e-02 1.645595384761690955e-02
1.080194907262921333e-02 1.566234580241143703e-02
9.271024027839303017e-03 1.541769891045987641e-02
1.002099730540067027e-02 1.510874545201659237e-02
9.294487209990620960e-03 1.425155173055827652e-02
9.277223260141909122e-03 1.434386027976870467e-02
9.400428272783756256e-03 1.504864888265728881e-02
9.743024781346320412e-03 1.568552488461136957e-02
1.100469133816659416e-02 1.534547996707260643e-02
1.024166103452444146e-02 1.398139847442507813e-02
8.982772752642632225e-03 1.507138814777135918e-02
9.704788983799516461e-03 1.349409702233970131e-02
9.205255005508661964e-03 1.322169415652751923e-02
9.556664619594812393e-03 1.434944565407931735e-02
1.017741127870976960e-02 1.352948341518640449e-02
8.811979321762919426e-03 1.288664089515805314e-02
9.601096529513597835e-03 1.491559389978647232e-02
9.700466506183147083e-03 1.368876332417130401e-02
1.060020751319825684e-02 1.538418447598815034e-02
1.084394501522183488e-02 1.488375640474259853e-02
9.808991756290196679e-03 1.607212238013744354e-02
9.845772339031100967e-03 1.561299706809222629e-02
1.023753895424306393e-02 1.503129671327769687e-02
9.650515601970255028e-03 1.315452358685433899e-02
9.561127889901399959e-03 1.662640981376171251e-02
1.033425307832658291e-02 1.453899759799242089e-02
9.146884130313993194e-03 1.444023814983665978e-02
9.532332280650734554e-03 1.582831786945462088e-02
1.216522646136581828e-02 1.653939429670572142e-02
1.187893478199839557e-02 1.537516787648201058e-02
1.018517026677727769e-02 1.531224804930388962e-02
9.180546784773469665e-03 1.478940877132117748e-02
8.748516649939119469e-03 1.299599469639360974e-02
9.318264224566519607e-03 1.520497077144682477e-02
9.301740350201726307e-03 1.299843429587781499e-02
1.045377599075436592e-02 1.423034286126494477e-02
9.844975499436258576e-03 1.314009511843323638e-02
9.141821879893541336e-03 1.321727656759321724e-02
8.797689341008663177e-03 1.354197142645716632e-02
9.104551840573548924e-03 1.494656605646014179e-02
1.030294355005025898e-02 1.388742765411734616e-02
9.696316625922917626e-03 1.600882965140044620e-02
9.248156473040581096e-03 1.658322280272841315e-02
1.030649347230792011e-02 1.377955367788672413e-02
9.492247505113482822e-03 1.505492115393280983e-02
1.026664054952561821e-02 1.428898689337074722e-02
1.103388331830501556e-02 1.477754916995763744e-02
1.023281756788492133e-02 1.364089893177151611e-02
9.114394267089664242e-03 1.473881322890520026e-02
8.903451589867472302e-03 1.396349295973777806e-02
9.017033549025655487e-03 1.305153844878077438e-02
9.485736303031445243e-03 1.457642689347267081e-02
1.040936801582574914e-02 1.488938843831419910e-02
9.564566984772681843e-03 1.497824387624859845e-02
9.451309405267237923e-03 1.362110218033194507e-02
9.185812203213572502e-03 1.377509608864784310e-02
8.579497225582599640e-03 1.319614262320101261e-02
8.853236259892583587e-03 1.542862504720687866e-02
1.042577791959047387e-02 1.401986256241798470e-02
9.048255346715449593e-03 1.318690646439790726e-02
9.684790577739476464e-03 1.627209568396210601e-02
1.276758313179016113e-02 1.610450204461812834e-02
1.090736086480319569e-02 1.596159655600786278e-02
9.704180061817169189e-03 1.447426611557602917e-02
8.975106687285006740e-03 1.374756568111479282e-02
8.709446061402559280e-03 1.420904025435447762e-02
9.412960708141326557e-03 1.268642554059624603e-02
9.572965535335242401e-03 1.603880831971764634e-02
9.306178172118961464e-03 1.311227092519402435e-02
9.506571246311068882e-03 1.340751880779862334e-02
9.104983881115913391e-03 1.296301377005875180e-02
8.898632414638996818e-03 1.417348296381533077e-02
8.726888382807374694e-03 1.286851069889962708e-02
9.134272113442420959e-03 1.305199270136654308e-02
9.373175958171487548e-03 1.366644278168678214e-02
8.857036940753459930e-03 1.364437164738774300e-02
9.415374975651502956e-03 1.523832264356315101e-02
9.428689116612076412e-03 1.260797088034451043e-02
9.004462556913495758e-03 1.711462801322340826e-02
9.742011269554495118e-03 1.317050764337182080e-02
9.172504208981991161e-03 1.386646893806755577e-02
8.882679720409214150e-03 1.321190935559570824e-02
9.096984541974962105e-03 1.227012700401246617e-02
8.777234982699156501e-03 1.416904204525053571e-02
8.863754849880934455e-03 1.219909698702394997e-02
8.590926043689250599e-03 1.262911679223179852e-02
8.895017113536596645e-03 1.307448116131126881e-02
8.931580185890197060e-03 1.812264686450362067e-02
1.088594119064509834e-02 1.506226519122719730e-02
9.545748797245323311e-03 1.996858417987823486e-02
1.176090291701257194e-02 1.807255102321505408e-02
1.136909797787666321e-02 1.658241706900298595e-02
1.000709696672856877e-02 1.708415863104164462e-02
9.648837288841605533e-03 1.563564445823430876e-02
9.646518947556614529e-03 1.517014801502227818e-02
9.186415607109666218e-03 1.380861471407115494e-02
9.234265610575675270e-03 1.278160498477518524e-02
8.854665746912359497e-03 1.308825956657528808e-02
8.838071301579476097e-03 1.275360235013067722e-02
8.717203070409596313e-03 1.276156250387430226e-02
8.813891164027153752e-03 1.254154886119067738e-02
9.018820337951182972e-03 1.286236820742487838e-02
8.711075526662170887e-03 1.287301452830433811e-02
9.013601997867225907e-03 1.299838307313621114e-02
9.051665943115950325e-03 1.410354590043425525e-02
9.002005285583435795e-03 1.320813470520079171e-02
8.946105325594543717e-03 1.743373591452836852e-02
9.590889560058712959e-03 1.374054187908768654e-02
9.483612142503261566e-03 1.481321020983159507e-02
9.742461564019321701e-03 1.486112587153911625e-02
1.008424898609519040e-02 1.324025844223797321e-02
8.972436888143420219e-03 1.321001262404024670e-02
8.591157430782914856e-03 1.293723904527723824e-02
8.274153526872395775e-03 1.412992635741829907e-02
8.744523162022233009e-03 1.343313646502792766e-02
9.768031723797320626e-03 1.416912497952580417e-02
9.318796778097748409e-03 1.218989375047385693e-02
8.971919678151607860e-03 1.299149249680340255e-02
9.334718715399504055e-03 1.464209090918302571e-02
8.774783229455351830e-03 1.270390832796692779e-02
8.949110284447669983e-03 1.559895942918956314e-02
1.053727646358311107e-02 1.366991526447236538e-02
9.115963801741599690e-03 1.285234456881880795e-02
8.771286811679601669e-03 1.222836119122803177e-02
9.114963980391622284e-03 1.396666467189788818e-02
8.682359382510185589e-03 1.308793462812900613e-02
8.416972006671130657e-03 1.218877513892948662e-02
8.382115233689545891e-03 1.390415844507515361e-02
8.155612903647125461e-03 1.190533447079360554e-02
8.444360224530100822e-03 1.237484733574092423e-02
8.508517825976013443e-03 1.520583536475896870e-02
1.019325635861605475e-02 1.359748719260096481e-02
8.876648359000682484e-03 1.401078128255903686e-02
8.658270118758082390e-03 1.360451816581189667e-02
8.536362671293318272e-03 1.310814162716269528e-02
8.763139089569448731e-03 1.374096893705427716e-02
9.398181736469269493e-03 1.430027307942509721e-02
1.047914824448525906e-02 1.678776578046381474e-02
9.261521184816956867e-03 1.313329460099339416e-02
9.297509700991213669e-03 1.605408596806228230e-02
9.224079828709364631e-03 1.239715656265616417e-02
8.293285220861434243e-03 1.254381923936307396e-02
8.470662077888846744e-03 1.690553938969969680e-02
1.087398105300962925e-02 1.462021237239241600e-02
9.845644794404506336e-03 1.505235414952039649e-02
9.948668349534273841e-03 1.706395894289016585e-02
1.373332710936665466e-02 1.701138708740472863e-02
1.276687318459153106e-02 1.646243492141365866e-02
1.198801468126475811e-02 1.668383050709962984e-02
1.079375669360160828e-02 1.568419914692640443e-02
9.216389572247862122e-03 1.363994143903255428e-02
8.748360676690936089e-03 1.368971988558769295e-02
1.114822200033813680e-02 1.892331093549728255e-02
1.166412369348108699e-02 1.620759507641196182e-02
1.009862250648438896e-02 1.590553824789821963e-02
9.123845864087343563e-03 1.440726350992918049e-02
8.901134948246181011e-03 1.311465003527700901e-02
8.712040539830923774e-03 1.365735158324241603e-02
8.684369688853620789e-03 1.233156635425984929e-02
8.566254493780433785e-03 1.262589236721396377e-02
8.970239758491515766e-03 1.367034623399376869e-02
9.530200716108083378e-03 1.441823365166783333e-02
8.897667471319436333e-03 1.346216397359967232e-02
9.480486111715435288e-03 1.572680715471506258e-02
8.877300447784364570e-03 1.235195947811007500e-02
8.775416482239960930e-03 1.361678969115018810e-02
8.380463300272821686e-03 1.226741373538970878e-02
1.058644489385187661e-02 1.545691685751080478e-02
1.075716805644333363e-02 1.538505675271153485e-02
1.013490094337612425e-02 1.542250122874975170e-02
8.731701085343957294e-03 1.308398088440299034e-02
8.764422964304685593e-03 1.297499570064246724e-02
8.340372471138834953e-03 1.400833125226199662e-02
8.697602851316332123e-03 1.249557682313024928e-02
8.495018724352121700e-03 1.430031089112162625e-02
9.771402878686785004e-03 1.362409610301256249e-02
9.460496064275503852e-03 1.456050872802734306e-02
8.455163007602095951e-03 1.226454484276473522e-02
9.214739641174673687e-03 1.435293392278253963e-02
8.975341450423002243e-03 1.269823098555207183e-02
9.393143211491405617e-03 1.380647942423820530e-02
1.022935705259442329e-02 1.406832956708967651e-02
8.883648016490042904e-03 1.385910608805716003e-02
9.006985952146351684e-03 1.699973531067371438e-02
1.016184003092348610e-02 1.333373626694083283e-02
9.183448879048228611e-03 1.473362245596945320e-02
8.727366197854280125e-03 1.323926714248955215e-02
8.444409607909620155e-03 1.254935166798532009e-02
8.439455693587661483e-03 1.254303697496652638e-02
8.267076755873858235e-03 1.262170993722975219e-02
8.312841784209013332e-03 1.183943138457834755e-02
8.329555997624993671e-03 1.191099332645535400e-02
8.255116525106132030e-03 1.276505463756620953e-02
8.333552046678960323e-03 1.208712588995695079e-02
8.945128042250871311e-03 1.347723496146500076e-02
8.799020596779883602e-03 1.254834318533539807e-02
8.752941363491117607e-03 1.320158867165446316e-02
8.874735794961452484e-03 1.285381759516894887e-02
9.099489217624068607e-03 1.345190308056771686e-02
9.714041929692029606e-03 1.386667676270008157e-02
9.492924809455871929e-03 1.591457091271877150e-02
8.750713197514414787e-03 1.273598326370120083e-02
9.460229799151420940e-03 1.759226173162460258e-02
9.397875308059156288e-03 1.341900648549199104e-02
8.752844575792551735e-03 1.435679630376398598e-02
9.277351293712854038e-03 1.405454138293862378e-02
9.102180646732450225e-03 1.233926587738096679e-02
8.774232957512140621e-03 1.332720830105245044e-02
8.839085139334202160e-03 1.222976460121572018e-02
9.363775025121867657e-03 1.530717830173671315e-02
1.281376024708151887e-02 1.749293729662895064e-02
1.190950130112469231e-02 1.759587354026734968e-02
1.041408958844840596e-02 1.534123467281460831e-02
9.004480205476284027e-03 1.502319886349141528e-02
8.795099868439137242e-03 1.320353662595152855e-02
8.488249126821756016e-03 1.318452116101980279e-02
8.409461006522178650e-03 1.235781065188348328e-02
8.475062716752291420e-03 1.344353309832513332e-02
8.521565655246376297e-03 1.272950703278183902e-02
8.663175394758582115e-03 1.250545983202755451e-02
8.127520256675780513e-03 1.345603191293776035e-02
8.441939088515936634e-03 1.328898766078054870e-02
8.387358416803181518e-03 1.175131783820688655e-02
8.396000484935939312e-03 1.379907084628939629e-02
8.422841457650065769e-03 1.539149535819888184e-02
9.967871382832527508e-03 1.338475355878472259e-02
8.816741872578859329e-03 1.398650598712265422e-02
8.514003455638885151e-03 1.307059265673160553e-02
8.322741696611046444e-03 1.219103028997778858e-02
8.016885025426745415e-03 1.303372443653643201e-02
8.169898902997374882e-03 1.160207330249249900e-02
8.917343383654952743e-03 1.290492033585905959e-02
9.083821158856152794e-03 1.432868940755724872e-02
8.836629940196872104e-03 1.314553567208349635e-02
8.623297931626439441e-03 1.455482579767703941e-02
9.081204095855355610e-03 1.294609038159251144e-02
9.092572797089814446e-03 1.369033297523856128e-02
9.160678763873875835e-03 1.319328504614531924e-02
8.625801745802163731e-03 1.269919611513614655e-02
8.767031598836183548e-03 1.267319209873676335e-02
8.867588080465792916e-03 1.547724027186632087e-02
8.782555302605032227e-03 1.287842672318220173e-02
8.565025869756937027e-03 1.247232435271143983e-02
7.998587703332305301e-03 1.290802159346640145e-02
7.924199826084077705e-03 1.255926592275500263e-02
8.063954720273613236e-03 1.166871106252074207e-02
8.871342218481004932e-03 1.383386962115764653e-02
1.070222449488937924e-02 1.419891263358294929e-02
8.727289736270904541e-03 1.286727571859955753e-02
9.337339573539793838e-03 1.291547059081494739e-02
9.051011083647609104e-03 1.301433420740067889e-02
8.822673000395298004e-03 1.298305527307093074e-02
8.077082526870071194e-03 1.282249521464109455e-02
8.715425012633204113e-03 1.350957192480564152e-02
8.307421999052166245e-03 1.236393703147769044e-02
8.388071088120341301e-03 1.227626097388565506e-02
8.027502766344696630e-03 1.282531800679862465e-02
8.249868964776396404e-03 1.158725665882229770e-02
8.229667786508798599e-03 1.209155269898474182e-02
7.914657611399889339e-03 1.136432690545916523e-02
8.352331584319472313e-03 1.161285946145653759e-02
1.107297614216804470e-02 1.517123170197010040e-02
1.026850580237805878e-02 1.576410697307437797e-02
9.221674595028161309e-03 1.548768822103738750e-02
9.433618048205971718e-03 1.353807044215500285e-02
8.938576141372323730e-03 1.404353785328566959e-02
9.929598728194832108e-03 1.369274612516164710e-02
8.807569928467273018e-03 1.238139010965824162e-02
9.277970483526586792e-03 1.364841684699058533e-02
8.499351330101490021e-03 1.240960452705621754e-02
8.277943753637374141e-03 1.414749640971422161e-02
8.420891920104622494e-03 1.156356609426438878e-02
8.250994351692497383e-03 1.159575036726892029e-02
7.955389376729727485e-03 1.252028900198638370e-02
7.996052037924528122e-03 1.322290999814867973e-02
1.032227636314928497e-02 1.471633911132812569e-02
9.275414678268135288e-03 1.360423988662660087e-02
8.566750865429639122e-03 1.359437587670981815e-02
8.789401967078447342e-03 1.244623172096908162e-02
8.340888330712914814e-03 1.368643380701541935e-02
8.757493831217289318e-03 1.171415713615715434e-02
8.348258538171648632e-03 1.202951720915734768e-02
8.072596741840243340e-03 1.371126114390790532e-02
7.994658453390002598e-03 1.111577977426350151e-02
7.880588248372077248e-03 1.173709519207477570e-02
8.052318473346531391e-03 1.126044834963977302e-02
8.195611974224447857e-03 1.301104305312037433e-02
8.506218483671546676e-03 1.307825674302875996e-02
8.353600837290286671e-03 1.183718713000416790e-02
8.599603921175003399e-03 1.311687612906098366e-02
9.006908698938786290e-03 1.262354110367596219e-02
8.714308589696883808e-03 1.323091709055006573e-02
8.177412068471312176e-03 1.165420203469693695e-02
7.951151533052324555e-03 1.216407245956361259e-02
8.674134826287626873e-03 1.251147422008216416e-02
8.230588654987514366e-03 1.257683197036385536e-02
8.111990848556160580e-03 1.299923169426620007e-02
9.488151781260967602e-03 1.396942157298326423e-02
9.923240216448903778e-03 1.363606969825923408e-02
9.124366054311393998e-03 1.315262108109891380e-02
8.598124654963613250e-03 1.256644553504884278e-02
8.336970070376991532e-03 1.366337887011468376e-02
8.588844258338213661e-03 1.157504664734005859e-02
8.272946602664888252e-03 1.220543310046195984e-02
7.824859116226434708e-03 1.208021477796137298e-02
7.831465010531247009e-03 1.207831827923655510e-02
7.751711132004857237e-03 1.141911442391574383e-02
7.794192386791109692e-03 1.157173733226954902e-02
8.405089168809354652e-03 1.210403149016201461e-02
7.948562316596508720e-03 1.237813844345509937e-02
7.989896368235350002e-03 1.133105005137622322e-02
8.196620270609855652e-03 1.203161473385989597e-02
8.314914815127850273e-03 1.218457152135670254e-02
7.830471731722354889e-03 1.188288046978414059e-02
8.024994353763758442e-03 1.280207564122974942e-02
8.220651443116367210e-03 1.228582733310759102e-02
7.778949104249477386e-03 1.133451065979898011e-02
7.535045454278588468e-03 1.138043361715972493e-02
7.999025029130279671e-03 1.120969853363931214e-02
7.869559060782193444e-03 1.428365590982139111e-02
9.803700633347034801e-03 1.241439981386065552e-02
9.765787608921527516e-03 1.505466392263770173e-02
1.053835456259548733e-02 1.947607211768627097e-02
1.129112457856535842e-02 1.428703162819147145e-02
1.016382179223001073e-02 1.380842137150466511e-02
8.668724237941205849e-03 1.331175589002668927e-02
8.500014734454452298e-03 1.303052399307489360e-02
8.217582292854786613e-03 1.273048082366585662e-02
9.900031937286257397e-03 1.353845344856381347e-02
9.737265389412641178e-03 1.618287265300750663e-02
9.301413502544163964e-03 1.884667435660958290e-02
1.257959855720400776e-02 1.529721971601247753e-02
1.114556193351745605e-02 1.429715086705982650e-02
9.017836162820458065e-03 1.241471497341990401e-02
8.532903832383453499e-03 1.290182499215006794e-02
7.966555585153401592e-03 1.189909349195659126e-02
7.954923994839191090e-03 1.203039041720330680e-02
7.835017773322761406e-03 1.293595507740974426e-02
8.078722865320742130e-03 1.149162207730114460e-02
8.193726628087460648e-03 1.233526342548429966e-02
7.742065098136663090e-03 1.493871752172708581e-02
8.388801617547870029e-03 1.364816250279545819e-02
9.208999387919903495e-03 1.306711658835411037e-02
9.164689690805971622e-03 1.267181620933115552e-02
8.248817734420299183e-03 1.212119981646537711e-02
7.999652763828635216e-03 1.459865937940776383e-02
8.237394457682966492e-03 1.217328887432813679e-02
8.006509975530207157e-03 1.184026207774877514e-02
7.696852087974548340e-03 1.247963886708021095e-02
8.273348095826804638e-03 1.139016617089510033e-02
8.106132200919092395e-03 1.138103269040584634e-02
8.238071179948746464e-03 1.411798894405364921e-02
8.014814648777245781e-03 1.178125115111470188e-02
7.699917466379701918e-03 1.131619908846914768e-02
7.809716276824474335e-03 1.194689092226326396e-02
8.215658809058367859e-03 1.226446588989347185e-02
8.108662953600288131e-03 1.116420519538223813e-02
7.996299490332602761e-03 1.238557095639407704e-02
9.229112789034843792e-03 1.320052831433713401e-02
8.997769840061665275e-03 1.256011174991726945e-02
7.996157556772232750e-03 1.252935980446636711e-02
8.214961178600788463e-03 1.136389300227165153e-02
9.040000289678573955e-03 1.384705835953354766e-02
9.645607648417353283e-03 1.266205990687012742e-02
8.084698999300598404e-03 1.272488799877464702e-02
7.705195760354399855e-03 1.122522954829037120e-02
7.962075667455792774e-03 1.184287541545927559e-02
7.428007875569164406e-03 1.153101711533963646e-02
7.883336022496223103e-03 1.231557233259081806e-02
8.552813669666647911e-03 1.202673818916082452e-02
8.995897276327014316e-03 1.232471079565584590e-02
8.317528432235122074e-03 1.438498301431536709e-02
8.385809301398695209e-03 1.136834938079118659e-02
7.605410343967377966e-03 1.162653877399861743e-02
7.922334526665509441e-03 1.218822579830885003e-02
7.688480359502136534e-03 1.154521466232836212e-02
7.680133823305368770e-03 1.095673181116580894e-02
7.925928453914821148e-03 1.112762046977877617e-02
8.411960629746317170e-03 1.176949399523436954e-02
8.066899818368255745e-03 1.219017105177044868e-02
9.026040509343146584e-03 1.669658618047833304e-02
9.289616625756025661e-03 1.300559286028146744e-02
9.357173484750092377e-03 1.359791946597397293e-02
8.739732904359698296e-03 1.439802814275026321e-02
9.084228379651903412e-03 1.298833172768354416e-02
8.386291423812508236e-03 1.338482885621488164e-02
8.421244262717664936e-03 1.268673520535230567e-02
7.724673929624259125e-03 1.139109237119555543e-02
8.033834677189589241e-03 1.182473651133477723e-02
8.365119341760873795e-03 1.213745763525366818e-02
8.279900718480347893e-03 1.191224721260368893e-02
8.320341864600778320e-03 1.279611932113766670e-02
8.987637842074036945e-03 1.326468796469271183e-02
7.958800112828613021e-03 1.364012649282813142e-02
8.669904549606144428e-03 1.178801646456122468e-02
7.960931421257555832e-03 1.133835315704345703e-02
8.000293490476905953e-03 1.232468867674469878e-02
7.612082455307245081e-03 1.241731648333370755e-02
8.156606648117303154e-03 1.257305396720767056e-02
8.328424347564578750e-03 1.204184317030012642e-02
8.028059941716491829e-03 1.134733175858855178e-02
7.778891548514366323e-03 1.166894873604178498e-02
7.863226858898998001e-03 1.185599290765821864e-02
7.787631545215845282e-03 1.252427324652671814e-02
8.741363720037042401e-03 1.471032816916704143e-02
9.712178772315383651e-03 1.548517686314880917e-02
9.355871472507715225e-03 1.312903449870645931e-02
7.950060092844069351e-03 1.207061111927032471e-02
8.086031116545201042e-03 1.222743284888565610e-02
7.653498509898781950e-03 1.646808274090290000e-02
1.020118286833167007e-02 1.375461975112557411e-02
8.865734213031828403e-03 1.599762446712702652e-02
8.815774880349635384e-03 1.414779755286872318e-02
7.934112101793289185e-03 1.260854364372789894e-02
7.777312281541525971e-03 1.226108348928391968e-02
7.729893270879984075e-03 1.123226815834641422e-02
7.502454170025885279e-03 1.131331394426524604e-02
7.725524879060685461e-03 1.147663234733045136e-02
7.508108974434435368e-03 1.113955518230795930e-02
7.771454192698002209e-03 1.085830004885792767e-02
7.784785842522979130e-03 1.237673258874565432e-02
7.479470432735979210e-03 1.163474456407129730e-02
7.572959223762154406e-03 1.054343567229807342e-02
7.692463463172316551e-03 1.110855601727962425e-02
7.558113220147788872e-03 1.157243184279650380e-02
7.730571390129625971e-03 1.065894030034542084e-02
7.939523248933256366e-03 1.164447283372282982e-02
8.474501734599470398e-03 1.194841433316469123e-02
8.505939831957220684e-03 1.455953554250299931e-02
7.831707037985325207e-03 1.211936562322080135e-02
7.669061608612537558e-03 1.149325431324541534e-02
7.605345826596021999e-03 1.112713871989399160e-02
7.422000588849187071e-03 1.457423721440136502e-02
9.102892922237515103e-03 1.309923427179455688e-02
8.037876384332776764e-03 1.207814756780862739e-02
7.410602457821368998e-03 1.228974396362900699e-02
7.215497759170829903e-03 1.097649764269590343e-02
7.885540579445659767e-03 1.088750693015754292e-02
9.076375258155166756e-03 1.683929669670760493e-02
9.418637910857795975e-03 1.176914046518504585e-02
8.027648460119963039e-03 1.265741693787276675e-02
8.188452874310313961e-03 1.319115790538489749e-02
7.832203945145010254e-03 1.257211449556052719e-02
8.242300781421362660e-03 1.141629526391625335e-02
8.090180438011884342e-03 1.274974476546049049e-02
8.601058833301067005e-03 1.218663607724010910e-02
8.817309350706636212e-03 1.513701747171580791e-02
8.611801546066999435e-03 1.142813395708799397e-02
7.739088637754321445e-03 1.247773370705545018e-02
8.189689624123275627e-03 1.326492400839924743e-02
8.296326035633683205e-03 1.093984278850257397e-02
7.905807811766862869e-03 1.108440649695694412e-02
7.583285449072718620e-03 1.071716274600476027e-02
8.016089349985123028e-03 1.083421315997839043e-02
8.105513965710997235e-03 1.171190729364752700e-02
7.535043032839893948e-03 1.364697115495800903e-02
7.347125583328307022e-03 1.163097098469734192e-02
7.856898102909326206e-03 1.046205507591366733e-02
7.860638271085917256e-03 1.234409799799323151e-02
7.413502968847751791e-03 1.194464508444070816e-02
8.089697314426302563e-03 1.100096274167299340e-02
8.208707743324338696e-03 1.232176581397652695e-02
8.228612621314823974e-03 1.145825744606554508e-02
7.390065095387398850e-03 1.223307275213301147e-02
7.738645025528967554e-03 1.119669382460415294e-02
2.433246611617505620e-02 3.932770714163780212e-02
2.485032044351100783e-02 2.857699794694781165e-02
1.829243768006563048e-02 2.355751367285847594e-02
1.592234540730714729e-02 2.018471993505954742e-02
1.445027766749262810e-02 1.932992981746792932e-02
1.336418902501463821e-02 1.818420412018895149e-02
1.171989715658128262e-02 1.724237757734954288e-02
1.121693840250372921e-02 1.674765739589929511e-02
1.058288146741688182e-02 1.563422516919672420e-02
1.050948025658726692e-02 1.535779540427029133e-02
1.042368588969111443e-02 1.525752707384526660e-02
9.867164189927279949e-03 1.415736055932939087e-02
9.475821023806929241e-03 1.416683546267449856e-02
9.247584221884607575e-03 1.367681627161800896e-02
1.079678749665618012e-02 1.546971583738923108e-02
1.097266818396747112e-02 1.452423497103154729e-02
9.500942518934607159e-03 1.450635148212313721e-02
9.481601882725954056e-03 1.424548090435564553e-02
8.895069826394319534e-03 1.294502271339297364e-02
9.613642445765435349e-03 1.381915085949003696e-02
8.892852766439317963e-03 1.308376123197376763e-02
8.748815162107348442e-03 1.260579423978924751e-02
8.325946889817715038e-03 1.199294673278927803e-02
8.079378562979400852e-03 1.282031456939876010e-02
8.141349093057215561e-03 1.217346522025763988e-02
8.130648080259561886e-03 1.212548902258276870e-02
8.122394513338803551e-03 1.259981906041502883e-02
8.085388550534844052e-03 1.159798600710928475e-02
7.886516954749822270e-03 1.193531989119946991e-02
8.309272862970829704e-03 1.261159772984683444e-02
8.128297328948975303e-03 1.300234366208314826e-02
8.005804219283162854e-03 1.124681383371353184e-02
8.187979646027087471e-03 1.178832668811082875e-02
8.437581243924796581e-03 1.259399927221238613e-02
9.827430965378880848e-03 1.252630352973937988e-02
8.330847718752920628e-03 1.456570434384047916e-02
8.768828259781003345e-03 1.210043672472238541e-02
9.164487663656472466e-03 1.401374270208179985e-02
8.552891598083079555e-03 1.237827902659773861e-02
8.486424759030341408e-03 1.246664747595787118e-02
7.862801686860621322e-03 1.221539555117487873e-02
7.883900240994990566e-03 1.198508855886757339e-02
7.955519738607108940e-03 1.123705580830574105e-02
7.693442166782915592e-03 1.189331510104238952e-02
7.754390360787510872e-03 1.203630398958921432e-02
8.305989205837249756e-03 1.115474514663219487e-02
8.556563314050436367e-03 1.319208052009344066e-02
1.104646213352680241e-02 1.516078310087323223e-02
1.065845554694533348e-02 1.482872702181339299e-02
9.264748543500900269e-03 1.312885079532861640e-02
8.740874170325697162e-03 1.278582848608493874e-02
8.043087017722428539e-03 1.168271922506392002e-02
7.525822008028626095e-03 1.142579470761120354e-02
7.661757688038050955e-03 1.089191315695643356e-02
7.857601623982191086e-03 1.224463758990168571e-02
8.396266517229378570e-03 1.138420077040791512e-02
8.125310507602989327e-03 1.165273059159517219e-02
8.597084367647767761e-03 1.268742666579782997e-02
8.429821021854877819e-03 1.066442322917282581e-02
7.952816435135900974e-03 1.082791886292397941e-02
8.010607957839966514e-03 1.386417006142437458e-02
7.878273329697548649e-03 1.272198855876922538e-02
7.744246348738670523e-03 1.126114525832235848e-02
7.614747155457735062e-03 1.118671149015426636e-02
8.370505576021970012e-03 1.298109786584973266e-02
9.218259993940592506e-03 1.221511880867183139e-02
7.726145675405859947e-03 1.187347359955310752e-02
8.100480376742779515e-03 1.097134267911314964e-02
7.755331555381416928e-03 1.082280767150223255e-02
7.734090508893132383e-03 1.231744443066418171e-02
8.184722112491726181e-03 1.082479087635874679e-02
8.171490486711263310e-03 1.162409475073218276e-02
7.677931850776076143e-03 1.091620316728949582e-02
7.253787294030189341e-03 1.080574081279337371e-02
7.402216596528887575e-03 1.145666097290813992e-02
7.293336209841072559e-03 1.045275209471583332e-02
8.541145524941385486e-03 1.053254911676049232e-02
8.915687305852770458e-03 1.218776833266019786e-02
8.735703071579337120e-03 1.275142743252217700e-02
8.247465407475829818e-03 1.175645692273974419e-02
7.675930974073708057e-03 1.083950018510222366e-02
7.669828971847892155e-03 1.194816036149859428e-02
7.801708020269870932e-03 1.066578177269548143e-02
7.502883544657379215e-03 1.096912892535328865e-02
7.241548551246523684e-03 1.178905870765447651e-02
7.771700061857700695e-03 1.139182932674884761e-02
9.152720472775400032e-03 1.462972760200500523e-02
8.821783727034926761e-03 1.539151137694716454e-02
8.794110408052802433e-03 1.197048765607178211e-02
7.636908884160220276e-03 1.142831016331911052e-02
7.559953816235065113e-03 1.328673255629837444e-02
8.263114141300320625e-03 1.105812620371580089e-02
7.755857286974787365e-03 1.091348463669419323e-02
7.696394273079931563e-03 1.107218442484736443e-02
7.700535259209573616e-03 1.043668938800692593e-02
8.221245557069777748e-03 1.315028150565922260e-02
1.092459266074001858e-02 1.269341763108968769e-02
8.961183065548539856e-03 1.260734051465988229e-02
8.318184874951839447e-03 1.415353636257350375e-02
7.938891602680086396e-03 1.138699799776077271e-02
8.041185839101672866e-03 1.682856450788676808e-02
8.466630079783498547e-03 1.145350863225758076e-02
7.732556015253066843e-03 1.165492967702448299e-02
7.428806601092219006e-03 1.236403486691415275e-02
7.593745831400156021e-03 1.187027646228671143e-02
7.614401867613196373e-03 1.063064360059797799e-02
8.120496757328510284e-03 1.216715080663561752e-02
8.581878710538148533e-03 1.242719450965523720e-02
7.643524697050452579e-03 1.110021010972559417e-02
7.891669776290655483e-03 1.111276997253298794e-02
7.335262582637369286e-03 1.041787825524806942e-02
7.586448150686919516e-03 1.155990990810096264e-02
7.294979807920753782e-03 1.074335561133921146e-02
8.017125446349382747e-03 1.414768863469362259e-02
8.621524646878242146e-03 1.156461965292692254e-02
7.659935019910335194e-03 1.099204379133880173e-02
9.089045948348939766e-03 1.633637174963951250e-02
1.075820205733180046e-02 1.387864975258707931e-02
8.975006313994527210e-03 1.222357517108321225e-02
8.731576404534280647e-03 1.535994880832731654e-02
8.409784780815244068e-03 1.412249822169542313e-02
1.067435662262141739e-02 1.363783152773976291e-02
9.660293580964207649e-03 1.274860193952918018e-02
7.990180421620607723e-03 1.170759480446577003e-02
8.798088878393173218e-03 1.238149227574467624e-02
8.803418837487697601e-03 1.207222053781151737e-02
7.928684912621974598e-03 1.218012813478708267e-02
8.444533636793493531e-03 1.124356128275394440e-02
8.082789531908930042e-03 1.327762617729604314e-02
7.836672849953174938e-03 1.100123436190187862e-02
7.498290296643972744e-03 1.117489803582429921e-02
7.252375059761106794e-03 1.095161775592714583e-02
7.378045516088604754e-03 1.105553209781646659e-02
7.422727346420287912e-03 1.030242866836488316e-02
7.156901317648589958e-03 1.086217751726508210e-02
7.565094390884041786e-03 1.129967132583260467e-02
7.044272916391492063e-03 1.257836318109184504e-02
7.630985649302601988e-03 1.166616014670580556e-02
7.154774968512356281e-03 1.440433636307716404e-02
9.239348303526639244e-03 1.621214053593576093e-02
1.012950427830219303e-02 1.328637767583131825e-02
8.945920760743320335e-03 1.773143047466874123e-02
1.014156488236039877e-02 2.228044662624597411e-02
1.121982512995600700e-02 1.944552618078887463e-02
9.628853830508887074e-03 1.564621338620781829e-02
9.099201648496091366e-03 1.333796982653439114e-02
8.367450907826423645e-03 1.213990999385714496e-02
8.512303745374084213e-03 1.352144107222557137e-02
8.388605713844300010e-03 1.278420966118574108e-02
7.433294830843806093e-03 1.191500159911811421e-02
8.443441148847341884e-03 1.396176642738282750e-02
8.034005993977189064e-03 1.142135602422058617e-02
7.580525893718004400e-03 1.345109976828098332e-02
7.590135373175144022e-03 1.177504796069115366e-02
7.725696451961994518e-03 1.072687692940235173e-02
7.419174315873533661e-03 1.171529567800462177e-02
7.244684931356460203e-03 1.136871594935655663e-02
7.432011002674698656e-03 1.162054226733744144e-02
8.124430011957884529e-03 1.158628510311245953e-02
7.532551675103605140e-03 1.202703737653791974e-02
7.305632787756621491e-03 1.197168142534792493e-02
7.650914671830833132e-03 1.132509282324463060e-02
7.304253824986517603e-03 1.109764543361961911e-02
7.303024455904960459e-03 1.051166034303605522e-02
7.186609157361090357e-03 1.096876547671854496e-02
2.486513075418770452e-02 3.905732873827218871e-02
2.676641801372170448e-02 3.194385729730129381e-02
2.257717503234744211e-02 2.697376925498247077e-02
1.842319080606102943e-02 2.254573116078972816e-02
1.673608543351292471e-02 2.155426610261201859e-02
1.617390746250748496e-02 2.092961287125945022e-02
1.551828016526997020e-02 2.080017188563942909e-02
1.499735377728939056e-02 2.038383111357688904e-02
1.437005829066038097e-02 1.973039871081709931e-02
