1.942618787288665771e-01 8.429319411516189575e-02
9.294331073760986328e-02 7.207719981670379639e-02
7.397790253162384033e-02 5.883463472127914429e-02
5.663129687309265137e-02 4.962060600519180298e-02
4.744661226868629456e-02 4.629798978567123413e-02
4.537921026349067688e-02 4.671709984540939331e-02
4.729649052023887634e-02 4.813162982463836670e-02
5.002724006772041321e-02 4.701094701886177063e-02
4.998490214347839355e-02 4.339962080121040344e-02
4.724342003464698792e-02 3.875171765685081482e-02
4.330128058791160583e-02 3.444140031933784485e-02
3.953851386904716492e-02 3.132725879549980164e-02
3.675990924239158630e-02 2.978425659239292145e-02
3.526268154382705688e-02 2.978562191128730774e-02
3.503616899251937866e-02 3.085885569453239441e-02
3.574300557374954224e-02 3.217035159468650818e-02
3.671142831444740295e-02 3.293684497475624084e-02
3.724296763539314270e-02 3.285095840692520142e-02
3.701015561819076538e-02 3.213479742407798767e-02
3.615806251764297485e-02 3.116370365023612976e-02
3.499469533562660217e-02 3.016630932688713074e-02
3.377801552414894104e-02 2.932841144502162933e-02
3.273187577724456787e-02 2.877105213701725006e-02
3.196892142295837402e-02 2.847230061888694763e-02
3.145643696188926697e-02 2.830198034644126892e-02
3.106448054313659668e-02 2.814323827624320984e-02
3.065686859190464020e-02 2.794691920280456543e-02
3.013998642563819885e-02 2.771652862429618835e-02
2.948027290403842926e-02 2.750645950436592102e-02
2.873369492590427399e-02 2.741597220301628113e-02
2.805035933852195740e-02 2.752420864999294281e-02
2.760223671793937683e-02 2.779178693890571594e-02
2.745694853365421295e-02 2.801519073545932770e-02
2.748515643179416656e-02 2.793929353356361389e-02
2.744120731949806213e-02 2.750562131404876709e-02
2.720349654555320740e-02 2.689645253121852875e-02
2.683149278163909912e-02 2.635141648352146149e-02
2.643526531755924225e-02 2.601954340934753418e-02
2.608427405357360840e-02 2.592087164521217346e-02
2.579038776457309723e-02 2.597611770033836365e-02
2.552375569939613342e-02 2.607754431664943695e-02
2.525285445153713226e-02 2.616366185247898102e-02
2.498670108616352081e-02 2.623507753014564514e-02
2.477038279175758362e-02 2.630270086228847504e-02
2.463168464601039886e-02 2.634162269532680511e-02
2.454475499689579010e-02 2.630677446722984314e-02
2.445648238062858582e-02 2.617188729345798492e-02
2.433857880532741547e-02 2.593478187918663025e-02
2.420408837497234344e-02 2.560478448867797852e-02
2.408226579427719116e-02 2.521223202347755432e-02
2.398986183106899261e-02 2.481218799948692322e-02
2.391803264617919922e-02 2.445932477712631226e-02
2.383978292346000671e-02 2.419208176434040070e-02
2.373946644365787506e-02 2.402916923165321350e-02
2.363018505275249481e-02 2.395874448120594025e-02
2.353446371853351593e-02 2.393984422087669373e-02
2.345938608050346375e-02 2.392835728824138641e-02
2.339573204517364502e-02 2.389921247959136963e-02
2.332905866205692291e-02 2.384736575186252594e-02
2.324772439897060394e-02 2.378038130700588226e-02
2.315053716301918030e-02 2.370990440249443054e-02
2.304965257644653320e-02 2.363982796669006348e-02
2.295839786529541016e-02 2.356557548046112061e-02
2.287639118731021881e-02 2.349210903048515320e-02
2.279331907629966736e-02 2.344494126737117767e-02
2.270459569990634918e-02 2.345241047441959381e-02
2.261634916067123413e-02 2.351482398808002472e-02
2.253641374409198761e-02 2.359375916421413422e-02
2.246518060564994812e-02 2.363720349967479706e-02
2.239707484841346741e-02 2.362033724784851074e-02
2.232797630131244659e-02 2.356069907546043396e-02
2.225731685757637024e-02 2.349606342613697052e-02
2.218529023230075836e-02 2.345352619886398315e-02
2.211220003664493561e-02 2.343497984111309052e-02
2.203968912363052368e-02 2.342110313475131989e-02
2.197005786001682281e-02 2.338794060051441193e-02
2.190464362502098083e-02 2.332489192485809326e-02
2.184353210031986237e-02 2.323949523270130157e-02
2.178536541759967804e-02 2.314631454646587372e-02
2.172788791358470917e-02 2.305293083190917969e-02
2.167036756873130798e-02 2.295560948550701141e-02
2.161378972232341766e-02 2.284829132258892059e-02
2.155791223049163818e-02 2.273805625736713409e-02
2.150155231356620789e-02 2.264892868697643280e-02
2.144564688205718994e-02 2.260419726371765137e-02
2.139305323362350464e-02 2.260375954210758209e-02
2.134596370160579681e-02 2.262010052800178528e-02
2.130350656807422638e-02 2.262023650109767914e-02
2.126185037195682526e-02 2.259509265422821045e-02
2.121831476688385010e-02 2.256365120410919189e-02
2.117330208420753479e-02 2.254838123917579651e-02
2.112796530127525330e-02 2.255357615649700165e-02
2.108301594853401184e-02 2.256790734827518463e-02
2.103871479630470276e-02 2.258272469043731689e-02
2.099505998194217682e-02 2.260101400315761566e-02
2.095142193138599396e-02 2.262685075402259827e-02
2.090604044497013092e-02 2.265397086739540100e-02
2.085784450173377991e-02 2.267073653638362885e-02
2.080731093883514404e-02 2.267682366073131561e-02
2.075536362826824188e-02 2.268860302865505219e-02
2.070225030183792114e-02 2.272119745612144470e-02
2.064715325832366943e-02 2.276929840445518494e-02
2.058954723179340363e-02 2.281312830746173859e-02
2.052976563572883606e-02 2.284401282668113708e-02
2.046877704560756683e-02 2.287296764552593231e-02
2.040778286755084991e-02 2.290914580225944519e-02
2.034785971045494080e-02 2.294658683240413666e-02
2.028957940638065338e-02 2.298388630151748657e-02
2.023120038211345673e-02 2.303459867835044861e-02
2.016903460025787354e-02 2.310072816908359528e-02
2.010092511773109436e-02 2.316623553633689880e-02
2.002747543156147003e-02 2.322193793952465057e-02
1.995063759386539459e-02 2.326451614499092102e-02
1.987186819314956665e-02 2.328111603856086731e-02
1.979043520987033844e-02 2.327349968254566193e-02
1.970298029482364655e-02 2.326580509543418884e-02
1.960552297532558441e-02 2.326359413564205170e-02
1.949588581919670105e-02 2.326101809740066528e-02
1.937380246818065643e-02 2.326389960944652557e-02
1.923868060111999512e-02 2.324384450912475586e-02
1.908895000815391541e-02 2.319684065878391266e-02
1.892388984560966492e-02 2.313270606100559235e-02
1.874495111405849457e-02 2.305702678859233856e-02
1.855665631592273712e-02 2.303641103208065033e-02
1.836799085140228271e-02 2.285809442400932312e-02
1.821128092706203461e-02 2.377216517925262451e-02
1.877141930162906647e-02 2.178045548498630524e-02
2.337729558348655701e-02 2.604989707469940186e-02
1.898064464330673218e-02 2.688685432076454163e-02
1.994954608380794525e-02 2.206589840352535248e-02
2.085053920745849609e-02 2.227907814085483551e-02
1.973118819296360016e-02 2.735383436083793640e-02
2.007296681404113770e-02 2.590074017643928528e-02
1.858536340296268463e-02 2.243210561573505402e-02
1.954920776188373566e-02 2.249068021774291992e-02
1.872962713241577148e-02 2.569994702935218811e-02
1.896212063729763031e-02 2.360319159924983978e-02
1.757114380598068237e-02 2.211602218449115753e-02
1.843278482556343079e-02 2.244251221418380737e-02
1.753756217658519745e-02 2.483400143682956696e-02
1.807447336614131927e-02 2.367264777421951294e-02
1.710808463394641876e-02 2.297646738588809967e-02
1.751674711704254150e-02 2.361494675278663635e-02
1.688950508832931519e-02 2.509819529950618744e-02
1.730888709425926208e-02 2.395059168338775635e-02
1.656302064657211304e-02 2.391103096306324005e-02
1.664783805608749390e-02 2.500912919640541077e-02
1.627149432897567749e-02 2.526431158185005188e-02
1.621727645397186279e-02 2.459353767335414886e-02
1.615450903773307800e-02 2.502731978893280029e-02
1.588685438036918640e-02 2.637222036719322205e-02
1.599914580583572388e-02 2.567951753735542297e-02
1.568537577986717224e-02 2.597947046160697937e-02
1.552394218742847443e-02 2.717185392975807190e-02
1.582702808082103729e-02 2.591922320425510406e-02
1.552224718034267426e-02 2.612776681780815125e-02
1.520199794322252274e-02 2.719525992870330811e-02
1.557534653693437576e-02 2.585392817854881287e-02
1.538391131907701492e-02 2.602994069457054138e-02
1.508325617760419846e-02 2.704301103949546814e-02
1.549175661057233810e-02 2.523833140730857849e-02
1.512195728719234467e-02 2.516812086105346680e-02
1.496240682899951935e-02 2.645278535783290863e-02
1.528539787977933884e-02 2.549966610968112946e-02
1.483431924134492874e-02 2.574684098362922668e-02
1.484860479831695557e-02 2.712596580386161804e-02
1.487067621201276779e-02 2.649610117077827454e-02
1.449282281100749969e-02 2.613753452897071838e-02
1.469023339450359344e-02 2.692723274230957031e-02
1.447560079395771027e-02 2.707713283598423004e-02
1.439103297889232635e-02 2.655895054340362549e-02
1.445979066193103790e-02 2.678120136260986328e-02
1.428488176316022873e-02 2.683552168309688568e-02
1.435053907334804535e-02 2.606691978871822357e-02
1.437004841864109039e-02 2.651816233992576599e-02
1.415600813925266266e-02 2.698705717921257019e-02
1.422999333590269089e-02 2.634541690349578857e-02
1.434654928743839264e-02 2.687906287610530853e-02
1.408204715698957443e-02 2.685601636767387390e-02
1.412581186741590500e-02 2.610661461949348450e-02
1.435304619371891022e-02 2.701466344296932220e-02
1.410621590912342072e-02 2.690499462187290192e-02
1.395140867680311203e-02 2.671350166201591492e-02
1.402728818356990814e-02 2.733106538653373718e-02
1.408860646188259125e-02 2.671445906162261963e-02
1.413972117006778717e-02 2.742694318294525146e-02
1.390464417636394501e-02 2.731309272348880768e-02
1.384813338518142700e-02 2.677214145660400391e-02
1.398037094622850418e-02 2.750507369637489319e-02
1.399513520300388336e-02 2.709151245653629303e-02
1.403207890689373016e-02 2.793321572244167328e-02
1.380793284624814987e-02 2.780355885624885559e-02
1.377136446535587311e-02 2.710116468369960785e-02
1.396787352859973907e-02 2.797726914286613464e-02
1.393025927245616913e-02 2.776029147207736969e-02
1.389897428452968597e-02 2.867045067250728607e-02
1.372798345983028412e-02 2.858840301632881165e-02
1.371733564883470535e-02 2.760270796716213226e-02
1.385353226214647293e-02 2.819833531975746155e-02
1.373476814478635788e-02 2.830806002020835876e-02
1.356725860387086868e-02 2.880735322833061218e-02
1.359191071242094040e-02 2.909469045698642731e-02
1.358328200876712799e-02 2.838786877691745758e-02
1.354334689676761627e-02 2.857151627540588379e-02
1.352502219378948212e-02 2.882316708564758301e-02
1.344409864395856857e-02 2.918950840830802917e-02
1.345523912459611893e-02 2.943811379373073578e-02
1.344183366745710373e-02 2.902458608150482178e-02
1.338920556008815765e-02 2.898989990353584290e-02
1.339877117425203323e-02 2.916634082794189453e-02
1.335223484784364700e-02 2.967508509755134583e-02
1.333961449563503265e-02 2.972386404871940613e-02
1.332770474255084991e-02 2.961244620382785797e-02
1.328734122216701508e-02 2.943018637597560883e-02
1.328615378588438034e-02 2.961717173457145691e-02
1.325261034071445465e-02 2.993229404091835022e-02
1.323805283755064011e-02 3.001717850565910339e-02
1.322291325777769089e-02 2.987862192094326019e-02
1.319462247192859650e-02 2.976879104971885681e-02
1.318975072354078293e-02 3.006542287766933441e-02
1.316921599209308624e-02 3.008247911930084229e-02
1.321085728704929352e-02 3.069498576223850250e-02
1.338897831737995148e-02 2.950980141758918762e-02
1.448186673223972321e-02 3.223554417490959167e-02
1.528129447251558304e-02 2.887743338942527771e-02
1.785816997289657593e-02 3.019374050199985504e-02
1.537365652620792389e-02 3.744712844491004944e-02
1.756673865020275116e-02 2.906054630875587463e-02
1.374498009681701660e-02 2.697018906474113464e-02
1.618932932615280151e-02 2.742389217019081116e-02
1.443225704133510590e-02 2.930094860494136810e-02
1.410022657364606857e-02 2.910923026502132416e-02
1.421667914837598801e-02 2.987048402428627014e-02
1.452548988163471222e-02 3.173093497753143311e-02
1.404798589646816254e-02 3.171682357788085938e-02
1.416242588311433792e-02 2.991404570639133453e-02
1.393688283860683441e-02 2.930180355906486511e-02
1.387499459087848663e-02 3.041584417223930359e-02
1.351872645318508148e-02 3.160943463444709778e-02
1.385062374174594879e-02 3.043592348694801331e-02
1.355226617306470871e-02 2.982030808925628662e-02
1.367622893303632736e-02 3.058363124728202820e-02
1.349940616637468338e-02 3.173954784870147705e-02
1.353080011904239655e-02 3.168865665793418884e-02
1.330303866416215897e-02 3.140204399824142456e-02
1.345304213464260101e-02 3.158847242593765259e-02
1.319323200732469559e-02 3.150211647152900696e-02
1.332920789718627930e-02 3.062209486961364746e-02
1.329391449689865112e-02 3.011786378920078278e-02
1.325452513992786407e-02 3.052874840795993805e-02
1.304849050939083099e-02 3.108701668679714203e-02
1.317719835788011551e-02 3.036196529865264893e-02
1.307222712785005569e-02 2.983332611620426178e-02
1.306792907416820526e-02 3.015365824103355408e-02
1.304170303046703339e-02 3.050765767693519592e-02
1.305151171982288361e-02 3.041893802583217621e-02
1.296839583665132523e-02 3.071529790759086609e-02
1.295618526637554169e-02 3.127307444810867310e-02
1.294169854372739792e-02 3.105420432984828949e-02
1.292309723794460297e-02 3.068907931447029114e-02
1.293841190636157990e-02 3.098683431744575500e-02
1.286113820970058441e-02 3.141202032566070557e-02
1.288217585533857346e-02 3.106064535677433014e-02
1.285083778202533722e-02 3.078236058354377747e-02
1.282136607915163040e-02 3.092799521982669830e-02
1.283334754407405853e-02 3.100440464913845062e-02
1.280419994145631790e-02 3.137069195508956909e-02
1.278643030673265457e-02 3.200985118746757507e-02
1.277445070445537567e-02 3.203574195504188538e-02
1.275898516178131104e-02 3.162407502532005310e-02
1.274609100073575974e-02 3.162102028727531433e-02
1.273253373801708221e-02 3.184134140610694885e-02
1.271622348576784134e-02 3.212390467524528503e-02
1.270711608231067657e-02 3.254507109522819519e-02
1.269279886037111282e-02 3.264128044247627258e-02
1.267874427139759064e-02 3.238856419920921326e-02
1.267137937247753143e-02 3.238245472311973572e-02
1.265764422714710236e-02 3.253839164972305298e-02
1.264284551143646240e-02 3.253957256674766541e-02
1.263614557683467865e-02 3.253834694623947144e-02
1.262254267930984497e-02 3.253315389156341553e-02
1.261407695710659027e-02 3.258111700415611267e-02
1.260544918477535248e-02 3.290877863764762878e-02
1.259109657257795334e-02 3.327941149473190308e-02
1.258323621004819870e-02 3.336371108889579773e-02
1.257303170859813690e-02 3.341959044337272644e-02
1.256301067769527435e-02 3.352342173457145691e-02
1.255586463958024979e-02 3.369523584842681885e-02
1.254535932093858719e-02 3.395664319396018982e-02
1.253607310354709625e-02 3.398185223340988159e-02
1.252600736916065216e-02 3.385945037007331848e-02
1.251780055463314056e-02 3.388220816850662231e-02
1.251033134758472443e-02 3.400047868490219116e-02
1.249932590872049332e-02 3.422535583376884460e-02
1.249152794480323792e-02 3.433931246399879456e-02
1.248341239988803864e-02 3.431375697255134583e-02
1.247474644333124161e-02 3.443463891744613647e-02
1.246646698564291000e-02 3.461109846830368042e-02
1.245738100260496140e-02 3.484728932380676270e-02
1.244957745075225830e-02 3.491519391536712646e-02
1.244055479764938354e-02 3.491665050387382507e-02
1.243296824395656586e-02 3.500489518046379089e-02
1.242495328187942505e-02 3.514309972524642944e-02
1.241628080606460571e-02 3.531461209058761597e-02
1.240920089185237885e-02 3.529708832502365112e-02
1.240122411400079727e-02 3.536823391914367676e-02
1.239387318491935730e-02 3.538650646805763245e-02
1.238682027906179428e-02 3.563813492655754089e-02
1.238087750971317291e-02 3.560426831245422363e-02
1.237799786031246185e-02 3.586578369140625000e-02
1.238132640719413757e-02 3.563249111175537109e-02
1.240044459700584412e-02 3.627902269363403320e-02
1.245075836777687073e-02 3.568445518612861633e-02
1.260264776647090912e-02 3.698175027966499329e-02
1.282336376607418060e-02 3.513636067509651184e-02
1.290844101458787918e-02 3.668441623449325562e-02
1.263695023953914642e-02 3.572873398661613464e-02
1.234053727239370346e-02 3.509822860360145569e-02
1.258510630577802658e-02 3.642967715859413147e-02
1.319553516805171967e-02 3.476085513830184937e-02
1.424651592969894409e-02 3.850740194320678711e-02
1.299937628209590912e-02 3.826009854674339294e-02
1.334949024021625519e-02 3.314816951751708984e-02
1.341037638485431671e-02 3.380081057548522949e-02
1.262024603784084320e-02 3.698809072375297546e-02
1.379137299954891205e-02 3.503640368580818176e-02
1.368588395416736603e-02 3.656182065606117249e-02
1.305648125708103180e-02 4.099131748080253601e-02
1.372197084128856659e-02 3.784620016813278198e-02
1.269345171749591827e-02 3.538618236780166626e-02
1.340748090296983719e-02 3.641301766037940979e-02
1.254911907017230988e-02 3.825636208057403564e-02
1.325828395783901215e-02 3.551871702075004578e-02
1.259643025696277618e-02 3.486668318510055542e-02
1.304377894848585129e-02 3.706301748752593994e-02
1.248704642057418823e-02 3.905181586742401123e-02
1.289531029760837555e-02 3.688768297433853149e-02
1.251232437789440155e-02 3.584803640842437744e-02
1.272989995777606964e-02 3.713949769735336304e-02
1.246249023824930191e-02 3.819502517580986023e-02
1.265962235629558563e-02 3.712052106857299805e-02
1.243044249713420868e-02 3.701788932085037231e-02
1.249681599438190460e-02 3.793477267026901245e-02
1.247537881135940552e-02 3.729702159762382507e-02
1.237805746495723724e-02 3.605395928025245667e-02
1.240144949406385422e-02 3.617236018180847168e-02
1.237904280424118042e-02 3.682428970932960510e-02
1.238297112286090851e-02 3.593076020479202271e-02
1.228376850485801697e-02 3.500166535377502441e-02
1.235601212829351425e-02 3.584145754575729370e-02
1.226873882114887238e-02 3.743727132678031921e-02
1.230689976364374161e-02 3.722983598709106445e-02
1.222182624042034149e-02 3.658188134431838989e-02
1.228123251348733902e-02 3.713733702898025513e-02
1.220268942415714264e-02 3.808712586760520935e-02
1.224714796990156174e-02 3.792600333690643311e-02
1.218972541391849518e-02 3.770564496517181396e-02
1.220267917960882187e-02 3.803320974111557007e-02
1.218478567898273468e-02 3.796220198273658752e-02
1.216410659253597260e-02 3.755314275622367859e-02
1.217204984277486801e-02 3.773337975144386292e-02
1.213397365063428879e-02 3.808590024709701538e-02
1.214951928704977036e-02 3.800743445754051208e-02
1.211431529372930527e-02 3.835934773087501526e-02
1.212294865399599075e-02 3.909884020686149597e-02
1.210783887654542923e-02 3.895749896764755249e-02
1.208942290395498276e-02 3.856443986296653748e-02
1.209627743810415268e-02 3.919173032045364380e-02
1.207163929939270020e-02 3.998423367738723755e-02
1.207243371754884720e-02 3.989432379603385925e-02
1.205804105848073959e-02 3.984039649367332458e-02
1.204708963632583618e-02 4.013594985008239746e-02
1.204639859497547150e-02 4.023333266377449036e-02
1.202793046832084656e-02 4.034140333533287048e-02
1.202515233308076859e-02 4.050770401954650879e-02
1.201944332569837570e-02 4.051034525036811829e-02
1.200400665402412415e-02 4.094323143362998962e-02
1.199949346482753754e-02 4.146829247474670410e-02
1.199495606124401093e-02 4.113802686333656311e-02
1.197941787540912628e-02 4.092193767428398132e-02
1.197673939168453217e-02 4.138986766338348389e-02
1.196914259344339371e-02 4.164601862430572510e-02
1.195770502090454102e-02 4.172661900520324707e-02
1.194976456463336945e-02 4.186766594648361206e-02
1.194611471146345139e-02 4.198727756738662720e-02
1.193551346659660339e-02 4.241208732128143311e-02
1.192632596939802170e-02 4.261583462357521057e-02
1.192094571888446808e-02 4.249022901058197021e-02
1.191502623260021210e-02 4.285300895571708679e-02
1.190552581101655960e-02 4.316847771406173706e-02
1.189605146646499634e-02 4.329926148056983948e-02
1.188971102237701416e-02 4.338353872299194336e-02
1.188402157276868820e-02 4.335797205567359924e-02
1.187690254300832748e-02 4.368023946881294250e-02
1.186830736696720123e-02 4.376678168773651123e-02
1.186008937656879425e-02 4.391509294509887695e-02
1.185198500752449036e-02 4.414846375584602356e-02
1.184519194066524506e-02 4.436532780528068542e-02
1.183861214667558670e-02 4.464978352189064026e-02
1.183280069380998611e-02 4.467472061514854431e-02
1.182766165584325790e-02 4.501308873295783997e-02
1.182552520185709000e-02 4.498958960175514221e-02
1.182905491441488266e-02 4.558553546667098999e-02
1.185352541506290436e-02 4.510691016912460327e-02
1.192070730030536652e-02 4.624082148075103760e-02
1.215308904647827148e-02 4.444147646427154541e-02
1.254365779459476471e-02 4.862183332443237305e-02
1.309067476540803909e-02 4.306668788194656372e-02
1.299270521849393845e-02 4.755023866891860962e-02
1.208058185875415802e-02 4.677625745534896851e-02
1.221763342618942261e-02 4.053415358066558838e-02
1.265117246657609940e-02 4.121617972850799561e-02
1.212776359170675278e-02 4.516889154911041260e-02
1.215015072375535965e-02 4.588683322072029114e-02
1.230151765048503876e-02 4.673213511705398560e-02
1.204906404018402100e-02 4.734618589282035828e-02
1.218047924339771271e-02 4.503369703888893127e-02
1.196418609470129013e-02 4.395595937967300415e-02
1.211870741099119186e-02 4.498837888240814209e-02
1.190884225070476532e-02 4.485616460442543030e-02
1.193536259233951569e-02 4.421334713697433472e-02
1.196317560970783234e-02 4.628252983093261719e-02
1.185357477515935898e-02 4.772870987653732300e-02
1.192556880414485931e-02 4.538697376847267151e-02
1.182204578071832657e-02 4.443695768713951111e-02
1.186227146536111832e-02 4.604032263159751892e-02
1.187296397984027863e-02 4.600747674703598022e-02
1.178592815995216370e-02 4.583444073796272278e-02
1.178985182195901871e-02 4.632404819130897522e-02
1.179520972073078156e-02 4.583274945616722107e-02
1.174965221434831619e-02 4.541200026869773865e-02
1.175611000508069992e-02 4.589667543768882751e-02
1.177645474672317505e-02 4.624538123607635498e-02
1.171604916453361511e-02 4.741647839546203613e-02
1.170456130057573318e-02 4.796538129448890686e-02
1.172344200313091278e-02 4.694764688611030579e-02
1.171047426760196686e-02 4.743373766541481018e-02
1.167052425444126129e-02 4.765709862112998962e-02
1.168188545852899551e-02 4.683485254645347595e-02
1.169585343450307846e-02 4.803765565156936646e-02
1.168837863951921463e-02 4.867760837078094482e-02
1.164788845926523209e-02 4.851192608475685120e-02
1.163971796631813049e-02 4.803495109081268311e-02
1.166198123246431351e-02 4.775782302021980286e-02
1.166612654924392700e-02 4.966588690876960754e-02
1.165707688778638840e-02 4.926355555653572083e-02
1.164172217249870300e-02 4.929944127798080444e-02
1.162724010646343231e-02 4.891667142510414124e-02
1.159306522458791733e-02 4.923053458333015442e-02
1.158324722200632095e-02 4.888326302170753479e-02
1.157977152615785599e-02 4.868143051862716675e-02
1.159050781279802322e-02 5.023266002535820007e-02
1.161859650164842606e-02 4.956219345331192017e-02
1.167619414627552032e-02 5.079389736056327820e-02
1.183452922850847244e-02 4.882140085101127625e-02
1.199157442897558212e-02 5.299624800682067871e-02
1.236343011260032654e-02 4.784862697124481201e-02
1.262218505144119263e-02 5.398852750658988953e-02
1.217646338045597076e-02 4.911252856254577637e-02
1.168622821569442749e-02 4.476841539144515991e-02
1.232794951647520065e-02 4.791108518838882446e-02
1.209916919469833374e-02 4.864073917269706726e-02
1.179085765033960342e-02 5.064000934362411499e-02
1.198543049395084381e-02 5.233415216207504272e-02
1.182408630847930908e-02 4.833722859621047974e-02
1.177290547639131546e-02 4.546649008989334106e-02
1.180232688784599304e-02 4.784154146909713745e-02
1.175178680568933487e-02 5.053526163101196289e-02
1.178911142051219940e-02 4.810672253370285034e-02
1.167335454374551773e-02 4.830483719706535339e-02
1.169876568019390106e-02 5.109088867902755737e-02
1.169435493648052216e-02 5.001699179410934448e-02
1.158592663705348969e-02 4.796176776289939880e-02
1.164336130023002625e-02 4.845283925533294678e-02
1.167200691998004913e-02 4.860303923487663269e-02
1.157768070697784424e-02 4.961034655570983887e-02
1.155178342014551163e-02 4.942268505692481995e-02
1.157434564083814621e-02 4.823284223675727844e-02
1.155879814177751541e-02 4.899029806256294250e-02
1.151636708527803421e-02 4.944378882646560669e-02
1.153534092009067535e-02 4.844301939010620117e-02
1.154514867812395096e-02 5.045598000288009644e-02
1.151587814092636108e-02 5.155874416232109070e-02
1.147512719035148621e-02 5.119128897786140442e-02
1.147484406828880310e-02 5.037944763898849487e-02
1.150538306683301926e-02 4.892874881625175476e-02
1.152309216558933258e-02 5.107488483190536499e-02
1.149958372116088867e-02 5.014473944902420044e-02
1.145604532212018967e-02 5.027294903993606567e-02
1.142650656402111053e-02 5.024066567420959473e-02
1.141207292675971985e-02 5.016686767339706421e-02
1.143456343561410904e-02 5.103785544633865356e-02
1.148096472024917603e-02 4.988202825188636780e-02
1.150775514543056488e-02 5.244977027177810669e-02
1.150519121438264847e-02 5.015718936920166016e-02
1.148605439811944962e-02 5.128782242536544800e-02
1.145505532622337341e-02 5.054746940732002258e-02
1.137810666114091873e-02 5.127953737974166870e-02
1.135600544512271881e-02 5.114202573895454407e-02
1.136957295238971710e-02 5.036967247724533081e-02
1.142548583447933197e-02 5.338298529386520386e-02
1.152109727263450623e-02 5.061157420277595520e-02
1.165374554693698883e-02 5.400700494647026062e-02
1.180571317672729492e-02 4.940440505743026733e-02
1.166757568717002869e-02 5.284024402499198914e-02
1.137515250593423843e-02 5.236593633890151978e-02
1.145236287266016006e-02 4.764572530984878540e-02
1.170854549854993820e-02 5.116881057620048523e-02
1.169923972338438034e-02 5.155973508954048157e-02
1.138170156627893448e-02 5.118427425622940063e-02
1.167900580912828445e-02 5.203413218259811401e-02
1.176318991929292679e-02 4.790248349308967590e-02
1.161486096680164337e-02 5.061911791563034058e-02
1.143941562622785568e-02 5.383182317018508911e-02
1.188136450946331024e-02 4.570517316460609436e-02
1.230402104556560516e-02 5.083679035305976868e-02
1.171787641942501068e-02 5.558995157480239868e-02
1.211568247526884079e-02 4.652741923928260803e-02
1.177232805639505386e-02 4.533997923135757446e-02
1.159471739083528519e-02 5.041190236806869507e-02
1.201758719980716705e-02 4.735790938138961792e-02
1.162479072809219360e-02 4.764064028859138489e-02
1.167800370603799820e-02 5.046350508928298950e-02
1.175246108323335648e-02 4.619116336107254028e-02
1.149154361337423325e-02 4.420604929327964783e-02
1.164338551461696625e-02 4.867899417877197266e-02
1.144284009933471680e-02 4.879735037684440613e-02
1.151680387556552887e-02 4.424110427498817444e-02
1.156240794807672501e-02 4.610310867428779602e-02
1.139751635491847992e-02 5.092834308743476868e-02
1.155600417405366898e-02 4.822343215346336365e-02
1.134002301841974258e-02 4.508996382355690002e-02
1.139558106660842896e-02 4.633658751845359802e-02
1.148457732051610947e-02 4.614333808422088623e-02
1.128397975116968155e-02 4.720213636755943298e-02
1.130973175168037415e-02 4.764385521411895752e-02
1.135182846337556839e-02 4.518850147724151611e-02
1.128559093922376633e-02 4.511460661888122559e-02
1.129906345158815384e-02 4.796145111322402954e-02
1.131861750036478043e-02 4.592867940664291382e-02
1.124470587819814682e-02 4.613348469138145447e-02
1.122942939400672913e-02 4.857336357235908508e-02
1.125859748572111130e-02 4.774910584092140198e-02
1.123277656733989716e-02 4.693325981497764587e-02
1.119785476475954056e-02 4.750246554613113403e-02
1.120386365801095963e-02 4.759552702307701111e-02
1.120871677994728088e-02 4.759463667869567871e-02
1.117609068751335144e-02 4.681095108389854431e-02
1.117808464914560318e-02 4.817834123969078064e-02
1.116123888641595840e-02 4.880156368017196655e-02
1.115847937762737274e-02 4.662506282329559326e-02
1.115408912301063538e-02 4.738459363579750061e-02
1.114609837532043457e-02 4.888540878891944885e-02
1.113451272249221802e-02 4.841332510113716125e-02
1.111890748143196106e-02 4.782009497284889221e-02
1.112622302025556564e-02 4.803363606333732605e-02
1.110801659524440765e-02 4.903539642691612244e-02
1.111270766705274582e-02 4.720925167202949524e-02
1.110820658504962921e-02 4.788359999656677246e-02
1.109980978071689606e-02 4.826337471604347229e-02
1.110157370567321777e-02 4.876969382166862488e-02
1.110112760215997696e-02 4.707575216889381409e-02
1.109511312097311020e-02 4.852826148271560669e-02
1.109740789979696274e-02 4.790752008557319641e-02
1.112643815577030182e-02 4.957404732704162598e-02
1.116732042282819748e-02 4.666256159543991089e-02
1.120574679225683212e-02 4.968360438942909241e-02
1.126373279839754105e-02 4.680098220705986023e-02
1.137847080826759338e-02 5.041859298944473267e-02
1.127379667013883591e-02 4.577620700001716614e-02
1.114124059677124023e-02 4.672913625836372375e-02
1.105938758701086044e-02 5.012633278965950012e-02
1.118408422917127609e-02 4.483558610081672668e-02
1.131574437022209167e-02 4.803442955017089844e-02
1.144978590309619904e-02 4.778654873371124268e-02
1.125591434538364410e-02 4.933376610279083252e-02
1.121043227612972260e-02 4.660577699542045593e-02
1.140672527253627777e-02 4.308972507715225220e-02
1.136719621717929840e-02 4.873535409569740295e-02
1.120044849812984467e-02 4.698942229151725769e-02
1.105948723852634430e-02 4.338852688670158386e-02
1.120347063988447189e-02 4.607763886451721191e-02
1.121051982045173645e-02 4.738892987370491028e-02
1.109586469829082489e-02 4.529672116041183472e-02
1.118386629968881607e-02 4.672203585505485535e-02
1.156107150018215179e-02 4.352483525872230530e-02
1.183367613703012466e-02 4.869250208139419556e-02
1.152239833027124405e-02 4.725149273872375488e-02
1.155059877783060074e-02 4.204314947128295898e-02
1.137565262615680695e-02 4.228177294135093689e-02
1.144599448889493942e-02 4.509239643812179565e-02
1.135412324219942093e-02 4.540539532899856567e-02
1.115665771067142487e-02 4.413736611604690552e-02
1.135183498263359070e-02 4.445980489253997803e-02
1.116707734763622284e-02 4.744734242558479309e-02
1.126397214829921722e-02 4.394346475601196289e-02
1.110437605530023575e-02 4.491185024380683899e-02
1.130067277699708939e-02 4.394780471920967102e-02
1.120657473802566528e-02 4.852685332298278809e-02
1.136339735239744186e-02 4.439707845449447632e-02
1.114741899073123932e-02 4.334225133061408997e-02
1.118365582078695297e-02 4.700467735528945923e-02
1.124452147632837296e-02 4.268339648842811584e-02
1.116227731108665466e-02 4.299420863389968872e-02
1.105658989399671555e-02 4.541693627834320068e-02
1.118666678667068481e-02 4.124143719673156738e-02
1.116165891289710999e-02 4.369264468550682068e-02
1.101076975464820862e-02 4.594901949167251587e-02
1.113626547157764435e-02 4.150909557938575745e-02
1.114953495562076569e-02 4.296726360917091370e-02
1.108398288488388062e-02 4.423009604215621948e-02
1.096423063427209854e-02 4.429753869771957397e-02
1.107460074126720428e-02 4.360646381974220276e-02
1.100217085331678391e-02 4.243722558021545410e-02
1.097322534769773483e-02 4.350781440734863281e-02
1.100031100213527679e-02 4.591679573059082031e-02
1.098570227622985840e-02 4.204931110143661499e-02
1.098384987562894821e-02 4.335695877671241760e-02
1.091203559190034866e-02 4.818326234817504883e-02
1.100702956318855286e-02 4.339436814188957214e-02
1.090795081108808517e-02 4.276961088180541992e-02
1.091558393090963364e-02 4.468950256705284119e-02
1.086241751909255981e-02 4.507782310247421265e-02
1.094124000519514084e-02 4.372596368193626404e-02
1.088764611631631851e-02 4.399897530674934387e-02
1.088163908571004868e-02 4.526807367801666260e-02
1.093356311321258545e-02 4.550405219197273254e-02
1.085866522043943405e-02 4.401035979390144348e-02
1.082826592028141022e-02 4.472920671105384827e-02
1.085705682635307312e-02 4.855546727776527405e-02
1.093202270567417145e-02 4.277274012565612793e-02
1.099177915602922440e-02 4.441926628351211548e-02
1.080523524433374405e-02 4.894557222723960876e-02
1.093252282589673996e-02 4.233603924512863159e-02
1.105279009789228439e-02 4.452803358435630798e-02
1.101847272366285324e-02 4.587917029857635498e-02
1.087170094251632690e-02 4.495795071125030518e-02
1.086336933076381683e-02 4.446047544479370117e-02
1.098862476646900177e-02 4.255675897002220154e-02
1.085770875215530396e-02 4.557762295007705688e-02
1.083016581833362579e-02 4.481666535139083862e-02
1.083708740770816803e-02 4.241623729467391968e-02
1.088038645684719086e-02 4.518036916851997375e-02
1.075842138379812241e-02 4.783753678202629089e-02
1.082928292453289032e-02 4.261723905801773071e-02
1.096072141081094742e-02 4.466273635625839233e-02
1.094243675470352173e-02 4.532489553093910217e-02
1.075892336666584015e-02 4.419025778770446777e-02
1.089215651154518127e-02 4.518358036875724792e-02
1.089175138622522354e-02 4.370614886283874512e-02
1.094288285821676254e-02 4.504660889506340027e-02
1.076354365795850754e-02 4.504234343767166138e-02
1.086877472698688507e-02 4.371203854680061340e-02
1.097847241908311844e-02 4.609442502260208130e-02
1.075860206037759781e-02 4.670915007591247559e-02
1.094478648155927658e-02 4.399264231324195862e-02
1.077043823897838593e-02 4.654213413596153259e-02
1.089941430836915970e-02 4.488640278577804565e-02
1.070146821439266205e-02 4.442703351378440857e-02
1.085495203733444214e-02 4.616442695260047913e-02
1.084247324615716934e-02 4.281907528638839722e-02
1.085310522466897964e-02 4.361619055271148682e-02
1.079082954674959183e-02 4.670120403170585632e-02
1.086822990328073502e-02 4.310084879398345947e-02
1.090711075812578201e-02 4.352809488773345947e-02
1.077530439943075180e-02 4.760625585913658142e-02
1.081692706793546677e-02 4.302953928709030151e-02
1.094602700322866440e-02 4.509948194026947021e-02
1.094878092408180237e-02 4.449100792407989502e-02
1.073447149246931076e-02 4.386816173791885376e-02
1.093688607215881348e-02 4.457457363605499268e-02
1.068988349288702011e-02 4.413583129644393921e-02
1.089633908122777939e-02 4.399110376834869385e-02
1.064062397927045822e-02 4.597323015332221985e-02
1.075882744044065475e-02 4.466500878334045410e-02
1.073130685836076736e-02 4.531820863485336304e-02
1.068342477083206177e-02 4.605520516633987427e-02
1.063289307057857513e-02 4.731199517846107483e-02
1.072139386087656021e-02 4.509269073605537415e-02
1.074912678450345993e-02 4.491275176405906677e-02
1.062764134258031845e-02 4.614015296101570129e-02
1.066581904888153076e-02 4.592550918459892273e-02
1.064586080610752106e-02 4.581857472658157349e-02
1.066738553345203400e-02 4.628671705722808838e-02
1.054111216217279434e-02 4.607198759913444519e-02
1.064452715218067169e-02 5.083222314715385437e-02
1.066550519317388535e-02 4.857204854488372803e-02
1.124864909797906876e-02 4.866955429315567017e-02
1.115529611706733704e-02 4.506055638194084167e-02
1.078043039888143539e-02 4.452569037675857544e-02
1.079833880066871643e-02 4.625840485095977783e-02
1.085056550800800323e-02 4.551370441913604736e-02
1.065184082835912704e-02 4.255505278706550598e-02
1.078242249786853790e-02 4.312936216592788696e-02
1.072574313730001450e-02 4.769296199083328247e-02
1.075359713286161423e-02 4.338182136416435242e-02
1.118975039571523666e-02 4.281845316290855408e-02
1.078535895794630051e-02 4.449896514415740967e-02
1.094960980117321014e-02 4.335468634963035583e-02
1.093364227563142776e-02 4.357580468058586121e-02
1.066591683775186539e-02 4.514415934681892395e-02
1.085536647588014603e-02 4.241738468408584595e-02
1.070993486791849136e-02 4.401877894997596741e-02
1.074536237865686417e-02 4.644986242055892944e-02
1.067001093178987503e-02 4.339298978447914124e-02
1.071011833846569061e-02 4.429284110665321350e-02
1.062642969191074371e-02 4.643493890762329102e-02
1.055818796157836914e-02 4.707630723714828491e-02
1.058172062039375305e-02 4.570902511477470398e-02
1.055520214140415192e-02 4.530613869428634644e-02
1.050803437829017639e-02 4.655318707227706909e-02
1.054927706718444824e-02 4.678681120276451111e-02
1.052193809300661087e-02 4.617957025766372681e-02
1.046590320765972137e-02 4.669453576207160950e-02
1.044921670109033585e-02 4.789070785045623779e-02
1.045352406799793243e-02 4.613555967807769775e-02
1.042980607599020004e-02 4.914624243974685669e-02
1.044044177979230881e-02 4.681090265512466431e-02
1.052943803369998932e-02 4.868117719888687134e-02
1.047441828995943069e-02 4.528036713600158691e-02
1.046284660696983337e-02 4.584193974733352661e-02
1.034974213689565659e-02 4.775113984942436218e-02
1.040638610720634460e-02 4.494485259056091309e-02
1.057008747011423111e-02 5.104855820536613464e-02
1.065003406256437302e-02 4.862950369715690613e-02
1.186768524348735809e-02 4.378186538815498352e-02
1.182953361421823502e-02 4.724532365798950195e-02
1.122291944921016693e-02 4.637409746646881104e-02
1.152417436242103577e-02 4.398161545395851135e-02
1.124350540339946747e-02 4.572715982794761658e-02
1.128081511706113815e-02 4.163856059312820435e-02
1.117873750627040863e-02 4.274697974324226379e-02
1.101329829543828964e-02 4.494801163673400879e-02
1.099554263055324554e-02 4.339902475476264954e-02
1.099023688584566116e-02 4.394656419754028320e-02
1.084406673908233643e-02 4.574828222393989563e-02
1.088374387472867966e-02 4.148476198315620422e-02
1.083753444254398346e-02 4.024899378418922424e-02
1.076748967170715332e-02 4.247869178652763367e-02
1.070406101644039154e-02 4.365948960185050964e-02
1.066406164318323135e-02 4.169388860464096069e-02
1.073615718632936478e-02 4.327116534113883972e-02
1.063362509012222290e-02 4.330863431096076965e-02
1.052732393145561218e-02 4.295862838625907898e-02
1.062429882586002350e-02 4.514897242188453674e-02
1.052449643611907959e-02 4.510377719998359680e-02
1.040195301175117493e-02 4.479593411087989807e-02
1.043384801596403122e-02 4.619076475501060486e-02
1.044581364840269089e-02 4.412629827857017517e-02
1.038741506636142731e-02 4.432321339845657349e-02
1.035251654684543610e-02 4.580984637141227722e-02
1.037818379700183868e-02 4.317941144108772278e-02
1.036749314516782761e-02 4.507882520556449890e-02
1.036912761628627777e-02 4.248159378767013550e-02
1.031886693090200424e-02 4.246376082301139832e-02
1.027419511228799820e-02 4.333976656198501587e-02
1.028825342655181885e-02 4.233660921454429626e-02
1.033068355172872543e-02 4.409582912921905518e-02
1.035076566040515900e-02 4.325312003493309021e-02
1.054136641323566437e-02 4.585443064570426941e-02
1.096548046916723251e-02 4.451340809464454651e-02
1.116403751075267792e-02 4.207723960280418396e-02
1.078293751925230026e-02 4.023361206054687500e-02
1.081236265599727631e-02 4.104277864098548889e-02
1.081371493637561798e-02 4.155425354838371277e-02
1.054301392287015915e-02 4.184607043862342834e-02
1.066145673394203186e-02 4.262793809175491333e-02
1.046653930097818375e-02 4.240818321704864502e-02
1.046505570411682129e-02 4.324719309806823730e-02
1.048140693455934525e-02 4.417336732149124146e-02
1.031517516821622849e-02 4.484510794281959534e-02
1.047369837760925293e-02 4.744127765297889709e-02
1.052945666015148163e-02 4.237609356641769409e-02
1.030017342418432236e-02 4.156420379877090454e-02
1.040809135884046555e-02 4.131845757365226746e-02
1.035860646516084671e-02 4.172682017087936401e-02
1.023119967430830002e-02 4.238096624612808228e-02
1.035015285015106201e-02 4.248512908816337585e-02
1.025211066007614136e-02 4.226817935705184937e-02
1.016080193221569061e-02 4.340475797653198242e-02
1.026272680610418320e-02 4.329337552189826965e-02
1.031945087015628815e-02 4.428369924426078796e-02
1.018214877694845200e-02 4.298603162169456482e-02
1.020758133381605148e-02 4.473324120044708252e-02
1.021957676857709885e-02 4.189863055944442749e-02
1.023472100496292114e-02 4.027536511421203613e-02
1.016915682703256607e-02 4.103906825184822083e-02
1.015632972121238708e-02 4.065769910812377930e-02
1.013668160885572433e-02 4.142815619707107544e-02
1.011160295456647873e-02 4.160293564200401306e-02
1.002764981240034103e-02 4.232045263051986694e-02
1.010306458920240402e-02 4.188352450728416443e-02
1.037326920777559280e-02 4.426983743906021118e-02
1.120477076619863510e-02 4.295855015516281128e-02
1.324697304517030716e-02 3.612631186842918396e-02
1.115526165813207626e-02 4.059358686208724976e-02
1.314750127494335175e-02 3.569081798195838928e-02
1.130656339228153229e-02 3.806368261575698853e-02
1.215405110269784927e-02 4.030168429017066956e-02
1.128155924379825592e-02 3.916739299893379211e-02
1.183149404823780060e-02 4.147148504853248596e-02
1.089286152273416519e-02 4.495565593242645264e-02
1.153366547077894211e-02 4.270595312118530273e-02
1.096122991293668747e-02 4.344517737627029419e-02
1.099293958395719528e-02 4.432199150323867798e-02
1.069876365363597870e-02 4.279347509145736694e-02
1.068171206861734390e-02 4.150698333978652954e-02
1.073734462261199951e-02 4.147107526659965515e-02
1.045978441834449768e-02 4.105522111058235168e-02
1.064986176788806915e-02 3.857454657554626465e-02
1.049694605171680450e-02 3.920476511120796204e-02
1.046091783791780472e-02 4.126875475049018860e-02
1.035252213478088379e-02 4.073296114802360535e-02
1.033792272210121155e-02 4.152238741517066956e-02
1.019910443574190140e-02 4.153313860297203064e-02
1.022178400307893753e-02 4.097324982285499573e-02
1.018239464610815048e-02 4.311458021402359009e-02
1.019715983420610428e-02 4.163656756281852722e-02
1.004265714436769485e-02 3.965139389038085938e-02
1.005244255065917969e-02 4.002556577324867249e-02
1.002553477883338928e-02 3.988686949014663696e-02
9.990341030061244965e-03 4.043593257665634155e-02
9.981053881347179413e-03 4.000036790966987610e-02
9.918007999658584595e-03 4.034130647778511047e-02
9.944110177457332611e-03 4.076307639479637146e-02
9.910920634865760803e-03 4.057360067963600159e-02
9.871085174381732941e-03 4.202986136078834534e-02
9.871974587440490723e-03 4.061238840222358704e-02
9.809428825974464417e-03 3.940603882074356079e-02
9.827614761888980865e-03 3.980157151818275452e-02
9.814519435167312622e-03 3.912832215428352356e-02
9.827431291341781616e-03 4.078229516744613647e-02
9.849772788584232330e-03 3.869228810071945190e-02
9.830954484641551971e-03 3.914009407162666321e-02
9.903847239911556244e-03 3.929956629872322083e-02
9.821352548897266388e-03 4.040616378188133240e-02
9.843221865594387054e-03 3.988960385322570801e-02
9.797978214919567108e-03 4.049439728260040283e-02
9.782996959984302521e-03 3.913199529051780701e-02
9.763889014720916748e-03 4.039250314235687256e-02
9.746942669153213501e-03 3.973634541034698486e-02
9.745080955326557159e-03 3.892429545521736145e-02
9.963206946849822998e-03 3.848453238606452942e-02
9.724639356136322021e-03 3.922311961650848389e-02
9.795241989195346832e-03 3.832951188087463379e-02
1.006610225886106491e-02 3.892250359058380127e-02
9.782873094081878662e-03 3.948320820927619934e-02
1.014145649969577789e-02 3.883080929517745972e-02
1.104679238051176071e-02 3.636975958943367004e-02
1.062286365777254105e-02 3.681941330432891846e-02
1.065998990088701248e-02 3.967618569731712341e-02
1.057966798543930054e-02 3.718586266040802002e-02
1.054672431200742722e-02 3.701092675328254700e-02
1.020482461899518967e-02 3.968702256679534912e-02
1.068431977182626724e-02 3.977878019213676453e-02
1.116635184735059738e-02 4.194632917642593384e-02
1.139016076922416687e-02 3.856159001588821411e-02
1.112655550241470337e-02 3.794932365417480469e-02
1.096554473042488098e-02 3.809629008173942566e-02
1.118138246238231659e-02 4.245451092720031738e-02
1.093894243240356445e-02 4.083513841032981873e-02
1.054599042981863022e-02 3.875186666846275330e-02
1.087279431521892548e-02 4.081448912620544434e-02
1.060119085013866425e-02 3.911435231566429138e-02
1.029805094003677368e-02 3.970412909984588623e-02
1.057295966893434525e-02 3.948528319597244263e-02
1.035394240170717239e-02 3.857864439487457275e-02
1.016655843704938889e-02 3.897278755903244019e-02
1.019797474145889282e-02 3.976451978087425232e-02
1.013975031673908234e-02 3.833801671862602234e-02
1.006631460040807724e-02 3.780134767293930054e-02
9.989164769649505615e-03 3.849145397543907166e-02
9.995980188250541687e-03 3.734438493847846985e-02
9.946237318217754364e-03 3.837480768561363220e-02
9.867334738373756409e-03 3.744608163833618164e-02
9.863917715847492218e-03 3.794394060969352722e-02
9.791450574994087219e-03 3.899817168712615967e-02
9.790534153580665588e-03 3.847130015492439270e-02
9.769507683813571930e-03 3.786449134349822998e-02
9.784131310880184174e-03 3.775975480675697327e-02
9.719960391521453857e-03 3.864045068621635437e-02
9.702161885797977448e-03 3.824672475457191467e-02
9.677324444055557251e-03 3.718498349189758301e-02
9.641837328672409058e-03 3.736584633588790894e-02
9.634208865463733673e-03 3.835881501436233521e-02
9.619544260203838348e-03 3.827895969152450562e-02
9.602122008800506592e-03 3.810792788863182068e-02
9.578959085047245026e-03 3.802259266376495361e-02
9.581030346453189850e-03 3.876082971692085266e-02
9.604014456272125244e-03 3.883782401680946350e-02
9.577762335538864136e-03 3.884137794375419617e-02
9.579495526850223541e-03 3.805658593773841858e-02
9.611404500901699066e-03 3.878044337034225464e-02
9.826042689383029938e-03 3.841311112046241760e-02
9.721290320158004761e-03 4.003140330314636230e-02
9.730570949614048004e-03 3.740572929382324219e-02
9.707929566502571106e-03 3.870023041963577271e-02
9.620685130357742310e-03 3.972585499286651611e-02
9.899090044200420380e-03 3.630400076508522034e-02
9.948316961526870728e-03 3.977410495281219482e-02
9.971469640731811523e-03 3.783581405878067017e-02
9.915240108966827393e-03 3.824966400861740112e-02
9.971261955797672272e-03 3.795929998159408569e-02
9.812477044761180878e-03 3.776364028453826904e-02
9.937938302755355835e-03 3.971702232956886292e-02
9.898992255330085754e-03 4.294392094016075134e-02
9.867061860859394073e-03 3.763550147414207458e-02
1.083203591406345367e-02 4.256928339600563049e-02
1.218009833246469498e-02 3.460323065519332886e-02
1.400064490735530853e-02 3.653820976614952087e-02
1.286539155989885330e-02 4.208052158355712891e-02
1.376750785857439041e-02 3.691417723894119263e-02
1.167576294392347336e-02 3.528722375631332397e-02
1.245704852044582367e-02 3.909131512045860291e-02
1.309540867805480957e-02 3.801305964589118958e-02
1.218098681420087814e-02 3.691571950912475586e-02
1.250893156975507736e-02 3.819819167256355286e-02
1.296433992683887482e-02 3.649782389402389526e-02
1.240432448685169220e-02 3.226495906710624695e-02
1.145800016820430756e-02 3.306833282113075256e-02
1.231032609939575195e-02 3.534463047981262207e-02
1.179133169353008270e-02 3.590612858533859253e-02
1.179517619311809540e-02 3.390541672706604004e-02
1.079527661204338074e-02 3.357860445976257324e-02
1.147077232599258423e-02 3.555299341678619385e-02
1.100520230829715729e-02 3.795566037297248840e-02
1.098286174237728119e-02 4.054410383105278015e-02
1.095424685627222061e-02 4.392486065626144409e-02
1.193073485046625137e-02 3.389181196689605713e-02
1.158693712204694748e-02 3.460836037993431091e-02
1.217281445860862732e-02 3.551184386014938354e-02
1.192491035908460617e-02 3.487988933920860291e-02
1.119865663349628448e-02 3.632768616080284119e-02
1.175808813422918320e-02 3.839389234781265259e-02
1.134572364389896393e-02 3.993804752826690674e-02
1.124155987054109573e-02 3.923488035798072815e-02
1.093701459467411041e-02 3.885529190301895142e-02
1.108302269130945206e-02 3.926237300038337708e-02
1.112690661102533340e-02 4.008040949702262878e-02
1.053870562463998795e-02 4.070691391825675964e-02
1.079970970749855042e-02 3.946969658136367798e-02
1.043981872498989105e-02 3.924205154180526733e-02
1.065887883305549622e-02 3.833073750138282776e-02
1.020733918994665146e-02 3.736587613821029663e-02
1.032956223934888840e-02 3.606222569942474365e-02
1.017013657838106155e-02 3.574659675359725952e-02
1.025011669844388962e-02 3.642873093485832214e-02
1.005779765546321869e-02 3.651912510395050049e-02
1.008075196295976639e-02 3.610273450613021851e-02
9.914143010973930359e-03 3.677123785018920898e-02
9.990180842578411102e-03 3.782225400209426880e-02
9.900250472128391266e-03 3.802936524152755737e-02
9.920846670866012573e-03 3.706282749772071838e-02
9.832578711211681366e-03 3.676729276776313782e-02
9.836082346737384796e-03 3.733776137232780457e-02
9.751160629093647003e-03 3.725456818938255310e-02
9.770178236067295074e-03 3.636805713176727295e-02
9.688325226306915283e-03 3.631652146577835083e-02
9.699938818812370300e-03 3.674288466572761536e-02
9.653029963374137878e-03 3.675194829702377319e-02
9.648288600146770477e-03 3.651391342282295227e-02
9.610695764422416687e-03 3.708479553461074829e-02
9.602652862668037415e-03 3.784161433577537537e-02
9.549648500978946686e-03 3.791603446006774902e-02
9.552382864058017731e-03 3.793545812368392944e-02
9.525538422167301178e-03 3.858454525470733643e-02
9.538116864860057831e-03 3.893756866455078125e-02
9.529622271656990051e-03 3.858454152941703796e-02
9.505833499133586884e-03 3.826844692230224609e-02
9.507518261671066284e-03 3.812858462333679199e-02
9.465563111007213593e-03 3.810334578156471252e-02
9.478106163442134857e-03 3.801075369119644165e-02
9.456846863031387329e-03 3.796521201729774475e-02
9.443706832826137543e-03 3.820369765162467957e-02
9.443924762308597565e-03 3.845178335905075073e-02
9.429131634533405304e-03 3.837973624467849731e-02
9.429019875824451447e-03 3.856514394283294678e-02
9.423135779798030853e-03 3.881986066699028015e-02
9.415085427463054657e-03 3.868256509304046631e-02
9.414213709533214569e-03 3.844848275184631348e-02
9.406032972037792206e-03 3.862554207444190979e-02
9.394401684403419495e-03 3.853786364197731018e-02
9.388487786054611206e-03 3.830282390117645264e-02
9.387150406837463379e-03 3.831091523170471191e-02
9.375917725265026093e-03 3.817112371325492859e-02
9.372954256832599640e-03 3.788867592811584473e-02
9.370448999106884003e-03 3.793200105428695679e-02
9.359913878142833710e-03 3.815948963165283203e-02
9.359527379274368286e-03 3.806434944272041321e-02
9.353683330118656158e-03 3.804099187254905701e-02
9.346400387585163116e-03 3.815488144755363464e-02
9.344462305307388306e-03 3.799800202250480652e-02
9.341435506939888000e-03 3.795521333813667297e-02
9.336354210972785950e-03 3.804679960012435913e-02
9.328714571893215179e-03 3.795820847153663635e-02
9.325485676527023315e-03 3.784889355301856995e-02
9.322962723672389984e-03 3.799404948949813843e-02
9.316802956163883209e-03 3.806178644299507141e-02
9.311775676906108856e-03 3.804111108183860779e-02
9.309417568147182465e-03 3.814286738634109497e-02
