1.007403656840324402e-01 7.027681916952133179e-02
7.272199541330337524e-02 5.925156176090240479e-02
6.141722947359085083e-02 5.361013114452362061e-02
5.541693046689033508e-02 4.985065758228302002e-02
5.125511437654495239e-02 4.704071581363677979e-02
4.795342311263084412e-02 4.486120492219924927e-02
4.521017894148826599e-02 4.330919310450553894e-02
4.307531192898750305e-02 4.205617681145668030e-02
4.135934263467788696e-02 4.052625596523284912e-02
3.961892053484916687e-02 3.842864930629730225e-02
3.755047544836997986e-02 3.612034767866134644e-02
3.537620976567268372e-02 3.423713147640228271e-02
3.358554840087890625e-02 3.308143094182014465e-02
3.239560499787330627e-02 3.245045989751815796e-02
3.158908709883689880e-02 3.200760483741760254e-02
3.085744939744472504e-02 3.155644983053207397e-02
3.005173616111278534e-02 3.100328892469406128e-02
2.913952618837356567e-02 3.031465783715248108e-02
2.814435027539730072e-02 2.958884276449680328e-02
2.718202769756317139e-02 2.901758439838886261e-02
2.640703134238719940e-02 2.869186364114284515e-02
2.583961188793182373e-02 2.850872464478015900e-02
2.531752176582813263e-02 2.829873748123645782e-02
2.466672100126743317e-02 2.799618616700172424e-02
2.387788705527782440e-02 2.762317284941673279e-02
2.305981330573558807e-02 2.715903706848621368e-02
2.227059565484523773e-02 2.652692794799804688e-02
2.147287875413894653e-02 2.571523189544677734e-02
2.064298465847969055e-02 2.482040785253047943e-02
1.982789300382137299e-02 2.394480817019939423e-02
1.906667836010456085e-02 2.310411073267459869e-02
1.831831410527229309e-02 2.225647494196891785e-02
1.750950701534748077e-02 2.138417027890682220e-02
1.662663929164409637e-02 2.050720527768135071e-02
1.572420075535774231e-02 1.963559538125991821e-02
1.486028730869293213e-02 1.875196583569049835e-02
1.405675988644361496e-02 1.785343326628208160e-02
1.331919524818658829e-02 1.699446327984333038e-02
1.267048250883817673e-02 1.628506556153297424e-02
1.216323208063840866e-02 1.584521681070327759e-02
1.186882890760898590e-02 1.572959870100021362e-02
1.182786375284194946e-02 1.585956104099750519e-02
1.196512579917907715e-02 1.604416780173778534e-02
1.210747472941875458e-02 1.610651612281799316e-02
1.210936158895492554e-02 1.598613895475864410e-02
1.193806435912847519e-02 1.572419144213199615e-02
1.165826246142387390e-02 1.538848411291837692e-02
1.135894656181335449e-02 1.502262707799673080e-02
1.109444163739681244e-02 1.463438756763935089e-02
1.086237933486700058e-02 1.421786379069089890e-02
1.063028071075677872e-02 1.378833316266536713e-02
1.038450375199317932e-02 1.338684838265180588e-02
1.013955660164356232e-02 1.305140554904937744e-02
9.909332729876041412e-03 1.278804149478673935e-02
9.683807380497455597e-03 1.257243379950523376e-02
9.437850676476955414e-03 1.237684022635221481e-02
9.158048778772354126e-03 1.218975801020860672e-02
8.855596184730529785e-03 1.201298180967569351e-02
8.556042797863483429e-03 1.184986904263496399e-02
8.283162489533424377e-03 1.169879175722599030e-02
8.050808683037757874e-03 1.155175361782312393e-02
7.861127145588397980e-03 1.139729190617799759e-02
7.706583943217992783e-03 1.122785452753305435e-02
7.576391566544771194e-03 1.104483753442764282e-02
7.462460547685623169e-03 1.085535902529954910e-02
7.358753122389316559e-03 1.066549681127071381e-02
7.257730234414339066e-03 1.047785300761461258e-02
7.151592057198286057e-03 1.029346510767936707e-02
7.037103176116943359e-03 1.011387631297111511e-02
6.917013321071863174e-03 9.941805154085159302e-03
6.796870380640029907e-03 9.780720807611942291e-03
6.681025028228759766e-03 9.632500819861888885e-03
6.569808814674615860e-03 9.494986385107040405e-03
6.459137890487909317e-03 9.363813325762748718e-03
6.344349123537540436e-03 9.237556718289852142e-03
6.225806660950183868e-03 9.118949994444847107e-03
6.109690293669700623e-03 9.009717032313346863e-03
6.002190988510847092e-03 8.906111121177673340e-03
5.903796758502721786e-03 8.801741525530815125e-03
5.810106173157691956e-03 8.693609386682510376e-03
5.717075895518064499e-03 8.583188056945800781e-03
5.624282639473676682e-03 8.472335524857044220e-03
5.533846095204353333e-03 8.359257131814956665e-03
5.446579772979021072e-03 8.239725604653358459e-03
5.359745584428310394e-03 8.113668300211429596e-03
5.270304158329963684e-03 7.988519035279750824e-03
5.179489031434059143e-03 7.872598245739936829e-03
5.092084407806396484e-03 7.764867972582578659e-03
5.011506844311952591e-03 7.653074804693460464e-03
4.936513956636190414e-03 7.524009793996810913e-03
4.862963221967220306e-03 7.376155816018581390e-03
4.788368009030818939e-03 7.220376748591661453e-03
4.713234491646289825e-03 7.068959996104240417e-03
4.638769663870334625e-03 6.926333531737327576e-03
4.565257113426923752e-03 6.789636798202991486e-03
4.492259118705987930e-03 6.655942648649215698e-03
4.419627599418163300e-03 6.526434328407049179e-03
4.347713198512792587e-03 6.403127219527959824e-03
4.276202991604804993e-03 6.284161936491727829e-03
4.203829914331436157e-03 6.164229474961757660e-03
4.129301290959119797e-03 6.039038766175508499e-03
4.051796160638332367e-03 5.908881779760122299e-03
3.971073310822248459e-03 5.777952726930379868e-03
3.887725062668323517e-03 5.650794599205255508e-03
3.803368424996733665e-03 5.529462825506925583e-03
3.719945438206195831e-03 5.413612350821495056e-03
3.638433758169412613e-03 5.303041543811559677e-03
3.558925352990627289e-03 5.199042148888111115e-03
3.481916850432753563e-03 5.102680530399084091e-03
3.408787539228796959e-03 5.013078451156616211e-03
3.340917173773050308e-03 4.928631708025932312e-03
3.278716234490275383e-03 4.849825054407119751e-03
3.222140017896890640e-03 4.779417533427476883e-03
3.171720076352357864e-03 4.719197284430265427e-03
3.128276439383625984e-03 4.667371977120637894e-03
3.091696649789810181e-03 4.619817249476909637e-03
3.060482675209641457e-03 4.573443904519081116e-03
3.032704116776585579e-03 4.527322016656398773e-03
3.006783081218600273e-03 4.481003619730472565e-03
2.981379861012101173e-03 4.433573689311742783e-03
2.955402480438351631e-03 4.384944215416908264e-03
2.928524510934948921e-03 4.336860496550798416e-03
2.901286585256457329e-03 4.291515797376632690e-03
2.874278230592608452e-03 4.249860066920518875e-03
2.847503172233700752e-03 4.211935214698314667e-03
2.820618916302919388e-03 4.178286064416170120e-03
2.793490886688232422e-03 4.149950575083494186e-03
2.766388235613703728e-03 4.126973915845155716e-03
2.739815041422843933e-03 4.107768647372722626e-03
2.714311238378286362e-03 4.090152215212583542e-03
2.690205350518226624e-03 4.072695039212703705e-03
2.667450346052646637e-03 4.054815508425235748e-03
2.645713975653052330e-03 4.036124330013990402e-03
2.624675864353775978e-03 4.016253631561994553e-03
2.604195848107337952e-03 3.995292820036411285e-03
2.584257628768682480e-03 3.973750863224267960e-03
2.564885653555393219e-03 3.951785154640674591e-03
2.546127652749419212e-03 3.928848542273044586e-03
2.527988748624920845e-03 3.904370591044425964e-03
2.510349033400416374e-03 3.878531977534294128e-03
2.493053907528519630e-03 3.852060995995998383e-03
2.476082416251301765e-03 3.825537860393524170e-03
2.459556562826037407e-03 3.799345344305038452e-03
2.443559933453798294e-03 3.774011507630348206e-03
2.428071107715368271e-03 3.749956609681248665e-03
2.413040492683649063e-03 3.726856550201773643e-03
2.398448064923286438e-03 3.703835653141140938e-03
2.384274266660213470e-03 3.680355846881866455e-03
2.370482077822089195e-03 3.656528191640973091e-03
2.357051940634846687e-03 3.632694249972701073e-03
2.343982690945267677e-03 3.609272651374340057e-03
2.331255003809928894e-03 3.586952108889818192e-03
2.318834420293569565e-03 3.566414350643754005e-03
2.306716050952672958e-03 3.547737607732415199e-03
2.294921083375811577e-03 3.530528629198670387e-03
2.283458597958087921e-03 3.514557611197233200e-03
2.272305777296423912e-03 3.499877173453569412e-03
2.261419314891099930e-03 3.486394183710217476e-03
2.250756369903683662e-03 3.473831107839941978e-03
2.240301109850406647e-03 3.462007036432623863e-03
2.230054000392556190e-03 3.450757125392556190e-03
2.220016438513994217e-03 3.439722117036581039e-03
2.210173523053526878e-03 3.428566036745905876e-03
2.200507326051592827e-03 3.417257219552993774e-03
2.191012492403388023e-03 3.405854338780045509e-03
2.181693678721785545e-03 3.394278232008218765e-03
2.172563457861542702e-03 3.382521914318203926e-03
2.163639990612864494e-03 3.370813094079494476e-03
2.154927933588624001e-03 3.359382972121238708e-03
2.146414946764707565e-03 3.348318859934806824e-03
2.138085197657346725e-03 3.337674308568239212e-03
2.129933098331093788e-03 3.327469341456890106e-03
2.121963771060109138e-03 3.317529335618019104e-03
2.114172093570232391e-03 3.307631239295005798e-03
2.106548985466361046e-03 3.297754330560564995e-03
2.099082106724381447e-03 3.287984058260917664e-03
2.091761911287903786e-03 3.278319491073489189e-03
2.084581879898905754e-03 3.268759930506348610e-03
2.077542012557387352e-03 3.259346820414066315e-03
2.070642309263348579e-03 3.250055015087127686e-03
2.063881605863571167e-03 3.240826074033975601e-03
2.057255944237112999e-03 3.231718437746167183e-03
2.050764393061399460e-03 3.222823608666658401e-03
2.044408814981579781e-03 3.214140422642230988e-03
2.038190606981515884e-03 3.205674700438976288e-03
2.032110933214426041e-03 3.197459969669580460e-03
2.026167698204517365e-03 3.189441049471497536e-03
2.020358340814709663e-03 3.181527601554989815e-03
2.014681696891784668e-03 3.173671429976820946e-03
2.009136136621236801e-03 3.165848320350050926e-03
2.003719331696629524e-03 3.158051520586013794e-03
1.998428255319595337e-03 3.150356002151966095e-03
1.993261743336915970e-03 3.142878413200378418e-03
1.988218398764729500e-03 3.135654842481017113e-03
1.983297057449817657e-03 3.128694137558341026e-03
1.978497486561536789e-03 3.122008405625820160e-03
1.973820384591817856e-03 3.115579253062605858e-03
1.969263190403580666e-03 3.109390847384929657e-03
1.964825903996825218e-03 3.103459253907203674e-03
1.960509223863482475e-03 3.097770968452095985e-03
1.956311520189046860e-03 3.092278959229588509e-03
1.952232792973518372e-03 3.086974378675222397e-03
1.948270597495138645e-03 3.081855131313204765e-03
1.944423303939402103e-03 3.076901892200112343e-03
1.940690563060343266e-03 3.072112333029508591e-03
1.937070628628134727e-03 3.067476674914360046e-03
1.933562103658914566e-03 3.062967211008071899e-03
1.930162659846246243e-03 3.058590227738022804e-03
1.926872064359486103e-03 3.054365050047636032e-03
1.923688105307519436e-03 3.050288185477256775e-03
1.920610666275024414e-03 3.046341240406036377e-03
1.917637651786208153e-03 3.042504191398620605e-03
1.914767781272530556e-03 3.038745140656828880e-03
1.911999541334807873e-03 3.035048954188823700e-03
1.909330370835959911e-03 3.031430998817086220e-03
1.906758872792124748e-03 3.027893137186765671e-03
1.904283883050084114e-03 3.024448174983263016e-03
1.901902374811470509e-03 3.021111013367772102e-03
1.899612252600491047e-03 3.017878392711281776e-03
1.897411537356674671e-03 3.014741931110620499e-03
1.895297784358263016e-03 3.011707216501235962e-03
1.893269130960106850e-03 3.008768428117036819e-03
1.891323481686413288e-03 3.005938604474067688e-03
1.889458508230745792e-03 3.003242891281843185e-03
1.887671649456024170e-03 3.000675467774271965e-03
1.885961159132421017e-03 2.998225856572389603e-03
1.884324243292212486e-03 2.995883114635944366e-03
1.882759039290249348e-03 2.993625821545720100e-03
1.881262985989451408e-03 2.991460030898451805e-03
1.879833173006772995e-03 2.989391796290874481e-03
1.878468319773674011e-03 2.987422514706850052e-03
1.877165399491786957e-03 2.985547296702861786e-03
1.875922549515962601e-03 2.983758458867669106e-03
1.874736393801867962e-03 2.982038306072354317e-03
1.873605768196284771e-03 2.980387536808848381e-03
1.872528111562132835e-03 2.978800097480416298e-03
1.871501212008297443e-03 2.977274591103196144e-03
1.870522741228342056e-03 2.975815208628773689e-03
1.869590603746473789e-03 2.974416362121701241e-03
1.868702704086899757e-03 2.973077353090047836e-03
1.867856946773827076e-03 2.971792826429009438e-03
1.867051934823393822e-03 2.970558591187000275e-03
1.866284990683197975e-03 2.969373716041445732e-03
1.865554833784699440e-03 2.968237036839127541e-03
1.864859368652105331e-03 2.967144595459103584e-03
1.864196732640266418e-03 2.966094994917511940e-03
1.863565412349998951e-03 2.965082181617617607e-03
1.862963894382119179e-03 2.964112674817442894e-03
1.862390083260834217e-03 2.963186241686344147e-03
1.861843164078891277e-03 2.962304744869470596e-03
1.861321041360497475e-03 2.961468184366822243e-03
1.860823016613721848e-03 2.960674930363893509e-03
1.860347343608736992e-03 2.959918230772018433e-03
1.859892858192324638e-03 2.959203673526644707e-03
1.859458512626588345e-03 2.958524273708462715e-03
1.859042793512344360e-03 2.957878867164254189e-03
1.858644885942339897e-03 2.957263262942433357e-03
1.858263625763356686e-03 2.956672338768839836e-03
1.857898198068141937e-03 2.956106793135404587e-03
1.857547787949442863e-03 2.955566393211483955e-03
1.857210882008075714e-03 2.955049974843859673e-03
1.856887480244040489e-03 2.954562660306692123e-03
1.856576185673475266e-03 2.954094205051660538e-03
1.856276299804449081e-03 2.953648334369063377e-03
1.855987589806318283e-03 2.953215735033154488e-03
1.855709124356508255e-03 2.952793613076210022e-03
1.855439972132444382e-03 2.952384762465953827e-03
1.855180016718804836e-03 2.951985690742731094e-03
1.854928792454302311e-03 2.951602451503276825e-03
1.854685018770396709e-03 2.951227594166994095e-03
1.854449044913053513e-03 2.950867172330617905e-03
1.854220055975019932e-03 2.950517227873206139e-03
1.853997819125652313e-03 2.950177527964115143e-03
1.853781519457697868e-03 2.949852263554930687e-03
1.853571273386478424e-03 2.949538640677928925e-03
1.853366498835384846e-03 2.949238289147615433e-03
1.853166962973773479e-03 2.948948182165622711e-03
1.852971850894391537e-03 2.948667155578732491e-03
1.852782093919813633e-03 2.948394976556301117e-03
1.852595945820212364e-03 2.948132110759615898e-03
1.852414337918162346e-03 2.947877394035458565e-03
1.852236571721732616e-03 2.947632921859622002e-03
1.852062414400279522e-03 2.947395667433738708e-03
1.851891749538481236e-03 2.947166329249739647e-03
1.851724227890372276e-03 2.946945838630199432e-03
1.851559965871274471e-03 2.946732100099325180e-03
1.851398847065865993e-03 2.946526510640978813e-03
1.851239940151572227e-03 2.946327673271298409e-03
1.851084176450967789e-03 2.946133958175778389e-03
1.850930741056799889e-03 2.945947227999567986e-03
1.850779750384390354e-03 2.945761894807219505e-03
1.850630971603095531e-03 2.945583779364824295e-03
1.850484288297593594e-03 2.945405896753072739e-03
1.850339700467884541e-03 2.945238025858998299e-03
1.850197208113968372e-03 2.945067593827843666e-03
1.850056811235845089e-03 2.944906707853078842e-03
1.849917927756905556e-03 2.944747684523463249e-03
1.849781023338437080e-03 2.944593084976077080e-03
1.849645399488508701e-03 2.944442909210920334e-03
1.849511754699051380e-03 2.944291103631258011e-03
1.849379739724099636e-03 2.944149309769272804e-03
1.849248656071722507e-03 2.943997737020254135e-03
1.849119551479816437e-03 2.943865256384015083e-03
1.848991611041128635e-03 2.943711355328559875e-03
1.848865184001624584e-03 2.943593543022871017e-03
1.848739571869373322e-03 2.943437546491622925e-03
1.848615240305662155e-03 2.943339757621288300e-03
1.848492771387100220e-03 2.943169791251420975e-03
1.848370768129825592e-03 2.943107159808278084e-03
1.848250627517700195e-03 2.942904364317655563e-03
1.848131185397505760e-03 2.942908089607954025e-03
1.848012791015207767e-03 2.942619612440466881e-03
1.847895444370806217e-03 2.942763967439532280e-03
1.847779843956232071e-03 2.942277584224939346e-03
1.847665407694876194e-03 2.942742081359028816e-03
1.847553648985922337e-03 2.941783051937818527e-03
1.847446197643876076e-03 2.943021710962057114e-03
1.847349223680794239e-03 2.940910169854760170e-03
1.847275765612721443e-03 2.944140695035457611e-03
1.847261097282171249e-03 2.939204452559351921e-03
1.847398700192570686e-03 2.948002656921744347e-03
1.847936306148767471e-03 2.936548320576548576e-03
1.849552500061690807e-03 2.963081467896699905e-03
1.854068017564713955e-03 2.941319951787590981e-03
1.866510021500289440e-03 3.034332767128944397e-03
1.898887450806796551e-03 3.027745056897401810e-03
1.976829953491687775e-03 3.306612372398376465e-03
2.107553184032440186e-03 3.247793531045317650e-03
2.206972334533929825e-03 3.251674352213740349e-03
2.065470442175865173e-03 2.945834072306752205e-03
1.862251665443181992e-03 2.982076490297913551e-03
1.914168009534478188e-03 3.224092768505215645e-03
2.043651649728417397e-03 3.008933737874031067e-03
1.954475883394479752e-03 2.937670797109603882e-03
1.846927218139171600e-03 3.084248630329966545e-03
1.938965171575546265e-03 3.011690918356180191e-03
1.965922536328434944e-03 2.965396037325263023e-03
1.859043841250240803e-03 3.003170713782310486e-03
1.882092328742146492e-03 2.990785287693142891e-03
1.939907786436378956e-03 2.991223474964499474e-03
1.870647771283984184e-03 2.972531830891966820e-03
1.858312636613845825e-03 2.973484341055154800e-03
1.911751227453351021e-03 2.999086864292621613e-03
1.874298905022442341e-03 2.954493975266814232e-03
1.849221996963024139e-03 2.957029268145561218e-03
1.889471081085503101e-03 2.999375574290752411e-03
1.872576540336012840e-03 2.946797758340835571e-03
1.846236991696059704e-03 2.945302054286003113e-03
1.873760600574314594e-03 2.990706358104944229e-03
1.868803054094314575e-03 2.940240316092967987e-03
1.845544786192476749e-03 2.939059864729642868e-03
1.862905453890562057e-03 2.984666731208562851e-03
1.864766352809965611e-03 2.938313176855444908e-03
1.845864346250891685e-03 2.936785109341144562e-03
1.855369773693382740e-03 2.979878103360533714e-03
1.860748510807752609e-03 2.937468234449625015e-03
1.846503233537077904e-03 2.934900112450122833e-03
1.850269851274788380e-03 2.971634268760681152e-03
1.857024035416543484e-03 2.934145042672753334e-03
1.847226871177554131e-03 2.934377873316407204e-03
1.846930361352860928e-03 2.965604420751333237e-03
1.853601657785475254e-03 2.934902673587203026e-03
1.847879611887037754e-03 2.938370686024427414e-03
1.844994723796844482e-03 2.961927559226751328e-03
1.850416418164968491e-03 2.935925265774130821e-03
1.848175073973834515e-03 2.941219601780176163e-03
1.844196347519755363e-03 2.954821102321147919e-03
1.847631647251546383e-03 2.934179734438657761e-03
1.847927458584308624e-03 2.942816121503710747e-03
1.844170968979597092e-03 2.948012435808777809e-03
1.845450955443084240e-03 2.933190204203128815e-03
1.847121282480657101e-03 2.944872248917818069e-03
1.844520564191043377e-03 2.943292493000626564e-03
1.844030339270830154e-03 2.934242133051156998e-03
1.845885417424142361e-03 2.947434084489941597e-03
1.844812999479472637e-03 2.939892467111349106e-03
1.843385281972587109e-03 2.934874501079320908e-03
1.844530343078076839e-03 2.947775181382894516e-03
1.844740705564618111e-03 2.937573473900556564e-03
1.843329053372144699e-03 2.936862409114837646e-03
1.843422651290893555e-03 2.946764696389436722e-03
1.844192855060100555e-03 2.935941331088542938e-03
1.843478064984083176e-03 2.938956720754504204e-03
1.842828700318932533e-03 2.944528823718428612e-03
1.843368867412209511e-03 2.935779280960559845e-03
1.843422651290893555e-03 2.941681072115898132e-03
1.842697500251233578e-03 2.941820770502090454e-03
1.842640456743538380e-03 2.936030970886349678e-03
1.843005185946822166e-03 2.942981664091348648e-03
1.842707395553588867e-03 2.938790246844291687e-03
1.842268975451588631e-03 2.936605596914887428e-03
1.842410652898252010e-03 2.942710649222135544e-03
1.842522411607205868e-03 2.936766250059008598e-03
1.842177938669919968e-03 2.938081510365009308e-03
1.841962803155183792e-03 2.941344399005174637e-03
1.842094003222882748e-03 2.936162753030657768e-03
1.842060475610196590e-03 2.940173028036952019e-03
1.841777819208800793e-03 2.939811209216713905e-03
1.841668854467570782e-03 2.936928067356348038e-03
1.841741031967103481e-03 2.941429847851395607e-03
1.841654535382986069e-03 2.938278717920184135e-03
1.841439981944859028e-03 2.938290825113654137e-03
1.841364661231637001e-03 2.941111335530877113e-03
1.841386780142784119e-03 2.937297569587826729e-03
1.841295277699828148e-03 2.939601428806781769e-03
1.841128105297684669e-03 2.939614700153470039e-03
1.841054181568324566e-03 2.937408629804849625e-03
1.841044053435325623e-03 2.940409816801548004e-03
1.840963377617299557e-03 2.938100136816501617e-03
1.840827986598014832e-03 2.938233083114027977e-03
1.840746263042092323e-03 2.939903177320957184e-03
1.840714481659233570e-03 2.937352284789085388e-03
1.840646960772573948e-03 2.939271274954080582e-03
1.840534969232976437e-03 2.938645659014582634e-03
1.840444980189204216e-03 2.937625395134091377e-03
1.840395736508071423e-03 2.939607016742229462e-03
1.840337761677801609e-03 2.937675686553120613e-03
1.840245677158236504e-03 2.938578370958566666e-03
1.840153126977384090e-03 2.938915742561221123e-03
1.840088283643126488e-03 2.937535755336284637e-03
1.840032171458005905e-03 2.939168596640229225e-03
1.839957432821393013e-03 2.937877783551812172e-03
1.839869539253413677e-03 2.938123419880867004e-03
1.839792588725686073e-03 2.938751131296157837e-03
1.839730888605117798e-03 2.937399316579103470e-03
1.839666161686182022e-03 2.938589779660105705e-03
1.839589327573776245e-03 2.937696874141693115e-03
1.839509233832359314e-03 2.937701065093278885e-03
1.839438220486044884e-03 2.938359975814819336e-03
1.839373726397752762e-03 2.937296172603964806e-03
1.839306787587702274e-03 2.938279183581471443e-03
1.839232398197054863e-03 2.937628421932458878e-03
1.839157077483832836e-03 2.937637036666274071e-03
1.839087111875414848e-03 2.938108518719673157e-03
1.839021337218582630e-03 2.937251934781670570e-03
1.838954165577888489e-03 2.938043326139450073e-03
1.838883035816252232e-03 2.937430748715996742e-03
1.838810509070754051e-03 2.937573706731200218e-03
1.838740892708301544e-03 2.937812125310301781e-03
1.838673371821641922e-03 2.937218174338340759e-03
1.838607015088200569e-03 2.937860786914825439e-03
1.838539144955575466e-03 2.937234006822109222e-03
1.838468946516513824e-03 2.937525510787963867e-03
1.838399562984704971e-03 2.937453566119074821e-03
1.838331576436758041e-03 2.937141805887222290e-03
1.838264986872673035e-03 2.937564160674810410e-03
1.838198630139231682e-03 2.936996519565582275e-03
1.838131342083215714e-03 2.937410958111286163e-03
1.838063239119946957e-03 2.937087090685963631e-03
1.837995485402643681e-03 2.937128767371177673e-03
1.837928430177271366e-03 2.937241457402706146e-03
1.837862189859151840e-03 2.936908043920993805e-03
1.837796648032963276e-03 2.937263343483209610e-03
1.837730407714843750e-03 2.936840755864977837e-03
1.837664167396724224e-03 2.937128534540534019e-03
1.837597694247961044e-03 2.936888020485639572e-03
1.837531453929841518e-03 2.936902921646833420e-03
1.837466028518974781e-03 2.936942735686898232e-03
1.837400603108108044e-03 2.936713630333542824e-03
1.837335643358528614e-03 2.936944831162691116e-03
1.837270683608949184e-03 2.936609787866473198e-03
1.837205723859369755e-03 2.936853561550378799e-03
1.837140880525112152e-03 2.936579519882798195e-03
1.837076037190854549e-03 2.936707343906164169e-03
1.837011310271918774e-03 2.936584874987602234e-03
1.836946816183626652e-03 2.936547389253973961e-03
1.836882787756621838e-03 2.936583012342453003e-03
1.836818642914295197e-03 2.936409087851643562e-03
1.836754847317934036e-03 2.936550881713628769e-03
1.836691284552216530e-03 2.936305943876504898e-03
1.836627954617142677e-03 2.936491742730140686e-03
1.836564624682068825e-03 2.936234930530190468e-03
1.836501294746994972e-03 2.936405595391988754e-03
1.836437964811921120e-03 2.936169737949967384e-03
1.836374634876847267e-03 2.936300355941057205e-03
1.836311770603060722e-03 2.936109434813261032e-03
1.836249371990561485e-03 2.936194883659482002e-03
1.836186624132096767e-03 2.936050062999129295e-03
1.836124225519597530e-03 2.936093136668205261e-03
1.836061826907098293e-03 2.935988130047917366e-03
1.836000010371208191e-03 2.936001634225249290e-03
1.835937844589352608e-03 2.935921773314476013e-03
1.835875911638140678e-03 2.935911528766155243e-03
1.835814327932894230e-03 2.935851225629448891e-03
1.835752627812325954e-03 2.935826545581221581e-03
1.835691276937723160e-03 2.935778349637985229e-03
1.835630042478442192e-03 2.935743657872080803e-03
1.835568808019161224e-03 2.935703145340085030e-03
1.835507922805845737e-03 2.935662167146801949e-03
1.835447154007852077e-03 2.935626311227679253e-03
1.835386501625180244e-03 2.935578813776373863e-03
1.835325616411864758e-03 2.935551339760422707e-03
1.835265196859836578e-03 2.935498021543025970e-03
1.835204893723130226e-03 2.935477765277028084e-03
1.835144590586423874e-03 2.935412572696805000e-03
1.835084520280361176e-03 2.935407217592000961e-03
1.835024682804942131e-03 2.935318741947412491e-03
1.834964728914201260e-03 2.935346914455294609e-03
1.834905240684747696e-03 2.935207914561033249e-03
1.834845519624650478e-03 2.935310825705528259e-03
1.834786380641162395e-03 2.935064025223255157e-03
1.834727125242352486e-03 2.935332013294100761e-03
1.834668568335473537e-03 2.934838179498910904e-03
1.834610942751169205e-03 2.935480093583464622e-03
1.834554481320083141e-03 2.934420714154839516e-03
1.834501978009939194e-03 2.935961587354540825e-03
1.834458555094897747e-03 2.933553652837872505e-03
1.834436436183750629e-03 2.937344834208488464e-03
1.834466936998069286e-03 2.931696828454732895e-03
1.834630151279270649e-03 2.941492479294538498e-03
1.835133763961493969e-03 2.928322879597544670e-03
1.836520736105740070e-03 2.955886768177151680e-03
1.840223674662411213e-03 2.928551519289612770e-03
1.850095693953335285e-03 3.018259536474943161e-03
1.876138267107307911e-03 2.991946879774332047e-03
1.944160438142716885e-03 3.325557336211204529e-03
2.106168540194630623e-03 3.433305770158767700e-03
2.427582629024982452e-03 4.101240541785955429e-03
2.753215841948986053e-03 3.627788275480270386e-03
2.606180962175130844e-03 3.165235975757241249e-03
1.989342505112290382e-03 3.069472033530473709e-03
1.920100417919456959e-03 3.340282477438449860e-03
2.324759261682629585e-03 3.380964975804090500e-03
2.172212116420269012e-03 2.915091812610626221e-03
1.839866279624402523e-03 3.074593609198927879e-03
2.068093046545982361e-03 3.313984256237745285e-03
2.121146768331527710e-03 2.900265157222747803e-03
1.849937834776937962e-03 2.987749176099896431e-03
1.976050436496734619e-03 3.224490676075220108e-03
2.039523096755146980e-03 2.919101389124989510e-03
1.844647806137800217e-03 2.980944933369755745e-03
1.944832620210945606e-03 3.151751356199383736e-03
1.972005004063248634e-03 2.932801377028226852e-03
1.838834374211728573e-03 2.974651288241147995e-03
1.931389560922980309e-03 3.070395207032561302e-03
1.916009117849171162e-03 2.937759039923548698e-03
1.839849282987415791e-03 2.955826232209801674e-03
1.919754082337021828e-03 3.003077581524848938e-03
1.874544890597462654e-03 2.960255369544029236e-03
1.848239568062126637e-03 2.949422923848032951e-03
1.902765245176851749e-03 2.966003026813268661e-03
1.849411055445671082e-03 2.983897691592574120e-03
1.857892260886728764e-03 2.942637307569384575e-03
1.881767064332962036e-03 2.947613829746842384e-03
1.838456955738365650e-03 2.998883370310068130e-03
1.863265410065650940e-03 2.931903349235653877e-03
1.861975528299808502e-03 2.932688454166054726e-03
1.837096409872174263e-03 2.997195813804864883e-03
1.862327218987047672e-03 2.926158951595425606e-03
1.848037703894078732e-03 2.928058151155710220e-03
1.840021694079041481e-03 2.990146167576313019e-03
1.857040217146277428e-03 2.930990653112530708e-03
1.839995966292917728e-03 2.930876100435853004e-03
1.842901227064430714e-03 2.980492776259779930e-03
1.850393717177212238e-03 2.934792777523398399e-03
1.836580689996480942e-03 2.927003428339958191e-03
1.844107056967914104e-03 2.965088235214352608e-03
1.844539423473179340e-03 2.936406992375850677e-03
1.835964387282729149e-03 2.922965912148356438e-03
1.843642792664468288e-03 2.951389411464333534e-03
1.840311801061034203e-03 2.938306424766778946e-03
1.836360548622906208e-03 2.923056716099381447e-03
1.842172467149794102e-03 2.946165390312671661e-03
1.837656833231449127e-03 2.944011008366942406e-03
1.836773124523460865e-03 2.926400629803538322e-03
1.840409124270081520e-03 2.943839179351925850e-03
1.836232026107609272e-03 2.947227098047733307e-03
1.836927956901490688e-03 2.927494468167424202e-03
1.838800380937755108e-03 2.939196536317467690e-03
1.835521310567855835e-03 2.945501357316970825e-03
1.836798503063619137e-03 2.927388530224561691e-03
1.837518298998475075e-03 2.937107114121317863e-03
1.835152390412986279e-03 2.945094602182507515e-03
1.836472656577825546e-03 2.928347792476415634e-03
1.836567302234470844e-03 2.935834694653749466e-03
1.834932714700698853e-03 2.944467589259147644e-03
1.836067414842545986e-03 2.929842099547386169e-03
1.835882198065519333e-03 2.934949938207864761e-03
1.834769616834819317e-03 2.942456863820552826e-03
1.835654838941991329e-03 2.929721726104617119e-03
1.835374976508319378e-03 2.934049116447567940e-03
1.834606518968939781e-03 2.941037062555551529e-03
1.835266477428376675e-03 2.929989248514175415e-03
1.834995229728519917e-03 2.933835145086050034e-03
1.834438182413578033e-03 2.940379781648516655e-03
1.834914786741137505e-03 2.931142691522836685e-03
1.834698836319148540e-03 2.934290561825037003e-03
1.834271824918687344e-03 2.939247060567140579e-03
1.834603142924606800e-03 2.931128488853573799e-03
1.834449940361082554e-03 2.934331074357032776e-03
1.834105351008474827e-03 2.938423538580536842e-03
1.834322116337716579e-03 2.931352704763412476e-03
1.834227005019783974e-03 2.934309653937816620e-03
1.833942253142595291e-03 2.937409095466136932e-03
1.834072056226432323e-03 2.931616967543959618e-03
1.834024442359805107e-03 2.934806747362017632e-03
1.833784161135554314e-03 2.936950186267495155e-03
1.833843998610973358e-03 2.932142931967973709e-03
1.833830028772354126e-03 2.935522235929965973e-03
1.833631889894604683e-03 2.936757635325193405e-03
1.833634334616363049e-03 2.932673553004860878e-03
1.833640621043741703e-03 2.935872180387377739e-03
1.833483460359275341e-03 2.936158096417784691e-03
1.833442249335348606e-03 2.932988340035080910e-03
1.833454123698174953e-03 2.936151344329118729e-03
1.833337009884417057e-03 2.935567172244191170e-03
1.833266112953424454e-03 2.933163428679108620e-03
1.833269721828401089e-03 2.936131553724408150e-03
1.833188231103122234e-03 2.934930380433797836e-03
1.833101850934326649e-03 2.933338517323136330e-03
1.833089045248925686e-03 2.935895463451743126e-03
1.833035610616207123e-03 2.934184391051530838e-03
1.832947949878871441e-03 2.933385549113154411e-03
1.832914538681507111e-03 2.935455646365880966e-03
1.832878333516418934e-03 2.933511277660727501e-03
1.832800451666116714e-03 2.933505689725279808e-03
1.832748064771294594e-03 2.935065189376473427e-03
1.832716399803757668e-03 2.933171344920992851e-03
1.832653768360614777e-03 2.933763200417160988e-03
1.832591020502150059e-03 2.934615360572934151e-03
1.832553884014487267e-03 2.932960167527198792e-03
1.832504989579319954e-03 2.933998592197895050e-03
1.832441310398280621e-03 2.934154123067855835e-03
1.832394162192940712e-03 2.932858886197209358e-03
1.832352019846439362e-03 2.934024669229984283e-03
1.832294859923422337e-03 2.933568088337779045e-03
1.832240144722163677e-03 2.932789269834756851e-03
1.832197187468409538e-03 2.933861222118139267e-03
1.832147594541311264e-03 2.933038631454110146e-03
1.832091482356190681e-03 2.932896837592124939e-03
1.832043402828276157e-03 2.933724783360958099e-03
1.831998233683407307e-03 2.932763891294598579e-03
1.831945846788585186e-03 2.933058654889464378e-03
1.831893576309084892e-03 2.933399984613060951e-03
1.831847359426319599e-03 2.932550618425011635e-03
1.831799745559692383e-03 2.933122916147112846e-03
1.831747475080192089e-03 2.932966686785221100e-03
1.831698231399059296e-03 2.932423260062932968e-03
1.831651898100972176e-03 2.933057257905602455e-03
1.831602887250483036e-03 2.932590199634432793e-03
1.831552363000810146e-03 2.932460047304630280e-03
1.831504399888217449e-03 2.932877046987414360e-03
1.831457135267555714e-03 2.932266565039753914e-03
1.831408357247710228e-03 2.932467963546514511e-03
1.831358764320611954e-03 2.932525938376784325e-03
1.831311616115272045e-03 2.932011149823665619e-03
1.831264467909932137e-03 2.932370873168110847e-03
1.831215806305408478e-03 2.932134550064802170e-03
1.831167261116206646e-03 2.931932220235466957e-03
1.831119880080223083e-03 2.932243049144744873e-03
1.831072964705526829e-03 2.931836061179637909e-03
1.831024885177612305e-03 2.931917319074273109e-03
1.830977038480341434e-03 2.931997645646333694e-03
1.830929890275001526e-03 2.931634895503520966e-03
1.830883440561592579e-03 2.931857015937566757e-03
1.830835943110287189e-03 2.931670052930712700e-03
1.830788562074303627e-03 2.931507537141442299e-03
1.830741646699607372e-03 2.931680763140320778e-03
1.830695196986198425e-03 2.931368304416537285e-03
1.830648398026823997e-03 2.931428840383887291e-03
1.830601482652127743e-03 2.931420225650072098e-03
1.830554916523396969e-03 2.931180410087108612e-03
1.830508583225309849e-03 2.931326627731323242e-03
1.830462249927222729e-03 2.931129187345504761e-03
1.830415683798491955e-03 2.931061666458845139e-03
1.830369583331048489e-03 2.931120572611689568e-03
1.830323599278926849e-03 2.930880058556795120e-03
1.830277615226805210e-03 2.930951304733753204e-03
1.830231514759361744e-03 2.930844901129603386e-03
1.830185530707240105e-03 2.930719638243317604e-03
1.830139895901083946e-03 2.930786926299333572e-03
1.830094144679605961e-03 2.930593909695744514e-03
1.830048975534737110e-03 2.930607879534363747e-03
1.830003224313259125e-03 2.930553164333105087e-03
1.829957822337746620e-03 2.930409274995326996e-03
1.829912536777555943e-03 2.930453978478908539e-03
1.829867600463330746e-03 2.930293558165431023e-03
1.829821965657174587e-03 2.930267946794629097e-03
1.829776912927627563e-03 2.930231392383575439e-03
1.829732093028724194e-03 2.930094487965106964e-03
1.829687505960464478e-03 2.930121263489127159e-03
1.829642686061561108e-03 2.929988782852888107e-03
1.829598215408623219e-03 2.929956186562776566e-03
1.829553395509719849e-03 2.929916838183999062e-03
1.829508924856781960e-03 2.929795533418655396e-03
1.829464687034487724e-03 2.929805079475045204e-03
1.829420332796871662e-03 2.929685870185494423e-03
1.829375862143933773e-03 2.929649781435728073e-03
1.829331740736961365e-03 2.929597627371549606e-03
1.829287968575954437e-03 2.929494949057698250e-03
1.829243847168982029e-03 2.929489128291606903e-03
1.829199958592653275e-03 2.929378533735871315e-03
1.829156535677611828e-03 2.929345704615116119e-03
1.829112763516604900e-03 2.929280744865536690e-03
1.829068991355597973e-03 2.929196693003177643e-03
1.829025684855878353e-03 2.929174341261386871e-03
1.828982145525515079e-03 2.929069334641098976e-03
1.828939071856439114e-03 2.929040230810642242e-03
1.828895998187363148e-03 2.928960137069225311e-03
1.828852691687643528e-03 2.928895642980933189e-03
1.828809734433889389e-03 2.928852569311857224e-03
1.828766660764813423e-03 2.928760135546326637e-03
1.828723936341702938e-03 2.928731497377157211e-03
1.828681211918592453e-03 2.928644418716430664e-03
1.828638487495481968e-03 2.928597619757056236e-03
1.828595763072371483e-03 2.928534988313913345e-03
1.828553387895226479e-03 2.928460715338587761e-03
1.828511012718081474e-03 2.928419271484017372e-03
1.828468753956258297e-03 2.928333356976509094e-03
1.828426378779113293e-03 2.928294474259018898e-03
1.828384352847933769e-03 2.928213682025671005e-03
1.828342443332076073e-03 2.928161993622779846e-03
1.828300300985574722e-03 2.928098896518349648e-03
1.828258507885038853e-03 2.928031841292977333e-03
1.828216598369181156e-03 2.927983179688453674e-03
1.828174921683967113e-03 2.927907509729266167e-03
1.828133594244718552e-03 2.927859546616673470e-03
1.828091801144182682e-03 2.927788998931646347e-03
1.828050590120255947e-03 2.927733119577169418e-03
1.828009379096329212e-03 2.927670953795313835e-03
1.827968051657080650e-03 2.927606925368309021e-03
1.827927073463797569e-03 2.927553374320268631e-03
1.827885862439870834e-03 2.927483292296528816e-03
1.827845000661909580e-03 2.927433000877499580e-03
1.827804138883948326e-03 2.927361521869897842e-03
1.827763393521308899e-03 2.927312394604086876e-03
1.827722880989313126e-03 2.927240915596485138e-03
1.827682135626673698e-03 2.927189227193593979e-03
1.827641855925321579e-03 2.927121939137578011e-03
1.827601459808647633e-03 2.927067456766963005e-03
1.827561180107295513e-03 2.927002264186739922e-03
1.827521133236587048e-03 2.926945220679044724e-03
1.827480737119913101e-03 2.926883054897189140e-03
1.827440690249204636e-03 2.926825080066919327e-03
1.827400643378496170e-03 2.926765242591500282e-03
1.827361062169075012e-03 2.926702843979001045e-03
1.827321248129010201e-03 2.926647663116455078e-03
1.827281550504267216e-03 2.926580840721726418e-03
1.827242318540811539e-03 2.926528686657547951e-03
1.827202620916068554e-03 2.926461864262819290e-03
1.827163272537291050e-03 2.926409244537353516e-03
1.827124040573835373e-03 2.926341956481337547e-03
1.827085157856345177e-03 2.926290500909090042e-03
1.827045809477567673e-03 2.926222281530499458e-03
1.827006693929433823e-03 2.926174551248550415e-03
1.826968044042587280e-03 2.926103305071592331e-03
1.826929044909775257e-03 2.926057903096079826e-03
1.826890395022928715e-03 2.925982233136892319e-03
1.826851628720760345e-03 2.925941953435540199e-03
1.826813560910522938e-03 2.925859764218330383e-03
1.826774445362389088e-03 2.925829961895942688e-03
1.826736028306186199e-03 2.925732871517539024e-03
1.826698076911270618e-03 2.925722394138574600e-03
1.826659776270389557e-03 2.925602952018380165e-03
1.826622057706117630e-03 2.925622276961803436e-03
1.826583873480558395e-03 2.925460925325751305e-03
1.826546154916286469e-03 2.925538923591375351e-03
1.826508319936692715e-03 2.925298409536480904e-03
1.826470717787742615e-03 2.925485838204622269e-03
1.826433348469436169e-03 2.925092121586203575e-03
1.826396211981773376e-03 2.925494452938437462e-03
1.826359541155397892e-03 2.924798754975199699e-03
1.826323685236275196e-03 2.925638109445571899e-03
1.826289226301014423e-03 2.924320753663778305e-03
1.826257910579442978e-03 2.926082815974950790e-03
1.826233114115893841e-03 2.923451596871018410e-03
1.826221821829676628e-03 2.927229041233658791e-03
1.826240564696490765e-03 2.921770792454481125e-03
1.826326013542711735e-03 2.930160844698548317e-03
1.826560241170227528e-03 2.918609883636236191e-03
1.827134285122156143e-03 2.938233548775315285e-03
1.828496227972209454e-03 2.914123469963669777e-03
1.831702189520001411e-03 2.963922452181577682e-03
1.839277218095958233e-03 2.919019432738423347e-03
1.857247320003807545e-03 3.062258241698145866e-03
1.899849274195730686e-03 3.016638569533824921e-03
1.998751424252986908e-03 3.473094198852777481e-03
2.214653883129358292e-03 3.561313264071941376e-03
2.608766546472907066e-03 4.482402000576257706e-03
3.068838501349091530e-03 3.978140652179718018e-03
3.019002499058842659e-03 3.509647678583860397e-03
2.267926000058650970e-03 2.953111659735441208e-03
1.843853737227618694e-03 3.291526809334754944e-03
2.306237118318676949e-03 3.728376468643546104e-03
2.465018769726157188e-03 2.939608646556735039e-03
1.937036868184804916e-03 2.941121347248554230e-03
1.949598314240574837e-03 3.503642277792096138e-03
2.271773526445031166e-03 2.951227826997637749e-03
1.978378277271986008e-03 2.893485361710190773e-03
1.874325214885175228e-03 3.348890691995620728e-03
2.125301863998174667e-03 2.941610058769583702e-03
1.936710556037724018e-03 2.906631445512175560e-03
1.867425860837101936e-03 3.243046114221215248e-03
2.039693063125014305e-03 2.916489727795124054e-03
1.882596639916300774e-03 2.914182608947157860e-03
1.880525029264390469e-03 3.149009775370359421e-03
1.977455569431185722e-03 2.894056728109717369e-03
1.844534534029662609e-03 2.916787285357713699e-03
1.896569970995187759e-03 3.073675790801644325e-03
1.921749091707170010e-03 2.912600990384817123e-03
1.832483336329460144e-03 2.924054628238081932e-03
1.903619384393095970e-03 3.007580293342471123e-03
1.874601701274514198e-03 2.945584477856755257e-03
1.839128090068697929e-03 2.926155924797058105e-03
1.894144574180245399e-03 2.963605802506208420e-03
1.844047917984426022e-03 2.980777062475681305e-03
1.851676963269710541e-03 2.921605017036199570e-03
1.873319270089268684e-03 2.936943434178829193e-03
1.831985427998006344e-03 3.000726224854588509e-03
1.859053270891308784e-03 2.913935575634241104e-03
1.851740991696715355e-03 2.918214071542024612e-03
1.833068905398249626e-03 2.995393471792340279e-03
1.857112860307097435e-03 2.913682255893945694e-03
1.837163115851581097e-03 2.912000752985477448e-03
1.838426454924046993e-03 2.978916978463530540e-03
1.849102787673473358e-03 2.919666934758424759e-03
1.831163070164620876e-03 2.909878036007285118e-03
1.841911929659545422e-03 2.961535938084125519e-03
1.840333570726215839e-03 2.932079136371612549e-03
1.830997411161661148e-03 2.909763716161251068e-03
1.841548481024801731e-03 2.945007989183068275e-03
1.833888236433267593e-03 2.941879443824291229e-03
1.832764013670384884e-03 2.910539740696549416e-03
1.838641590438783169e-03 2.932837232947349548e-03
1.830798573791980743e-03 2.946543740108609200e-03
1.834102207794785500e-03 2.912988187745213509e-03
1.835142495110630989e-03 2.926397137343883514e-03
1.829966204240918159e-03 2.948218258097767830e-03
1.834210939705371857e-03 2.915932564064860344e-03
1.832336070947349072e-03 2.921754494309425354e-03
1.830168883316218853e-03 2.946241060271859169e-03
1.833413843996822834e-03 2.919279970228672028e-03
1.830603810958564281e-03 2.919045742601156235e-03
1.830531284213066101e-03 2.942240796983242035e-03
1.832255511544644833e-03 2.922395709902048111e-03
1.829728367738425732e-03 2.918172627687454224e-03
1.830678316764533520e-03 2.938626799732446671e-03
1.831167261116206646e-03 2.925427164882421494e-03
1.829368993639945984e-03 2.918632235378026962e-03
1.830541761592030525e-03 2.935920376330614090e-03
1.830283319577574730e-03 2.927568042650818825e-03
1.829227781854569912e-03 2.918591257184743881e-03
1.830247114412486553e-03 2.932729432359337807e-03
1.829666900448501110e-03 2.928560134023427963e-03
1.829152344726026058e-03 2.919016173109412193e-03
1.829881686717271805e-03 2.930327551439404488e-03
1.829238724894821644e-03 2.929062349721789360e-03
1.829054090194404125e-03 2.919884165748953819e-03
1.829517306759953499e-03 2.928921021521091461e-03
1.828944426961243153e-03 2.929192734882235527e-03
1.828931039199233055e-03 2.920559141784906387e-03
1.829195185564458370e-03 2.928006928414106369e-03
1.828728127293288708e-03 2.929435111582279205e-03
1.828780747018754482e-03 2.921447390690445900e-03
1.828914508223533630e-03 2.927203662693500519e-03
1.828551874496042728e-03 2.929133828729391098e-03
1.828618231229484081e-03 2.922282088547945023e-03
1.828674692660570145e-03 2.927053021267056465e-03
1.828395645134150982e-03 2.928950125351548195e-03
1.828450825996696949e-03 2.922909334301948547e-03
1.828466658480465412e-03 2.926974790170788765e-03
1.828251639381051064e-03 2.928759902715682983e-03
1.828285749070346355e-03 2.923380583524703979e-03
1.828280976042151451e-03 2.926713088527321815e-03
1.828111824579536915e-03 2.928275614976882935e-03
1.828124863095581532e-03 2.923761028796434402e-03
1.828111475333571434e-03 2.926619024947285652e-03
1.827975502237677574e-03 2.927644643932580948e-03
1.827970147132873535e-03 2.923720283433794975e-03
1.827952917665243149e-03 2.926382003352046013e-03
1.827841391786932945e-03 2.927122870460152626e-03
1.827820204198360443e-03 2.923768246546387672e-03
1.827801926992833614e-03 2.926164772361516953e-03
1.827708794735372066e-03 2.926567103713750839e-03
1.827675616368651390e-03 2.923837164416909218e-03
1.827655942179262638e-03 2.926055807620286942e-03
1.827577943913638592e-03 2.926039276644587517e-03
1.827535685151815414e-03 2.923819236457347870e-03
1.827513915486633778e-03 2.925894455984234810e-03
1.827448257245123386e-03 2.925493754446506500e-03
1.827399828471243382e-03 2.923646243289113045e-03
1.827374682761728764e-03 2.925458829849958420e-03
1.827319152653217316e-03 2.924768719822168350e-03
1.827267697080969810e-03 2.923425287008285522e-03
1.827238709665834904e-03 2.925067208707332611e-03
1.827190979383885860e-03 2.924179425463080406e-03
1.827138359658420086e-03 2.923341700807213783e-03
1.827104948461055756e-03 2.924819244071841240e-03
1.827063388191163540e-03 2.923814114183187485e-03
1.827012049034237862e-03 2.923398977145552635e-03
1.826974097639322281e-03 2.924603177234530449e-03
1.826935796998441219e-03 2.923509106040000916e-03
1.826887484639883041e-03 2.923414111137390137e-03
1.826845924369990826e-03 2.924259286373853683e-03
1.826808787882328033e-03 2.923152642324566841e-03
1.826763967983424664e-03 2.923357766121625900e-03
1.826720079407095909e-03 2.923877909779548645e-03
1.826682710088789463e-03 2.922864165157079697e-03
1.826641033403575420e-03 2.923290245234966278e-03
1.826597261242568493e-03 2.923490479588508606e-03
1.826557912863790989e-03 2.922651125118136406e-03
1.826518680900335312e-03 2.923193387687206268e-03
1.826475956477224827e-03 2.923100488260388374e-03
1.826435094699263573e-03 2.922506071627140045e-03
1.826396561227738857e-03 2.923070453107357025e-03
1.826355350203812122e-03 2.922729123383760452e-03
1.826314372010529041e-03 2.922380343079566956e-03
1.826275489293038845e-03 2.922869520261883736e-03
1.826235908083617687e-03 2.922397339716553688e-03
1.826195162720978260e-03 2.922294428572058678e-03
1.826155814342200756e-03 2.922614570707082748e-03
1.826117164455354214e-03 2.922098850831389427e-03
1.826077233999967575e-03 2.922206418588757515e-03
1.826037652790546417e-03 2.922320039942860603e-03
1.825999119319021702e-03 2.921853447332978249e-03
1.825960120186209679e-03 2.922079758718609810e-03
1.825920888222754002e-03 2.921995474025607109e-03
1.825882121920585632e-03 2.921661362051963806e-03
1.825843821279704571e-03 2.921899780631065369e-03
1.825805287808179855e-03 2.921652281656861305e-03
1.825766521506011486e-03 2.921501873061060905e-03
1.825728220865130424e-03 2.921693725511431694e-03
1.825690269470214844e-03 2.921380335465073586e-03
1.825652085244655609e-03 2.921390580013394356e-03
1.825614017434418201e-03 2.921454142779111862e-03
1.825576415285468102e-03 2.921160543337464333e-03
1.825538580305874348e-03 2.921263221651315689e-03
1.825501094572246075e-03 2.921171486377716064e-03
1.825463259592652321e-03 2.920962171629071236e-03
1.825426123104989529e-03 2.921080449596047401e-03
1.825388753786683083e-03 2.920884406194090843e-03
1.825351500883698463e-03 2.920797327533364296e-03
1.825314480811357498e-03 2.920857165008783340e-03
1.825277693569660187e-03 2.920638769865036011e-03
1.825240673497319221e-03 2.920657629147171974e-03
1.825204119086265564e-03 2.920615021139383316e-03
1.825167448259890079e-03 2.920434344559907913e-03
1.825130893848836422e-03 2.920490922406315804e-03
1.825094572268426418e-03 2.920357044786214828e-03
1.825058134272694588e-03 2.920263446867465973e-03
1.825021696276962757e-03 2.920286031439900398e-03
1.824985723942518234e-03 2.920118626207113266e-03
1.824949868023395538e-03 2.920103957876563072e-03
1.824913779273629189e-03 2.920054132118821144e-03
1.824877923354506493e-03 2.919912571087479591e-03
1.824842300266027451e-03 2.919930499047040939e-03
1.824806560762226582e-03 2.919814083725214005e-03
1.824771170504391193e-03 2.919739577919244766e-03
1.824735780246555805e-03 2.919727005064487457e-03
1.824700389988720417e-03 2.919591497629880905e-03
1.824665232561528683e-03 2.919573569670319557e-03
1.824629958719015121e-03 2.919504651799798012e-03
1.824595034122467041e-03 2.919400809332728386e-03
1.824560109525918961e-03 2.919393358752131462e-03
1.824525301344692707e-03 2.919282298535108566e-03
1.824490725994110107e-03 2.919229911640286446e-03
1.824456034228205681e-03 2.919187070801854134e-03
1.824421342462301254e-03 2.919078338891267776e-03
1.824386999942362309e-03 2.919057849794626236e-03
1.824352890253067017e-03 2.918968908488750458e-03
1.824318547733128071e-03 2.918897429481148720e-03
1.824284321628510952e-03 2.918862039223313332e-03
1.824250444769859314e-03 2.918758662417531013e-03
1.824216451495885849e-03 2.918723272159695625e-03
1.824182691052556038e-03 2.918650163337588310e-03
1.824148930609226227e-03 2.918571000918745995e-03
1.824115170165896416e-03 2.918537473306059837e-03
1.824081758968532085e-03 2.918442478403449059e-03
1.824048231355845928e-03 2.918398473411798477e-03
1.824014703743159771e-03 2.918334212154150009e-03
1.823981525376439095e-03 2.918255282565951347e-03
1.823948114179074764e-03 2.918216399848461151e-03
1.823915285058319569e-03 2.918130252510309219e-03
1.823882339522242546e-03 2.918078331276774406e-03
1.823849510401487350e-03 2.918015001341700554e-03
1.823816681280732155e-03 2.917938632890582085e-03
1.823783735744655132e-03 2.917896723374724388e-03
1.823751023039221764e-03 2.917814999818801880e-03
1.823718659579753876e-03 2.917763544246554375e-03
1.823686063289642334e-03 2.917702076956629753e-03
1.823653816245496273e-03 2.917629666626453400e-03
1.823621336370706558e-03 2.917583100497722626e-03
1.823589322157204151e-03 2.917506499215960503e-03
1.823557307943701744e-03 2.917454577982425690e-03
1.823525060899555683e-03 2.917392179369926453e-03
1.823493163101375103e-03 2.917321398854255676e-03
1.823461381718516350e-03 2.917273202911019325e-03
1.823429716750979424e-03 2.917198929935693741e-03
1.823398051783442497e-03 2.917148405686020851e-03
1.823366386815905571e-03 2.917083445936441422e-03
1.823334838263690472e-03 2.917021280154585838e-03
1.823303173296153545e-03 2.916966332122683525e-03
1.823271973989903927e-03 2.916896482929587364e-03
1.823241007514297962e-03 2.916845493018627167e-03
1.823209808208048344e-03 2.916778204962611198e-03
1.823178492486476898e-03 2.916722558438777924e-03
1.823147526010870934e-03 2.916661789640784264e-03
1.823116908781230450e-03 2.916599623858928680e-03
1.823085942305624485e-03 2.916544442996382713e-03
1.823055325075984001e-03 2.916479483246803284e-03
