4.002076745033263938e-01 4.196272850036620872e-01
3.539815306663512962e-01 3.719455599784851074e-01
3.142397999763488770e-01 3.292769551277160422e-01
2.779636681079864502e-01 2.915465354919433705e-01
2.456880033016204945e-01 2.582450985908508190e-01
2.175591468811035045e-01 2.286737561225891113e-01
1.930008322000503485e-01 2.026231884956359863e-01
1.710335701704025213e-01 1.798850715160369984e-01
1.513283878564834484e-01 1.600963532924652155e-01
1.350176617503166254e-01 1.425009012222289984e-01
1.214163079857826233e-01 1.271002292633056641e-01
1.097064331173896734e-01 1.137699902057647677e-01
9.772926568984985352e-02 1.025288641452789251e-01
8.824036717414855679e-02 9.273335635662079135e-02
8.117232918739318570e-02 8.407051563262939176e-02
7.392249554395675937e-02 7.671385407447814386e-02
6.849700734019278925e-02 7.035540044307708740e-02
6.318944841623305719e-02 6.497029662132262906e-02
5.884297192096710205e-02 6.036041676998138428e-02
5.532432198524474959e-02 5.636808574199676791e-02
5.211548507213592529e-02 5.291085392236709317e-02
4.936776831746101518e-02 4.993033707141876498e-02
4.692171663045883317e-02 4.735490232706070224e-02
4.474018886685371399e-02 4.510405659675598145e-02
4.290093407034874240e-02 4.310613721609115462e-02
4.121539555490016937e-02 4.133850932121276717e-02
3.968534022569656511e-02 3.974527418613434115e-02
3.828142359852790971e-02 3.827849030494689941e-02
3.690164834260940829e-02 3.696262985467910905e-02
3.568608760833739957e-02 3.573272526264190813e-02
3.455297425389289995e-02 3.457090854644775252e-02
3.348713442683219632e-02 3.348603770136833468e-02
3.244841173291206082e-02 3.247715160250663757e-02
3.146861717104911665e-02 3.153859302401542525e-02
3.053308278322219849e-02 3.066051527857780595e-02
2.970354706048965523e-02 2.982147932052612443e-02
2.881853915750980447e-02 2.903280407190322876e-02
2.799984365701675346e-02 2.827573716640472551e-02
2.726446688175201277e-02 2.755600959062576294e-02
2.652456909418106010e-02 2.685774639248848100e-02
2.583576031029224257e-02 2.618516236543655396e-02
2.518862411379814079e-02 2.557184994220733712e-02
2.457523830235004356e-02 2.497272491455078056e-02
2.398554272949695448e-02 2.440963163971900801e-02
2.338340543210506300e-02 2.387930229306221147e-02
2.286369875073433061e-02 2.337343320250511239e-02
2.235374152660369804e-02 2.289926409721374650e-02
2.182292677462100913e-02 2.244576439261436462e-02
2.137374579906463692e-02 2.198618799448013444e-02
2.089001946151256700e-02 2.154885977506637573e-02
2.044860310852527480e-02 2.111720070242881914e-02
2.001878619194030762e-02 2.069548815488815238e-02
1.959092393517494063e-02 2.031073495745659013e-02
1.921790391206741264e-02 1.992920711636543205e-02
1.882933601737022539e-02 1.956977024674415658e-02
1.847427263855934074e-02 1.924269422888755937e-02
1.813325360417366097e-02 1.893913969397544722e-02
1.780995130538940568e-02 1.865245774388313293e-02
1.750609129667281966e-02 1.837899163365364075e-02
1.723005585372448106e-02 1.812697201967239380e-02
1.695240736007690499e-02 1.788322627544403076e-02
1.665616407990455627e-02 1.766423135995864868e-02
1.642674431204795699e-02 1.743891462683677673e-02
1.615612693130969932e-02 1.722927391529083252e-02
1.594260036945343087e-02 1.705466806888580183e-02
1.570458225905895303e-02 1.689488515257835458e-02
1.549953203648328851e-02 1.671902090311050415e-02
1.527634784579277004e-02 1.655403412878513406e-02
1.507485248148441280e-02 1.640108972787857056e-02
1.488889846950769424e-02 1.624479778110981057e-02
1.471281824633479188e-02 1.610755696892738481e-02
1.451506912708282540e-02 1.597274467349052429e-02
1.435235105454921688e-02 1.583632454276084900e-02
1.419514827430248295e-02 1.567536666989326546e-02
1.401214376091957162e-02 1.553060486912727356e-02
1.385732106864452293e-02 1.539019644260406459e-02
1.368625592440366780e-02 1.527137272059917415e-02
1.354279667139053275e-02 1.514631845057010616e-02
1.337722595781087875e-02 1.505491547286510502e-02
1.324094627052545617e-02 1.498898081481456722e-02
1.309100631624460220e-02 1.490235514938831329e-02
1.296137776225805317e-02 1.481369212269783089e-02
1.282094679772853921e-02 1.470717526972293784e-02
1.269354308024048771e-02 1.460229940712451900e-02
1.256411280483007466e-02 1.450326181948185036e-02
1.244625709950923989e-02 1.442008800804614986e-02
1.232474669814109802e-02 1.433585174381732906e-02
1.220760103315115044e-02 1.424335353076458012e-02
1.207508798688650131e-02 1.413566023111343349e-02
1.196584925055503915e-02 1.403006128966808284e-02
1.185035556554794346e-02 1.394405998289585148e-02
1.174458619207143818e-02 1.386908181011676719e-02
1.161981467157602310e-02 1.379754245281219517e-02
1.151358634233474662e-02 1.372637040913105011e-02
1.140368655323982169e-02 1.364100463688373496e-02
1.128386631608009269e-02 1.355965696275234292e-02
1.117327306419610942e-02 1.345838233828544617e-02
1.106473542749881675e-02 1.336968578398227761e-02
1.095261368900537526e-02 1.326667815446853568e-02
1.084679476916789939e-02 1.318331323564052651e-02
1.073495671153068542e-02 1.310899257659912075e-02
1.062762252986431191e-02 1.302624829113483394e-02
1.052062027156352997e-02 1.295054145157337189e-02
1.042438931763172219e-02 1.286148093640804291e-02
1.031358614563942025e-02 1.276056468486785889e-02
1.020015310496091843e-02 1.264127753674984013e-02
1.010667700320482323e-02 1.253280043601989746e-02
9.998391289263964046e-03 1.243752874433994363e-02
9.897525608539580605e-03 1.235391460359096596e-02
9.786704741418360970e-03 1.228223890066146816e-02
9.686589427292346260e-03 1.221686117351055215e-02
9.587287344038486828e-03 1.211904697120189632e-02
9.475118480622768402e-03 1.205011159181594918e-02
9.370099939405917427e-03 1.199393682181835140e-02
9.274636767804622997e-03 1.193961501121520996e-02
9.173366613686085094e-03 1.186036989092826774e-02
9.063682518899440765e-03 1.174234040081501007e-02
8.971034642308950077e-03 1.163302809000015328e-02
8.857708238065243461e-03 1.152275353670120274e-02
8.758096396923065532e-03 1.142722666263580253e-02
8.650958351790905693e-03 1.134983599185943569e-02
8.549753017723560680e-03 1.126086078584194114e-02
8.452071622014046409e-03 1.114961691200733185e-02
8.344744890928268086e-03 1.103717535734176705e-02
8.252582885324955334e-03 1.093010120093822549e-02
8.157168887555599560e-03 1.082737222313880955e-02
8.050812315195799221e-03 1.074847429990768467e-02
7.942298986017703663e-03 1.068333834409713676e-02
7.850336190313101509e-03 1.058336868882179226e-02
7.747602649033069611e-03 1.047870293259620632e-02
7.643085718154907053e-03 1.038307957351207803e-02
7.548429723829031164e-03 1.030414998531341622e-02
7.456492818892002279e-03 1.024411171674728324e-02
7.367163524031638752e-03 1.017621494829654659e-02
7.267889380455016916e-03 1.008060313761234214e-02
7.179250940680503845e-03 9.984178096055984150e-03
7.080404460430145611e-03 9.902569279074669578e-03
6.997835449874400746e-03 9.802777692675590862e-03
6.911192461848259319e-03 9.733454883098601948e-03
6.821002438664435993e-03 9.654750861227513054e-03
6.738278921693563808e-03 9.581033326685427925e-03
6.649900693446397781e-03 9.519856050610541950e-03
6.569121871143579830e-03 9.452634863555431713e-03
6.484805792570114309e-03 9.386167488992213856e-03
6.413347180932759892e-03 9.330875426530837319e-03
6.334877200424670826e-03 9.247600659728049885e-03
6.265374924987554203e-03 9.171341732144355080e-03
6.201064679771661758e-03 9.084136597812176098e-03
6.123952101916074753e-03 9.030888229608536114e-03
6.064838357269763600e-03 8.990679495036601673e-03
5.982017237693071018e-03 8.925915509462357261e-03
5.916582606732845480e-03 8.843525499105452797e-03
5.854301992803812374e-03 8.785006217658519398e-03
5.789568647742271423e-03 8.750626072287558815e-03
5.729452613741159786e-03 8.698293380439281811e-03
5.661286134272813970e-03 8.636154420673846505e-03
5.607334431260824203e-03 8.549164049327373505e-03
5.547651182860135685e-03 8.492745645344256661e-03
5.489035416394472469e-03 8.443797752261162498e-03
5.434163194149732416e-03 8.396399952471256950e-03
5.384974367916584188e-03 8.369684033095837333e-03
5.328188557177782406e-03 8.331480436027050018e-03
5.285049509257078344e-03 8.293149434030056347e-03
5.242667626589536667e-03 8.269915357232093811e-03
5.188930034637451345e-03 8.197582513093947670e-03
5.146607477217912847e-03 8.121720328927040794e-03
5.095084756612777363e-03 8.064752630889415047e-03
5.048067308962345123e-03 8.018042147159575722e-03
5.006387270987034191e-03 7.963065430521965374e-03
4.962855763733386820e-03 7.923793420195579876e-03
4.921433888375759472e-03 7.874284125864505074e-03
4.880530107766389673e-03 7.812104187905788422e-03
4.847876634448767055e-03 7.763105258345603769e-03
4.807396233081817974e-03 7.721552066504955639e-03
4.760722443461417978e-03 7.694150693714619030e-03
4.724238347262143915e-03 7.676741853356361216e-03
4.684320930391549891e-03 7.671566121280193676e-03
4.650635551661253322e-03 7.646947912871837442e-03
4.614441655576229095e-03 7.606209814548492085e-03
4.584768041968345816e-03 7.539347186684608806e-03
4.539026692509651011e-03 7.486630231142044067e-03
4.501311574131250381e-03 7.421832531690597534e-03
4.475375171750783920e-03 7.365302927792072123e-03
4.438020102679729288e-03 7.339155301451683044e-03
4.404787346720695843e-03 7.313071750104427338e-03
4.374861996620893305e-03 7.268964499235153372e-03
4.336363309994340290e-03 7.231623120605945761e-03
4.304926563054323370e-03 7.181624509394168507e-03
4.272138886153698141e-03 7.143397815525531769e-03
4.240801651030778538e-03 7.107338868081569672e-03
4.213058669120073145e-03 7.096405141055583954e-03
4.178925789892673839e-03 7.049850374460220510e-03
4.145502718165517200e-03 7.020472735166549856e-03
4.119267221540212631e-03 6.982998922467231750e-03
4.086624830961227417e-03 6.938118860125542034e-03
4.059539269655942570e-03 6.899744272232055664e-03
4.031555633991957058e-03 6.857419945299625050e-03
4.000914189964533199e-03 6.834088265895843853e-03
3.972690226510167469e-03 6.819287501275539572e-03
3.947493806481361563e-03 6.779894232749938965e-03
3.917069453746080225e-03 6.727634370326996197e-03
3.893450833857059479e-03 6.661860831081866871e-03
3.863289579749107448e-03 6.634248606860637838e-03
3.834929130971431559e-03 6.623368151485920299e-03
3.805708605796098709e-03 6.621816940605640238e-03
3.783892467617988673e-03 6.610979326069355011e-03
3.762680105865001678e-03 6.591886095702647989e-03
3.740404173731803807e-03 6.513909436762332916e-03
3.704734612256288528e-03 6.454617157578468670e-03
3.679271694272756490e-03 6.391848810017109264e-03
3.658691141754388983e-03 6.339582428336143320e-03
3.643067367374896830e-03 6.294504366815089832e-03
3.610089328140020284e-03 6.297740712761878620e-03
3.581615770235657605e-03 6.281272135674953114e-03
3.557714680209755724e-03 6.255438737571239645e-03
3.535525407642126083e-03 6.216106191277504141e-03
3.519795835018157959e-03 6.156411953270435333e-03
3.487114701420068654e-03 6.129802949726581400e-03
3.466875571757554834e-03 6.106760166585445231e-03
3.442820766940712842e-03 6.083946116268635143e-03
3.420852916315198031e-03 6.074353493750095714e-03
3.400242794305086049e-03 6.055298447608947927e-03
3.383092582225799561e-03 6.021921150386333119e-03
3.361600311473012057e-03 5.955761484801769430e-03
3.336826805025339127e-03 5.912467092275619680e-03
3.318117419257760221e-03 5.889147799462079828e-03
3.297971189022064296e-03 5.845763906836509878e-03
3.282640129327774048e-03 5.806084163486957897e-03
3.259406518191099254e-03 5.782131943851709713e-03
3.240316919982433146e-03 5.772966425865888596e-03
3.214081702753901655e-03 5.735739972442388881e-03
3.195569058880209836e-03 5.684461351484060634e-03
3.176184883341193026e-03 5.638349708169699062e-03
3.160144621506333525e-03 5.615037027746438633e-03
3.140315227210521525e-03 5.607986077666282827e-03
3.119937796145677740e-03 5.611505825072526932e-03
3.111584484577178868e-03 5.613136291503906423e-03
3.087355149909854022e-03 5.564265511929988514e-03
3.067587781697511500e-03 5.543102975934743881e-03
3.046432323753833597e-03 5.520006921142339533e-03
3.034671302884817123e-03 5.497230030596256083e-03
3.012493764981627291e-03 5.438798107206821442e-03
2.996441256254911249e-03 5.387295223772525961e-03
2.979412255808710878e-03 5.347889382392168045e-03
2.965218247845769015e-03 5.323664657771587719e-03
2.944938838481903076e-03 5.338863842189312328e-03
2.923968341201543895e-03 5.353385675698518406e-03
2.910808473825454538e-03 5.327928997576236898e-03
2.892559533938765439e-03 5.284162424504757101e-03
2.876124437898397532e-03 5.238402262330054890e-03
2.858549123629927635e-03 5.210027378052472895e-03
2.845807094126939860e-03 5.183804687112570156e-03
2.831208240240812475e-03 5.154624581336975098e-03
2.815924724563956174e-03 5.129961762577295303e-03
2.798133483156562025e-03 5.116980336606502359e-03
2.780194021761417476e-03 5.111947841942310507e-03
2.768964087590575045e-03 5.096187256276607860e-03
2.758066682144999331e-03 5.081968940794467579e-03
2.742396853864193136e-03 5.028755590319633657e-03
2.735041035339236433e-03 4.969550948590040380e-03
2.707584248855710203e-03 4.956626985222101385e-03
2.698956802487373179e-03 4.934242367744446148e-03
2.687355736270546913e-03 4.939029272645711725e-03
2.661795681342482654e-03 4.915287159383297313e-03
2.648560609668493097e-03 4.892342723906040192e-03
2.636969089508056641e-03 4.859917424619197499e-03
2.621684642508626158e-03 4.837437067180871964e-03
2.610500156879425222e-03 4.817711375653743917e-03
2.596112200990319252e-03 4.821648169308900660e-03
2.582262875512242230e-03 4.804471693933010275e-03
2.568523352965712721e-03 4.781273473054170435e-03
2.555371727794408798e-03 4.748379718512297024e-03
2.541798679158091372e-03 4.709930531680584301e-03
2.533217472955584353e-03 4.685031250119209290e-03
2.525145979598164645e-03 4.690744727849960154e-03
2.502446761354804039e-03 4.668128490447997873e-03
2.489316929131746466e-03 4.633367527276277542e-03
2.476279297843575391e-03 4.597591515630483454e-03
2.473072009161114779e-03 4.578159283846616398e-03
2.461571153253316793e-03 4.563934449106454676e-03
2.446004492230713541e-03 4.571457114070654089e-03
2.428352506831288251e-03 4.579966235905885523e-03
2.419984061270952311e-03 4.570806492120027195e-03
2.416020911186933691e-03 4.553421214222907847e-03
2.397958957590162928e-03 4.504304286092520107e-03
2.383837802335620013e-03 4.454596899449825287e-03
2.372808940708637411e-03 4.430036013945937330e-03
2.367255929857492620e-03 4.422408994287252426e-03
2.350648120045662100e-03 4.449236672371625900e-03
2.340513281524181366e-03 4.453802667558193380e-03
2.331634797155856913e-03 4.445107374340295965e-03
2.320325560867786494e-03 4.413641057908535004e-03
2.301216684281826106e-03 4.367494862526655544e-03
2.300257235765457067e-03 4.328867420554161072e-03
2.287422120571136301e-03 4.320056922733783548e-03
2.267256472259759990e-03 4.334646370261907231e-03
2.262543421238660812e-03 4.343560431152582169e-03
2.254712977446615696e-03 4.325213748961687435e-03
2.239926299080252474e-03 4.268705984577536930e-03
2.237065322697162715e-03 4.226452112197876324e-03
2.217139489948749456e-03 4.228217573836445635e-03
2.198932599276304158e-03 4.258048208430409605e-03
2.206043316982686606e-03 4.272448690608143460e-03
2.203947165980935097e-03 4.256746545433997934e-03
2.186364075168967074e-03 4.200491728261113514e-03
2.176725259050727064e-03 4.150712955743074070e-03
2.153807552531361580e-03 4.126982996240258217e-03
2.146554412320256233e-03 4.108945094048977072e-03
2.133211586624383926e-03 4.103657416999339710e-03
2.121993596665561112e-03 4.089901316910981785e-03
2.110822405666112726e-03 4.073497047647834171e-03
2.100035455077886495e-03 4.061608249321580280e-03
2.098860568366944790e-03 4.045375064015388836e-03
2.083118748851120559e-03 4.046896845102310528e-03
2.071974077261984435e-03 4.048202605918049986e-03
2.065598871558904561e-03 4.039070941507816662e-03
2.055341424420475786e-03 4.008940653875470161e-03
2.048152452334761793e-03 3.973864298313855951e-03
2.044302411377429962e-03 3.961567487567663366e-03
2.032925793901086027e-03 3.976968955248594631e-03
2.020190679468214599e-03 3.954824199900031437e-03
2.008489938452839765e-03 3.926095180213451039e-03
1.998000917956232938e-03 3.904285887256264513e-03
1.988886832259595481e-03 3.896325314417481596e-03
1.981280697509646589e-03 3.897332958877086553e-03
1.978638721629977140e-03 3.887361194938421076e-03
1.964378496631980029e-03 3.864933969452977180e-03
1.956299226731061762e-03 3.846575692296028311e-03
1.951077766716480298e-03 3.836271027103066358e-03
1.931976480409502940e-03 3.800312103703617876e-03
1.942448667250573635e-03 3.775852918624878103e-03
1.925433147698640910e-03 3.779023513197898951e-03
1.908730203285813288e-03 3.796563996002077883e-03
1.907876878976821856e-03 3.793227486312389374e-03
1.893222006037831220e-03 3.755082190036773508e-03
1.882293843664228916e-03 3.731693141162395477e-03
1.876298082061112014e-03 3.723972337320447055e-03
1.866989117115736051e-03 3.722631838172674179e-03
1.860015885904431430e-03 3.722005244344473059e-03
1.857213536277413455e-03 3.697041235864162272e-03
1.841195649467408570e-03 3.695489652454852884e-03
1.836366252973675728e-03 3.683146275579929525e-03
1.826713816262781533e-03 3.668059548363089735e-03
1.819871901534497695e-03 3.639686340466141874e-03
1.808620546944439324e-03 3.626568242907524109e-03
1.802538242191076235e-03 3.616432799026369962e-03
1.796635473147034558e-03 3.604319598525762731e-03
1.790217100642621604e-03 3.588056378066539938e-03
1.776158751454204321e-03 3.567101899534463882e-03
1.775680528953671412e-03 3.560481313616037542e-03
1.765778637491166592e-03 3.558103321120143023e-03
1.759762736037373630e-03 3.569143265485763463e-03
1.746517675928771452e-03 3.564104577526450070e-03
1.739923655986785932e-03 3.553890762850642118e-03
1.731587713584303769e-03 3.528280276805162517e-03
1.730924076400697188e-03 3.504716930910944852e-03
1.719431299716234251e-03 3.503278782591223890e-03
1.708272448740899519e-03 3.508338844403624448e-03
1.701588998548686418e-03 3.496565762907266530e-03
1.693176128901541146e-03 3.474317910149693663e-03
1.684477925300598058e-03 3.450710885226726619e-03
1.677139545790851116e-03 3.442725073546171102e-03
1.669808058068156242e-03 3.432702366262674418e-03
1.660175295546650800e-03 3.431953955441713333e-03
1.655380520969629331e-03 3.427562210708856496e-03
1.651936583220958623e-03 3.426531376317143267e-03
1.647915178909897761e-03 3.439484909176826304e-03
1.645428221672773448e-03 3.402407281100749969e-03
1.628154749050736514e-03 3.378972131758928472e-03
1.614734856411814776e-03 3.352753957733511838e-03
1.623000320978462653e-03 3.339203633368015376e-03
1.613150304183363871e-03 3.343457216396927920e-03
1.600849372334778352e-03 3.361322265118360346e-03
1.593858283013105436e-03 3.347869822755456058e-03
1.582070928998291579e-03 3.316154610365629109e-03
1.583264698274433526e-03 3.295568423345684918e-03
1.577787194401025859e-03 3.281411179341375654e-03
1.562289427965879440e-03 3.290547709912061865e-03
1.554937288165092425e-03 3.293862799182534218e-03
1.552091096527874470e-03 3.287195693701505661e-03
1.550983497872948733e-03 3.263200726360082713e-03
1.537707401439547539e-03 3.251767857000231656e-03
1.526952045969664964e-03 3.235788666643202305e-03
1.525447401218116327e-03 3.224875498563051397e-03
1.513206202071160165e-03 3.227271419018506830e-03
1.507556135766208128e-03 3.228714317083358851e-03
1.517521939240395936e-03 3.217945760115981275e-03
1.503227814100682692e-03 3.173614572733640844e-03
1.492729084566235456e-03 3.158534760586917400e-03
1.492540142498910340e-03 3.152227494865655899e-03
1.479113497771322640e-03 3.158747265115380114e-03
1.475825137458741708e-03 3.157575987279415044e-03
1.461649267002940135e-03 3.135494654998183250e-03
1.456445874646306125e-03 3.127446235157549555e-03
1.453528646379709244e-03 3.126535820774733933e-03
1.450017443858087063e-03 3.140719863586127671e-03
1.439530146308243361e-03 3.128410340286791238e-03
1.433818531222641511e-03 3.106826473958790216e-03
1.428479142487049146e-03 3.093586140312254602e-03
1.421551534440368327e-03 3.088237508200108918e-03
1.415056874975562096e-03 3.078324371017515659e-03
1.407340937294065909e-03 3.066314267925918102e-03
1.404648553580045613e-03 3.064677235670387745e-03
1.396497478708624840e-03 3.061974211595952424e-03
1.390494871884584427e-03 3.054141369648277933e-03
1.384431729093194008e-03 3.041223180480301293e-03
1.380673889070749326e-03 3.031816473230719480e-03
1.374108344316482631e-03 3.035564511083066637e-03
1.372026733588427349e-03 3.045808640308678150e-03
1.365635171532631007e-03 3.024567593820393172e-03
1.352378563024103685e-03 3.005843493156135082e-03
1.354462443850934592e-03 2.996024466119706544e-03
1.345827407203614755e-03 2.994692185893654823e-03
1.342168939299881502e-03 3.010877920314669436e-03
1.344003877602517648e-03 2.994968625716865236e-03
1.329722336959093852e-03 2.966059767641126936e-03
1.321388978976756378e-03 2.953357668593525800e-03
1.318241283297538801e-03 2.945445897057652647e-03
1.314305141568183812e-03 2.946842461824417114e-03
1.308918395079672380e-03 2.925104554742574779e-03
1.300563500262796922e-03 2.916761394590139563e-03
1.291716843843459996e-03 2.918992820195853537e-03
1.288451650179922624e-03 2.925497107207775203e-03
1.283952547237277074e-03 2.924642688594758337e-03
1.276904239784926219e-03 2.909372141584753817e-03
1.269929669797420588e-03 2.895998884923756123e-03
1.278360234573483554e-03 2.886122744530439550e-03
1.275777886621653990e-03 2.883997792378067797e-03
1.253806217573583169e-03 2.875673281960189169e-03
1.252257544547319456e-03 2.866442152298987085e-03
1.250201230868697253e-03 2.850796305574476806e-03
1.238819619175046682e-03 2.851150184869766409e-03
1.236419635824859229e-03 2.858909498900175268e-03
1.230623316951096145e-03 2.860108739696443081e-03
1.225511403754353610e-03 2.838581777177751151e-03
1.216753432527184530e-03 2.831794088706374168e-03
1.212885533459484621e-03 2.825505076907575217e-03
1.207215804606676188e-03 2.815047954209148971e-03
1.202908682171255393e-03 2.803336223587393847e-03
1.198745309375226584e-03 2.796395635232329542e-03
1.193760894238948822e-03 2.791593270376324827e-03
1.185697061009704980e-03 2.776947361417114648e-03
1.181004662066698161e-03 2.765894960612058726e-03
1.178210880607366605e-03 2.761275484226644126e-03
1.171557651832699732e-03 2.761403028853237455e-03
1.167416409589350180e-03 2.770674787461757573e-03
1.166034513153135690e-03 2.764273108914494428e-03
1.153767772484570655e-03 2.741931751370429819e-03
1.159904710948467211e-03 2.728328574448823929e-03
1.160549907945096580e-03 2.715206565335393039e-03
1.148598571307957129e-03 2.727478183805942449e-03
1.145390979945659594e-03 2.715615509077906782e-03
1.134335761889815331e-03 2.696949965320527640e-03
1.132004032842814879e-03 2.691527921706438151e-03
1.121849613264203158e-03 2.688162261620163918e-03
1.119370386004447980e-03 2.685073995962738991e-03
1.110808015801012429e-03 2.671865466982126409e-03
1.105904136784374627e-03 2.660553157329559500e-03
1.103486632928252220e-03 2.656277921050787146e-03
1.099470583721995397e-03 2.659398503601550969e-03
1.111026760190725240e-03 2.673447038978338155e-03
1.091159693896770521e-03 2.650287700816988945e-03
1.078520645387470809e-03 2.628585253842174833e-03
1.097064104396849914e-03 2.615042007528245536e-03
1.077953062485903588e-03 2.623843983747064981e-03
1.080158213153481527e-03 2.638347935862839135e-03
1.073156204074621157e-03 2.611252409406006163e-03
1.071862620301544753e-03 2.603882132098078641e-03
1.058605685830116229e-03 2.605752134695648974e-03
1.048643793910741763e-03 2.635199972428381270e-03
1.063344290014356418e-03 2.617376740090548992e-03
1.045596553012728691e-03 2.575134043581783772e-03
1.038218825124204246e-03 2.563953120261430914e-03
1.038531423546373844e-03 2.558568865060806188e-03
1.028582034632563634e-03 2.556864940561354334e-03
1.029420166742056652e-03 2.557399170473218138e-03
1.025956450030207721e-03 2.552709309384226799e-03
1.019206654746085405e-03 2.537664794363081629e-03
1.021335541736334562e-03 2.531880629248917103e-03
1.009013364091515628e-03 2.532210946083068674e-03
1.003232295624911872e-03 2.546800998970866203e-03
1.008047582581639377e-03 2.544810436666011724e-03
9.987369412556290627e-04 2.526884595863520926e-03
9.893171372823417187e-04 2.515759738162160093e-03
9.909276152029633956e-04 2.510212943889200687e-03
9.893059032037854195e-04 2.504569431766867811e-03
9.764454560354351564e-04 2.527625695802271193e-03
9.855384472757578763e-04 2.512924955226480961e-03
9.740312583744525693e-04 2.499192138202488422e-03
9.670995408669113896e-04 2.491888729855418119e-03
9.652153123170137839e-04 2.489434601739048784e-03
9.625411592423915429e-04 2.483485569246113474e-03
9.574983036145567677e-04 2.488654619082808321e-03
9.510944888461381414e-04 2.481601969338953668e-03
9.478091495111584230e-04 2.463733288459479896e-03
9.571671602316200516e-04 2.443801541812717741e-03
9.486856870353221893e-04 2.431430714204907504e-03
9.369975421577691598e-04 2.454610052518546668e-03
9.358989773318171501e-04 2.454241830855608073e-03
9.304817533120513396e-04 2.437779097817838192e-03
9.230921510607004382e-04 2.435196377336979086e-03
9.252714342437684102e-04 2.436938066966831858e-03
9.203924331814050458e-04 2.428318397141992959e-03
9.135045576840639548e-04 2.416132786311209375e-03
9.061610559001565196e-04 2.400478394702076738e-03
9.020709199830889919e-04 2.396071865223348314e-03
8.992045884951948686e-04 2.388615533709525975e-03
8.939182036556303935e-04 2.383553376421332533e-03
8.903480833396315358e-04 2.379086031578481024e-03
8.857830893248319409e-04 2.378456434234976682e-03
8.826410281471908309e-04 2.384521951898932630e-03
8.844116237014532089e-04 2.391321584582328796e-03
8.904589107260107777e-04 2.372290939092636108e-03
8.686879882588982582e-04 2.382553555071353826e-03
8.806345984339713617e-04 2.391429012641310779e-03
8.655495475977659225e-04 2.354850049596279686e-03
8.646165020763874271e-04 2.346362662501633254e-03
8.633802179247140451e-04 2.344142121728509665e-03
8.601873880252242522e-04 2.358605526387691411e-03
8.581406087614596107e-04 2.335552358999848366e-03
8.451223839074373245e-04 2.322331652976572514e-03
8.491473505273461559e-04 2.319096052087843245e-03
8.421181584708393054e-04 2.314561884850263509e-03
8.481729426421224637e-04 2.323752664960920637e-03
8.337347884662449143e-04 2.301538980100303975e-03
8.285225369036198096e-04 2.292892173863947478e-03
8.276210865005850792e-04 2.285438880790024996e-03
8.237745263613760255e-04 2.279860270209610636e-03
8.225964149460196929e-04 2.286043565254658374e-03
8.145042287651449225e-04 2.275084692519158038e-03
8.118334691971540885e-04 2.265046164393424814e-03
8.103189407847821929e-04 2.260987774934619839e-03
8.075569174252450032e-04 2.266274869907647198e-03
8.035113685764371915e-04 2.253816847223788587e-03
8.054478792473673387e-04 2.252307161688804540e-03
8.097063866443932490e-04 2.267660002689808781e-03
7.959112874232233004e-04 2.251156733836978847e-03
7.905558799393474839e-04 2.249333239160477942e-03
7.867468986660242514e-04 2.250614168588072062e-03
7.837264449335635142e-04 2.241230511572211981e-03
7.817138917744159915e-04 2.227081975433975458e-03
7.764975540339946964e-04 2.227704890538007108e-03
7.750010350719094493e-04 2.226775849703699177e-03
7.668429287150501771e-04 2.235188009217381564e-03
7.664180942811071656e-04 2.239383046980947083e-03
7.645953679457307079e-04 2.236816915683448315e-03
7.663874072022736289e-04 2.227624948136508638e-03
7.604234735481441455e-04 2.230355248320847663e-03
7.607714738696813800e-04 2.242274896707385692e-03
7.514137774705887058e-04 2.213102660607546741e-03
7.514741271734237237e-04 2.195899281650781545e-03
7.548214052803814411e-04 2.193286234978586522e-03
7.361586438491940065e-04 2.249161666259169752e-03
7.750814198516309478e-04 2.221653924789279526e-03
7.502363529056310871e-04 2.187119633890688593e-03
7.515860488638281822e-04 2.177335892338305538e-03
7.375136367045343356e-04 2.190760977100580931e-03
7.315333117730915330e-04 2.187187701929360715e-03
7.270590169355273680e-04 2.166135003790259361e-03
7.213940029032528184e-04 2.172718406654894352e-03
7.215390447527170398e-04 2.174158301204443151e-03
7.147635449655353589e-04 2.157553378492593592e-03
7.090262486599385305e-04 2.147997694555669936e-03
7.096174871549010060e-04 2.142352948430925521e-03
7.075247005559504466e-04 2.131259813904762095e-03
7.040598662570119121e-04 2.127571986056864175e-03
7.078436436131596132e-04 2.149886894039809791e-03
7.099863258190452619e-04 2.128450362943112677e-03
6.954287295229732773e-04 2.132218901533633297e-03
6.957987206988036633e-04 2.148205356206744909e-03
6.913665449246764617e-04 2.131582656875252897e-03
6.863611983135342381e-04 2.131790260318666523e-03
6.834715721197425885e-04 2.129448659252375278e-03
6.797520327381789684e-04 2.134260092861950571e-03
6.802323507145047621e-04 2.125721029005944902e-03
6.781826145015656731e-04 2.110782382078468973e-03
6.718475138768553951e-04 2.109486563131213362e-03
6.674831034615636089e-04 2.103778393939137546e-03
6.658007623627781868e-04 2.099233225453645164e-03
6.672487244941294627e-04 2.101678762119263584e-03
6.612536322791129568e-04 2.132653375156223774e-03
6.707924185320734978e-04 2.102721820119768208e-03
6.626725080423057079e-04 2.081286197062581864e-03
6.659990292973815961e-04 2.084834862034768040e-03
6.491523119620979266e-04 2.095704991370439616e-03
6.550305755808949254e-04 2.083354501519352024e-03
6.481900345534086227e-04 2.076558792032301339e-03
6.460852921009064154e-04 2.084536571055650798e-03
6.405135733075440147e-04 2.076516242232173595e-03
6.416728137992322445e-04 2.060032775625586596e-03
6.356347701512276693e-04 2.062523772474378434e-03
6.332159391604363918e-04 2.065657021012157115e-03
6.295973784290253899e-04 2.057437063194811431e-03
6.268633413128554387e-04 2.049812825862318451e-03
6.381460232660173936e-04 2.041580458171665842e-03
6.416936987079680400e-04 2.055477106478065079e-03
6.287599127972498970e-04 2.028330985922366381e-03
6.273734848946333148e-04 2.028366306331008499e-03
6.114187301136553721e-04 2.058976714033633557e-03
6.222364027053117752e-04 2.068574412260204380e-03
6.183760939165950038e-04 2.044175844639539805e-03
6.084256805479526303e-04 2.028618392068892804e-03
6.085788074415177541e-04 2.023138117510825569e-03
6.042352411895990589e-04 2.017339807935059071e-03
6.056839833036064885e-04 2.010749280452728358e-03
6.109467823989689784e-04 2.028771967161446810e-03
5.984638934023678520e-04 2.005297318100929347e-03
5.990451318211853504e-04 2.012521761935204354e-03
5.906139616854488633e-04 2.029446873348206108e-03
5.980613292194903114e-04 2.028507576324045485e-03
5.964311014395207600e-04 1.996506506111472932e-03
5.958930938504636505e-04 1.991774339694529859e-03
5.813887633848935583e-04 2.013347856700420206e-03
5.843809456564485593e-04 2.011926390696317131e-03
5.762131186202168465e-04 1.990280288737267256e-03
5.812840186990797737e-04 1.986325706820934837e-03
5.822089617140591578e-04 2.007834706455469218e-03
5.717617983464151838e-04 1.994876097887754354e-03
5.738448060583322807e-04 1.987962878774851734e-03
5.717472173273563602e-04 1.984487159643322056e-03
5.660661612637340806e-04 1.989718910772353497e-03
5.630920990370213769e-04 1.987793028820306236e-03
5.594193120487034104e-04 1.978483784478157845e-03
5.620424693915992758e-04 1.972494286019354885e-03
5.574577138759195588e-04 1.979799929540604179e-03
5.576115450821817138e-04 1.985406666062772101e-03
5.569474247749895074e-04 1.967149344272911462e-03
5.535644013434648514e-04 1.967907720245421106e-03
5.453202116768807390e-04 1.981304655782878225e-03
5.537847173400223255e-04 1.965817261952906760e-03
5.487002898007630868e-04 1.941474660998210268e-03
5.585654173046350913e-04 1.937115611508488698e-03
5.327619728632271290e-04 2.004548546392470425e-03
5.669892416335642338e-04 2.005966519936919126e-03
5.386751261539756818e-04 1.961001916788518342e-03
5.596388247795403437e-04 1.955914718564599752e-03
5.411880440078676181e-04 1.973701652605086738e-03
5.550967413000762679e-04 1.987257460132241423e-03
5.385131633374839587e-04 1.925624313298612876e-03
5.467334995046257973e-04 1.920269348192959981e-03
5.245516193099319501e-04 1.951472577638924209e-03
5.316279828548430963e-04 1.979635993484407577e-03
5.340495903510600112e-04 1.942354720085859299e-03
5.200981860980391936e-04 1.933051995001733216e-03
5.254205199889839129e-04 1.942804979626089248e-03
5.127307260408997969e-04 1.940247695893049327e-03
5.113025079481303258e-04 1.932203152682632121e-03
5.112736311275511763e-04 1.919428713154047684e-03
5.113361752592026971e-04 1.908374961931258397e-03
5.100122594740241983e-04 1.922977861249819485e-03
5.144912691321223541e-04 1.931647432502359108e-03
5.086587043479084969e-04 1.910983922425657554e-03
5.038446630351245620e-04 1.930647611152380618e-03
5.030370550230145888e-04 1.932041312102228403e-03
5.016063689254224734e-04 1.908608269877731713e-03
4.999597091227770069e-04 1.908736361656337976e-03
4.932148382067680576e-04 1.912060985341668216e-03
4.932332783937453790e-04 1.899829914327710780e-03
4.913499986287205978e-04 1.896013744408264843e-03
4.930599126964807944e-04 1.911016186932101932e-03
4.871028941124677658e-04 1.906458276789635463e-03
4.872817080467939377e-04 1.909692748449742881e-03
4.840695823077112219e-04 1.899250451242551251e-03
4.823106981348246444e-04 1.887306891148909926e-03
4.805333563126623739e-04 1.881271012825891289e-03
4.807255580089986433e-04 1.888445345684885979e-03
4.792417516000568650e-04 1.880172523669898510e-03
4.758018651045858752e-04 1.881024305475875735e-03
4.740189178846776485e-04 1.883429120061919006e-03
4.694133065640926470e-04 1.904478447977453557e-03
4.747321945615112782e-04 1.903160446090623736e-03
4.696980467997491360e-04 1.879959402140230027e-03
4.715028742793947567e-04 1.881291402969509320e-03
4.631303774658590447e-04 1.890939864097163081e-03
4.646651039365679134e-04 1.878998486790806012e-03
4.631430841982364438e-04 1.870675111422315197e-03
4.618553852196782611e-04 1.869959913892671423e-03
4.595999664161354195e-04 1.864729868248105006e-03
4.564719507470727184e-04 1.865395990898832766e-03
4.572954261675476811e-04 1.877835398772731423e-03
4.545117088127881397e-04 1.864961389219388322e-03
4.557164502330124378e-04 1.866125472588464618e-03
4.523183160927146673e-04 1.875188131816685243e-03
4.606941365636885166e-04 1.862637780141085300e-03
4.532529041171073697e-04 1.832746487343683752e-03
4.533990984782576669e-04 1.849735336145386187e-03
4.499284317716955922e-04 1.853237021714449016e-03
4.449258325621485493e-04 1.831108145415782842e-03
4.457462113350629590e-04 1.848287455504760103e-03
4.447268787771463177e-04 1.875906169880181638e-03
4.375710734166204821e-04 1.852642814628779845e-03
4.449442727491259792e-04 1.842704095179215117e-03
4.379246616736054637e-04 1.858008798444643703e-03
4.383413470350205898e-04 1.847539044683799234e-03
4.363329207990318537e-04 1.827567251166328831e-03
4.319692903663963296e-04 1.845300954300910234e-03
4.311653727199882377e-04 1.846177957486361309e-03
4.265818104613572468e-04 1.832850620849057945e-03
4.275232029613107551e-04 1.829250005539506717e-03
4.275822720956057310e-04 1.830072031589225021e-03
4.237068293150514581e-04 1.828989136265590874e-03
4.228764562867581953e-04 1.824786799261346459e-03
4.207934252917766571e-04 1.819314283784478816e-03
4.187358717899769545e-04 1.823393121594563170e-03
4.171828040853142738e-04 1.821352925617247820e-03
4.171279841102659811e-04 1.827845920342952056e-03
4.146929422859102488e-04 1.835271739400923165e-03
4.129890352487563870e-04 1.822455012006685094e-03
4.135811119340360381e-04 1.817680441308766560e-03
4.221648094244301428e-04 1.813950651558115992e-03
4.115527204703539827e-04 1.871059101540595380e-03
4.165732883848249695e-04 1.830485218670219270e-03
4.158547031693160751e-04 1.810974592808634129e-03
4.158836323767900684e-04 1.822415494825691028e-03
4.091849084943533052e-04 1.823427749332040505e-03
4.024318768642842770e-04 1.791763969231397000e-03
4.096331831533461809e-04 1.797523692948743614e-03
4.039803403429687240e-04 1.833528693532571283e-03
4.013057099655270360e-04 1.824068184942007108e-03
4.010727512650192001e-04 1.806823728838935538e-03
3.958304703701287616e-04 1.820766302989795717e-03
3.952223923988640308e-04 1.822113530943170277e-03
3.948085010051727512e-04 1.809007150586694436e-03
3.944771131500601877e-04 1.812588825123384508e-03
3.925247467122971903e-04 1.823651697486639110e-03
3.905815887264907143e-04 1.804028969490900592e-03
3.883531782776117216e-04 1.808120397618040356e-03
3.891894652042537711e-04 1.818846410606056365e-03
3.854882845189422261e-04 1.789404370356351137e-03
3.922169154975563179e-04 1.785845082486048254e-03
3.875580907333642136e-04 1.838854671223089056e-03
3.889957442879676819e-04 1.807391096372157422e-03
3.872585686622187387e-04 1.786523626651614861e-03
3.880218253470957388e-04 1.794818555936217308e-03
3.985061019193381180e-04 1.815056207124143796e-03
3.858413896523415825e-04 1.756706618471071037e-03
3.889427171088755131e-04 1.762619987130165143e-03
3.903712611645460237e-04 1.836806559003889474e-03
3.936313441954553127e-04 1.777684956323355436e-03
3.742893226444721005e-04 1.775478722993284421e-03
3.766721754800528396e-04 1.789339561946690169e-03
3.702670888742432215e-04 1.774782896973192692e-03
3.701042092870921113e-04 1.765629916917532682e-03
3.699222928844392083e-04 1.780188252450898333e-03
3.712348232511431087e-04 1.786733040353283199e-03
3.658048226498067379e-04 1.770011452026665167e-03
3.685828240122646202e-04 1.777884492184966803e-03
3.619156661443412196e-04 1.794561638962477402e-03
3.670148493256419680e-04 1.776264805812388659e-03
3.666214586701244224e-04 1.752037391997873740e-03
3.634460677858442285e-04 1.778873661532998128e-03
3.649236052297055613e-04 1.783303642878308936e-03
3.619602823164313923e-04 1.755705062532797499e-03
3.593143075704574477e-04 1.759551250142976685e-03
3.558083146344870220e-04 1.775346568319946571e-03
3.606979938922449730e-04 1.794060698011890140e-03
3.592773340642452023e-04 1.765389560023322658e-03
3.570863860659301498e-04 1.774690579622983932e-03
3.521803650073706887e-04 1.771445601480081634e-03
3.499333513900637735e-04 1.761647214880213098e-03
3.500360995531082370e-04 1.767069048946723429e-03
3.490950039122253656e-04 1.769366947701200799e-03
3.479836683254689195e-04 1.769142510602250608e-03
3.470184165053069592e-04 1.764743844978511247e-03
3.506536770146340023e-04 1.776351517764851408e-03
3.447705879807472012e-04 1.759988511912524613e-03
3.469282411970198046e-04 1.760804210789501667e-03
3.431745630223303816e-04 1.793059025658294559e-03
3.506298206048086394e-04 1.751616812543943481e-03
3.393441264051944126e-04 1.750805776100605683e-03
3.433567064348608147e-04 1.763826492242515000e-03
3.357194480486214269e-04 1.791194238467141943e-03
3.432281315326690891e-04 1.762956369202584072e-03
3.386197437066585042e-04 1.744971534935757474e-03
3.354020707774907459e-04 1.771321531850844578e-03
3.381237853318453052e-04 1.775862008798867464e-03
3.378761990461498716e-04 1.754421641817316456e-03
3.405855968594551086e-04 1.744546217378228946e-03
3.315864363685250065e-04 1.772131834877654997e-03
3.414164588321000121e-04 1.757745607756078330e-03
3.308931132778525569e-04 1.741388734080828640e-03
3.413083119085058787e-04 1.758623879868537144e-03
3.291714878287166140e-04 1.763836474856361660e-03
3.320960036944598176e-04 1.741734921233728615e-03
3.259453107602894198e-04 1.776926027378067331e-03
3.291967557743191827e-04 1.785753399599343582e-03
3.257176314946263920e-04 1.741251040948554960e-03
3.251824819017201662e-04 1.729767926735803442e-03
3.254108421970158924e-04 1.742746512172743765e-03
3.220044658519327424e-04 1.726956642232835249e-03
3.225319320335984447e-04 1.725621803780086425e-03
3.208706795703619610e-04 1.741179107921198054e-03
3.201594110578298460e-04 1.747595786582678556e-03
3.171250049490481398e-04 1.726045462419278920e-03
3.180699306540191065e-04 1.725953500135801819e-03
3.163597313687205206e-04 1.738889445550739722e-03
3.188220318406820189e-04 1.732584828278049783e-03
3.155437472742050778e-04 1.722349668852984905e-03
3.154627862386405685e-04 1.738518447382375598e-03
3.156871011015027545e-04 1.750468008685856971e-03
3.125144692603498806e-04 1.719771057832986160e-03
3.155450045596808412e-04 1.714313335833139804e-03
3.113072598353028297e-04 1.748751214472577063e-03
3.128182957880199172e-04 1.731224192189983937e-03
3.091386985033750751e-04 1.728052363614551766e-03
3.101952548604458787e-04 1.740350114414468451e-03
3.069287777179852128e-04 1.750339684076607271e-03
3.076054446864873062e-04 1.717355722212232563e-03
3.065780038014054298e-04 1.703258455381728665e-03
3.069228841923177242e-04 1.721158286090940194e-03
3.047381585929542888e-04 1.736233563860878348e-03
3.048251266591250788e-04 1.707777864066883965e-03
3.032752370927483060e-04 1.713404658949002537e-03
3.032742446521296880e-04 1.740896888077259107e-03
3.049404127523303249e-04 1.753404398914426522e-03
3.010838816408068050e-04 1.732202770654112101e-03
3.020388889126479409e-04 1.714606425957754341e-03
3.031395084690302394e-04 1.739830314181745009e-03
3.009674575878307115e-04 1.737630501156672792e-03
2.996447728946805000e-04 1.705922078690491530e-03
2.989262808114290454e-04 1.714408927364274946e-03
2.944325446151196740e-04 1.742765866219997493e-03
2.979899232741445520e-04 1.716675201896577987e-03
2.965719846542924859e-04 1.697514372062869457e-03
2.962442464195192077e-04 1.716710679465904745e-03
2.928758447524160255e-04 1.709119800943881360e-03
2.898552396800368807e-04 1.722538075409829660e-03
2.905950561398640167e-04 1.727636047871783419e-03
2.893397875595837940e-04 1.714344034553505480e-03
2.895681711379438530e-04 1.702243014005944176e-03
2.869571908377110958e-04 1.714087466825731055e-03
2.876420592656359185e-04 1.697607219102792398e-03
2.891610434744507291e-04 1.689391501713544130e-03
2.874907455407083251e-04 1.724022874259389894e-03
2.881741878809407137e-04 1.710613517207093493e-03
2.839307708200067282e-04 1.704030725522898094e-03
2.846635819878428958e-04 1.702972143539227459e-03
2.813521423377096653e-04 1.693370894645340697e-03
2.832533500622957945e-04 1.696749936672858851e-03
2.807237120578065731e-04 1.698801835300400897e-03
2.805457392241805575e-04 1.693357425392605408e-03
2.788848534692078720e-04 1.710974582238122821e-03
2.785161894280463566e-04 1.703025365713983774e-03
2.774889115244150270e-04 1.700289602740667717e-03
2.782174618914723179e-04 1.708909217268228574e-03
2.753839420620351813e-04 1.723654029774479568e-03
2.786095952615142085e-04 1.698423296329565390e-03
2.754317829385399818e-04 1.702183406450785697e-03
2.745432779192924283e-04 1.698874586145393464e-03
2.735564135946333625e-04 1.701957971090450926e-03
2.741184551268816103e-04 1.690505101578310132e-03
2.715497568715363633e-04 1.702954428037628575e-03
2.752819273155182600e-04 1.707254099892452446e-03
2.734925423283129714e-04 1.684100346756167623e-03
2.734751848038286188e-04 1.689948650891892612e-03
2.717925701290368925e-04 1.687826693523675247e-03
2.724508405663072954e-04 1.675429599708877591e-03
2.700391400139778636e-04 1.698854984715580854e-03
2.718304749578237534e-04 1.725057786097750154e-03
2.715769602218643048e-04 1.687798294005915436e-03
2.699774689972400448e-04 1.689801810425706251e-03
2.699968492379411947e-04 1.706427757744677278e-03
2.690154462470672916e-04 1.670266236760653512e-03
2.678214019397273877e-04 1.683705451432615432e-03
2.657131582964211594e-04 1.714294636622071353e-03
2.639926242409273982e-04 1.678773955791257278e-03
2.655493066413327835e-04 1.681857689982280222e-03
2.628378802910447338e-04 1.697902742307633162e-03
2.611584612168371786e-04 1.692699911654926880e-03
2.613922872114926468e-04 1.692808189545758069e-03
2.650662499945610762e-04 1.702690296224318488e-03
2.578412473667413213e-04 1.678606559289619413e-03
2.625577209983020912e-04 1.692092962912283838e-03
2.568122174125164639e-04 1.719058275921270295e-03
2.633527852594852664e-04 1.690280676120892080e-03
2.614722354337572943e-04 1.669484769809059755e-03
2.569895033957436572e-04 1.704053636058233722e-03
2.618064056150615107e-04 1.681824948173016396e-03
2.554550999775529016e-04 1.677845043013803748e-03
2.564346417784690640e-04 1.681701312190853103e-03
2.560951368650421609e-04 1.689015392912551761e-03
2.535041305236518275e-04 1.681535143870860382e-03
2.523977454984560609e-04 1.669937535189092073e-03
2.524958748836070082e-04 1.680874094017781361e-03
2.513125014957040765e-04 1.683431671699508938e-03
2.499754133168608167e-04 1.669039766420610336e-03
2.526646421756595373e-04 1.672584464540705128e-03
2.516054199077189077e-04 1.682287277071736840e-03
2.543699811212718487e-04 1.664904516655951782e-03
2.476162277162075260e-04 1.699644725886173590e-03
2.515202737413346984e-04 1.689100908697582695e-03
2.503336640074848912e-04 1.673522015335038348e-03
2.500910079106688391e-04 1.701017696177586913e-03
2.483806514646857760e-04 1.678488525794819041e-03
2.468549879267811992e-04 1.682411017827689604e-03
2.445821417495608438e-04 1.701749474159441975e-03
2.488742233254015229e-04 1.683437911560759035e-03
2.442454046104103110e-04 1.696236743009649304e-03
2.462780685164034367e-04 1.676841033622622577e-03
2.445686201099306562e-04 1.654783613048493862e-03
2.429624844808131565e-04 1.683840612531639592e-03
2.439373434754088467e-04 1.667850618832744615e-03
2.429440326523035873e-04 1.656980285770259841e-03
2.423010591883212328e-04 1.668899189098738134e-03
2.401199482847005020e-04 1.673168555134907278e-03
2.395343821262940819e-04 1.660234102746471719e-03
2.419991302303969806e-04 1.660903322044760032e-03
2.391630026977509314e-04 1.673691612086258785e-03
2.375665586441755241e-04 1.651820132974535270e-03
2.369933383306488286e-04 1.657473618979565756e-03
2.360609680181369077e-04 1.671080576488748149e-03
2.360797545406967293e-04 1.671955970232375053e-03
2.352185518248006810e-04 1.661237858934328047e-03
2.371525741182267774e-04 1.655902608763426499e-03
2.340287057450041066e-04 1.645933257532306059e-03
2.339306520298123360e-04 1.660752278985455545e-03
2.361279097385704572e-04 1.662091436446644322e-03
2.327965281438082402e-04 1.666921476135030302e-03
2.316773054189979922e-04 1.676616061013192025e-03
2.340438892133533900e-04 1.679799356497824149e-03
2.341478946618735899e-04 1.669751133886165960e-03
2.301419153809547424e-04 1.691353935166262177e-03
2.316968428203836192e-04 1.686910315765999301e-03
2.295176440384239013e-04 1.652143071987666276e-03
2.312273165443912040e-04 1.639820169657468796e-03
2.307711605681106502e-04 1.651636642054654614e-03
2.284226560732349808e-04 1.643145509297028097e-03
2.292493678396567648e-04 1.648759367526508868e-03
2.269170217914506793e-04 1.663590176030993548e-03
2.270399505505338257e-04 1.652875522268004715e-03
2.261192334117367918e-04 1.646361441817134575e-03
2.259167755255475586e-04 1.648898093844763978e-03
2.261924033518880551e-04 1.647326679085381416e-03
2.256089879665523713e-04 1.653878999059088615e-03
2.239720633951947093e-04 1.678644362254999621e-03
2.248664357466623295e-04 1.675993384560570208e-03
2.234775049146264683e-04 1.655665657017379912e-03
2.235986408777534907e-04 1.652371531235985458e-03
2.230311802122741938e-04 1.661141574732027905e-03
2.215869579231366624e-04 1.642555667785927653e-03
2.212547318777069504e-04 1.635596042615361555e-03
2.208030724432319348e-04 1.648863917216658505e-03
2.208002697443589568e-04 1.656573035870678766e-03
2.196746499976143241e-04 1.643186903675086840e-03
2.197386667830869447e-04 1.648079455480910794e-03
2.209517406299710274e-04 1.646666933083906770e-03
2.224985044449567903e-04 1.626317700720392254e-03
2.215889864601194750e-04 1.654656106256879823e-03
2.191059087635949308e-04 1.638900017132982525e-03
2.233956998679786866e-04 1.637255234527401626e-03
2.198865986429154873e-04 1.693202194292098240e-03
2.246748539619147832e-04 1.636146460077725264e-03
2.213834086433053017e-04 1.631070388248190197e-03
2.177152608055621494e-04 1.669072450022213248e-03
2.177388581912964637e-04 1.633974624564871235e-03
2.191786479670554399e-04 1.646201615221798333e-03
2.230104291811585426e-04 1.674459039350040257e-03
2.133189846063032746e-04 1.636910872184671375e-03
2.206664881668984836e-04 1.654439186677336736e-03
2.184301381930708994e-04 1.657402675482444378e-03
2.141432079952210079e-04 1.629880195832811339e-03
2.153784502297639901e-04 1.677361180190928194e-03
2.247805823571980000e-04 1.672713292646221860e-03
2.169578307075425928e-04 1.625146387959830550e-03
2.200022339820861871e-04 1.638269919203594240e-03
2.197370340581983328e-04 1.654435545788146555e-03
2.156748727429658229e-04 1.630857156123966065e-03
2.117856201948598027e-04 1.666099030990153464e-03
2.113142982125282288e-04 1.654003441217355430e-03
2.090721449349075610e-04 1.635263740899972531e-03
2.072111208690330495e-04 1.637252504588104871e-03
2.085868647554889213e-04 1.622049818979576187e-03
2.084092615405097658e-04 1.617792079923674508e-03
2.090845489874482263e-04 1.631868502590805205e-03
2.062242885585874211e-04 1.646365661872550802e-03
2.066603745333850492e-04 1.643052467261441009e-03
2.073487674351781715e-04 1.637455186573788437e-03
2.049523929599672448e-04 1.636715847416780802e-03
2.054953220067545772e-04 1.637009016121737659e-03
2.040296851191669594e-04 1.632170527591369959e-03
2.069905051030218493e-04 1.648251974256709261e-03
2.099711244227364768e-04 1.668020311626605690e-03
2.051083371043205207e-04 1.631255212123505684e-03
2.088174835080280792e-04 1.652748009655624715e-03
2.037323982222005833e-04 1.637458466575480998e-03
2.007752802455797683e-04 1.610971294576302257e-03
2.054608572507277077e-04 1.632246642839163585e-03
2.036251389654353261e-04 1.641664863564074126e-03
2.015847829170525182e-04 1.627835296676494138e-03
2.034814271610230099e-04 1.627845474286004944e-03
2.008511597523465698e-04 1.637819348252378317e-03
2.044088032562285662e-04 1.616313998238183601e-03
2.014767815126106143e-04 1.633006293559446931e-03
1.993609708733856624e-04 1.623887935420498295e-03
1.995370665099471916e-04 1.626781935920007614e-03
1.976941275643184781e-04 1.632729850825853646e-03
1.971118821529671604e-04 1.625479615177027794e-03
1.971750316442921758e-04 1.621956127928570000e-03
1.970964891370385831e-04 1.627217102213762657e-03
1.962394162546843290e-04 1.641730501432903111e-03
