8.401984646916389743e-02 7.299479469656944275e-02
6.314024217426776608e-02 5.666400864720344543e-02
4.762031547725200514e-02 4.684514328837394853e-02
4.067826736718416214e-02 3.933956716209650178e-02
3.396821208298206329e-02 3.461518902331590930e-02
2.961695631965994766e-02 3.109886012971401284e-02
2.612070459872484207e-02 2.842200938612222602e-02
2.360393619164824486e-02 2.618981115520000597e-02
2.119306009262800217e-02 2.449892833828926086e-02
1.944230692461133142e-02 2.309227250516414712e-02
1.795434141531586716e-02 2.221083361655473709e-02
1.688768826425075462e-02 2.161816637963056426e-02
1.608386188745498588e-02 2.085703462362289290e-02
1.535016596317291190e-02 2.039849441498518129e-02
1.451473385095596383e-02 1.978475842624902864e-02
1.372123043984174728e-02 1.930032046511769364e-02
1.268808860331773793e-02 1.831680601462721755e-02
1.152270948514342273e-02 1.751328995451331000e-02
1.120049036107957294e-02 1.745449462905526022e-02
1.106383926235139301e-02 1.654779566451907227e-02
1.123275030404329369e-02 1.583892926573753426e-02
1.065164674073457683e-02 1.534567140042781760e-02
1.002670335583388805e-02 1.563275642693042616e-02
9.316577157005668380e-03 1.462427470833063160e-02
9.423747891560196877e-03 1.486729253083467553e-02
8.992829732596874584e-03 1.445759581401944230e-02
8.878686884418129227e-03 1.428018435835838248e-02
8.672388223931192658e-03 1.383605757728218963e-02
8.614041935652494084e-03 1.365184038877487183e-02
8.228106051683425556e-03 1.330364886671304633e-02
8.133411733433603893e-03 1.333380285650491784e-02
7.980726007372141578e-03 1.293575083836913039e-02
7.839992456138134697e-03 1.221088934689760173e-02
7.675482239574193781e-03 1.252033757045865024e-02
7.162321684882044445e-03 1.188344694674015045e-02
7.017338415607810020e-03 1.172862369567155907e-02
6.821006815880536860e-03 1.085070902481675113e-02
6.895148940384387796e-03 1.110090268775820732e-02
6.506992084905505007e-03 1.147069428116083076e-02
6.839104974642395800e-03 1.065587638877332245e-02
6.282961228862404823e-03 1.069238232448697055e-02
6.149706803262234081e-03 1.101290099322795903e-02
5.987740284763276404e-03 9.940027911216019890e-03
5.610102810896933426e-03 9.800282283686101090e-03
5.128982348833232945e-03 9.445161186158656727e-03
4.998634988442063505e-03 9.082499844953417084e-03
5.340996803715825428e-03 8.924299431964755752e-03
5.082031060010194605e-03 9.654457448050379753e-03
4.761050245724618782e-03 8.555673109367490509e-03
4.337775241583585913e-03 7.902407657820732095e-03
4.528093361295759331e-03 8.183030155487358223e-03
4.076090222224592989e-03 8.666230994276703098e-03
4.001641157083212982e-03 7.328445394523441965e-03
3.949963732156902725e-03 7.516148337163031275e-03
3.815826226491480979e-03 7.241415814496577133e-03
4.054131440352648323e-03 7.920396234840153954e-03
3.989442565944046129e-03 8.047246723435819149e-03
3.794275678228586739e-03 7.691270089708268642e-03
3.809540939982980490e-03 7.202241010963917126e-03
3.625755314715206623e-03 7.119120052084326918e-03
3.625333885429426941e-03 6.876159913372248238e-03
3.703725704690441576e-03 7.135471305809914719e-03
3.587042982690036470e-03 7.129099336452782154e-03
3.513159521389752626e-03 6.828339258208871061e-03
3.545841935556382028e-03 6.510792253538966352e-03
3.612883028108626431e-03 6.412472447846084660e-03
3.399157407693564979e-03 6.498557096347212618e-03
3.372967691393569285e-03 6.638242676854133432e-03
3.434864489827305165e-03 6.526870210655033935e-03
3.566089260857552290e-03 6.442645774222910057e-03
3.420656861271709117e-03 6.410252116620540445e-03
3.603420464787632400e-03 6.638197961729019533e-03
3.372541649150662211e-03 6.051154702436179096e-03
3.264809661777689966e-03 6.316231214441359043e-03
3.178682830184698278e-03 6.005551118869334112e-03
3.154081583488732576e-03 6.713017215952276837e-03
3.085147077217698271e-03 6.833039899356662880e-03
3.253518021665513515e-03 6.029402336571365942e-03
3.661238017957657749e-03 6.029290729202330112e-03
3.344158723484724673e-03 6.364569126162678003e-03
3.198981354944408113e-03 5.938054411672055721e-03
3.115116618573665619e-03 5.940292647574096571e-03
2.996771864127367822e-03 5.850103439297526901e-03
2.991363918408751314e-03 6.030254275538026940e-03
2.966082491911947901e-03 5.845947435591370041e-03
3.097805514698848128e-03 6.084632931742816990e-03
3.054556314600631508e-03 5.629292700905353004e-03
3.061066364170983607e-03 5.910405202303081924e-03
3.346068842802196741e-03 5.809825914911925966e-03
3.127702162601053715e-03 7.423043227754532944e-03
3.467111941426992503e-03 8.995756739750504494e-03
3.680059360340237531e-03 6.054199207574129452e-03
3.132126625860110099e-03 5.918455298524349754e-03
2.912722068140283314e-03 6.004952278453856360e-03
2.879982770537026227e-03 5.953879782464355057e-03
2.704990559141151781e-03 5.664429091848432844e-03
2.606378099881112402e-03 5.692582391202449625e-03
2.698187797795981082e-03 5.580642505083233292e-03
2.797550905961543408e-03 6.267527886666357691e-03
2.824900002451613545e-03 5.468599998857825648e-03
3.012613547616638156e-03 6.258724047802389015e-03
2.960441785398870793e-03 6.117657839786261667e-03
3.163992901681922289e-03 5.861289193853735577e-03
3.002907457994296973e-03 5.540872039273381060e-03
2.519812691025435838e-03 6.202832912094891071e-03
2.460153406718746001e-03 5.514689453411847700e-03
2.412529871799051848e-03 5.692729714792221611e-03
2.460879809223115618e-03 5.484167020767927170e-03
2.537511824630201036e-03 6.884426530450582678e-03
2.690198062919080084e-03 6.373646412976085793e-03
2.735158719588071108e-03 5.614309338852763176e-03
2.440469211433082646e-03 5.711990187410265381e-03
2.517673966940492305e-03 5.603769456502050335e-03
2.296212266082875517e-03 5.336910160258412708e-03
2.303749308339320123e-03 5.112784437369555061e-03
2.384817693382501602e-03 5.155424412805587053e-03
2.243452201946638611e-03 5.195101385470479900e-03
2.292863669572397980e-03 5.456146725919097662e-03
2.283061522757634347e-03 5.632659792900085796e-03
2.262986969435587612e-03 5.317746964283287699e-03
2.225442411145195365e-03 5.215136904735117977e-03
2.308021346107125109e-03 5.280039692297578031e-03
2.416496712248772296e-03 5.196152883581816977e-03
2.104303764645010146e-03 5.278439121320843350e-03
2.015060849953442638e-03 4.989612707868218075e-03
2.227881160797551188e-03 4.922615434043109590e-03
2.164872438879683440e-03 5.312737775966525078e-03
2.354106289567425934e-03 5.452540563419460903e-03
2.171440655365586194e-03 5.117119580972939730e-03
2.313295257044956001e-03 4.850782081484794270e-03
2.157329220790415829e-03 5.285814194940030922e-03
2.178453834494575771e-03 5.148685385938734163e-03
1.977031715796329081e-03 5.033951811492442738e-03
1.821849937550723639e-03 4.820034850854426796e-03
1.940185367129743143e-03 4.848113143816589962e-03
1.957489526830613613e-03 4.531540931202471603e-03
1.956068305298686114e-03 4.800684691872447729e-03
1.982547820080071861e-03 4.694425710476934563e-03
1.959939164225943560e-03 5.386109207756816994e-03
1.835027181368786885e-03 4.932717967312783350e-03
1.977969228755682794e-03 5.304852384142577648e-03
2.009357709903270093e-03 5.114018928725272591e-03
2.124577632639556950e-03 5.821262323297560388e-03
1.964663894614204938e-03 4.971584910526872028e-03
1.832081261090934190e-03 5.461629945784807205e-03
2.001776878023520025e-03 4.763649997767060822e-03
1.869763736613094720e-03 4.455270478501915932e-03
1.830046868417412086e-03 5.197280389256775553e-03
1.748891093302518086e-03 4.716321593150496483e-03
1.639460760634392413e-03 4.540095699485391552e-03
1.692574133630841927e-03 4.607021855190396135e-03
1.749462928273715079e-03 4.532921349164098328e-03
1.649279694538563403e-03 4.478234681300818920e-03
1.602241984801366882e-03 4.832774854730814522e-03
1.572664239211007866e-03 4.364131856709719051e-03
1.520175172481685964e-03 4.626095143612474550e-03
1.488766577676869972e-03 4.503438284154981028e-03
1.634613075293600603e-03 4.504890937823802233e-03
1.634516165358945641e-03 4.992344824131578207e-03
1.647442032117396680e-03 5.101705179549753319e-03
1.762597245397046295e-03 4.139232618035748948e-03
1.791841650265268895e-03 4.428612021729350263e-03
1.558146002935245633e-03 4.206147475633770574e-03
1.412907423218712167e-03 4.344571731053292751e-03
1.347785443067550746e-03 4.427877883426844900e-03
1.361522133811376902e-03 4.959771933499723673e-03
1.542960654478520112e-03 5.734657519496977329e-03
1.605985424248501658e-03 4.268706269795074885e-03
1.333663443801924586e-03 4.189057392068207264e-03
1.404869061661884145e-03 3.967884066514671022e-03
1.303211653430480597e-03 4.719875671435147177e-03
1.631965232081711249e-03 5.635899642948060881e-03
1.874950336059555411e-03 4.180239490233361374e-03
1.472114630450960162e-03 4.444342339411377907e-03
1.375158614246174780e-03 4.317044327035546129e-03
1.729084204998798625e-03 4.116102936677634716e-03
1.432427699910476804e-03 4.368032200727611607e-03
1.285513496259227352e-03 4.047833068761974226e-03
1.760836082394234879e-03 4.010265867691487074e-03
1.346330634260084523e-03 3.976953955134377057e-03
1.330134191084653052e-03 3.970694926101714720e-03
1.372982561588287397e-03 3.853422490647062486e-03
1.431668346049263987e-03 4.146531305741519083e-03
1.632297754986211571e-03 4.808465874521061952e-03
1.734497240977361755e-03 4.361953202169388880e-03
1.441222074208781080e-03 5.004901043139398271e-03
1.274388513411395208e-03 3.965382266324013125e-03
1.125131621665786908e-03 3.741679148515686219e-03
1.242370813270099504e-03 3.796015057014301506e-03
1.144262035086285280e-03 4.089970467612146984e-03
1.154894550563767596e-03 4.226132552139461387e-03
1.217271233326755507e-03 4.500301496591418982e-03
1.185217796592041807e-03 4.015808820258826191e-03
1.296653284225612922e-03 3.923333628335967660e-03
1.132692588726058602e-03 3.711781307356431907e-03
1.219694857718423096e-03 3.794224117882549763e-03
1.466629955393727782e-03 3.620893054176121950e-03
1.218380837235599670e-03 3.750711184693500400e-03
1.183985963871236977e-03 4.512652242556214506e-03
1.404074486345052719e-03 4.707582958508283247e-03
1.520341110881417903e-03 5.786674586124718536e-03
2.081979042850434867e-03 6.166851916350424463e-03
2.355936204548924988e-03 4.659146966878325094e-03
1.577479171101003929e-03 4.631425929255783211e-03
1.190821084310300605e-03 3.962241928093135357e-03
1.113850370165891859e-03 3.842026321217417804e-03
1.093870063778013078e-03 3.686349367490038189e-03
1.264078164240345359e-03 4.005131142912432204e-03
1.322225350304506762e-03 5.378468555863946850e-03
1.494729676051065369e-03 4.859632800798862999e-03
1.226156787015497641e-03 3.894477884750813333e-03
1.104010625567752868e-03 4.143184365238994707e-03
1.053958799457177563e-03 3.683702269336208788e-03
1.084651473502162887e-03 4.049053782364353364e-03
1.046455721370875749e-03 3.403703588992357167e-03
1.065081582055427134e-03 3.626084717689082113e-03
1.210128702223300977e-03 3.539763565640896559e-03
1.205767811916302803e-03 3.536657535005360668e-03
1.060863502789288716e-03 3.820410143816843629e-03
9.816102843615225580e-04 3.257056494476273656e-03
1.024825466447509782e-03 4.264592460822313677e-03
1.020426195464097007e-03 3.437711740843951702e-03
9.256906574591994502e-04 3.585264110006391915e-03
9.378915659908670715e-04 3.674403554759919557e-03
9.273882031266111447e-04 3.329702146584167903e-03
1.013338242773897903e-03 3.307269309880212036e-03
9.972836400265806291e-04 3.323061019182205287e-03
9.690740786027163484e-04 3.269138978794217110e-03
1.000536170613486233e-03 3.262396669015288353e-03
1.069643968367017762e-03 3.261252352967858141e-03
9.952769454685040686e-04 3.605377807980403391e-03
9.543718319036997638e-04 3.477992455009370956e-03
8.845425269100815275e-04 3.460129618179053242e-03
8.715059870155527971e-04 3.529345931019633922e-03
9.085693774977699356e-04 3.326740255579352292e-03
9.316132927779108286e-04 3.193899581674486399e-03
9.337939496617764451e-04 3.524824941996484908e-03
9.747884119860828140e-04 3.319238516269251704e-03
1.058084375108592125e-03 3.668336564442142671e-03
9.405769204022362395e-04 3.599086718168109655e-03
8.876227169821504287e-04 3.159840317675843661e-03
9.192773519316688397e-04 4.266331822145729910e-03
1.206070621265098453e-03 4.602573928423225880e-03
1.837699930183589372e-03 4.136288631707429539e-03
1.090314605971798344e-03 3.249993332428857511e-03
9.651083790231495662e-04 3.276452841237187559e-03
9.027305379277095632e-04 3.295401961077004758e-03
8.938642684370278878e-04 3.520133951678871935e-03
8.856851520249620514e-04 3.426633967319503253e-03
8.827004261547699354e-04 3.093738871393725363e-03
8.604015689343214252e-04 3.137960622552782297e-03
8.626498689409345605e-04 3.404344624141231006e-03
8.225615951232611916e-04 3.295395121676847425e-03
9.006475360365584276e-04 3.830098814796656457e-03
9.180825552903115316e-04 3.233452030690386805e-03
1.004050951451063156e-03 3.277353115845471447e-03
1.249907290912233293e-03 3.653015469899400982e-03
1.422986164106987330e-03 3.664965205825865095e-03
1.556580862961709586e-03 4.387968382798135107e-03
1.384705596137791872e-03 3.617874643532559362e-03
1.095745299244299444e-03 4.340928234159946615e-03
1.020315027562901334e-03 3.029340313514694398e-03
9.790445270482449856e-04 3.688649326795712027e-03
1.054285190184600565e-03 3.086643485585227435e-03
1.032259748899377839e-03 3.535298106726258993e-03
1.098563792766071856e-03 3.530616121133789507e-03
9.640384174417704561e-04 3.017240436747670174e-03
9.498253959463909702e-04 3.396696911659091798e-03
9.226614696672186039e-04 3.140936966519802982e-03
8.613255631644278765e-04 3.333565749926492572e-03
8.517900838342029818e-04 3.005283966194838199e-03
8.517536130966618874e-04 3.180551744299009356e-03
8.142223538015969314e-04 2.984958532033488241e-03
8.047689596423878832e-04 3.372844774276018143e-03
8.196653652703389525e-04 3.052681521512568170e-03
7.604807542520575225e-04 3.174036747077480045e-03
7.551091242930851660e-04 2.972949552349746141e-03
7.715234940405934615e-04 2.987666343688033695e-03
8.370684801775496887e-04 2.967817604076117451e-03
8.816555287921801426e-04 2.979279181454330769e-03
7.699661873630248010e-04 3.037791867973282846e-03
8.626799040939659097e-04 3.689513070276006970e-03
9.590747402398846610e-04 3.571482590632513339e-03
9.612505324184894779e-04 2.924741496099158948e-03
1.179859545663930389e-03 3.115614387206733314e-03
9.902237594360484806e-04 2.832690626382827672e-03
8.476396818878128908e-04 3.214794705854728818e-03
7.856282463762909174e-04 3.207123570609837684e-03
8.764364436501636667e-04 3.421201935270801360e-03
9.069182298844680624e-04 2.888184078619815322e-03
8.308855263749137738e-04 3.164313992601819510e-03
9.690045902971178076e-04 2.771826990647241560e-03
7.869717228459194303e-04 3.079122566850855860e-03
7.478846804588101587e-04 3.240225045010447415e-03
8.237987298343796066e-04 2.907754611806012777e-03
8.069680719927418760e-04 3.452165366616099986e-03
9.937581198755651712e-04 3.139406820992007852e-03
8.440018282271921635e-04 2.826994250062853011e-03
9.514350269455463128e-04 2.948568540159612721e-03
9.715397201944143014e-04 3.233205591095611540e-03
8.469451160635799603e-04 3.073673232574947005e-03
8.256771470769308507e-04 3.252692462410777807e-03
9.535286808386445045e-04 2.894023392582312053e-03
9.764788468601181886e-04 2.996658816118724818e-03
8.317067491589114287e-04 3.082630049902945757e-03
7.638860493898391940e-04 3.109464480075985193e-03
7.276614138390869119e-04 2.783800938050262803e-03
7.344408157223369493e-04 3.033846287871711043e-03
8.369972289074212530e-04 2.821965553448535328e-03
7.558214885648340420e-04 3.263173490995541388e-03
8.304511524329427413e-04 2.710052006295882339e-03
7.742737929220311127e-04 3.006241581169888464e-03
7.394618180114776330e-04 3.361581702483817848e-03
7.688740297453477979e-04 2.772288460982963530e-03
9.115764740272424681e-04 3.013963118428364483e-03
8.573257015086710670e-04 2.794298308435827407e-03
7.991942853550426879e-04 3.154119342798367316e-03
7.478296407498419502e-04 2.849062578752636823e-03
7.026358289294876158e-04 2.782442333409562533e-03
7.371549203526228449e-04 2.687507317750714633e-03
8.245878823800012036e-04 3.215704186004586518e-03
8.337152336025610783e-04 2.776287912274710747e-03
9.918558062054216862e-04 2.963222973630763417e-03
1.090729905990883795e-03 3.315985243534669454e-03
1.132436114130541726e-03 2.894036920042708690e-03
9.939988231053575873e-04 2.925334067549556580e-03
9.715373111248481802e-04 2.915820979978889227e-03
1.114174054237082601e-03 3.560712013859301892e-03
1.218584971502423200e-03 4.279299697373062372e-03
1.814325852319598241e-03 3.830600844230502757e-03
1.441487530246376948e-03 3.201776108471676881e-03
1.132745770155452105e-03 2.725594450021162716e-03
1.150705516920424998e-03 2.913759017246775329e-03
9.982266536098904474e-04 3.094574724673293704e-03
8.886030474968720661e-04 2.818648173706605944e-03
9.349518833914772110e-04 3.014380164677277121e-03
7.822291736374609172e-04 2.752231940394267613e-03
7.014996837824583487e-04 2.912134141661226836e-03
8.956753299571573734e-04 3.050475817872211337e-03
1.048719312530011025e-03 3.104503382928669453e-03
1.037231271038763268e-03 3.926335711730644454e-03
1.041785342385992321e-03 3.627863357542082581e-03
9.964941622456536564e-04 3.070078548626042989e-03
9.197909676004201174e-04 2.829521498642862017e-03
1.178793644066900102e-03 2.737026364775374445e-03
1.174883195199072448e-03 3.329757286701351491e-03
1.140776353713590565e-03 3.231094463262707168e-03
1.166815101169049783e-03 3.047112558851949784e-03
1.062283912324346515e-03 3.085319395177066413e-03
1.248233031947165684e-03 2.777087857248261658e-03
9.105238481424748681e-04 3.153020510217174801e-03
9.120657836319878481e-04 2.876879257382824844e-03
7.763601170154288411e-04 2.721037290757522160e-03
7.331508502829819484e-04 2.884669066406786615e-03
7.189935407950542650e-04 2.855008031474426389e-03
6.738359661540016532e-04 2.694127711583860132e-03
7.130301353754475279e-04 2.786931605078279885e-03
8.170451037585735321e-04 2.653054316760972229e-03
7.458913874870632061e-04 2.735621697502210650e-03
6.941944411664735526e-04 2.732989471405744639e-03
6.805977551266551235e-04 2.727344189770519647e-03
6.885776965646073222e-04 3.062429884448647326e-03
7.051391236018389680e-04 2.761785208713263360e-03
6.575623992830514908e-04 2.861802326515317050e-03
7.360663468716666536e-04 2.582408909802325070e-03
8.355569247214589051e-04 3.171011438826099212e-03
9.871786038274875906e-04 2.736688882578164339e-03
7.478631538106128790e-04 3.205101558705791831e-03
8.095005498034879999e-04 2.822943584760650992e-03
7.384839496808126786e-04 2.830234527937136764e-03
6.922568631125613830e-04 2.722645696485415014e-03
6.733470712788402817e-04 2.876112499507144094e-03
6.631320466112811118e-04 2.800163641222752457e-03
6.355523313686717085e-04 2.747551561333238992e-03
6.422475751605815752e-04 2.958817483158781951e-03
6.797442110837437212e-04 3.278914879774674947e-03
7.124560863303486691e-04 2.766155984136276121e-03
6.273416169278789095e-04 2.598985822987742896e-03
6.473084155004471757e-04 2.664453454781323498e-03
7.149026991100981615e-04 2.629290305776521564e-03
6.427904459997080483e-04 2.594357775524258787e-03
6.346708236378617368e-04 2.673274127300828522e-03
6.894491874845698259e-04 2.427684998838231141e-03
7.038823503535240455e-04 3.153527114773168986e-03
6.918601502547971904e-04 2.526071894681081349e-03
6.562114023836330013e-04 2.789502908126450902e-03
6.887970841489732699e-04 2.530787602881901140e-03
8.178403775673359199e-04 2.670345950173214165e-03
9.635717899072915749e-04 2.455654618097469297e-03
9.082028744160197242e-04 2.983478724490851337e-03
7.962621064507402046e-04 2.599505620310083032e-03
6.886159215355291529e-04 2.817549905739724463e-03
6.460748118115589023e-04 2.764874885906465438e-03
6.552925326104741977e-04 2.764814501279033894e-03
7.118427645764313205e-04 2.924719545990228826e-03
1.046192803187295794e-03 3.868043085094541485e-03
1.070562097447691572e-03 3.424374572932720358e-03
8.668213646160438874e-04 2.754527798970229924e-03
9.073690191144124107e-04 2.737739216536283580e-03
8.311348501592874527e-04 2.692566841142252174e-03
8.778642542893067436e-04 3.174547228263691154e-03
8.883704256732016368e-04 2.986496221274137410e-03
7.741216541035100818e-04 2.777722605969756842e-03
7.193703262601047537e-04 2.838425437221303756e-03
6.532946812512818507e-04 2.683296953910030338e-03
6.398998375516384840e-04 2.605847184895537794e-03
7.210462572402320802e-04 2.619981550378724759e-03
7.573974464321509437e-04 2.826368706882931205e-03
7.158329557569231621e-04 2.681196806952357205e-03
6.337364160572178445e-04 2.592084789648652163e-03
6.245359792956151502e-04 2.620964261586777779e-03
6.437347714381757907e-04 2.896701474674045953e-03
6.501935306005180316e-04 2.664235723204910929e-03
6.668367008387576572e-04 2.994562278036028320e-03
7.798281341820257218e-04 2.908973622834309762e-03
8.335902733961120031e-04 2.698322938522324053e-03
1.004258863395079884e-03 2.582173392875120130e-03
8.814521250315010114e-04 2.873436850495636637e-03
1.203824696131050630e-03 3.133072727359831420e-03
1.268435595557093707e-03 4.316605755593627865e-03
1.968212472274899309e-03 4.735958715900778944e-03
1.668846211396157828e-03 4.452720948029309858e-03
1.350145007017999974e-03 3.416381834540516138e-03
1.195940305478870869e-03 4.032418853603303779e-03
1.193261583102866921e-03 3.638494852930307475e-03
9.609880267817061611e-04 4.157780599780380552e-03
1.305187412071973085e-03 3.402866440592333501e-03
8.705332584213465452e-04 3.484405268682167107e-03
9.945366444298997088e-04 3.188903455156833107e-03
7.311073364689946391e-04 2.803748869337141340e-03
6.574328061105915843e-04 2.576237099128775385e-03
7.264367945026606104e-04 2.593332022661343130e-03
6.828948215115814967e-04 2.604947262443602259e-03
6.337744416669011116e-04 2.759090386098250660e-03
6.291599798714742281e-04 2.730001183226704771e-03
5.860903918801340772e-04 2.591900265542790294e-03
6.126204927568324344e-04 2.875946584390476433e-03
6.448095329687931077e-04 2.736272168112918648e-03
6.218956550583243370e-04 2.667928294977173296e-03
6.759073963621631482e-04 2.557466542930342170e-03
7.356366950261872262e-04 2.580173619207926095e-03
6.201792479259893081e-04 2.392236093874089333e-03
6.071365889511071579e-04 2.629509821417741477e-03
6.034672172972932241e-04 2.506635533063672309e-03
6.204650184372439764e-04 2.585962956072762435e-03
7.024975580861792185e-04 2.461214509094133800e-03
6.736666517099365158e-04 2.629130796412937256e-03
6.152688962174579718e-04 2.417619974585249933e-03
6.100778598920441730e-04 2.654946761322207575e-03
5.998311738949268839e-04 2.453375919139944104e-03
5.745272588683292487e-04 2.657509624259546573e-03
5.725266149966045997e-04 2.440629803459160030e-03
5.769464711192995527e-04 2.362082595936954021e-03
5.769363458966835900e-04 2.576027155737392431e-03
5.646810488542542295e-04 2.630230406066402619e-03
5.561653531913179471e-04 2.503334777429699898e-03
5.732005374738946557e-04 2.603108121547847986e-03
5.735991340770852038e-04 2.565184922423213634e-03
5.347976912162266672e-04 2.403781426255591387e-03
5.603633340797387280e-04 2.460256303311325783e-03
5.740811699070036628e-04 2.609647944336756890e-03
5.908896273467689753e-04 2.531018332228995946e-03
5.521229031728580594e-04 2.426377130905166442e-03
5.510432369192130647e-04 2.457017527194693858e-03
5.661592018441297331e-04 2.455655485391616821e-03
5.583594051131512753e-04 2.544346230570226821e-03
5.295399663737043522e-04 2.301753815845586533e-03
5.503991589648649530e-04 2.316877857083454728e-03
5.525444663362577774e-04 2.413576174876652831e-03
5.472241289680823250e-04 2.354197172098793263e-03
6.293015605479013608e-04 2.494541567284613674e-03
6.804607255617156625e-04 2.683357417117804202e-03
7.363322685705498295e-04 2.729674841975793416e-03
6.154773815069347837e-04 2.549208764685317961e-03
6.141582794953137853e-04 2.688154220231808809e-03
5.808236222947016142e-04 2.411443606251850898e-03
6.087424786528572657e-04 2.518068786594085482e-03
6.139777960925130174e-04 2.685051865410059517e-03
6.730021268595010042e-04 2.479754408705048350e-03
7.679994610953144946e-04 2.306504291482269764e-03
6.672949966741725802e-04 2.514459111262112943e-03
5.674292522598988874e-04 2.434484020341187716e-03
5.585337319644167586e-04 2.371354791102930990e-03
6.043689907528459592e-04 2.470823569456115539e-03
6.130766101705376276e-04 2.212587479152716870e-03
6.835443360614590564e-04 2.827540040016174316e-03
8.801224583294242187e-04 3.049294603988528165e-03
9.135417902143671675e-04 3.261001588543877179e-03
7.778479717671871402e-04 2.497423300519585696e-03
6.396471580956131220e-04 2.753370089340023870e-03
8.455144154140726166e-04 2.709158911602571780e-03
1.368174413801170842e-03 3.246929775923490351e-03
1.451903955603483978e-03 3.229146270314231515e-03
1.452166173839941534e-03 3.360536496620625171e-03
1.268988678930327296e-03 2.573256817413493991e-03
6.812010760768316686e-04 2.726969150535296562e-03
7.102199248038232543e-04 3.062688623322173866e-03
6.782586002373136797e-04 3.374842269113287503e-03
8.464986662147566459e-04 2.514528090250678274e-03
6.529417354613542340e-04 2.473662429838441486e-03
5.846851796377450445e-04 2.420841410639695823e-03
5.513815762242302082e-04 2.404341424698941323e-03
5.419649489340372817e-04 2.435624768259003672e-03
5.298525400576181276e-04 2.554812844027765269e-03
5.447702249512075944e-04 2.446155622601509181e-03
5.324926096363924444e-04 2.540706872241571719e-03
5.154073151061311364e-04 2.372297763940878212e-03
5.302893929183483341e-04 2.596181631088256662e-03
5.995814848574809513e-04 2.906376682221889669e-03
7.198889245046303110e-04 2.402526489458978003e-03
1.068168386700563046e-03 2.693910995731130242e-03
1.106931667891331017e-03 2.450726888491772202e-03
9.263381216442212462e-04 2.696588938124478037e-03
8.290767116704955263e-04 3.280151094077155167e-03
8.040003565838560028e-04 2.773627228452824230e-03
6.785562844015657468e-04 2.491733961505815387e-03
6.590395234525204139e-04 2.454694130574352866e-03
6.753299559932202534e-04 2.432495105313137347e-03
6.647257730946875675e-04 2.565797005081549200e-03
6.621582288062199950e-04 2.382045364356599748e-03
6.192857123096473732e-04 2.641749451868236065e-03
6.201964220963418701e-04 2.609297234448604199e-03
5.400421985541469915e-04 2.453523321310058410e-03
5.246445743978256360e-04 2.296034258324653084e-03
5.268568958854303198e-04 2.584370959084481001e-03
5.263410275802016258e-04 2.334256903850473464e-03
5.063967688329285228e-04 2.377763437107205217e-03
5.088667363452259668e-04 2.580940755433402782e-03
5.692816877854057090e-04 2.343286774703301489e-03
5.248434375971555493e-04 2.476305488380603579e-03
5.364579410525038838e-04 2.224571336410008197e-03
5.283885140670463876e-04 2.619145766948349687e-03
5.183122309972531660e-04 2.447172597749158827e-03
5.035654481616802730e-04 2.272498141974210566e-03
5.170083597477060245e-04 2.310221490915864706e-03
5.345236699213273606e-04 2.408702956745401198e-03
5.081723560579120896e-04 2.473869925597682769e-03
6.283480892307124815e-04 2.467241116391960531e-03
6.374566117301582856e-04 2.369351300876587543e-03
6.184420519275591211e-04 2.454016127740032797e-03
5.638450238620862365e-04 2.347215337795205588e-03
5.648373800795525746e-04 2.154095607693307102e-03
5.411467464000452310e-04 2.532437018817290837e-03
6.649533999734558599e-04 2.608753059757873242e-03
5.768366463598795235e-04 2.152344337082467886e-03
5.758748389780521610e-04 2.376965468283742493e-03
5.367966412450186475e-04 2.308822306804359133e-03
5.377034132834524350e-04 2.361298279720358377e-03
6.605303729884326675e-04 2.231371134985238487e-03
5.290787245030515113e-04 2.331356448121368712e-03
4.992958223738241724e-04 2.153591881506144827e-03
4.922221822198479934e-04 2.437538423691876233e-03
4.975493167876266377e-04 2.244172518840059465e-03
4.677395772887393832e-04 2.258487130166031594e-03
4.761202435474842787e-04 2.380707033444195899e-03
5.003541213227435730e-04 2.216249710181728092e-03
4.819750887691043100e-04 2.313125945511273953e-03
5.166934119188226543e-04 2.289366794866509562e-03
5.406411772128194137e-04 2.304647403070703062e-03
6.008270021993667321e-04 2.254896715749055234e-03
5.568853433942422054e-04 2.566809757263399747e-03
5.959151341812685566e-04 2.205058332765475089e-03
5.448171301395632543e-04 2.136172197060659441e-03
5.371700040996074893e-04 2.294594672275706952e-03
5.073094711406156204e-04 2.105361706344410951e-03
7.502915250370278955e-04 2.604832215001806790e-03
9.278888115659356334e-04 2.421724938903935167e-03
7.660823117475956895e-04 2.662847953615710139e-03
5.582130965194664679e-04 2.205129689536988822e-03
4.794768596184439740e-04 2.304205996915698138e-03
4.610939955455251255e-04 2.223359461640939290e-03
4.583860329148592319e-04 2.294387639267370105e-03
4.741262437164550647e-04 2.701748657273128629e-03
6.388735477230511389e-04 2.526901650708168572e-03
6.305885384790599129e-04 2.293730987003072923e-03
8.926942944526671930e-04 2.614022360648960049e-03
7.700242829741909666e-04 2.211065072333440358e-03
6.570136625668965497e-04 2.460278049693442708e-03
6.067404377972706936e-04 2.680986997438594612e-03
6.629087642068043134e-04 2.375052095158025449e-03
6.693137605907395265e-04 2.670949039747938600e-03
6.366945439367554865e-04 2.408076525898650462e-03
7.972814753884449167e-04 2.660547156119719234e-03
7.139312743674963930e-04 2.386356756323948416e-03
5.662407987983897112e-04 2.384718356188386592e-03
5.568958236835897186e-04 2.158467893605120307e-03
5.615361820673570254e-04 2.330910731689073319e-03
6.454878224758431099e-04 2.297123876633122737e-03
6.005183007800951383e-04 2.745416184188797983e-03
5.562501697568223097e-04 2.381393554969690740e-03
5.134881997946649573e-04 2.246399543946608728e-03
5.275625560898333354e-04 2.111017628340050752e-03
5.250001384411006732e-04 2.433109910634812054e-03
5.164249814697541296e-04 2.229045203421264887e-03
4.748920298879966248e-04 2.330635985708795575e-03
5.151086286787176071e-04 2.312723928480408912e-03
4.834616986045148115e-04 2.225456971791572782e-03
4.871546552749350667e-04 2.261960573378019035e-03
5.463412031531334140e-04 2.301896543940529227e-03
5.627210965030826195e-04 2.185262637794949114e-03
6.436220006435178437e-04 2.408992103300988848e-03
6.058988539734855728e-04 2.409650920890271750e-03
7.421138667268678763e-04 2.325131779070943421e-03
6.747477760654874363e-04 2.264603495132177895e-03
5.527097993763164119e-04 2.516336011467501521e-03
6.526586934342048845e-04 2.763709129067137664e-03
6.265069168875925243e-04 2.412785351043567235e-03
5.550891211896669553e-04 2.379773938446305866e-03
8.652386426547309167e-04 2.325332832697313279e-03
6.087695212045219229e-04 2.540208361460827378e-03
6.530513172037899060e-04 2.784746923134662298e-03
9.867816872429103093e-04 2.296428143745288340e-03
9.232384356437251405e-04 2.384582557715475472e-03
9.181155372061766250e-04 2.473946739337407139e-03
7.026539649814366861e-04 2.545687672682106668e-03
8.587354765040800192e-04 2.997425233479589137e-03
7.538588630268350460e-04 2.907922788290307013e-03
6.526804252644069059e-04 2.584312815451994625e-03
5.685727199306711121e-04 2.558619961200747726e-03
5.552077054744586349e-04 2.429699868662282738e-03
5.163050314877182462e-04 2.177367289550602610e-03
4.501029339735396423e-04 2.332218995434232056e-03
4.362030529591720660e-04 2.332365649635903537e-03
4.552181417238898575e-04 2.361393324099481019e-03
4.472698878089431456e-04 2.174550954077858304e-03
4.312493038014508784e-04 2.269218198489397591e-03
4.235828368109650693e-04 2.242056580143980682e-03
4.499952978221699379e-04 2.114009091746993276e-03
4.241410424583591521e-04 2.186048973817378196e-03
4.575823622872121632e-04 2.305567430448718456e-03
4.499042188399471343e-04 2.168547407200094226e-03
4.733795401989482452e-04 2.114790545601863241e-03
4.562584275845438025e-04 2.197254341444931838e-03
4.470662388484925032e-04 2.254356027697212907e-03
4.710635570518206588e-04 2.149141466361470520e-03
4.345611479948274683e-04 2.194882812909782020e-03
4.470030995435081639e-04 2.064433705527335405e-03
4.205509259918471690e-04 2.155842311913147482e-03
4.110846060939365781e-04 2.261202386580407793e-03
4.557783890049904368e-04 2.170620344986673618e-03
4.542655056866351732e-04 2.268433154677040962e-03
4.759492469020187746e-04 2.078557145432569173e-03
4.388892644783482172e-04 2.230595564469695091e-03
4.751067230245098255e-04 2.187308325665071520e-03
7.636483918759040318e-04 2.374073240207508380e-03
7.109764352208003619e-04 2.626684075221419161e-03
7.402711373288184838e-04 2.210677403490990487e-03
6.508788123028352640e-04 2.343653450952843005e-03
5.707315540348645300e-04 2.189155126689002091e-03
6.857247775769792280e-04 2.555467316415161068e-03
9.041190816788003282e-04 3.181935189059004014e-03
8.185329090338200764e-04 2.154088625684380358e-03
7.028277439530938430e-04 2.455030143028125340e-03
6.037216546246782379e-04 2.091085785650648177e-03
4.952176390361273444e-04 2.679663934395648626e-03
5.037409791839309037e-04 2.202081267023459164e-03
4.558826618449529850e-04 2.136469323886558414e-03
4.441672921529970846e-04 2.092213675496168435e-03
4.300398286432027817e-04 2.176926532411016350e-03
4.200841387500986348e-04 2.157058546436019155e-03
4.610716379829682301e-04 2.115281113947276199e-03
5.565295548876747055e-04 2.091204740281682462e-03
5.614749068627133532e-04 2.229547963361255911e-03
6.105883308919146874e-04 2.444404532434418884e-03
5.699812056263909178e-04 2.233602563501335767e-03
4.865979775786399624e-04 2.211994098615832627e-03
4.770318300870712847e-04 2.226293890271335667e-03
4.815353902813512940e-04 2.256815088912844658e-03
5.013846835936419883e-04 2.170515994657762435e-03
5.589222259004600129e-04 2.126477897400036541e-03
4.643271124223247062e-04 2.195635849784593856e-03
4.417848642333410572e-04 2.112367938389070419e-03
4.436970048118382692e-04 2.172507175419014121e-03
4.091528207936789840e-04 2.007604707614518702e-03
4.132044792640954473e-04 2.128318481845781294e-03
4.001652778242714703e-04 2.025041906745172864e-03
4.279055036022327949e-04 2.295200465596280992e-03
4.512501822318881533e-04 2.317147940630093217e-03
5.178483770578168333e-04 2.158324592164717528e-03
7.211933174403384111e-04 2.323347286437638277e-03
9.612084919353947260e-04 3.588076017331332055e-03
1.185708481352776376e-03 2.606119096162728879e-03
9.287268272601068237e-04 2.304171110154129565e-03
7.007273045019247072e-04 2.355994074605405331e-03
6.646451685810462074e-04 2.519677177770063108e-03
6.231284758541732593e-04 2.374318856163881806e-03
4.872920995694585361e-04 2.047280152328312570e-03
5.328548781108110926e-04 2.372119922074489469e-03
4.731679451651871421e-04 2.694894839078187769e-03
6.354821147397160313e-04 2.361295127775520000e-03
5.177747807465493679e-04 2.250426638056524098e-03
4.616067984898108772e-04 1.955246864235960034e-03
4.337767266406444941e-04 2.176690340274944728e-03
3.910610830644145608e-04 2.077400890993885522e-03
3.910158149665221464e-04 2.323884898214600807e-03
4.613157165294978551e-04 2.378721899003721600e-03
4.835795669350773205e-04 2.085812079894821917e-03
4.946539440425113277e-04 2.111104901996441012e-03
4.083840540261007845e-04 2.236592065310105768e-03
4.317863116739317558e-04 2.085888775764033025e-03
3.947350156522589021e-04 1.995029620593413624e-03
3.980071509431581727e-04 2.133176857023499993e-03
4.047294016345403980e-04 2.256267555640079255e-03
4.018281673779710910e-04 2.142440297757275229e-03
4.338512087997514863e-04 2.108394991955719801e-03
4.052062009577639618e-04 1.985375236836262134e-03
3.818501718342304230e-04 1.992150931619107636e-03
3.655027459899429123e-04 2.037836526869796390e-03
4.132636757276486714e-04 2.054561246768571610e-03
4.180949574219994139e-04 2.124373777769506064e-03
4.377689299872145165e-04 2.153708905098028481e-03
4.022984154289588549e-04 1.995146443368866953e-03
4.156968177994713296e-04 2.050186737324111337e-03
4.195372581307310828e-04 2.177622434101067310e-03
4.536356838798383142e-04 2.005609101615846157e-03
3.780930448556318771e-04 1.969242740597110068e-03
3.919826209312305071e-04 2.040083683095872229e-03
4.131501871597720419e-04 2.042922606051433831e-03
3.751755488337948702e-04 1.957712156581692398e-03
3.741979322512634315e-04 1.982412321376614359e-03
3.832846639852505286e-04 1.966124124010093510e-03
4.085029668203787878e-04 2.064102535950951105e-03
3.739611078344750933e-04 2.036509505705907854e-03
3.988104872405529022e-04 2.094390740967355842e-03
3.965438198065385331e-04 1.901662438467610671e-03
3.764028195291757692e-04 1.964413472160231409e-03
3.631481959018856287e-04 2.176002360647544178e-03
4.085020234924741198e-04 2.010577337932772848e-03
3.605774796596961313e-04 1.875107441446743949e-03
3.713473626703489463e-04 2.069928939454257402e-03
3.578496529371477447e-04 1.886676825233735188e-03
3.789121168665587685e-04 2.045875316252931779e-03
3.974936946178786348e-04 1.936548932280857073e-03
3.592115761421155293e-04 2.061045548180118116e-03
3.917523623385932513e-04 1.907373203721363097e-03
4.601928012561984360e-04 2.120818381081335333e-03
4.468257160624488971e-04 1.811837847344577269e-03
4.325923757278360318e-04 1.921216817572712985e-03
4.236604610923677574e-04 1.924364494334440592e-03
4.344586719525978186e-04 1.996312235132790928e-03
4.158841184107586741e-04 1.934700027049984783e-03
4.623666929546743523e-04 1.893445901805534872e-03
5.040474512497894683e-04 2.385694926488213241e-03
4.850190933211706687e-04 1.893473093514330729e-03
4.235513682942837260e-04 2.057620334380771791e-03
4.625041576218791198e-04 2.112332789693027735e-03
5.718535394407808781e-04 1.779134623939171520e-03
4.474011031561531018e-04 2.170806296635419304e-03
4.021436005132272948e-04 1.894230571633670522e-03
4.030147014418616674e-04 2.000515093095600692e-03
3.633637337770778469e-04 1.997194440627936361e-03
3.570830667740665376e-04 1.967404378228820947e-03
3.954646679630968828e-04 2.173595879867207259e-03
4.360922001069411744e-04 1.979344569554086688e-03
4.590486423694528639e-04 1.921766821760684339e-03
3.645975331892259311e-04 1.853644997754599856e-03
3.489628594252281108e-04 1.970869681099429553e-03
3.676044289022684097e-04 1.911238231696188493e-03
3.579096410248894244e-04 2.048519358504563657e-03
3.810706853982992687e-04 1.895431974844541401e-03
4.268821343430317721e-04 2.345903374953195539e-03
7.574210474558639838e-04 2.149877120973542506e-03
9.090505045605823398e-04 2.820416202303022059e-03
9.421809212653897486e-04 2.404524739540647802e-03
7.545369051513261659e-04 2.214532185462303460e-03
6.474500340118538155e-04 2.284488317673094744e-03
6.319219100987538695e-04 2.071663312381133611e-03
8.717424090718850927e-04 2.480252285022288387e-03
6.242721450689714185e-04 2.674058289267122832e-03
7.457323270500637157e-04 3.440463112201541836e-03
7.337692251894623475e-04 2.342790717375464564e-03
4.199386312393471599e-04 2.357584447599947366e-03
5.251062102615833282e-04 1.973637689661700452e-03
4.977901466190814755e-04 1.943583693355321971e-03
3.620189399953233078e-04 2.081063766672741535e-03
4.054863413330167424e-04 2.051269839284941554e-03
4.100507248949725181e-04 2.238376910099759698e-03
4.678748562582768608e-04 2.352294290903955871e-03
3.996868468675529801e-04 1.938167387561406984e-03
4.339953629823867232e-04 2.157413930399343458e-03
3.776051133172586669e-04 2.091552119236439293e-03
4.018307052319869507e-04 2.028491880628280255e-03
3.515615833748597760e-04 2.065217305789701554e-03
3.753145218070130904e-04 1.874123164452612443e-03
6.821319744631182619e-04 2.050851995591074228e-03
5.799599573947488828e-04 2.575092425104230642e-03
5.759758700150996230e-04 2.175467368215322321e-03
4.392488073790445815e-04 2.011280466103926128e-03
4.474660403502639166e-04 2.043210619012825104e-03
4.814652973436750580e-04 1.960449967009481129e-03
3.700151763041503836e-04 2.091971097979694431e-03
3.828890316071919880e-04 1.992367504863068548e-03
3.587880957638844739e-04 1.967741438420489430e-03
3.155139042064547322e-04 2.003404448623769072e-03
3.499652564642019678e-04 2.043865722953341901e-03
3.203362684871535748e-04 1.875664686667732851e-03
3.141177439829334617e-04 1.934273588994983670e-03
3.096009328146465340e-04 1.858925379929132846e-03
3.241378988604992737e-04 1.945707929553464012e-03
3.294450914836488773e-04 1.924526359653100458e-03
3.299629497632849962e-04 1.870566638535819861e-03
3.350491286255419363e-04 2.066357631701975887e-03
4.437301860889419805e-04 2.111668922589160589e-03
3.947089753637555987e-04 2.009468802134506318e-03
3.616214482462964844e-04 1.951131423993501812e-03
3.692995476740179692e-04 2.022596829920076007e-03
3.765361907426267862e-04 2.131306997034698638e-03
4.474546025448944203e-04 1.802453800337389112e-03
4.037445338326506534e-04 2.092802950937766408e-03
3.914535336662083864e-04 1.907165539159905252e-03
4.093553405255079378e-04 2.099260097020305780e-03
4.039872961584478834e-04 1.798984099877998233e-03
3.156020466121844947e-04 1.964191359002143231e-03
3.266633015300612680e-04 1.844174940197263000e-03
3.368609162862412415e-04 1.836179771635215643e-03
3.113528873655013740e-04 1.973015810654032889e-03
3.188276066794060279e-04 1.868516040849499318e-03
3.497566169244237136e-04 1.851970925054047343e-03
3.681740025058388818e-04 2.085243351757526398e-03
4.109938003239221654e-04 1.796128779824357567e-03
3.663337796751875214e-04 2.105199065408669239e-03
4.336897021858021400e-04 1.866243801487144083e-03
4.554632520012092062e-04 2.138741032104007813e-03
4.593487159581854723e-04 1.915611149161122696e-03
4.853285267017781518e-04 1.935376437904778781e-03
3.493396972771733891e-04 1.884892747330013619e-03
3.314920460979919772e-04 1.969218658632598991e-03
3.503778578306082745e-04 1.903621165547520009e-03
3.601989963499363620e-04 1.836120204825419976e-03
3.834703486063517522e-04 1.894253380305599335e-03
4.307180111936759421e-04 1.846727254451252433e-03
4.240755268256180097e-04 2.005322277545928868e-03
3.897903399774804603e-04 1.917098979174625172e-03
4.476794056245125830e-04 2.063263836316764181e-03
3.609243656683247645e-04 1.959541111136786813e-03
4.071062663570046642e-04 2.040773264889139769e-03
4.000170185463502895e-04 1.786417480616364628e-03
3.308093713712878308e-04 2.126664937532041048e-03
3.897840899298898767e-04 1.796503065270371648e-03
3.916662157280370376e-04 1.984995872771832919e-03
4.805488657439127781e-04 1.855421804066281766e-03
5.160801723832264326e-04 2.450253147981129413e-03
6.708650907967239618e-04 2.173665963346138510e-03
5.946914832748006596e-04 1.933012082008644895e-03
4.378902696771547090e-04 2.003688964759930795e-03
5.068318831035866900e-04 2.197079925099387938e-03
4.719101547379977784e-04 2.072813385166227644e-03
4.078183977981097779e-04 1.926678765448741528e-03
3.492860276310239096e-04 1.942372135818004565e-03
3.440492466324940215e-04 1.783911937673110602e-03
3.343870463140774735e-04 1.879064191598445177e-03
2.946464905107859305e-04 1.850645606464240743e-03
2.880899708543438573e-04 1.853328573633916633e-03
2.862817484128754478e-04 1.872885265038348821e-03
3.157462189847137671e-04 1.870587054872885260e-03
3.273482114309445132e-04 1.878643828968051908e-03
3.230998692743014436e-04 1.799597234639804767e-03
3.788042115047573935e-04 2.113675820874050346e-03
3.957557055400684476e-04 1.934274882660247342e-03
6.369132410327438048e-04 2.091885133995674724e-03
5.945479002548381903e-04 2.359765776782296685e-03
3.723093454027548216e-04 1.851569916470907585e-03
3.446938873821636553e-04 1.852767568198032634e-03
3.062810857954900603e-04 1.862943430023733570e-03
2.835701459844131131e-04 1.853139486047439234e-03
2.780048103886656680e-04 1.783726269786711869e-03
2.753448919975198588e-04 1.903011485410388559e-03
2.971142523165326457e-04 1.822161857853643683e-03
2.972727234009653330e-04 1.871165346528869122e-03
3.280385179095901657e-04 1.842916094756219579e-03
3.897456081176642329e-04 2.009298434131778777e-03
4.981885984307154579e-04 1.788529870100319342e-03
4.449764703167602311e-04 2.028406903264112771e-03
4.924040214973502295e-04 1.910704506735783157e-03
5.708465352654457526e-04 2.315155777614563617e-03
5.167795694433152892e-04 2.181848377222195441e-03
4.754556255647912730e-04 1.988759046071209013e-03
3.888919498422183205e-04 1.838327589211985469e-03
4.137497206102125455e-04 1.949708767642732666e-03
4.038379862322472253e-04 1.854057481978088617e-03
3.550503570295404643e-04 1.999774281284771686e-03
3.343659620441030603e-04 1.795770353055559099e-03
4.147743235080270314e-04 1.857012795517221006e-03
3.766591136809438359e-04 1.871591195231303486e-03
3.687588119646534541e-04 1.999132600030861621e-03
3.474605680821696405e-04 1.793320030265021982e-03
3.225763437512796481e-04 1.752496151311788708e-03
2.966279822430806451e-04 1.867131465405691372e-03
3.043014323338866125e-04 1.803909648151602509e-03
2.870772499591111920e-04 1.815709867514669895e-03
2.980773853778373342e-04 1.837822221568785695e-03
3.151800185150932412e-04 1.810448631295002910e-03
2.592531993286684047e-04 1.753094894229434387e-03
2.751077867287676565e-04 1.741641880653332962e-03
2.867425508156884570e-04 1.842655557265970899e-03
2.926786874013487250e-04 1.776495263038668868e-03
2.685494051547721245e-04 1.712279795901849779e-03
2.789321399177424501e-04 1.802477610181085809e-03
2.800450674840249121e-04 1.872271626780275255e-03
2.627372217830270312e-04 1.716360382852144626e-03
2.675468313100282103e-04 1.845927292015403422e-03
2.856744686141610146e-04 1.840058184461668047e-03
3.098553002928383865e-04 1.815163785067852587e-03
2.975260737002827444e-04 1.847675943281501532e-03
3.385827920283191014e-04 1.839533532620407598e-03
5.076032364740967317e-04 2.151538862381130630e-03
5.018331328756175502e-04 1.941704704950097905e-03
4.472832661122083664e-04 2.014578711532522080e-03
3.209250367945060351e-04 1.735893677687272473e-03
3.220946520741563182e-04 1.967582022189162672e-03
3.351719704369315986e-04 1.956627439358271832e-03
3.540049554430879761e-04 1.898582771536894056e-03
3.242377133574336767e-04 1.780507946386933413e-03
2.711017164983786859e-04 1.743253266613464759e-03
3.046794619876891266e-04 1.725297550729010341e-03
2.855588521924800954e-04 1.909493037965148774e-03
3.681068934383802333e-04 1.619811038835905492e-03
5.053417742601595385e-04 1.833897770848125263e-03
4.743775607494171709e-04 1.964653204777277833e-03
7.737282256130128665e-04 2.250280679436400706e-03
5.460954096633940501e-04 2.596035457099787717e-03
4.937683872412890630e-04 1.775909197749569969e-03
4.224681979394517839e-04 1.993229378422256646e-03
3.208454625564627458e-04 1.989618217339739377e-03
3.143339927191846073e-04 1.807755735353566750e-03
3.160403408401180276e-04 1.939374997164122760e-03
3.249108063755557158e-04 1.859740720828995152e-03
2.676253534446004778e-04 1.680907924310304224e-03
2.810537713230587759e-04 1.858631832874380052e-03
2.929266222054138671e-04 1.814855413977056828e-03
2.676450909348204949e-04 1.824158881208859341e-03
2.622056788823101778e-04 1.756008369557093786e-03
2.652200520969927203e-04 1.772449209238402589e-03
2.545018709497526071e-04 1.831362533266656101e-03
2.857917759683914591e-04 1.813519680581521243e-03
2.810242687701247524e-04 1.726190773479174866e-03
2.761858384474180747e-04 1.768980597262270749e-03
2.608445909572765340e-04 1.697826730378437787e-03
2.633620926644652973e-04 1.857976769679226068e-03
3.129478922346606634e-04 1.677298021968454209e-03
5.317557617672719495e-04 1.738946087425574704e-03
4.481737320020329424e-04 2.244551735930144960e-03
3.512900439091026783e-04 1.761638314928859516e-03
3.573113739548716477e-04 1.760375771846156654e-03
4.683422317611985125e-04 1.902205476653762162e-03
3.173743185470812240e-04 1.826875306142028334e-03
2.734198089456185590e-04 1.790608861483633518e-03
2.860862448869738836e-04 1.810515421675518242e-03
2.734608577156905193e-04 1.989182201214134693e-03
3.157814717269502580e-04 1.814273308264091698e-03
2.758043614448979280e-04 1.757198863197118131e-03
2.563106791058089584e-04 1.864924546680413187e-03
2.656929238582961153e-04 1.742993301013484510e-03
2.577476065198424987e-04 1.805797322595026257e-03
2.402935893769608756e-04 1.751910813618451444e-03
2.587566421425435800e-04 1.680977962678298354e-03
2.499640868336427957e-04 1.691290050803217994e-03
2.727538041654042791e-04 1.792427618056535721e-03
2.802305185468867638e-04 1.672288613917771727e-03
2.617143996758386710e-04 1.789233891759067730e-03
2.723610261455178152e-04 1.692217329400591639e-03
2.603339973575202640e-04 1.764294812164735006e-03
2.468046444846549786e-04 1.792525377823039889e-03
2.514637744752690196e-04 1.653361803619191051e-03
2.827025396982208111e-04 1.765808340860530777e-03
3.216222408809699335e-04 1.580739572818856643e-03
3.497039884678088345e-04 2.078044958761893039e-03
4.703277838416397463e-04 1.805513938597869041e-03
3.055319219129160155e-04 1.753740471031051129e-03
2.511853650503326424e-04 1.660268069826997817e-03
2.635390817886218537e-04 1.847384049324318810e-03
2.555142200435511768e-04 1.734346302691847173e-03
2.694238180993124951e-04 1.757369641563855155e-03
2.899684852309292074e-04 1.606197886576410340e-03
2.818292632582597435e-04 1.771956357697490646e-03
2.861619257600978125e-04 1.766982111439574423e-03
3.005759499501436949e-04 1.641459678648971065e-03
2.752762695308774601e-04 1.794805176905356261e-03
2.468573584337718785e-04 1.544193402514792892e-03
3.242372331442311406e-04 1.820080337347462860e-03
3.280601900769397833e-04 1.669408127781935036e-03
2.407294450676999986e-04 1.794667603098787281e-03
2.737480332143604972e-04 1.703894544334616512e-03
3.322112323075998683e-04 1.675592116953339428e-03
2.447334409225732088e-04 1.739090189221315043e-03
2.400040648353751749e-04 1.631448470288887663e-03
2.912960684625431678e-04 1.831447429140098393e-03
3.327632228319998939e-04 1.744424187927506951e-03
2.969725057482719313e-04 1.879042744985781653e-03
2.857941130059771023e-04 1.841207061079330699e-03
2.416963499854318689e-04 1.750528247794136448e-03
2.972488087834790566e-04 1.960835704812779936e-03
3.021252967300824929e-04 1.992081737262196752e-03
3.264093495090491961e-04 1.661994437745306554e-03
2.799796071485616484e-04 1.816218876047059850e-03
2.810028367093764029e-04 1.682329806499183178e-03
2.807248863973654915e-04 1.908967342751566407e-03
2.834117971360683224e-04 1.583787146955728531e-03
2.300533138622995412e-04 1.830034020531456874e-03
2.615819321363233030e-04 1.757384592201560649e-03
