0.0 -0.065 -0.065 -0.065 -0.065 -0.06889667 -0.06139157 -0.06082914 -0.06414504
0.0005 -0.06497798 -0.05428989 -0.05192283 -0.06486425 -0.06962723 -0.050420664 -0.0513568 -0.062257085
0.001 -0.06488158 -0.03778811 -0.03703755 -0.06464734 -0.069436304 -0.034186866 -0.04065612 -0.06059922
0.0015 -0.06475591 -0.01864253 -0.02407513 -0.0644337 -0.06891945 -0.015088983 -0.029558577 -0.059338845
0.002 -0.06462464 0.001932679 -0.01244413 -0.06421317 -0.06824329 0.005650092 -0.018264078 -0.058350075
0.0025 -0.06448889 0.02328854 -0.001463937 -0.06397945 -0.06749024 0.027321327 -0.0068724155 -0.05754362
0.003 -0.06434606 0.04502311 0.009223079 -0.06373021 -0.06670736 0.04948442 0.004555911 -0.056862034
0.0035 -0.0641911 0.06694057 0.01980536 -0.06346146 -0.065922625 0.07185444 0.015981324 -0.05626766
0.004 -0.06403058 0.08893947 0.03037235 -0.06317899 -0.0651529 0.09424266 0.027377158 -0.05573548
0.0045 -0.06386835 0.1109543 0.04096151 -0.06288685 -0.06440782 0.11652282 0.0387253 -0.055248342
0.005 -0.06370336 0.132932 0.05155869 -0.06258598 -0.06369269 0.1386103 0.05001329 -0.05479469
0.0055 -0.06352269 0.1548211 0.062085 -0.06227237 -0.063009724 0.16044879 0.061232507 -0.054366395
0.006 -0.06332942 0.1765724 0.07262493 -0.06194881 -0.062359363 0.18200135 0.0723768 -0.053957917
0.0065 -0.06312862 0.1981417 0.08319241 -0.06161817 -0.061740723 0.20324448 0.08344218 -0.05356525
0.007 -0.06292446 0.2194892 0.09377132 -0.06125375 -0.061152343 0.22416353 0.09442569 -0.053185634
0.0075 -0.06270384 0.2405815 0.1043542 -0.06083091 -0.06059228 0.24475008 0.10532527 -0.05281703
0.008 -0.06247521 0.2613875 0.114925 -0.06041996 -0.060058348 0.265 0.116139516 -0.05245783
0.0085 -0.06224753 0.281881 0.1254704 -0.06002551 -0.059548374 0.2849116 0.12686732 -0.052106842
0.009 -0.06202216 0.3020411 0.1359802 -0.05964294 -0.059060194 0.304485 0.1375077 -0.05176306
0.0095 -0.06179747 0.3218519 0.1464452 -0.05926787 -0.058591705 0.32372153 0.14806007 -0.05142563
0.01 -0.06157133 0.3413016 0.1568571 -0.05889707 -0.058140974 0.34262326 0.15852353 -0.051093828
0.0105 -0.06134203 0.360382 0.1672083 -0.05852822 -0.057706118 0.36119276 0.16889761 -0.05076694
0.011 -0.06110843 0.3790877 0.1774918 -0.05815975 -0.057285517 0.37943256 0.17918153 -0.0504444
0.0115 -0.06086986 0.3974161 0.1877014 -0.05779059 -0.05687753 0.39734572 0.18937461 -0.0501256
0.012 -0.06062603 0.4153665 0.1978317 -0.05742004 -0.05648078 0.41493502 0.19947611 -0.049810007
0.0125 -0.06037687 0.4329399 0.2078779 -0.05704767 -0.056093965 0.4322037 0.20948537 -0.04949713
0.013 -0.06012246 0.450139 0.2178358 -0.05667325 -0.05571591 0.4491548 0.21940137 -0.04918652
0.0135 -0.05986294 0.4669672 0.2277019 -0.0562967 -0.055345584 0.46579117 0.2292233 -0.048877776
0.014 -0.0595985 0.4834292 0.2374729 -0.05591801 -0.054982 0.48211604 0.2389503 -0.048570495
0.0145 -0.05932921 0.4995301 0.2471458 -0.0555371 -0.05462434 0.49813265 0.24858148 -0.04826434
0.015 -0.05905524 0.5152757 0.2567185 -0.05515396 -0.054271806 0.51384383 0.2581157 -0.047958996
0.0155 -0.05877689 0.5306723 0.2661892 -0.05476894 -0.05392375 0.52925277 0.26755208 -0.04765419
0.016 -0.05849446 0.5457263 0.2755561 -0.05438237 -0.053579535 0.5443628 0.27688944 -0.047349676
0.0165 -0.05820824 0.5604446 0.284818 -0.05399446 -0.053238645 0.5591769 0.28612685 -0.047045227
0.017 -0.05791843 0.5748338 0.2939734 -0.05360544 -0.05290063 0.57369846 0.29526323 -0.04674072
0.0175 -0.05762522 0.5889009 0.3030215 -0.05321548 -0.05256506 0.5879305 0.3042974 -0.04643596
0.018 -0.05732877 0.6026529 0.3119612 -0.05282477 -0.052231617 0.60187656 0.31322855 -0.046130866
0.0185 -0.05702923 0.6160967 0.3207633 -0.05243349 -0.051899977 0.61553985 0.32205558 -0.045825325
0.019 -0.05672835 0.6292165 0.3287357 -0.05204831 -0.051569924 0.62892383 0.33077753 -0.045519307
0.0195 -0.05642844 0.6420027 0.3365716 -0.05166613 -0.05124122 0.6420318 0.33939356 -0.04521274
0.02 -0.05612694 0.6544813 0.344616 -0.05128223 -0.05091369 0.6548673 0.34790254 -0.044905614
0.0205 -0.0558219 0.6666776 0.3528377 -0.05089642 -0.05058725 0.6674339 0.35630393 -0.04459796
0.021 -0.05551282 0.6786094 0.3611373 -0.05050918 -0.05026176 0.67973506 0.3645969 -0.044289768
0.0215 -0.0552 0.6902881 0.3694298 -0.05012101 -0.049937144 0.69177455 0.37278074 -0.043981068
0.022 -0.05488397 0.7017206 0.3776582 -0.04973238 -0.04961337 0.703556 0.38085502 -0.04367191
0.0225 -0.05456525 0.712912 0.3857884 -0.04934364 -0.04929036 0.7150832 0.3888191 -0.043362305
0.023 -0.05424439 0.7238657 0.393802 -0.04895512 -0.04896812 0.7263599 0.39667273 -0.043052338
0.0235 -0.05392174 0.7345851 0.4016905 -0.04856709 -0.048646662 0.73738986 0.4044156 -0.042742066
0.024 -0.05359749 0.7450736 0.4094508 -0.04817977 -0.048325997 0.74817705 0.41204745 -0.04243155
0.0245 -0.05327176 0.7553345 0.4170836 -0.04779335 -0.048006155 0.75872535 0.4195683 -0.042120893
0.025 -0.0529447 0.7653717 0.4245907 -0.04740799 -0.047687188 0.7690386 0.4269781 -0.041810136
0.0255 -0.05261623 0.7751889 0.4319747 -0.04702497 -0.04736915 0.7791208 0.43427694 -0.0414994
0.026 -0.05228559 0.7847894 0.4392369 -0.04664608 -0.047052093 0.78897613 0.44146514 -0.041188717
0.0265 -0.0519535 0.7941775 0.4463814 -0.04626738 -0.04673607 0.79860824 0.448543 -0.040878203
0.027 -0.05162085 0.8033582 0.4534118 -0.04588916 -0.046421137 0.8080215 0.4555109 -0.040567905
0.0275 -0.05128801 0.8123364 0.4603308 -0.04551194 -0.046107385 0.81721985 0.46236938 -0.04025794
0.028 -0.05095502 0.8211166 0.4671406 -0.04513604 -0.045794874 0.8262073 0.4691192 -0.039948322
0.0285 -0.05062183 0.8297034 0.473843 -0.04476176 -0.04548368 0.8349878 0.47576076 -0.039639182
0.029 -0.05028896 0.8381005 0.4804384 -0.04439517 -0.045173883 0.8435655 0.48229498 -0.039330572
0.0295 -0.04995669 0.8463115 0.4869279 -0.04403174 -0.044865537 0.85194445 0.48872274 -0.039022572
0.03 -0.04962408 0.8543414 0.493315 -0.04366834 -0.04455872 0.86012876 0.49504495 -0.038715217
0.0305 -0.04929085 0.8621949 0.499602 -0.04330511 -0.044253506 0.8681221 0.50126255 -0.038408615
0.031 -0.048957 0.8698764 0.5057901 -0.04294316 -0.04394997 0.8759288 0.5073765 -0.0381028
0.0315 -0.04862209 0.8773894 0.5118786 -0.042587 -0.04364817 0.8835525 0.513388 -0.037797853
0.032 -0.04828655 0.8847373 0.5178693 -0.04223133 -0.04334818 0.89099735 0.51929826 -0.037493832
0.0325 -0.04795113 0.8919246 0.5237649 -0.04187567 -0.043050047 0.8982671 0.52510834 -0.03719081
0.033 -0.04761627 0.8989551 0.5295668 -0.04152075 -0.042753868 0.9053656 0.53081936 -0.036888834
0.0335 -0.0472821 0.9058328 0.5352761 -0.04116708 -0.04245965 0.9122965 0.53643286 -0.036587957
0.034 -0.04694859 0.9125613 0.5408938 -0.04081499 -0.042167492 0.91906375 0.54194987 -0.036288247
0.0345 -0.0466157 0.919144 0.5464209 -0.04046469 -0.041877404 0.9256709 0.54737175 -0.035989746
0.035 -0.04628343 0.9255844 0.5518583 -0.04011638 -0.04158949 0.9321216 0.5526998 -0.035692524
0.0355 -0.04595179 0.9318857 0.5572072 -0.03977017 -0.04130378 0.9384195 0.5579353 -0.035396636
0.036 -0.04562081 0.9380509 0.5624687 -0.03942618 -0.04102028 0.9445681 0.56307983 -0.035102114
0.0365 -0.04529055 0.9440833 0.5676439 -0.03908448 -0.04073909 0.95057064 0.5681343 -0.03480904
0.037 -0.04496106 0.9499858 0.5727338 -0.03874515 -0.04046021 0.95643073 0.5731004 -0.03451745
0.0375 -0.04463241 0.9557614 0.5777397 -0.03840823 -0.040183693 0.9621518 0.57797945 -0.03422738
0.038 -0.04430464 0.9614128 0.5826627 -0.03807377 -0.039909553 0.9677369 0.58277273 -0.033938896
0.0385 -0.0439778 0.966943 0.5875038 -0.03774174 -0.03963785 0.9731893 0.58748144 -0.033652026
0.039 -0.04365183 0.9723546 0.5922642 -0.03741208 -0.039368585 0.97851235 0.59210724 -0.03336684
0.0395 -0.04332682 0.9776503 0.5969451 -0.03708486 -0.03910183 0.9837088 0.5966512 -0.033083394
0.04 -0.04300291 0.9828328 0.6015475 -0.03676015 -0.03883756 0.98878187 0.6011148 -0.032801706
0.0405 -0.04268018 0.9879046 0.6060725 -0.03643797 -0.038575843 0.99373454 0.6054992 -0.032521855
0.041 -0.04235863 0.9928682 0.6105212 -0.03611821 -0.038316686 0.99856967 0.6098058 -0.032243855
0.0415 -0.04204107 0.9977097 0.6140929 -0.03580016 -0.03806008 1.00329 0.614036 -0.031967744
0.042 -0.0417336 1.00239 0.617106 -0.03548333 -0.03780607 1.0078986 0.61819077 -0.031693585
0.0425 -0.04142892 1.006931 0.620504 -0.03516908 -0.03755465 1.0123975 0.6222717 -0.031421393
0.043 -0.04112243 1.011366 0.6243204 -0.03485793 -0.037305873 1.01679 0.6262797 -0.03115125
0.0435 -0.04081332 1.015717 0.6283992 -0.03454994 -0.037059702 1.0210786 0.63021636 -0.030883132
0.044 -0.04050239 1.019996 0.6325932 -0.03424501 -0.036816172 1.0252655 0.6340827 -0.030617137
0.0445 -0.04019075 1.024206 0.6368015 -0.03394303 -0.036575302 1.0293534 0.6378798 -0.030353252
0.045 -0.03987933 1.028349 0.6409639 -0.03364558 -0.03633708 1.0333447 0.641609 -0.030091524
0.0455 -0.03956913 1.03242 0.6450456 -0.03335919 -0.03610152 1.0372418 0.6452715 -0.029832006
0.046 -0.03926087 1.036419 0.6490337 -0.03307457 -0.03586861 1.0410467 0.6488683 -0.02957471
0.0465 -0.03895447 1.040345 0.652926 -0.03278987 -0.035638385 1.044762 0.6524006 -0.029319666
0.047 -0.03864992 1.044197 0.6567241 -0.03250561 -0.035410825 1.0483897 0.6558694 -0.029066917
0.0475 -0.03834723 1.047973 0.6604313 -0.03222233 -0.035185933 1.051932 0.659276 -0.028816462
0.048 -0.03804639 1.051675 0.6640522 -0.03194046 -0.034963705 1.0553908 0.6626215 -0.028568346
0.0485 -0.0377474 1.055301 0.6675912 -0.03166027 -0.03474414 1.0587683 0.66590655 -0.028322592
0.049 -0.03745024 1.058853 0.6710527 -0.031382 -0.03452725 1.0620666 0.66913265 -0.0280792
0.0495 -0.03715493 1.062331 0.674441 -0.03110579 -0.03431301 1.0652874 0.67230064 -0.027838204
0.05 -0.03686148 1.065737 0.6777594 -0.03083176 -0.032589734 1.0629163 0.67745036 -0.029953402
0.0505 -0.03657971 1.058692 0.6808224 -0.03068375 -0.031715445 1.0536764 0.6813842 -0.03125248
0.051 -0.03632468 1.046476 0.6834328 -0.03059942 -0.03138055 1.0401425 0.68451005 -0.032013886
0.0515 -0.036077 1.032021 0.6857409 -0.03051154 -0.031326257 1.0243679 0.68714607 -0.03246286
0.052 -0.03583261 1.016382 0.6878381 -0.03043068 -0.031392317 1.0075967 0.68948746 -0.032735195
0.0525 -0.03559181 1.000075 0.6897762 -0.03036085 -0.031493288 0.99049 0.6916416 -0.03290262
0.053 -0.03535535 0.9833818 0.6915849 -0.03030299 -0.031586982 0.9733791 0.693665 -0.0330015
0.0535 -0.03512376 0.9664811 0.6932823 -0.03025693 -0.031654034 0.9564261 0.6955873 -0.033050723
0.054 -0.03489732 0.949498 0.6948806 -0.03022208 -0.03168658 0.93970937 0.69742453 -0.033060737
0.0545 -0.03467617 0.9325269 0.6963886 -0.03019771 -0.031682465 0.9232661 0.6991864 -0.03303808
0.055 -0.03446033 0.9156416 0.6978134 -0.03018309 -0.03164234 0.9071139 0.7008783 -0.03298728
0.0555 -0.0342498 0.898901 0.6991611 -0.03017752 -0.031568244 0.89125973 0.7025043 -0.032911938
0.056 -0.03404454 0.8823523 0.7004368 -0.03018033 -0.031462815 0.87570596 0.7040674 -0.032815054
0.0565 -0.03384451 0.8660331 0.701645 -0.0301909 -0.031328995 0.86045235 0.70557 -0.03269936
0.057 -0.03364964 0.849973 0.7027898 -0.03020864 -0.03116972 0.84549695 0.7070144 -0.032567345
0.0575 -0.03345989 0.8341952 0.7038749 -0.030233 -0.030987896 0.8308378 0.7084026 -0.03242123
0.058 -0.03327519 0.8187175 0.7049036 -0.0302635 -0.030786343 0.81647205 0.70973617 -0.032263204
0.0585 -0.03309547 0.8035528 0.7058789 -0.03029966 -0.030567799 0.8023967 0.71101713 -0.03209529
0.059 -0.03292068 0.7887107 0.7068036 -0.03034105 -0.030334711 0.7886091 0.712247 -0.03191933
0.0595 -0.03275074 0.7741972 0.7076801 -0.03038726 -0.030089498 0.7751059 0.71342736 -0.031737104
0.06 -0.0325856 0.7600159 0.7085109 -0.03043791 -0.029834367 0.7618841 0.7145599 -0.031550214
0.0605 -0.03242518 0.7461683 0.7092981 -0.03049265 -0.029571373 0.74894 0.715646 -0.03136018
0.061 -0.03226942 0.7326538 0.7100437 -0.03055116 -0.029302452 0.73627055 0.716687 -0.031168444
0.0615 -0.03211825 0.7194708 0.7107495 -0.03061313 -0.029029325 0.7238722 0.7176845 -0.03097621
0.062 -0.0319716 0.7066161 0.7114174 -0.03067828 -0.028753605 0.71174157 0.71863973 -0.030784702
0.0625 -0.03182939 0.6940858 0.712049 -0.03074634 -0.028476737 0.69987506 0.71955407 -0.030594952
0.063 -0.03169157 0.6818751 0.7126459 -0.03081706 -0.028200049 0.6882692 0.72042865 -0.030407907
0.0635 -0.03155805 0.6699787 0.7132094 -0.03089022 -0.027924743 0.67691994 0.72126484 -0.03022446
0.064 -0.03142877 0.6583909 0.713741 -0.0309656 -0.027651891 0.6658237 0.72206396 -0.03004536
0.0645 -0.03130365 0.6471053 0.7142421 -0.03104299 -0.027382486 0.6549766 0.7228268 -0.029871307
0.065 -0.03118263 0.6361157 0.7147137 -0.03112221 -0.0271173 0.64437485 0.7235548 -0.029702855
0.0655 -0.03106563 0.6254154 0.7151573 -0.03120309 -0.026857097 0.6340144 0.7242491 -0.029540483
0.066 -0.03095258 0.6149976 0.7155738 -0.03128545 -0.026602533 0.62389135 0.7249106 -0.029384645
0.0665 -0.03084342 0.6048557 0.7159644 -0.03136915 -0.026354153 0.61400163 0.7255406 -0.029235702
0.067 -0.03073806 0.5949828 0.7163301 -0.03145405 -0.026112445 0.6043411 0.72613996 -0.029093944
0.0675 -0.03063644 0.5853722 0.7166719 -0.03154 -0.025877796 0.5949058 0.7267098 -0.028959606
0.068 -0.03053849 0.576017 0.7169907 -0.03162689 -0.025650524 0.5856917 0.7272512 -0.028832823
0.0685 -0.03044413 0.5669108 0.7172875 -0.0317146 -0.02543091 0.5766945 0.7277649 -0.02871377
0.069 -0.0303533 0.5580467 0.7175631 -0.03180301 -0.02521915 0.56791013 0.7282521 -0.02860247
0.0695 -0.03026593 0.5494186 0.7178184 -0.03189203 -0.025015425 0.55933464 0.72871363 -0.028498989
0.07 -0.03018195 0.5410199 0.7180541 -0.03198157 -0.024819799 0.5509636 0.7291504 -0.02840333
0.0705 -0.03010128 0.5328444 0.7182712 -0.03207152 -0.024632365 0.5427932 0.7295633 -0.028315462
0.071 -0.03002387 0.5248861 0.7184702 -0.03216182 -0.024453115 0.5348192 0.72995305 -0.028235268
0.0715 -0.02994964 0.5171391 0.718652 -0.03225237 -0.024282083 0.52703744 0.7303209 -0.028162688
0.072 -0.02987853 0.5095975 0.7188172 -0.03234312 -0.024119172 0.5194441 0.7306672 -0.028097607
0.0725 -0.02981047 0.5022556 0.7189665 -0.03243398 -0.023964368 0.5120351 0.73099303 -0.02803988
0.073 -0.02974539 0.495108 0.7191005 -0.0325249 -0.023817547 0.5048063 0.731299 -0.027989335
0.0735 -0.02968322 0.4881492 0.7192199 -0.03261582 -0.023678608 0.49775386 0.731586 -0.027945839
0.074 -0.02962392 0.4813741 0.7193253 -0.03270668 -0.023547411 0.4908741 0.7318547 -0.027909178
0.0745 -0.0295674 0.4747775 0.7194172 -0.03279743 -0.023423783 0.4841628 0.732106 -0.027879145
0.075 -0.02951361 0.4683546 0.7194962 -0.03288803 -0.023307618 0.4776165 0.7323402 -0.027855586
0.0755 -0.02946249 0.4621004 0.7195628 -0.03297843 -0.023198709 0.47123122 0.7325583 -0.027838249
0.076 -0.02941397 0.4560103 0.7196176 -0.03306858 -0.0230969 0.46500337 0.73276085 -0.027826972
0.0765 -0.02936799 0.4500798 0.719661 -0.03315845 -0.023001976 0.45892924 0.7329486 -0.027821492
0.077 -0.02932449 0.4443044 0.7196936 -0.03324801 -0.022913735 0.45300537 0.73312193 -0.027821574
0.0775 -0.02928342 0.4386799 0.7197158 -0.03333721 -0.022832014 0.4472282 0.73328155 -0.027827065
0.078 -0.02924471 0.4332021 0.719728 -0.03342604 -0.02275658 0.44159412 0.733428 -0.027837694
0.0785 -0.02920831 0.4278669 0.7197308 -0.03351445 -0.022687238 0.43609995 0.733562 -0.027853265
0.079 -0.02917416 0.4226705 0.7197244 -0.03360243 -0.022623822 0.4307421 0.7336838 -0.027873553
0.0795 -0.02914221 0.4176089 0.7197093 -0.03368994 -0.022566065 0.42551756 0.73379415 -0.027898356
0.08 -0.02911239 0.4126785 0.719686 -0.03377698 -0.022513784 0.4204229 0.73389345 -0.02792744
0.0805 -0.02908466 0.4078757 0.7196547 -0.03386351 -0.022466779 0.4154551 0.73398215 -0.027960625
0.081 -0.02905897 0.403197 0.7196158 -0.03394951 -0.022424862 0.4106109 0.7340608 -0.027997695
0.0815 -0.02903525 0.398639 0.7195698 -0.03403498 -0.022387825 0.40588748 0.7341299 -0.02803846
0.082 -0.02901346 0.3941983 0.7195169 -0.03411989 -0.022355482 0.40128168 0.73418975 -0.028082702
0.0825 -0.02899355 0.3898719 0.7194574 -0.03420422 -0.022327602 0.39679074 0.73424083 -0.02813026
0.083 -0.02897547 0.3856566 0.7193917 -0.03428797 -0.022304006 0.3924117 0.7342835 -0.028180938
0.0835 -0.02895916 0.3815494 0.71932 -0.03437113 -0.022284545 0.38814178 0.7343182 -0.028234564
0.084 -0.02894459 0.3775472 0.7192428 -0.03445367 -0.022269007 0.38397834 0.7343453 -0.028290946
0.0845 -0.02893169 0.3736474 0.7191601 -0.0345356 -0.022257213 0.37991866 0.73436517 -0.028349925
0.085 -0.02892044 0.3698471 0.7190724 -0.0346169 -0.022248998 0.37596002 0.73437804 -0.02841134
0.0855 -0.02891077 0.3661437 0.7189799 -0.03469756 -0.022244215 0.37210014 0.73438436 -0.028475057
0.086 -0.02890265 0.3625344 0.7188828 -0.03477758 -0.022242654 0.36833632 0.73438454 -0.02854088
0.0865 -0.02889603 0.3590169 0.7187813 -0.03485696 -0.02224416 0.36466622 0.73437864 -0.028608661
0.087 -0.02889087 0.3555886 0.7186758 -0.03493568 -0.022248622 0.3610874 0.73436713 -0.028678335
0.0875 -0.02888713 0.3522471 0.7185664 -0.03501374 -0.022255823 0.3575976 0.7343504 -0.028749656
0.088 -0.02888475 0.3489901 0.7184534 -0.03509114 -0.022265691 0.3541945 0.73432845 -0.02882256
0.0885 -0.02888372 0.3458154 0.7183369 -0.03516787 -0.022278033 0.35087582 0.7343016 -0.028896939
0.089 -0.02888397 0.3427207 0.7182172 -0.03524394 -0.02229273 0.34763962 0.73427033 -0.028972615
0.0895 -0.02888548 0.3397039 0.7180944 -0.03531933 -0.022309627 0.34448364 0.73423463 -0.029049478
0.09 -0.02888821 0.336763 0.7179688 -0.03539405 -0.022328664 0.34140578 0.7341948 -0.029127486
0.0905 -0.02889211 0.3338959 0.7178405 -0.0354681 -0.022349652 0.33840418 0.7341513 -0.029206444
0.091 -0.02889715 0.3311007 0.7177098 -0.03554147 -0.022372466 0.33547676 0.734104 -0.02928631
0.0915 -0.0289033 0.3283755 0.7175766 -0.03561418 -0.022397041 0.3326216 0.73405325 -0.029366946
0.092 -0.02891052 0.3257183 0.7174414 -0.0356862 -0.022423223 0.32983696 0.7339993 -0.029448278
0.0925 -0.02891878 0.3231275 0.7173041 -0.03575756 -0.022450943 0.32712096 0.7339422 -0.029530235
0.093 -0.02892803 0.3206013 0.7171649 -0.03582824 -0.022480078 0.3244718 0.73388225 -0.029612698
0.0935 -0.02893826 0.3181379 0.717024 -0.03589825 -0.022510525 0.32188776 0.7338196 -0.029695611
0.094 -0.02894941 0.3157357 0.7168816 -0.03596759 -0.022542194 0.31936723 0.7337544 -0.02977886
0.0945 -0.02896148 0.3133932 0.7167376 -0.03603627 -0.02257501 0.31690848 0.7336869 -0.029862422
0.095 -0.02897441 0.3111087 0.7165924 -0.03610428 -0.022608876 0.31450993 0.73361707 -0.029946193
0.0955 -0.02898819 0.3088807 0.7164459 -0.03617163 -0.022643719 0.31217003 0.7335453 -0.030030105
0.096 -0.02900278 0.3067077 0.7162984 -0.03623832 -0.022679422 0.30988738 0.73347145 -0.030114088
0.0965 -0.02901815 0.3045884 0.7161499 -0.03630436 -0.022715956 0.30766025 0.7333958 -0.030198107
0.097 -0.02903428 0.3025213 0.7160005 -0.03636974 -0.022753187 0.30548745 0.7333186 -0.030282088
0.0975 -0.02905114 0.300505 0.7158503 -0.03643447 -0.022791121 0.30336738 0.7332397 -0.030365992
0.098 -0.02906869 0.2985383 0.7156995 -0.03649855 -0.022829637 0.30129883 0.7331594 -0.03044974
0.0985 -0.02908692 0.2966198 0.7155481 -0.036562 -0.022868704 0.2992804 0.7330778 -0.030533306
0.099 -0.0291058 0.2947483 0.7153963 -0.0366248 -0.022908226 0.2973108 0.7329951 -0.030616619
0.0995 -0.0291253 0.2929226 0.7152441 -0.03668697 -0.022948183 0.2953887 0.73291117 -0.030699678
0.1 -0.0291454 0.2911415 0.7150915 -0.03674851 -0.015548892 0.28999478 0.73137635 -0.021073151
0.1005 -0.01814186 0.2894513 0.7165223 -0.02099915 -0.009118278 0.28601164 0.7305279 -0.011644717
0.101 -0.003209059 0.2880119 0.7194292 -0.005014069 -0.0033834428 0.2830417 0.7301664 -0.0024228878
0.1015 0.007416058 0.2867784 0.7215439 0.007054545 0.0018431172 0.2808075 0.7301545 0.0065888055
0.102 0.0146963 0.2856789 0.7229258 0.01745891 0.0066930056 0.27911335 0.7303959 0.015389103
0.1025 0.0201734 0.2846726 0.7239335 0.02710217 0.011260621 0.27781978 0.73082113 0.023978557
0.103 0.02474878 0.2837388 0.7247607 0.03625291 0.015614614 0.27682644 0.73138034 0.03235853
0.1035 0.02889582 0.2828664 0.7255256 0.0450159 0.019805603 0.27606085 0.73203695 0.040531065
0.104 0.03284715 0.28205 0.7262831 0.05344764 0.023871236 0.27546996 0.7327638 0.048498612
0.1045 0.03671287 0.281287 0.7270515 0.06157829 0.027839638 0.27501494 0.733541 0.056264054
0.105 0.04052074 0.280574 0.7278285 0.06939238 0.031731963 0.27466717 0.7343534 0.06383048
0.1055 0.04428543 0.2799075 0.7286085 0.07691048 0.03556405 0.27440542 0.7351895 0.07120131
0.106 0.04802388 0.2791492 0.7293948 0.08417748 0.03934764 0.27421373 0.736041 0.07837996
0.1065 0.05174238 0.2776523 0.7301688 0.09121 0.043091662 0.27408022 0.7369015 0.08537029
0.107 0.05543993 0.2759971 0.7309258 0.09802157 0.046802536 0.27399576 0.73776615 0.09217614
0.1075 0.05911359 0.274511 0.7316797 0.1046216 0.050484844 0.27395347 0.73863107 0.09880136
0.108 0.06276012 0.2733126 0.7324407 0.1110172 0.054142006 0.27394807 0.7394939 0.10525021
0.1085 0.06637686 0.2724172 0.7332137 0.1172156 0.05777607 0.27397507 0.7403523 0.11152674
0.109 0.06996197 0.2717937 0.7339996 0.1232235 0.06138853 0.27403134 0.7412049 0.117635146
0.1095 0.07351416 0.2713951 0.7347975 0.1290396 0.06498002 0.27411383 0.74205047 0.12357959
0.11 0.07703254 0.2711725 0.7356054 0.1346779 0.06855089 0.27422053 0.7428884 0.1293644
0.1105 0.08051667 0.271082 0.7364212 0.1401495 0.07210105 0.27434933 0.74371797 0.13499378
0.111 0.08396635 0.2710873 0.7372427 0.1454612 0.07563015 0.27449888 0.7445389 0.14047194
0.1115 0.08738162 0.2711594 0.7380683 0.150619 0.079137586 0.27466732 0.74535096 0.14580302
0.112 0.09076252 0.2712763 0.7388965 0.1556286 0.0826227 0.27485353 0.74615407 0.1509912
0.1125 0.09410875 0.2714212 0.7397258 0.1604954 0.086084686 0.2750564 0.746948 0.15604056
0.113 0.0974202 0.2715827 0.7405554 0.165225 0.0895227 0.2752747 0.747733 0.16095498
0.1135 0.100697 0.2717528 0.7413846 0.1698228 0.09293584 0.2755075 0.748509 0.16573854
0.114 0.1039391 0.2719265 0.7422126 0.1741953 0.09632326 0.2757538 0.74927604 0.17039508
0.1145 0.1071463 0.2721007 0.7430392 0.1783268 0.09968413 0.27601284 0.7500344 0.1749284
0.115 0.1103184 0.2722739 0.7438637 0.1823933 0.1030175 0.27628368 0.7507841 0.17934212
0.1155 0.1134557 0.2724454 0.744686 0.1864036 0.10632261 0.27656546 0.7515253 0.18363996
0.116 0.1165582 0.2726154 0.745506 0.1903487 0.109598644 0.2768576 0.7522583 0.18782537
0.1165 0.1196259 0.2727844 0.7463233 0.1942214 0.11284494 0.2771591 0.75298303 0.1919017
0.117 0.122659 0.2729532 0.7471378 0.197992 0.11606074 0.27746952 0.75369984 0.19587241
0.1175 0.1256436 0.2731227 0.7479485 0.2014586 0.11924539 0.27778798 0.7544087 0.1997407
0.118 0.1285786 0.2732936 0.748754 0.2048649 0.122398295 0.27811402 0.75510997 0.20350964
0.1185 0.1314814 0.2734667 0.7495561 0.2082579 0.125519 0.27844703 0.7558038 0.20718236
0.119 0.1343581 0.273643 0.7503555 0.2116112 0.12860692 0.27878624 0.75649023 0.21076183
0.1195 0.1372078 0.2738229 0.7511523 0.214922 0.13166174 0.27913126 0.75716937 0.21425085
0.12 0.1400286 0.2740073 0.7519463 0.2181611 0.13468292 0.27948153 0.75784147 0.21765219
0.1205 0.1428184 0.2741957 0.752737 0.2211111 0.13767022 0.27983657 0.75850666 0.22096862
0.121 0.1455757 0.2743889 0.7535242 0.2240274 0.14062333 0.28019583 0.759165 0.22420265
0.1215 0.1482991 0.2745882 0.7543075 0.2269485 0.14354196 0.28055888 0.75981677 0.2273568
0.122 0.1509887 0.2747945 0.755087 0.2298671 0.1464259 0.28092533 0.7604619 0.23043345
0.1225 0.1536449 0.2750082 0.7558625 0.2327693 0.1492751 0.28129476 0.76110077 0.23343511
0.123 0.1562635 0.2752295 0.756634 0.2356414 0.1520893 0.2816669 0.7617335 0.23636396
0.1235 0.1588446 0.2754585 0.7574012 0.2384738 0.15486842 0.28204107 0.7623598 0.2392221
0.124 0.1613877 0.275695 0.758164 0.2412606 0.15761247 0.28241718 0.7629801 0.24201171
0.1245 0.1638838 0.2759361 0.7586723 0.2439763 0.16032141 0.28279483 0.7635943 0.24473496
0.125 0.1662998 0.2761286 0.7578526 0.2465858 0.16299525 0.28317368 0.7642029 0.24739365
0.1255 0.1686707 0.2762637 0.7572735 0.2491335 0.16563398 0.28355342 0.76480556 0.24998967
0.126 0.171025 0.276378 0.7573367 0.2516159 0.16823772 0.28393388 0.7654026 0.2525251
0.1265 0.173369 0.2765042 0.7579048 0.2540511 0.17080656 0.28431487 0.765994 0.25500157
0.127 0.1756831 0.2766583 0.7587735 0.2564194 0.17334059 0.2846959 0.76658005 0.2574207
0.1275 0.1779636 0.2768472 0.7597865 0.2587344 0.17583996 0.28507698 0.76716065 0.2597843
0.128 0.1802276 0.2770715 0.7608507 0.2610193 0.17830488 0.2854576 0.76773584 0.26209396
0.1285 0.1824804 0.2773281 0.7619134 0.2632778 0.18073547 0.28583783 0.7683058 0.26435113
0.129 0.1847191 0.2776123 0.7629471 0.265507 0.18313184 0.28621742 0.76887053 0.26655737
0.1295 0.1869385 0.2779192 0.7639399 0.2677035 0.18549442 0.2865963 0.76943016 0.26871413
0.13 0.1891341 0.2782439 0.7648887 0.2698647 0.1878233 0.286974 0.76998484 0.27082282
0.1305 0.1913029 0.2785827 0.7657955 0.2719887 0.19011873 0.28735068 0.77053446 0.27288476
0.131 0.1934429 0.278932 0.766664 0.2740742 0.19238105 0.28772593 0.7710792 0.27490124
0.1315 0.1955522 0.2792894 0.7674968 0.2761203 0.19461048 0.28809977 0.77161914 0.27687356
0.132 0.1976008 0.2796502 0.7682493 0.2781189 0.19680727 0.28847218 0.7721542 0.27880284
0.1325 0.1995781 0.2800096 0.7689163 0.2800513 0.19897175 0.2888428 0.7726845 0.28069034
0.133 0.2015151 0.2803616 0.7695603 0.2819035 0.20110416 0.2892117 0.7732103 0.28253722
0.1335 0.2034395 0.2807067 0.7702247 0.2836975 0.20320493 0.2895788 0.7737314 0.28434452
0.134 0.2053589 0.281052 0.7709124 0.2854671 0.2052744 0.28994393 0.7742479 0.2861133
0.1345 0.2072718 0.2814014 0.7716149 0.2872206 0.20731264 0.29030693 0.7747598 0.28784463
0.135 0.2091717 0.2817565 0.7723228 0.2889559 0.20932028 0.2906678 0.77526736 0.2895395
0.1355 0.2110507 0.2821175 0.7730283 0.2906655 0.21129748 0.2910266 0.7757704 0.29119876
0.136 0.2128818 0.2824837 0.7737205 0.2923127 0.21324465 0.2913831 0.77626914 0.29282352
0.1365 0.2146729 0.2828537 0.7743985 0.2939215 0.21516213 0.29173726 0.77676344 0.29441452
0.137 0.2164447 0.2832268 0.7750676 0.2955127 0.2170502 0.2920891 0.77725357 0.29597273
0.1375 0.2180956 0.2836023 0.7757304 0.2970897 0.2189093 0.2924385 0.77773947 0.29749894
0.138 0.2195477 0.2839799 0.7763861 0.2986498 0.22073978 0.29278553 0.77822113 0.298994
0.1385 0.2210539 0.284359 0.7770345 0.3001899 0.22254199 0.29312998 0.77869856 0.3004587
0.139 0.222654 0.2847393 0.7776762 0.3017084 0.22431627 0.29347196 0.77917194 0.3018938
0.1395 0.2243201 0.2851206 0.7783114 0.3032046 0.22606295 0.29381132 0.7796413 0.30330005
0.14 0.2260166 0.2855025 0.7789404 0.3046774 0.2277824 0.2941482 0.7801064 0.3046781
0.1405 0.2277159 0.2858849 0.7795631 0.3061255 0.22947499 0.2944824 0.7805676 0.3060287
0.141 0.2294003 0.2862677 0.7801795 0.3075483 0.23114115 0.29481393 0.7810249 0.3073525
0.1415 0.23106 0.2866507 0.7807896 0.3089466 0.23278114 0.29514283 0.78147805 0.30865023
0.142 0.2326906 0.2870337 0.7813936 0.3103207 0.23439535 0.29546914 0.78192765 0.30992243
0.1425 0.2342902 0.2874167 0.7819915 0.3116711 0.2359842 0.2957928 0.7823731 0.3111697
0.143 0.235859 0.2877993 0.7825835 0.3129978 0.2375479 0.29611373 0.7828148 0.3123927
0.1435 0.2373976 0.2881814 0.7831696 0.3143011 0.23908696 0.29643187 0.7832527 0.31359205
0.144 0.2389071 0.2885628 0.78375 0.3155814 0.24060169 0.2967475 0.7836869 0.31476825
0.1445 0.240389 0.2889435 0.7843246 0.316839 0.24209237 0.29706037 0.78411734 0.31592178
0.145 0.2418444 0.2893235 0.7848936 0.3180745 0.24355942 0.29737058 0.784544 0.31705323
0.1455 0.2432735 0.2896991 0.7851983 0.3192863 0.2450032 0.29767805 0.78496706 0.31816313
0.146 0.2446349 0.2900131 0.784127 0.3204232 0.24642399 0.2979828 0.7853864 0.31925195
0.1465 0.2459067 0.2902527 0.7832913 0.3214707 0.2478221 0.2982849 0.7858023 0.32032022
0.147 0.2471468 0.2904612 0.7831148 0.3224929 0.24919805 0.29858434 0.78621453 0.3213683
0.1475 0.248395 0.2906741 0.783464 0.3235186 0.25055197 0.298881 0.7866233 0.32239679
0.148 0.2496514 0.2909003 0.7834314 0.3245492 0.25188425 0.29917502 0.78702843 0.32340598
0.1485 0.250871 0.2910839 0.7825275 0.3255602 0.25319535 0.2994665 0.78743005 0.32439637
0.149 0.2520548 0.2912353 0.7821723 0.3265195 0.2544854 0.29975516 0.78782827 0.32536843
0.1495 0.2532348 0.2913943 0.7824832 0.3274567 0.25575486 0.30004132 0.7882232 0.32632256
0.15 0.2544276 0.2915875 0.7832456 0.3284007 0.25592262 0.30174398 0.789169 0.31996673
0.1505 0.2544884 0.2918029 0.7834084 0.3185543 0.25600073 0.30279392 0.789994 0.31395328
0.151 0.252741 0.2919611 0.782811 0.3085559 0.25600252 0.30335826 0.7907174 0.3082449
0.1515 0.2511442 0.2920739 0.782578 0.3013138 0.2559392 0.30357093 0.79135466 0.30280992
0.152 0.2500936 0.2921694 0.7826976 0.295271 0.25581995 0.3035351 0.79191804 0.2976219
0.1525 0.2494304 0.2922617 0.7829784 0.2897766 0.25565213 0.3033283 0.7924169 0.29265893
0.153 0.2489728 0.2923546 0.7832975 0.284622 0.2554413 0.3030067 0.7928585 0.28790268
0.1535 0.2486077 0.2924477 0.7835976 0.2797366 0.25519216 0.30261093 0.7932485 0.28333795
0.154 0.2482751 0.2925387 0.7838571 0.2750898 0.2549082 0.30216935 0.7935913 0.2789518
0.1545 0.2479458 0.2926255 0.7840714 0.2706629 0.25459248 0.30170146 0.79389066 0.27473333
0.155 0.2476063 0.2927061 0.7842426 0.2664414 0.25424755 0.30122066 0.7941497 0.27067298
0.1555 0.2472508 0.2927791 0.7843754 0.2624125 0.25387555 0.30073583 0.7943712 0.26676244
0.156 0.246877 0.2928436 0.7844752 0.2585648 0.25347853 0.3002525 0.79455775 0.2629943
0.1565 0.2464847 0.292899 0.7845468 0.2548877 0.25305828 0.29977465 0.79471165 0.25936186
0.157 0.2460745 0.2929452 0.7845946 0.2513714 0.2526167 0.2993044 0.7948355 0.2558593
0.1575 0.2456472 0.292982 0.7846224 0.2480062 0.2521554 0.2988432 0.7949313 0.25248098
0.158 0.2452036 0.2930098 0.7846331 0.2447686 0.25167593 0.29839188 0.7950013 0.24922185
0.1585 0.2447441 0.2930286 0.7846291 0.2416574 0.25117987 0.29795063 0.7950476 0.24607725
0.159 0.2442701 0.2930389 0.7846126 0.2386748 0.25066873 0.29751998 0.79507214 0.24304281
0.1595 0.2437834 0.2930411 0.7845853 0.235816 0.250144 0.29709965 0.79507685 0.24011423
0.16 0.2432853 0.2930356 0.7845486 0.233075 0.24960688 0.2966898 0.7950635 0.23728772
0.1605 0.2427769 0.2930229 0.7845037 0.2304454 0.24905893 0.2962903 0.79503405 0.23455946
0.161 0.2422591 0.2930034 0.7844515 0.2279214 0.24850112 0.29590112 0.79499 0.23192583
0.1615 0.2417328 0.2929776 0.7843927 0.2254973 0.24793488 0.29552203 0.7949329 0.22938342
0.162 0.2411987 0.2929459 0.7843281 0.2231679 0.24736103 0.29515296 0.794864 0.22692887
0.1625 0.2406576 0.2929087 0.7842581 0.2209281 0.24678078 0.29479367 0.7947847 0.22455902
0.163 0.2401101 0.2928663 0.7841832 0.2187734 0.24619499 0.29444414 0.79469633 0.22227083
0.1635 0.239557 0.292819 0.7841038 0.2166994 0.24560463 0.29410395 0.79459983 0.22006126
0.164 0.2389989 0.2927672 0.7840203 0.2147019 0.24501052 0.29377326 0.7944962 0.21792744
0.1645 0.2384364 0.2927112 0.7839329 0.2127771 0.24441335 0.2934516 0.7943864 0.21586661
0.165 0.23787 0.2926512 0.7838419 0.2109212 0.24381387 0.29313883 0.79427123 0.21387587
0.1655 0.2373002 0.292586 0.7837476 0.209131 0.24321267 0.2928347 0.7941514 0.21195285
0.166 0.2367276 0.2925138 0.78365 0.2074031 0.2426104 0.2925389 0.7940275 0.21009488
0.1665 0.2361527 0.2924371 0.7835493 0.2057345 0.24200761 0.2922513 0.7939002 0.20829953
0.167 0.2355757 0.2923574 0.7834459 0.2041224 0.24140474 0.2919715 0.79377013 0.20656444
0.1675 0.234997 0.2922755 0.7833398 0.2025639 0.24080223 0.2916993 0.79363763 0.20488732
0.168 0.2344168 0.2921918 0.7832313 0.2010561 0.24020061 0.2914344 0.79350317 0.20326592
0.1685 0.2338356 0.2921064 0.7831205 0.1995971 0.23960024 0.29117656 0.7933669 0.20169814
0.169 0.2332542 0.2920194 0.7830077 0.1981849 0.23900142 0.29092538 0.79322946 0.20018183
0.1695 0.2326729 0.2919307 0.7828929 0.1968174 0.23840448 0.2906807 0.79309106 0.1987151
0.17 0.2320924 0.2918404 0.7827764 0.1954928 0.23780969 0.2904421 0.79295164 0.19729598
0.1705 0.2315127 0.2917485 0.7826582 0.1942092 0.23721737 0.2902094 0.7928119 0.19592269
0.171 0.2309343 0.2916551 0.7825385 0.1929648 0.23662773 0.2899822 0.79267174 0.19459336
0.1715 0.2303574 0.2915601 0.7824173 0.1917581 0.23604101 0.28976038 0.79253155 0.19330631
0.172 0.2297823 0.2914636 0.7822948 0.1905874 0.23545742 0.28954357 0.7923912 0.19205995
0.1725 0.2292091 0.2913657 0.7821711 0.1894513 0.23487717 0.2893316 0.7922511 0.19085263
0.173 0.2286381 0.2912664 0.7820462 0.1883484 0.23430037 0.28912416 0.7921112 0.18968287
0.1735 0.2280696 0.2911658 0.7819203 0.1872772 0.23372725 0.288921 0.7919716 0.18854924
0.174 0.2275037 0.2910639 0.7817934 0.1862366 0.2331579 0.28872192 0.79183245 0.18745026
0.1745 0.2269406 0.2909608 0.7816657 0.1852254 0.23259255 0.2885267 0.791694 0.18638472
0.175 0.2263806 0.2908567 0.7815371 0.1842424 0.2320312 0.28833514 0.79155594 0.18535121
0.1755 0.2258237 0.2907515 0.7814078 0.1832866 0.23147398 0.28814706 0.7914187 0.18434863
0.176 0.2252702 0.2906453 0.7812779 0.1823568 0.23092109 0.28796232 0.79128206 0.18337566
0.1765 0.2247202 0.2905382 0.7811474 0.1814522 0.23037252 0.28778058 0.7911463 0.18243127
0.177 0.2241738 0.2904303 0.7810164 0.1805718 0.22982842 0.2876018 0.7910113 0.1815144
0.1775 0.2236312 0.2903216 0.780885 0.1797147 0.22928885 0.28742585 0.79087716 0.18062392
0.178 0.2230925 0.2902122 0.7807532 0.1788801 0.2287538 0.2872525 0.790744 0.17975886
0.1785 0.2225578 0.2901021 0.7806211 0.1780671 0.22822341 0.2870816 0.7906117 0.17891833
0.179 0.2220273 0.2899914 0.7804888 0.1772751 0.22769776 0.28691316 0.7904803 0.17810133
0.1795 0.221501 0.2898802 0.7803562 0.1765032 0.22717685 0.28674668 0.7903499 0.17730704
0.18 0.220979 0.2897685 0.7802235 0.1757509 0.22666073 0.28658253 0.7902205 0.17653467
0.1805 0.2204614 0.2896564 0.7800908 0.1750173 0.22614935 0.28642043 0.79009205 0.1757833
0.181 0.2199482 0.2895438 0.779958 0.1743019 0.22564292 0.2862602 0.7899646 0.1750523
0.1815 0.2194397 0.289431 0.7798253 0.1736041 0.22514132 0.28610173 0.7898382 0.17434081
0.182 0.2189357 0.2893178 0.7796926 0.1729233 0.22464469 0.28594494 0.7897129 0.17364821
0.1825 0.2184365 0.2892044 0.77956 0.172259 0.22415292 0.2857899 0.7895886 0.17297377
0.183 0.2179419 0.2890908 0.7794276 0.1716105 0.2236661 0.28563637 0.7894654 0.1723169
0.1835 0.2174522 0.2889771 0.7792953 0.1709774 0.22318423 0.28548443 0.789343 0.1716769
0.184 0.2169672 0.2888632 0.7791633 0.1703593 0.22270733 0.28533387 0.789222 0.17105325
0.1845 0.2164871 0.2887493 0.7790316 0.1697556 0.22223532 0.28518468 0.7891019 0.1704454
0.185 0.2160119 0.2886353 0.7789001 0.1691659 0.22176832 0.28503674 0.7889828 0.16985272
0.1855 0.2155416 0.2885214 0.7787691 0.1685897 0.22130623 0.28489017 0.78886485 0.16927475
0.186 0.2150763 0.2884074 0.7786383 0.1680268 0.22084913 0.28474486 0.7887478 0.16871096
0.1865 0.2146159 0.2882935 0.778508 0.1674765 0.22039694 0.2846007 0.7886318 0.16816087
0.187 0.2141605 0.2881798 0.7783781 0.1669387 0.21994966 0.28445762 0.7885169 0.16762409
0.1875 0.21371 0.2880661 0.7782487 0.1664128 0.21950728 0.28431574 0.78840303 0.16710003
0.188 0.2132646 0.2879527 0.7781198 0.1658987 0.21906978 0.28417483 0.78829014 0.1665884
0.1885 0.2128241 0.2878394 0.7779914 0.1653958 0.21863714 0.28403497 0.7881783 0.16608872
0.189 0.2123887 0.2877263 0.7778635 0.164904 0.21820933 0.2838962 0.7880675 0.16560066
0.1895 0.2119582 0.2876135 0.7777362 0.1644228 0.21778637 0.2837583 0.7879577 0.16512379
0.19 0.2115327 0.2875009 0.7776095 0.163952 0.21736825 0.28362146 0.7878489 0.16465779
0.1905 0.2111122 0.2873887 0.7774833 0.1634914 0.21695483 0.28348553 0.78774107 0.16420226
0.191 0.2106967 0.2872768 0.7773578 0.1630405 0.21654618 0.28335053 0.7876343 0.16375695
0.1915 0.2102861 0.2871652 0.777233 0.1625992 0.2161423 0.2832165 0.7875285 0.1633215
0.192 0.2098805 0.287054 0.7771088 0.1621671 0.21574306 0.28308332 0.7874237 0.16289559
0.1925 0.2094797 0.2869431 0.7769853 0.1617441 0.21534848 0.2829511 0.7873198 0.16247891
0.193 0.2090839 0.2868327 0.7768625 0.1613299 0.21495852 0.28281963 0.7872169 0.16207127
0.1935 0.208693 0.2867227 0.7767404 0.1609243 0.21457317 0.28268903 0.78711486 0.16167226
0.194 0.2083069 0.2866132 0.776619 0.160527 0.21419236 0.28255934 0.7870137 0.16128172
0.1945 0.2079256 0.2865041 0.7764984 0.1601378 0.21381608 0.28243047 0.7869136 0.16089939
0.195 0.2075492 0.2863955 0.7763785 0.1597565 0.21344426 0.28230238 0.78681445 0.160525
0.1955 0.2071775 0.2862874 0.7762593 0.1593829 0.21307689 0.2821751 0.7867161 0.16015834
0.196 0.2068106 0.2861798 0.776141 0.1590169 0.21271396 0.2820488 0.7866186 0.15979917
0.1965 0.2064484 0.2860727 0.7760234 0.1586581 0.21235538 0.28192317 0.78652215 0.15944728
0.197 0.2060909 0.2859662 0.7759066 0.1583065 0.21200114 0.2817985 0.7864264 0.1591025
0.1975 0.205738 0.2858602 0.7757907 0.1579618 0.2116512 0.28167439 0.7863317 0.15876456
0.198 0.2053898 0.2857548 0.7756755 0.157624 0.21130553 0.2815513 0.7862377 0.1584333
0.1985 0.2050461 0.2856499 0.7755612 0.1572927 0.21096405 0.28142887 0.7861448 0.15810856
0.199 0.204707 0.2855457 0.7754477 0.1569679 0.21062678 0.2813074 0.7860526 0.15779012
0.1995 0.2043723 0.285442 0.775335 0.1566494 0.21029359 0.28118658 0.7859612 0.15747787
0.2 0.2040422 0.285339 0.7752231 0.1563371 0.20964324 0.2870086 0.77605414 0.15672468
0.2005 0.2037059 0.2849056 0.7622267 0.1560198 0.20893589 0.28973824 0.76582265 0.15622771
0.201 0.2033298 0.283785 0.74782 0.1556907 0.20820758 0.29032302 0.7553926 0.15589783
0.2015 0.2029338 0.282193 0.7355764 0.155364 0.20748979 0.28948593 0.74486184 0.1556662
0.202 0.2025351 0.2802872 0.7248123 0.1550398 0.20680282 0.28773212 0.7342991 0.15548566
0.2025 0.2021393 0.2781625 0.7148112 0.1547175 0.20615649 0.28539604 0.72375166 0.1553262
0.203 0.2017465 0.2758735 0.7051518 0.1543969 0.2055535 0.28269315 0.7132507 0.15517022
0.2035 0.2013559 0.2734536 0.6956291 0.1540778 0.2049919 0.27975965 0.7028172 0.1550078
0.204 0.2009664 0.270925 0.6861547 0.1537601 0.20446762 0.27668172 0.69246525 0.15483402
0.2045 0.2005774 0.2683043 0.676696 0.1534438 0.20397547 0.27351385 0.682204 0.1546468
0.205 0.2001885 0.2656048 0.6672454 0.1531288 0.2035101 0.27029055 0.6720399 0.15444565
0.2055 0.1997996 0.2628378 0.6578055 0.1528151 0.20306665 0.26703417 0.6619773 0.15423109
0.206 0.1994106 0.2600133 0.6483826 0.1525026 0.2026406 0.2637594 0.652019 0.15400396
0.2065 0.1990217 0.2571399 0.6389842 0.1521915 0.20222813 0.26047617 0.6421668 0.15376538
0.207 0.1986327 0.2542254 0.629618 0.1518816 0.20182598 0.25719118 0.63242245 0.15351644
0.2075 0.1982438 0.2512769 0.6202911 0.1515729 0.20143142 0.25390923 0.6227862 0.15325817
0.208 0.1978551 0.2483007 0.61101 0.1512655 0.20104226 0.250634 0.6132587 0.15299167
0.2085 0.1974666 0.2453023 0.601781 0.1509594 0.20065662 0.24736816 0.6038401 0.15271777
0.209 0.1970784 0.2422869 0.5926097 0.1506545 0.20027319 0.24411392 0.5945304 0.15243736
0.2095 0.1966906 0.239259 0.583501 0.1503509 0.19989085 0.24087298 0.5853293 0.1521512
0.21 0.1963032 0.2362229 0.5744595 0.1500485 0.1995087 0.23764691 0.57623655 0.15185997
0.2105 0.1959163 0.2331823 0.5654896 0.1497474 0.1991261 0.23443693 0.5672516 0.15156423
0.211 0.19553 0.2301407 0.5565949 0.1494476 0.19874263 0.23124424 0.55837417 0.1512646
0.2115 0.1951443 0.227101 0.5477788 0.1491491 0.19835788 0.22806978 0.54960364 0.15096149
0.212 0.1947593 0.2240661 0.5390445 0.1488518 0.19797179 0.22491446 0.54093945 0.15065545
0.2125 0.1943751 0.2210386 0.5303947 0.1485559 0.19758415 0.22177923 0.5323809 0.15034689
0.213 0.1939917 0.2180208 0.5218319 0.1482612 0.19719496 0.21866465 0.52392757 0.15003614
0.2135 0.1936092 0.2150148 0.5133582 0.1479679 0.19680423 0.21557158 0.51557857 0.14972357
0.214 0.1932277 0.2120224 0.5049757 0.1476759 0.19641197 0.21250066 0.50733346 0.14940947
0.2145 0.1928472 0.2090455 0.496686 0.1473853 0.1960184 0.20945239 0.49919158 0.14909418
0.215 0.1924677 0.2060855 0.4884907 0.147096 0.19562358 0.20642751 0.4911521 0.14877805
0.2155 0.1920893 0.203144 0.4803911 0.1468081 0.19522771 0.20342642 0.48321462 0.14846127
0.216 0.1917122 0.2002222 0.4723882 0.1465216 0.19483092 0.20044959 0.47537827 0.1481441
0.2165 0.1913362 0.1973214 0.4644831 0.1462364 0.19443336 0.19749758 0.4676423 0.14782669
0.217 0.1909616 0.1944425 0.4566765 0.1459527 0.19403529 0.19457084 0.4600063 0.14750946
0.2175 0.1905883 0.1915866 0.4489691 0.1456704 0.19363686 0.19166973 0.45246953 0.14719246
0.218 0.1902163 0.1887545 0.4413613 0.1453895 0.19323826 0.1887946 0.44503117 0.14687592
0.2185 0.1898459 0.185947 0.4338536 0.1451101 0.19283968 0.18594582 0.43769062 0.14656004
0.219 0.1894768 0.1831648 0.4264462 0.1448321 0.19244134 0.18312381 0.43044722 0.14624503
0.2195 0.1891094 0.1804087 0.4191393 0.1445557 0.19204333 0.18032874 0.4233002 0.14593098
0.22 0.1887434 0.177679 0.4119328 0.1442807 0.19164595 0.17756099 0.41624904 0.14561807
0.2205 0.1883791 0.1749764 0.4048268 0.1440072 0.19124928 0.1748207 0.40929282 0.14530647
0.221 0.1880165 0.1723013 0.3978211 0.1437352 0.1908535 0.17210819 0.402431 0.14499632
0.2215 0.1876555 0.169654 0.3909155 0.1434648 0.19045886 0.16942377 0.39566296 0.14468773
0.222 0.1872963 0.167035 0.3841096 0.1431959 0.19006538 0.16676752 0.38898784 0.14438084
0.2225 0.1869389 0.1644445 0.3774031 0.1429286 0.18967333 0.1641396 0.38240504 0.14407578
0.223 0.1865833 0.1618828 0.3707956 0.1426628 0.18928277 0.16154018 0.37591386 0.14377265
0.2235 0.1862295 0.1593501 0.3642866 0.1423986 0.18889388 0.15896949 0.36951345 0.14347151
0.224 0.1858776 0.1568466 0.3578755 0.142136 0.18850675 0.15642749 0.36320323 0.14317247
0.2245 0.1855276 0.1543723 0.3515617 0.141875 0.18812156 0.15391445 0.35698247 0.14287566
0.225 0.1851795 0.1519275 0.3453445 0.1416156 0.18773839 0.15143037 0.35085034 0.14258115
0.2255 0.1848334 0.1495121 0.3392233 0.1413578 0.18735737 0.14897543 0.3448063 0.14228903
0.226 0.1844894 0.1471264 0.3331972 0.1411016 0.18697852 0.14654948 0.33884943 0.1419993
0.2265 0.1841473 0.1447701 0.3272657 0.1408471 0.18660203 0.14415261 0.33297902 0.1417121
0.227 0.1838073 0.1424435 0.3214277 0.1405942 0.18622795 0.14178489 0.3271942 0.14142746
0.2275 0.1834694 0.1401464 0.3156826 0.140343 0.18585637 0.13944632 0.32149446 0.1411454
0.228 0.1831336 0.1378788 0.3100293 0.1400935 0.18548742 0.13713694 0.31587887 0.14086604
0.2285 0.1827999 0.1356407 0.3044671 0.1398456 0.18512115 0.13485661 0.31034666 0.14058936
0.229 0.1824683 0.1334319 0.298995 0.1395994 0.18475759 0.13260534 0.304897 0.14031543
0.2295 0.1821389 0.1312523 0.2936121 0.1393549 0.18439683 0.13038304 0.2995292 0.14004435
0.23 0.1818117 0.1291019 0.2883174 0.139112 0.18403897 0.12818965 0.29424244 0.13977604
0.2305 0.1814868 0.1269805 0.2831099 0.1388709 0.18368399 0.12602514 0.28903586 0.13951056
0.231 0.181164 0.1248879 0.2779887 0.1386315 0.183332 0.12388936 0.28390872 0.13924798
0.2315 0.1808435 0.1228241 0.2729527 0.1383937 0.18298298 0.12178221 0.27886027 0.13898824
0.232 0.1805252 0.1207888 0.2680009 0.1381577 0.18263704 0.11970359 0.27388954 0.13873143
0.2325 0.1802092 0.1187818 0.2631324 0.1379234 0.18229422 0.1176534 0.26899576 0.13847753
0.233 0.1798955 0.116803 0.2583461 0.1376908 0.1819545 0.11563146 0.26417822 0.13822655
0.2335 0.179584 0.1148521 0.2536409 0.1374599 0.18161798 0.1136376 0.259436 0.1379785
0.234 0.1792749 0.112929 0.2490158 0.1372308 0.18128464 0.111671686 0.25476825 0.13773338
0.2345 0.1789681 0.1110334 0.2444698 0.1370034 0.18095452 0.10973355 0.25017422 0.13749123
0.235 0.1786636 0.1091651 0.2400018 0.1367777 0.18062764 0.107823074 0.24565299 0.13725196
0.2355 0.1783615 0.1073238 0.2356108 0.1365537 0.18030402 0.10593997 0.24120371 0.13701563
0.236 0.1780616 0.1055094 0.2312957 0.1363315 0.17998368 0.104084104 0.2368256 0.13678218
0.2365 0.1777642 0.1037216 0.2270554 0.136111 0.17966664 0.1022553 0.23251773 0.13655171
0.237 0.1774691 0.1019601 0.222889 0.1358922 0.17935285 0.10045327 0.22827949 0.13632414
0.2375 0.1771763 0.1002247 0.2187953 0.1356752 0.17904243 0.0986779 0.2241097 0.13609943
0.238 0.1768859 0.09851505 0.2147734 0.1354599 0.17873526 0.096928835 0.22000779 0.13587758
0.2385 0.1765979 0.09683099 0.2108221 0.1352463 0.17843148 0.09520599 0.2159728 0.1356586
0.239 0.1763122 0.09517221 0.2069405 0.1350344 0.17813095 0.09350902 0.21200384 0.13544245
0.2395 0.1760289 0.09353845 0.2031275 0.1348243 0.17783377 0.09183782 0.20810021 0.13522913
0.24 0.175748 0.09192944 0.1993821 0.1346159 0.17753989 0.090192035 0.20426096 0.13501862
0.2405 0.1754694 0.0903449 0.1957032 0.1344092 0.17724934 0.08857146 0.20048533 0.13481085
0.241 0.1751933 0.08878456 0.1920899 0.1342043 0.1769621 0.08697587 0.19677238 0.13460584
0.2415 0.1749195 0.08724813 0.1885412 0.134001 0.17667815 0.08540501 0.19312139 0.13440357
0.242 0.174648 0.08573534 0.1850559 0.1337995 0.17639747 0.08385852 0.1895314 0.13420402
0.2425 0.174379 0.08424591 0.1816333 0.1335997 0.1761201 0.08233629 0.18600178 0.13400714
0.243 0.1741122 0.08277957 0.1782722 0.1334015 0.17584598 0.080838025 0.1825315 0.1338129
0.2435 0.1738479 0.08133602 0.1749716 0.1332051 0.1755751 0.079363465 0.1791199 0.1336213
0.244 0.1735859 0.07991498 0.1717307 0.1330104 0.17530748 0.07791224 0.175766 0.1334323
0.2445 0.1733263 0.07851618 0.1685485 0.1328174 0.17504308 0.07648423 0.1724692 0.13324587
0.245 0.173069 0.07713934 0.1654239 0.132626 0.17478186 0.07507901 0.16922851 0.13306196
0.2455 0.1728141 0.07578416 0.1623562 0.1324364 0.17452389 0.073696464 0.16604327 0.13288055
0.246 0.1725615 0.07445038 0.1593442 0.1322484 0.17426902 0.07233623 0.16291256 0.13270165
0.2465 0.1723112 0.07313772 0.1563872 0.1320621 0.17401731 0.07099806 0.15983571 0.13252522
0.247 0.1720633 0.07184588 0.1534842 0.1318775 0.17376873 0.069681704 0.15681179 0.13235116
0.2475 0.1718177 0.07057461 0.1506343 0.1316945 0.17352328 0.06838685 0.15384012 0.13217951
0.248 0.1715744 0.06932361 0.1478367 0.1315131 0.1732809 0.067113236 0.15091994 0.13201022
0.2485 0.1713334 0.06809262 0.1450904 0.1313334 0.17304155 0.0658606 0.1480504 0.13184328
0.249 0.1710947 0.06688135 0.1423946 0.1311554 0.17280528 0.06462872 0.14523084 0.13167864
0.2495 0.1708582 0.06568955 0.1397483 0.130979 0.17257202 0.063417226 0.14246047 0.13151625
0.25 0.1706241 0.06451693 0.1371509 0.1308042 0.17234173 0.062225956 0.13973852 0.13135614
0.2505 0.1703922 0.06336323 0.1346014 0.130631 0.1721144 0.0610545 0.13706422 0.1311982
0.251 0.1701626 0.06222818 0.132099 0.1304594 0.17189005 0.059902724 0.13443696 0.13104247
0.2515 0.1699352 0.06111152 0.1296429 0.1302895 0.17166862 0.058770347 0.1318559 0.13088888
0.252 0.1697101 0.06001298 0.1272324 0.1301211 0.17145005 0.057657007 0.12932043 0.1307374
0.2525 0.1694871 0.0589323 0.1248665 0.1299543 0.17123434 0.056562494 0.12682968 0.13058802
0.253 0.1692664 0.05786922 0.1225445 0.1297891 0.17102149 0.055486534 0.12438308 0.13044068
0.2535 0.169048 0.05682349 0.1202657 0.1296255 0.17081144 0.05442891 0.12197992 0.13029538
0.254 0.1688316 0.05579485 0.1180293 0.1294634 0.17060417 0.053389277 0.119619444 0.13015212
0.2545 0.1686175 0.05478305 0.1158346 0.1293029 0.17039964 0.052367423 0.11730103 0.1300108
0.255 0.1684056 0.05378784 0.1136808 0.1291439 0.1701979 0.05136312 0.115024015 0.1298714
0.2555 0.1681958 0.05280897 0.1115671 0.1289865 0.1699988 0.050376084 0.11278768 0.12973395
0.256 0.1679881 0.0518462 0.1094929 0.1288306 0.16980237 0.049406018 0.11059144 0.1295984
0.2565 0.1677826 0.05089928 0.1074575 0.1286762 0.16960865 0.048452754 0.10843457 0.12946472
0.257 0.1675792 0.04996798 0.1054602 0.1285233 0.1694175 0.047515985 0.10631646 0.12933284
0.2575 0.1673779 0.04905205 0.1035002 0.1283719 0.16922894 0.046595488 0.10423656 0.1292028
0.258 0.1671786 0.04815127 0.101577 0.128222 0.16904292 0.045690972 0.102194116 0.12907448
0.2585 0.1669815 0.04726539 0.09968983 0.1280735 0.16885948 0.044802297 0.10018854 0.12894797
0.259 0.1667864 0.0463942 0.09783805 0.1279266 0.16867852 0.04392911 0.09821926 0.12882318
0.2595 0.1665934 0.04553746 0.09602103 0.1277811 0.1685 0.043071184 0.096285716 0.12870008
0.26 0.1664024 0.04469495 0.09423814 0.127637 0.168324 0.042228367 0.09438725 0.12857868
0.2605 0.1662134 0.04386645 0.09248875 0.1274944 0.16815042 0.041400377 0.09252326 0.1284589
0.261 0.1660264 0.04305174 0.09077226 0.1273532 0.16797924 0.04058696 0.090693206 0.12834078
0.2615 0.1658415 0.0422506 0.08908806 0.1272135 0.16781038 0.03978793 0.0888965 0.12822424
0.262 0.1656585 0.04146282 0.08743557 0.1270751 0.1676439 0.03900301 0.08713265 0.12810932
0.2625 0.1654774 0.04068819 0.08581419 0.1269382 0.16747972 0.038232032 0.08540098 0.12799595
0.263 0.1652983 0.0399265 0.08422336 0.1268026 0.16731781 0.03747471 0.08370103 0.12788406
0.2635 0.1651212 0.03917754 0.08266252 0.1266685 0.16715819 0.03673091 0.08203225 0.12777372
0.264 0.164946 0.03844112 0.08113111 0.1265357 0.16700077 0.036000375 0.080394134 0.1276649
0.2645 0.1647726 0.03771703 0.07962858 0.1264042 0.16684559 0.03528284 0.07878603 0.12755747
0.265 0.1646012 0.03700507 0.07815441 0.1262741 0.16669255 0.034578186 0.07720761 0.12745152
0.2655 0.1644316 0.03630505 0.07670806 0.1261454 0.16654167 0.033886123 0.07565822 0.127347
0.266 0.1642639 0.03561678 0.07528902 0.126018 0.1663929 0.03320651 0.074137405 0.12724389
0.2665 0.1640981 0.03494006 0.07389679 0.1258918 0.1662463 0.032539133 0.07264474 0.12714216
0.267 0.163934 0.03427472 0.07253085 0.1257671 0.1661017 0.031883758 0.07117966 0.12704176
0.2675 0.1637718 0.03362056 0.07119073 0.1256436 0.16595918 0.031240191 0.069741696 0.12694272
0.268 0.1636114 0.0329774 0.06987594 0.1255214 0.16581866 0.030608293 0.06833036 0.12684502
0.2685 0.1634528 0.03234507 0.068586 0.1254004 0.16568017 0.0299878 0.06694527 0.1267486
0.269 0.1632959 0.03172339 0.06732046 0.1252808 0.16554365 0.029378612 0.06558591 0.12665348
0.2695 0.1631408 0.03111218 0.06607884 0.1251624 0.16540903 0.02878045 0.06425181 0.12655964
0.27 0.1629874 0.03051127 0.06486071 0.1250452 0.16527638 0.028193112 0.062942594 0.12646703
0.2705 0.1628358 0.02992049 0.06366562 0.1249293 0.16514558 0.027616542 0.061657757 0.12637565
0.271 0.1626858 0.02933968 0.06249315 0.1248146 0.16501671 0.02705044 0.06039691 0.12628546
0.2715 0.1625376 0.02876868 0.06134285 0.1247011 0.16488963 0.026494738 0.05915962 0.12619649
0.272 0.162391 0.02820731 0.06021432 0.1245889 0.1647644 0.025949176 0.057945453 0.12610868
0.2725 0.1622461 0.02765542 0.05910715 0.1244778 0.164641 0.025413569 0.05675403 0.12602204
0.273 0.1621028 0.02711285 0.05802092 0.1243679 0.16451934 0.024887871 0.055584937 0.12593655
0.2735 0.1619612 0.02657945 0.05695525 0.1242592 0.16439945 0.024371754 0.05443778 0.12585217
0.274 0.1618212 0.02605507 0.05590975 0.1241517 0.16428128 0.023865137 0.053312182 0.1257689
0.2745 0.1616827 0.02553955 0.05488404 0.1240453 0.16416481 0.023367878 0.05220773 0.12568672
0.275 0.1615459 0.02503275 0.05387773 0.1239401 0.16405004 0.022879776 0.05112408 0.12560563
0.2755 0.1614107 0.02453452 0.05289046 0.123836 0.16393691 0.022400673 0.05006078 0.12552558
0.276 0.161277 0.02404472 0.05192188 0.123733 0.16382548 0.021930445 0.0490176 0.12544662
0.2765 0.1611448 0.02356321 0.05097162 0.1236311 0.16371563 0.021468949 0.04799407 0.12536867
0.277 0.1610142 0.02308984 0.05003934 0.1235303 0.16360736 0.021015983 0.046989866 0.12529173
0.2775 0.1608851 0.02262449 0.04912469 0.1234307 0.1635007 0.020571414 0.046004653 0.12521584
0.278 0.1607574 0.02216702 0.04822735 0.1233321 0.16339558 0.020135146 0.045038104 0.1251409
0.2785 0.1606313 0.02171729 0.04734698 0.1232346 0.16329202 0.019707013 0.044089854 0.12506694
0.279 0.1605066 0.02127517 0.04648325 0.1231382 0.16318992 0.019286778 0.043159597 0.12499395
0.2795 0.1603834 0.02084054 0.04563585 0.1230428 0.16308936 0.018874455 0.042246968 0.12492189
0.28 0.1602616 0.02041327 0.04480448 0.1229485 0.16299024 0.018469822 0.04135172 0.124850824
0.2805 0.1601413 0.01999323 0.04398882 0.1228552 0.16289258 0.018072743 0.040473446 0.124780625
0.281 0.1600224 0.01958031 0.04318857 0.1227629 0.16279635 0.017683107 0.039611876 0.124711365
0.2815 0.1599048 0.01917437 0.04240344 0.1226716 0.16270155 0.01730078 0.038766757 0.124643
0.282 0.1597887 0.01877532 0.04163314 0.1225814 0.16260815 0.016925577 0.03793773 0.124575526
0.2825 0.1596739 0.01838301 0.04087739 0.1224921 0.16251609 0.016557496 0.037124522 0.12450892
0.283 0.1595604 0.01799736 0.04013591 0.1224039 0.16242543 0.016196366 0.03632684 0.12444316
0.2835 0.1594483 0.01761823 0.03940842 0.1223166 0.16233605 0.015841994 0.03554441 0.12437828
0.284 0.1593376 0.01724552 0.03869467 0.1222303 0.16224805 0.015494283 0.03477692 0.12431422
0.2845 0.1592281 0.01687912 0.03799438 0.1221449 0.16216132 0.015153181 0.03402414 0.12425101
0.285 0.1591199 0.01651892 0.0373073 0.1220605 0.16207588 0.014818545 0.033285804 0.12418859
0.2855 0.1590131 0.01616482 0.03663317 0.1219771 0.16199172 0.014490191 0.0325616 0.124127
0.286 0.1589075 0.01581671 0.03597176 0.1218945 0.16190878 0.01416808 0.03185132 0.124066204
0.2865 0.1588031 0.01547449 0.0353228 0.1218129 0.16182709 0.013852093 0.031154662 0.12400617
0.287 0.1587 0.01513806 0.03468607 0.1217322 0.16174659 0.013542142 0.030471414 0.123946935
0.2875 0.1585982 0.01480732 0.03406134 0.1216524 0.16166732 0.013238069 0.02980128 0.12388846
0.288 0.1584975 0.01448218 0.03344836 0.1215736 0.1615892 0.012939777 0.029144116 0.12383072
0.2885 0.1583981 0.01416254 0.03284692 0.1214956 0.16151226 0.012647178 0.02849958 0.12377377
0.289 0.1582999 0.01384829 0.0322568 0.1214184 0.16143647 0.012360182 0.027867496 0.12371752
0.2895 0.1582028 0.01353936 0.03167777 0.1213422 0.16136181 0.012078617 0.0272476 0.123661965
0.29 0.1581069 0.01323566 0.03110963 0.1212668 0.16128826 0.011802513 0.0266397 0.12360717
0.2905 0.1580122 0.01293708 0.03055217 0.1211922 0.16121578 0.011531662 0.026043527 0.12355307
0.291 0.1579186 0.01264355 0.03000518 0.1211185 0.16114444 0.011266004 0.025458932 0.12349968
0.2915 0.1578261 0.01235497 0.02946846 0.1210457 0.16107413 0.011005487 0.02488561 0.12344694
0.292 0.1577347 0.01207127 0.02894181 0.1209737 0.1610049 0.01074994 0.024323441 0.12339491
0.2925 0.1576445 0.01179235 0.02842505 0.1209024 0.16093668 0.010499332 0.02377218 0.12334356
0.293 0.1575553 0.01151814 0.02791798 0.120832 0.16086951 0.010253567 0.023231618 0.12329282
0.2935 0.1574673 0.01124856 0.02742041 0.1207624 0.16080332 0.010012526 0.022701547 0.123242766
0.294 0.1573803 0.01098352 0.02693216 0.1206936 0.16073814 0.009776134 0.022181809 0.12319334
0.2945 0.1572943 0.01072295 0.02645306 0.1206256 0.16067392 0.009544369 0.021672182 0.12314458
0.295 0.1572094 0.01046678 0.02598293 0.1205583 0.1606107 0.009317037 0.021172486 0.12309641
0.2955 0.1571255 0.01021492 0.0255216 0.1204919 0.16054842 0.0090941675 0.020682566 0.12304887
0.296 0.1570427 0.009967298 0.0250689 0.1204261 0.16048709 0.008875575 0.02020219 0.12300195
0.2965 0.1569609 0.009723849 0.02462466 0.1203612 0.16042668 0.008661274 0.019731186 0.12295562
0.297 0.15688 0.009484498 0.02418872 0.120297 0.16036716 0.008451138 0.0192694 0.1229099
0.2975 0.1568002 0.009249174 0.02376092 0.1202335 0.16030857 0.008245084 0.018816665 0.12286477
0.298 0.1567213 0.009017808 0.02334111 0.1201707 0.16025087 0.0080430545 0.018372752 0.1228202
0.2985 0.1566434 0.008790332 0.02292913 0.1201087 0.16019404 0.007845018 0.0179376 0.122776225
0.299 0.1565664 0.008566679 0.02252483 0.1200474 0.16013807 0.0076507963 0.017510943 0.12273282
0.2995 0.1564904 0.008346783 0.02212807 0.1199868 0.16008294 0.007460419 0.017092653 0.12268995
0.3 0.1564154 0.008130581 0.02173871 0.1199269 0.14830294 0.006674167 0.009287052 0.112578034
0.3005 0.1464603 0.007893473 0.02061037 0.1148693 0.14016244 0.006286245 0.007281095 0.107956946
0.301 0.1343655 0.007554192 0.01883641 0.1097325 0.13366699 0.0062256493 0.0070597306 0.10501914
0.3015 0.1263857 0.007136185 0.0174498 0.1057387 0.12808406 0.006300714 0.007248096 0.10250834
0.302 0.1211722 0.006672992 0.01638627 0.1021993 0.12314496 0.006394174 0.007439062 0.1000704
0.3025 0.117357 0.006182854 0.01548789 0.09885553 0.11871917 0.0064454116 0.0075183287 0.09761368
0.303 0.1142049 0.005674998 0.01466507 0.09563084 0.11472099 0.0064283945 0.0074632913 0.095123634
0.3035 0.1113716 0.005154387 0.01387638 0.09250108 0.11108241 0.0063367225 0.0072809905 0.09260787
0.304 0.1087019 0.004624014 0.01310391 0.08945678 0.10774613 0.0061741434 0.0069876164 0.09007935
0.3045 0.1061259 0.004085905 0.01234016 0.08649284 0.104662634 0.0059492476 0.0066010505 0.08755092
0.305 0.1036119 0.003541577 0.01158201 0.08360567 0.101789854 0.005671788 0.0061381087 0.085033685
0.3055 0.1011449 0.002992234 0.01082822 0.0807923 0.09909209 0.005351495 0.0056135505 0.0825368
0.306 0.09871756 0.002438868 0.01007833 0.07805002 0.096539624 0.0049969293 0.0050399676 0.08006734
0.3065 0.096326 0.001882319 0.009332214 0.07537634 0.094107874 0.00461537 0.0044278204 0.07763077
0.307 0.09396813 0.001323301 0.008589867 0.07276891 0.09177681 0.0042126738 0.0037857667 0.075231194
0.3075 0.09164267 0.0007624323 0.007851357 0.07022545 0.08953001 0.0037936233 0.0031207874 0.07287145
0.308 0.08934877 0.0002002472 0.007116769 0.06774381 0.08735434 0.0033618547 0.0024386048 0.070553616
0.3085 0.08708583 -0.0003627873 0.006386196 0.06532192 0.08523927 0.0029202364 0.0017438456 0.06827894
0.309 0.08485337 -0.0009262619 0.005659729 0.06295778 0.08317625 0.0024708621 0.0010401942 0.06604801
0.3095 0.082651 -0.001489816 0.00493746 0.0606495 0.081158556 0.0020154677 0.00033064187 0.06386116
0.31 0.08047837 -0.002053129 0.004219474 0.05839524 0.07918086 0.0015552603 -0.0003823638 0.06171828
0.3105 0.07833515 -0.002615917 0.003505852 0.05619325 0.077238895 0.0010912679 -0.0010968447 0.05961899
0.311 0.07622104 -0.003177925 0.00279667 0.05404185 0.0753293 0.000624191 -0.0018112324 0.057562742
0.3115 0.07413574 -0.003738923 0.002092001 0.05193944 0.07344941 0.00015455857 -0.0025242157 0.055548836
0.312 0.07207896 -0.004298705 0.001391912 0.04988446 0.07159715 -0.00031709298 -0.003234744 0.053576518
0.3125 0.07005042 -0.004857082 0.0006964664 0.04787543 0.069770835 -0.0007905327 -0.0039419793 0.05164482
0.313 0.06804984 -0.005413884 5.722258e-06 0.04591094 0.06796921 -0.0012653619 -0.004645154 0.04975288
0.3135 0.06607692 -0.005968952 -0.0006802653 0.04398963 0.066191144 -0.0017413907 -0.0053437613 0.047899734
0.314 0.0641314 -0.006522143 -0.001361445 0.04211018 0.06443589 -0.0022184364 -0.0060372762 0.046084438
0.3145 0.06221299 -0.007073323 -0.002037771 0.04027136 0.06270274 -0.0026963092 -0.006725326 0.044305954
0.315 0.06032141 -0.00762237 -0.002709198 0.03847195 0.060991175 -0.0031748563 -0.007407628 0.042563397
0.3155 0.05845637 -0.008169169 -0.003375687 0.0367108 0.059300795 -0.0036539324 -0.008083828 0.040855777
0.316 0.05661761 -0.008713614 -0.004037201 0.03498682 0.057631224 -0.004133381 -0.0087537505 0.039182205
0.3165 0.05480483 -0.009255607 -0.004693707 0.03329893 0.055982165 -0.00461312 -0.0094172135 0.037541736
0.317 0.05301775 -0.009795054 -0.005345174 0.03164612 0.05435337 -0.0050929785 -0.010074034 0.035933483
0.3175 0.05125609 -0.01033187 -0.005991574 0.03002739 0.05274459 -0.00557296 -0.010724135 0.034356553
0.318 0.04951957 -0.01086597 -0.006632883 0.02844183 0.051155686 -0.006052822 -0.011367433 0.03281017
0.3185 0.0478079 -0.01139729 -0.007269079 0.0268885 0.049586482 -0.006532479 -0.012003791 0.031293537
0.319 0.0461208 -0.01192575 -0.007900143 0.02536654 0.048036784 -0.0070118755 -0.012633197 0.029805835
0.3195 0.04445799 -0.01245128 -0.008526058 0.02387512 0.046506435 -0.007490892 -0.013255581 0.028346281
0.32 0.04281918 -0.01297383 -0.00914681 0.02241342 0.044995315 -0.0079693645 -0.013870884 0.026914198
0.3205 0.04120409 -0.01349333 -0.009762387 0.02098066 0.04350327 -0.00844726 -0.0144791305 0.025508847
0.321 0.03961244 -0.01400973 -0.01037278 0.01957609 0.042030156 -0.008924432 -0.015080299 0.024129573
0.3215 0.03804395 -0.01452299 -0.01097798 0.01819898 0.040575817 -0.0094008 -0.015674375 0.022775669
0.322 0.03649833 -0.01503304 -0.01157798 0.01684864 0.039140098 -0.00987627 -0.016261376 0.021446522
0.3225 0.03497531 -0.01553985 -0.01217278 0.0155244 0.03772288 -0.010350689 -0.0168413 0.020141523
0.323 0.0334746 -0.01604338 -0.01276238 0.01422559 0.036324 -0.010824043 -0.017414186 0.01886009
0.3235 0.03199594 -0.01654359 -0.01334678 0.0129516 0.034943298 -0.011296164 -0.017980006 0.017601643
0.324 0.03053904 -0.01704043 -0.01392598 0.01170181 0.033580653 -0.011767 -0.018538855 0.016365621
0.3245 0.02910362 -0.01753389 -0.01449998 0.01047564 0.03223589 -0.01223645 -0.019090723 0.015151519
0.325 0.02768941 -0.01802392 -0.01506879 0.009272514 0.030908838 -0.012704406 -0.019635689 0.013958786
0.3255 0.02629615 -0.0185105 -0.01563242 0.008091887 0.029599346 -0.01317082 -0.020173766 0.012786943
0.326 0.02492355 -0.01899361 -0.01619088 0.006933225 0.02830723 -0.013635594 -0.020705003 0.011635479
0.3265 0.02357135 -0.01947321 -0.01674417 0.005796013 0.027032368 -0.014098622 -0.021229435 0.010503989
0.327 0.02223927 -0.01994929 -0.01729231 0.004679752 0.025774531 -0.014559839 -0.02174716 0.009391975
0.3275 0.02092706 -0.02042183 -0.01783532 0.003583959 0.024533622 -0.015019175 -0.022258189 0.008299012
0.328 0.01963445 -0.02089082 -0.01837319 0.002508163 0.02330941 -0.015476543 -0.0227626 0.007224668
0.3285 0.01836117 -0.02135622 -0.01890596 0.001451911 0.022101752 -0.015931848 -0.023260418 0.006168563
0.329 0.01710697 -0.02181803 -0.01943364 0.0004147611 0.020910472 -0.016385026 -0.023751725 0.0051302873
0.3295 0.01587159 -0.02227625 -0.01995624 -0.0006037137 0.019735388 -0.016836021 -0.024236549 0.004109483
0.33 0.01465476 -0.02273085 -0.02047378 -0.001603929 0.018576339 -0.017284762 -0.024715021 0.0031057335
0.3305 0.01345624 -0.02318183 -0.02098629 -0.002586289 0.01743313 -0.017731186 -0.025187146 0.0021186993
0.331 0.01227577 -0.02362918 -0.02149379 -0.003551183 0.016305573 -0.018175218 -0.025653 0.0011480339
0.3315 0.0111131 -0.02407289 -0.02199629 -0.004498994 0.015193507 -0.018616777 -0.026112642 0.00019339845
0.332 0.00996799 -0.02451296 -0.02249382 -0.005430091 0.014096744 -0.01905587 -0.026566185 -0.0007455349
0.3325 0.008840186 -0.0249494 -0.0229864 -0.006344832 0.013015114 -0.019492429 -0.027013648 -0.0016691089
0.333 0.007729447 -0.02538218 -0.02347406 -0.007243568 0.011948444 -0.019926328 -0.027455099 -0.0025776178
0.3335 0.006635534 -0.02581132 -0.02395683 -0.008126638 0.010896519 -0.020357639 -0.027890634 -0.003471356
0.334 0.005558206 -0.02623682 -0.02443472 -0.008994373 0.009859197 -0.020786185 -0.028320283 -0.00435061
0.3345 0.004497228 -0.02665867 -0.02490776 -0.009847094 0.008836299 -0.021211985 -0.028744146 -0.005215682
0.335 0.003452366 -0.02707688 -0.02537599 -0.01068512 0.007827625 -0.021634996 -0.029162295 -0.006066859
0.3355 0.00242339 -0.02749146 -0.02583943 -0.01150874 0.0068330094 -0.022055179 -0.02957476 -0.006904401
0.336 0.001410069 -0.0279024 -0.0262981 -0.01231827 0.005852282 -0.0224725 -0.029981652 -0.007728558
0.3365 0.0004121779 -0.02830972 -0.02675204 -0.01311398 0.0048852563 -0.022886876 -0.030383032 -0.008539591
0.337 -0.0005705071 -0.02871342 -0.02720128 -0.01389617 0.0039317682 -0.023298327 -0.030778944 -0.009337753
0.3375 -0.001538207 -0.0291135 -0.02764584 -0.0146651 0.0029916316 -0.023706779 -0.031169461 -0.010123286
0.338 -0.002491142 -0.02950999 -0.02808576 -0.01542105 0.0020646974 -0.02411222 -0.031554658 -0.010896426
0.3385 -0.003429527 -0.02990288 -0.02852107 -0.01616427 0.0011507645 -0.024514627 -0.031934626 -0.011657417
0.339 -0.004353576 -0.03029218 -0.02895179 -0.01689502 0.00024968758 -0.024913967 -0.03230939 -0.012406465
0.3395 -0.005263501 -0.03067792 -0.02937796 -0.01761355 -0.00063871965 -0.025310226 -0.03267906 -0.013143785
0.34 -0.00615951 -0.03106009 -0.02979962 -0.01832009 -0.0015146099 -0.02570334 -0.033043668 -0.013869602
0.3405 -0.007041809 -0.03143872 -0.03021679 -0.01901488 -0.0023781583 -0.026093341 -0.033403292 -0.01458412
0.341 -0.007910602 -0.03181381 -0.0306295 -0.01969816 -0.0032295287 -0.02648016 -0.033758014 -0.015287548
0.3415 -0.008766091 -0.03218538 -0.0310378 -0.02037015 -0.0040688813 -0.026863843 -0.034107864 -0.015980083
0.342 -0.009608473 -0.03255345 -0.03144171 -0.02103106 -0.004896391 -0.027244322 -0.03445293 -0.01666193
0.3425 -0.01043795 -0.03291802 -0.03184126 -0.02168111 -0.0057122037 -0.027621597 -0.034793273 -0.017333258
0.343 -0.0112547 -0.03327911 -0.03223649 -0.02232051 -0.0065164976 -0.027995665 -0.03512897 -0.01799428
0.3435 -0.01205893 -0.03363674 -0.03262743 -0.02294947 -0.007309407 -0.028366517 -0.035460062 -0.018645145
0.344 -0.01285083 -0.03399093 -0.03301412 -0.02356817 -0.008091107 -0.028734121 -0.03578663 -0.019286059
0.3445 -0.01363057 -0.03434169 -0.03339659 -0.02417682 -0.008861735 -0.029098473 -0.036108717 -0.019917171
0.345 -0.01439835 -0.03468904 -0.03377487 -0.02477561 -0.009621449 -0.029459585 -0.036426395 -0.020538662
0.3455 -0.01515434 -0.035033 -0.034149 -0.02536471 -0.0103704035 -0.02981744 -0.036739733 -0.02115069
0.346 -0.01589873 -0.03537358 -0.03451901 -0.02594432 -0.011108756 -0.03017205 -0.037048776 -0.021753427
0.3465 -0.01663169 -0.03571081 -0.03488494 -0.02651461 -0.011836618 -0.030523397 -0.037353598 -0.022347018
0.347 -0.01735339 -0.0360447 -0.03524682 -0.02707575 -0.012554184 -0.030871462 -0.03765423 -0.022931635
0.3475 -0.01806401 -0.03637527 -0.03560469 -0.02762792 -0.013261564 -0.031216267 -0.037950754 -0.023507416
0.348 -0.01876371 -0.03670255 -0.03595858 -0.02817127 -0.013958912 -0.03155784 -0.03824324 -0.02407452
0.3485 -0.01945267 -0.03702654 -0.03630852 -0.02870596 -0.014646381 -0.03189614 -0.03853172 -0.024633102
0.349 -0.02013104 -0.03734728 -0.03665455 -0.02923217 -0.015324105 -0.03223119 -0.038816266 -0.025183279
0.3495 -0.020799 -0.03766479 -0.03699671 -0.02975004 -0.015992202 -0.032562982 -0.039096914 -0.025725204
0.35 -0.02145669 -0.03797907 -0.03733502 -0.03025972 -0.01665084 -0.03289155 -0.03937375 -0.026259024
0.3505 -0.02210428 -0.03829016 -0.03766953 -0.03076136 -0.017300129 -0.033216875 -0.03964681 -0.026784856
0.351 -0.02274193 -0.03859807 -0.03800026 -0.03125511 -0.017940193 -0.03353897 -0.03991612 -0.027302824
0.3515 -0.02336978 -0.03890284 -0.03832726 -0.0317411 -0.018571194 -0.03385783 -0.040181775 -0.027813088
0.352 -0.02398799 -0.03920447 -0.03865055 -0.03221948 -0.019193243 -0.0341735 -0.040443808 -0.028315756
0.3525 -0.02459671 -0.03950299 -0.03897017 -0.03269038 -0.019806478 -0.034485973 -0.040702283 -0.02881096
0.353 -0.02519608 -0.03979842 -0.03928616 -0.03315394 -0.020411007 -0.034795243 -0.04095725 -0.029298801
0.3535 -0.02578626 -0.04009078 -0.03959855 -0.03361028 -0.021006972 -0.035101335 -0.04120873 -0.029779416
0.354 -0.02636737 -0.04038011 -0.03990737 -0.03405953 -0.021594483 -0.035404265 -0.04145681 -0.03025291
0.3545 -0.02693956 -0.04066641 -0.04021266 -0.03450182 -0.022173662 -0.03570406 -0.041701533 -0.030719418
0.355 -0.02750298 -0.04094971 -0.04051444 -0.03493727 -0.022744637 -0.03600071 -0.041942935 -0.031179031
0.3555 -0.02805776 -0.04123004 -0.04081277 -0.03536599 -0.023307532 -0.03629423 -0.042181063 -0.03163188
0.356 -0.02860402 -0.04150741 -0.04110766 -0.03578811 -0.023862436 -0.036584675 -0.042415973 -0.03207805
0.3565 -0.02914191 -0.04178185 -0.04139915 -0.03620374 -0.024409477 -0.036871985 -0.042647712 -0.032517657
0.357 -0.02967156 -0.04205338 -0.04168727 -0.03661299 -0.024948787 -0.03715625 -0.042876296 -0.03295081
0.3575 -0.03019308 -0.04232203 -0.04197207 -0.03701597 -0.025480464 -0.03743745 -0.043101817 -0.03337761
0.358 -0.03070662 -0.04258782 -0.04225356 -0.03741279 -0.026004598 -0.03771562 -0.043324284 -0.033798154
0.3585 -0.0312123 -0.04285076 -0.04253179 -0.03780356 -0.026521333 -0.037990764 -0.043543775 -0.034212545
0.359 -0.03171022 -0.0431109 -0.04280679 -0.03818837 -0.027030747 -0.0382629 -0.043760285 -0.034620874
0.3595 -0.03220053 -0.04336823 -0.04307858 -0.03856734 -0.027532961 -0.03853204 -0.0439739 -0.035023242
0.36 -0.03268334 -0.0436228 -0.04334721 -0.03894055 -0.028028075 -0.038798243 -0.044184636 -0.035419736
0.3605 -0.03315876 -0.04387462 -0.04361269 -0.03930811 -0.028516192 -0.03906147 -0.044392556 -0.03581046
0.361 -0.03362691 -0.04412371 -0.04387508 -0.03967011 -0.028997414 -0.03932181 -0.044597685 -0.036195494
0.3615 -0.0340879 -0.04437011 -0.04413439 -0.04002664 -0.029471833 -0.039579224 -0.044800073 -0.036574923
0.362 -0.03454186 -0.04461383 -0.04439066 -0.0403778 -0.029939562 -0.03983376 -0.044999756 -0.036948845
0.3625 -0.03498887 -0.04485489 -0.04464392 -0.04072368 -0.03040069 -0.04008544 -0.04519676 -0.037317343
0.363 -0.03542907 -0.04509332 -0.04489421 -0.04106436 -0.030855302 -0.040334273 -0.045391142 -0.03768049
0.3635 -0.03586254 -0.04532914 -0.04514154 -0.04139994 -0.031303503 -0.040580288 -0.045582935 -0.038038388
0.364 -0.0362894 -0.04556237 -0.04538596 -0.04173049 -0.03174539 -0.040823504 -0.045772158 -0.0383911
0.3645 -0.03670975 -0.04579304 -0.04562749 -0.0420561 -0.032181047 -0.041063935 -0.04595889 -0.038738713
0.365 -0.0371237 -0.04602117 -0.04586617 -0.04237685 -0.032610558 -0.041301627 -0.046143122 -0.039081298
0.3655 -0.03753134 -0.04624679 -0.04610202 -0.04269282 -0.033034027 -0.041536566 -0.046324916 -0.039418943
0.366 -0.03793277 -0.04646991 -0.04633508 -0.0430041 -0.03345153 -0.04176882 -0.04650431 -0.039751723
0.3665 -0.03832809 -0.04669055 -0.04656537 -0.04331075 -0.033863164 -0.041998375 -0.04668132 -0.040079713
0.367 -0.0387174 -0.04690875 -0.04679293 -0.04361285 -0.034269005 -0.042225286 -0.046856 -0.04040298
0.3675 -0.03910079 -0.04712452 -0.04701778 -0.04391048 -0.03466914 -0.042449545 -0.047028366 -0.0407216
0.368 -0.03947834 -0.04733789 -0.04723995 -0.0442037 -0.035063647 -0.04267119 -0.047198467 -0.041035637
0.3685 -0.03985017 -0.04754887 -0.04745947 -0.0444926 -0.03545261 -0.042890243 -0.04736632 -0.04134517
0.369 -0.04021635 -0.0477575 -0.04767638 -0.04477724 -0.035836108 -0.04310671 -0.04753197 -0.04165026
0.3695 -0.04057697 -0.04796378 -0.04789069 -0.04505768 -0.036214225 -0.043320652 -0.047695443 -0.041950986
0.37 -0.04093212 -0.04816775 -0.04810244 -0.04533401 -0.03658703 -0.043532062 -0.047856767 -0.042247392
0.3705 -0.04128188 -0.04836943 -0.04831165 -0.04560628 -0.03695461 -0.043740988 -0.048015982 -0.042539567
0.371 -0.04162635 -0.04856884 -0.04851836 -0.04587455 -0.037317034 -0.043947425 -0.048173115 -0.04282756
0.3715 -0.0419656 -0.04876599 -0.04872258 -0.0461389 -0.037674375 -0.044151396 -0.048328187 -0.043111432
0.372 -0.04229971 -0.04896092 -0.04892436 -0.04639939 -0.038026705 -0.04435295 -0.04848125 -0.04339126
0.3725 -0.04262877 -0.04915364 -0.0491237 -0.04665607 -0.03837411 -0.04455211 -0.04863231 -0.043667097
0.373 -0.04295286 -0.04934418 -0.04932065 -0.046909 -0.03871665 -0.044748887 -0.04878141 -0.04393901
0.3735 -0.04327205 -0.04953255 -0.04951523 -0.04715826 -0.0390544 -0.044943303 -0.048928574 -0.04420704
0.374 -0.04358641 -0.04971878 -0.04970746 -0.04740388 -0.03938742 -0.04513538 -0.049073823 -0.044471256
0.3745 -0.04389604 -0.04990289 -0.04989738 -0.04764594 -0.039715778 -0.045325153 -0.04921719 -0.044731714
0.375 -0.04420099 -0.0500849 -0.050085 -0.04788449 -0.040039554 -0.045512635 -0.049358703 -0.044988472
0.3755 -0.04450134 -0.05026483 -0.05027035 -0.04811958 -0.040358804 -0.045697857 -0.0494984 -0.045241587
0.376 -0.04479717 -0.0504427 -0.05045346 -0.04835127 -0.0406736 -0.045880836 -0.049636297 -0.045491107
0.3765 -0.04508855 -0.05061853 -0.05063435 -0.04857961 -0.040983997 -0.046061598 -0.049772404 -0.04573709
0.377 -0.04537553 -0.05079234 -0.05081305 -0.04880466 -0.04129007 -0.046240177 -0.049906768 -0.045979593
0.3775 -0.04565821 -0.05096416 -0.05098959 -0.04902646 -0.041591875 -0.04641658 -0.05003941 -0.046218656
0.378 -0.04593663 -0.051134 -0.05116398 -0.04924506 -0.041889466 -0.04659084 -0.050170355 -0.04645434
0.3785 -0.04621087 -0.05130189 -0.05133625 -0.04946052 -0.04218291 -0.046762962 -0.050299607 -0.046686687
0.379 -0.046481 -0.05146784 -0.05150643 -0.04967288 -0.042472273 -0.046932984 -0.050427213 -0.046915747
0.3795 -0.04674707 -0.05163187 -0.05167454 -0.0498822 -0.0427576 -0.047100943 -0.050553195 -0.04714158
0.38 -0.04700915 -0.051794 -0.0518406 -0.05008851 -0.04303896 -0.04726684 -0.050677575 -0.047364224
0.3805 -0.04726731 -0.05195426 -0.05200464 -0.05029187 -0.04331641 -0.047430694 -0.05080037 -0.04758373
0.381 -0.0475216 -0.05211266 -0.05216669 -0.05049232 -0.043589998 -0.047592547 -0.050921608 -0.04780014
0.3815 -0.04777208 -0.05226922 -0.05232675 -0.05068991 -0.04385978 -0.047752403 -0.051041305 -0.0480135
0.382 -0.04801882 -0.05242396 -0.05248486 -0.05088467 -0.044125818 -0.0479103 -0.05115949 -0.048223853
0.3825 -0.04826187 -0.0525769 -0.05264104 -0.05107666 -0.04438816 -0.04806626 -0.051276185 -0.048431255
0.383 -0.04850128 -0.05272805 -0.0527953 -0.05126591 -0.044646855 -0.0482203 -0.0513914 -0.04863574
0.3835 -0.04873713 -0.05287745 -0.05294769 -0.05145247 -0.044901967 -0.04837242 -0.05150517 -0.048837353
0.384 -0.04896946 -0.0530251 -0.0530982 -0.05163638 -0.045153536 -0.048522674 -0.051617496 -0.04903613
0.3845 -0.04919832 -0.05317102 -0.05324688 -0.05181768 -0.04540162 -0.048671063 -0.051728424 -0.049232118
0.385 -0.04942377 -0.05331524 -0.05339373 -0.0519964 -0.04564627 -0.048817627 -0.051837966 -0.049425364
0.3855 -0.04964587 -0.05345777 -0.05353878 -0.0521726 -0.04588753 -0.048962373 -0.051946133 -0.049615897
0.386 -0.04986466 -0.05359862 -0.05368205 -0.05234629 -0.046125434 -0.049105316 -0.052052937 -0.049803764
0.3865 -0.0500802 -0.05373782 -0.05382356 -0.05251754 -0.04636006 -0.049246483 -0.05215843 -0.049988996
0.387 -0.05029254 -0.05387539 -0.05396333 -0.05268636 -0.046591435 -0.049385928 -0.052262604 -0.050171636
0.3875 -0.05050172 -0.05401134 -0.05410139 -0.0528528 -0.04681961 -0.04952362 -0.05236548 -0.05035173
0.388 -0.0507078 -0.05414568 -0.05423774 -0.05301689 -0.047044627 -0.049659606 -0.05246707 -0.0505293
0.3885 -0.05091082 -0.05427845 -0.05437242 -0.05317867 -0.047266535 -0.049793907 -0.05256742 -0.050704397
0.389 -0.05111084 -0.05440964 -0.05450544 -0.05333817 -0.047485378 -0.04992654 -0.052666523 -0.05087705
0.3895 -0.05130789 -0.05453929 -0.05463683 -0.05349543 -0.047701202 -0.050057516 -0.052764405 -0.05104729
0.39 -0.05150203 -0.05466741 -0.05476659 -0.05365047 -0.047914043 -0.05018686 -0.05286108 -0.051215164
0.3905 -0.05169329 -0.054794 -0.05489475 -0.05380335 -0.04812395 -0.050314598 -0.052956566 -0.051380694
0.391 -0.05188173 -0.0549191 -0.05502133 -0.05395408 -0.04833096 -0.050440744 -0.05305088 -0.051543918
0.3915 -0.05206738 -0.05504272 -0.05514635 -0.05410269 -0.048535116 -0.050565317 -0.05314404 -0.051704872
0.392 -0.0522503 -0.05516487 -0.05526983 -0.05424923 -0.048736457 -0.050688334 -0.05323606 -0.05186359
0.3925 -0.05243051 -0.05528557 -0.05539178 -0.05439371 -0.048935026 -0.050809816 -0.053326964 -0.052020095
0.393 -0.05260807 -0.05540483 -0.05551222 -0.05453618 -0.049130864 -0.050929796 -0.05341676 -0.052174434
0.3935 -0.05278302 -0.05552268 -0.05563118 -0.05467665 -0.049324 -0.051048268 -0.053505458 -0.052326627
0.394 -0.05295539 -0.05563912 -0.05574866 -0.05481517 -0.049514472 -0.05116526 -0.053593077 -0.0524767
0.3945 -0.05312522 -0.05575418 -0.05586468 -0.05495176 -0.04970233 -0.051280797 -0.05367964 -0.0526247
0.395 -0.05329256 -0.05586786 -0.05597928 -0.05508644 -0.049887605 -0.051394895 -0.05376516 -0.05277064
0.3955 -0.05345744 -0.05598018 -0.05609245 -0.05521925 -0.05007033 -0.051507562 -0.05384964 -0.052914564
0.396 -0.0536199 -0.05609117 -0.05620422 -0.05535021 -0.05025055 -0.05161883 -0.053933118 -0.053056493
0.3965 -0.05377998 -0.05620083 -0.0563146 -0.05547935 -0.05042829 -0.051728703 -0.054015577 -0.05319646
0.397 -0.05393771 -0.05630917 -0.05642361 -0.0556067 -0.050603587 -0.05183721 -0.054097068 -0.05333449
0.3975 -0.05409313 -0.05641622 -0.05653127 -0.05573228 -0.05077648 -0.051944356 -0.05417756 -0.053470604
0.398 -0.05424627 -0.05652199 -0.0566376 -0.05585612 -0.050947003 -0.05205017 -0.054257102 -0.053604845
0.3985 -0.05439717 -0.05662649 -0.0567426 -0.05597825 -0.051115178 -0.052154653 -0.054335687 -0.053737227
0.399 -0.05454587 -0.05672973 -0.0568463 -0.05609868 -0.051281054 -0.052257843 -0.05441335 -0.053867783
0.3995 -0.05469239 -0.05683174 -0.05694871 -0.05621745 -0.051444653 -0.052359745 -0.054490082 -0.05399654
0.4 -0.05483678 -0.05693251 -0.05704985 -0.05633458 -0.05160601 -0.05246038 -0.05456591 -0.054123517
0.4005 -0.05497906 -0.05703208 -0.05714973 -0.05645009 -0.05176516 -0.052559756 -0.054640852 -0.054248743
0.401 -0.05511926 -0.05713045 -0.05724837 -0.05656401 -0.051922124 -0.052657887 -0.054714896 -0.054372244
0.4015 -0.05525742 -0.05722764 -0.05734578 -0.05667635 -0.052076943 -0.05275481 -0.05478807 -0.054494046
0.402 -0.05539357 -0.05732365 -0.05744198 -0.05678715 -0.052229643 -0.052850515 -0.05486039 -0.05461417
0.4025 -0.05552774 -0.05741851 -0.05753698 -0.05689642 -0.052380253 -0.052945025 -0.05493186 -0.054732643
0.403 -0.05565996 -0.05751222 -0.05763079 -0.05700419 -0.052528806 -0.05303836 -0.055002496 -0.054849483
0.4035 -0.05579026 -0.0576048 -0.05772344 -0.05711047 -0.052675325 -0.05313055 -0.055072308 -0.054964725
0.404 -0.05591867 -0.05769626 -0.05781493 -0.0572153 -0.05281984 -0.053221576 -0.0551413 -0.055078376
0.4045 -0.05604521 -0.05778662 -0.05790528 -0.05731869 -0.05296238 -0.053311467 -0.055209495 -0.055190466
0.405 -0.05616992 -0.05787588 -0.05799451 -0.05742065 -0.053102974 -0.05340025 -0.055276897 -0.05530102
0.4055 -0.05629282 -0.05796406 -0.05808262 -0.05752122 -0.05324165 -0.053487927 -0.055343524 -0.05541006
0.406 -0.05641394 -0.05805118 -0.05816963 -0.05762041 -0.053378433 -0.053574525 -0.055409394 -0.055517606
0.4065 -0.0565333 -0.05813724 -0.05825556 -0.05771825 -0.053513348 -0.053660035 -0.055474494 -0.055623673
0.407 -0.05665095 -0.05822226 -0.05834041 -0.05781474 -0.053646423 -0.053744495 -0.055538848 -0.05572829
0.4075 -0.05676689 -0.05830624 -0.0584242 -0.05790992 -0.053777684 -0.053827904 -0.05560246 -0.055831473
0.408 -0.05688116 -0.05838921 -0.05850695 -0.05800379 -0.05390715 -0.05391028 -0.055665344 -0.055933245
0.4085 -0.05699377 -0.05847117 -0.05858866 -0.05809638 -0.054034855 -0.053991638 -0.05572751 -0.056033622
0.409 -0.05710477 -0.05855213 -0.05866935 -0.05818771 -0.05416082 -0.054071985 -0.05578897 -0.056132626
0.4095 -0.05721416 -0.05863211 -0.05874903 -0.0582778 -0.054285064 -0.05415135 -0.05584975 -0.056230277
0.41 -0.05732198 -0.05871111 -0.05882772 -0.05836665 -0.054407623 -0.05422973 -0.055909827 -0.056326598
0.4105 -0.05742825 -0.05878916 -0.05890542 -0.05845429 -0.054528512 -0.054307133 -0.055969223 -0.0564216
0.411 -0.05753299 -0.05886625 -0.05898214 -0.05854075 -0.05464775 -0.054383595 -0.056027956 -0.05651531
0.4115 -0.05763622 -0.0589424 -0.05905791 -0.05862602 -0.054765373 -0.054459117 -0.056086037 -0.056607738
0.412 -0.05773797 -0.05901763 -0.05913273 -0.05871014 -0.05488139 -0.054533713 -0.05614345 -0.056698903
0.4125 -0.05783826 -0.05909194 -0.05920661 -0.05879311 -0.05499583 -0.054607373 -0.05620023 -0.05678883
0.413 -0.05793711 -0.05916534 -0.05927957 -0.05887495 -0.055108715 -0.05468013 -0.05625637 -0.056877524
0.4135 -0.05803455 -0.05923785 -0.05935161 -0.05895569 -0.055220064 -0.054752003 -0.056311887 -0.056965016
0.414 -0.05813059 -0.05930947 -0.05942276 -0.05903533 -0.055329904 -0.05482299 -0.05636679 -0.05705132
0.4145 -0.05822525 -0.05938021 -0.059493 -0.05911389 -0.05543825 -0.054893125 -0.05642109 -0.057136446
0.415 -0.05831856 -0.05945009 -0.05956237 -0.05919138 -0.055545125 -0.054962385 -0.056474783 -0.05722041
0.4155 -0.05841053 -0.05951912 -0.05963087 -0.05926783 -0.055650543 -0.055030793 -0.05652789 -0.05730324
0.416 -0.0585012 -0.0595873 -0.05969851 -0.05934324 -0.055754535 -0.055098377 -0.05658041 -0.057384938
0.4165 -0.05859056 -0.05965465 -0.0597653 -0.05941763 -0.055857114 -0.055165127 -0.056632355 -0.057465527
0.417 -0.05867865 -0.05972117 -0.05983126 -0.05949102 -0.055958305 -0.055231072 -0.056683727 -0.057545025
0.4175 -0.05876549 -0.05978687 -0.05989638 -0.05956341 -0.056058116 -0.055296205 -0.05673454 -0.05762344
0.418 -0.05885109 -0.05985178 -0.05996069 -0.05963483 -0.05615658 -0.05536055 -0.0567848 -0.057700794
0.4185 -0.05893546 -0.05991588 -0.06002419 -0.05970528 -0.056253705 -0.05542411 -0.05683452 -0.057777096
0.419 -0.05901864 -0.0599792 -0.0600869 -0.05977478 -0.056349512 -0.0554869 -0.056883693 -0.05785236
0.4195 -0.05910064 -0.06004174 -0.06014881 -0.05984335 -0.056444023 -0.05554893 -0.05693234 -0.057926614
0.42 -0.05918147 -0.06010352 -0.06020995 -0.05991099 -0.056537256 -0.05561021 -0.05698047 -0.057999857
0.4205 -0.05926115 -0.06016453 -0.06027032 -0.05997772 -0.05662922 -0.055670746 -0.057028078 -0.058072105
0.421 -0.0593397 -0.0602248 -0.06032994 -0.06004356 -0.056719944 -0.05573056 -0.057075176 -0.05814338
0.4215 -0.05941713 -0.06028432 -0.0603888 -0.0601085 -0.056809433 -0.055789635 -0.057121765 -0.05821369
0.422 -0.05949347 -0.06034312 -0.06044693 -0.06017258 -0.056897715 -0.055848014 -0.057167873 -0.058283046
0.4225 -0.05956873 -0.06040119 -0.06050432 -0.06023579 -0.056984805 -0.055905685 -0.05721348 -0.05835147
0.423 -0.05964292 -0.06045854 -0.06056099 -0.06029816 -0.05707071 -0.05596265 -0.05725861 -0.058418963
0.4235 -0.05971606 -0.06051519 -0.06061695 -0.06035968 -0.057155456 -0.05601895 -0.057303265 -0.058485545
0.424 -0.05978816 -0.06057114 -0.06067221 -0.06042038 -0.057239056 -0.05607457 -0.057347443 -0.058551233
0.4245 -0.05985925 -0.06062641 -0.06072677 -0.06048027 -0.057321526 -0.056129523 -0.05739116 -0.05861603
0.425 -0.05992933 -0.06068099 -0.06078065 -0.06053936 -0.05740288 -0.056183822 -0.05743443 -0.058679953
0.4255 -0.05999843 -0.06073489 -0.06083384 -0.06059765 -0.057483137 -0.056237467 -0.05747724 -0.05874302
0.426 -0.06006655 -0.06078814 -0.06088637 -0.06065516 -0.05756231 -0.056290485 -0.057519607 -0.05880523
0.4265 -0.0601337 -0.06084073 -0.06093824 -0.06071191 -0.057640407 -0.056342863 -0.057561524 -0.0588666
0.427 -0.06019992 -0.06089266 -0.06098945 -0.06076789 -0.057717454 -0.056394614 -0.057603013 -0.05892715
0.4275 -0.0602652 -0.06094396 -0.06104002 -0.06082312 -0.057793453 -0.05644576 -0.05764408 -0.058986876
0.428 -0.06032956 -0.06099462 -0.06108996 -0.06087762 -0.057868436 -0.056496307 -0.05768472 -0.059045807
0.4285 -0.06039302 -0.06104466 -0.06113926 -0.06093139 -0.0579424 -0.05654624 -0.057724938 -0.05910394
0.429 -0.06045558 -0.06109408 -0.06118795 -0.06098444 -0.05801537 -0.056595594 -0.05776475 -0.05916129
0.4295 -0.06051727 -0.06114289 -0.06123602 -0.06103678 -0.058087353 -0.05664436 -0.057804156 -0.05921787
0.43 -0.06057809 -0.06119109 -0.06128348 -0.06108843 -0.05815836 -0.05669255 -0.05784316 -0.059273694
0.4305 -0.06063805 -0.0612387 -0.06133035 -0.06113939 -0.058228415 -0.056740195 -0.057881773 -0.05932876
0.431 -0.06069718 -0.06128572 -0.06137663 -0.06118966 -0.058297526 -0.056787267 -0.057919994 -0.059383094
0.4315 -0.06075548 -0.06133216 -0.06142232 -0.06123927 -0.0583657 -0.05683378 -0.057957824 -0.059436694
0.432 -0.06081296 -0.06137802 -0.06146744 -0.06128822 -0.058432955 -0.056879755 -0.057995282 -0.059489574
0.4325 -0.06086964 -0.06142332 -0.06151199 -0.06133651 -0.058499306 -0.056925192 -0.05803236 -0.059541747
0.433 -0.06092552 -0.06146805 -0.06155598 -0.06138417 -0.05856476 -0.056970097 -0.05806907 -0.05959322
0.4335 -0.06098062 -0.06151223 -0.06159942 -0.06143119 -0.058629334 -0.057014484 -0.058105413 -0.059644
0.434 -0.06103496 -0.06155586 -0.06164231 -0.06147758 -0.058693036 -0.05705835 -0.05814139 -0.0596941
0.4345 -0.06108853 -0.06159895 -0.06168465 -0.06152336 -0.058755882 -0.05710171 -0.058177017 -0.059743527
0.435 -0.06114136 -0.06164151 -0.06172647 -0.06156853 -0.05881788 -0.057144575 -0.058212295 -0.059792295
0.4355 -0.06119345 -0.06168354 -0.06176775 -0.0616131 -0.05887904 -0.05718694 -0.05824722 -0.05984041
0.436 -0.06124481 -0.06172505 -0.06180852 -0.06165708 -0.05893938 -0.05722882 -0.058281813 -0.05988788
0.4365 -0.06129546 -0.06176604 -0.06184877 -0.06170047 -0.05899891 -0.057270214 -0.058316063 -0.059934717
0.437 -0.0613454 -0.06180653 -0.06188851 -0.06174329 -0.05905763 -0.05731114 -0.058349974 -0.059980925
0.4375 -0.06139465 -0.06184651 -0.06192776 -0.06178555 -0.05911557 -0.057351597 -0.058383565 -0.06002652
0.438 -0.06144322 -0.06188599 -0.06196651 -0.06182724 -0.059172723 -0.057391584 -0.05841683 -0.060071502
0.4385 -0.0614911 -0.06192499 -0.06200477 -0.06186838 -0.05922911 -0.057431124 -0.058449768 -0.06011588
0.439 -0.06153833 -0.0619635 -0.06204254 -0.06190898 -0.059284735 -0.057470195 -0.058482394 -0.060159672
0.4395 -0.0615849 -0.06200153 -0.06207984 -0.06194904 -0.059339616 -0.057508837 -0.058514703 -0.060202874
0.44 -0.06163082 -0.06203909 -0.06211667 -0.06198857 -0.059393756 -0.05754704 -0.05854671 -0.0602455
0.4405 -0.0616761 -0.06207618 -0.06215304 -0.06202757 -0.05944717 -0.057584815 -0.058578413 -0.060287558
0.441 -0.06172076 -0.06211281 -0.06218895 -0.06206606 -0.059499864 -0.057622153 -0.05860981 -0.060329054
0.4415 -0.0617648 -0.06214899 -0.0622244 -0.06210405 -0.05955185 -0.057659075 -0.058640916 -0.06037
0.442 -0.06180823 -0.06218471 -0.06225941 -0.06214153 -0.059603136 -0.057695575 -0.05867172 -0.060410395
0.4425 -0.06185106 -0.06221999 -0.06229397 -0.06217852 -0.059653733 -0.057731666 -0.05870224 -0.060450256
0.443 -0.06189329 -0.06225483 -0.0623281 -0.06221502 -0.059703648 -0.057767354 -0.058732472 -0.060489584
0.4435 -0.06193495 -0.06228924 -0.0623618 -0.06225103 -0.059752896 -0.057802655 -0.05876242 -0.060528386
0.444 -0.06197602 -0.06232322 -0.06239507 -0.06228658 -0.059801478 -0.057837546 -0.058792092 -0.060566675
0.4445 -0.06201653 -0.06235677 -0.06242792 -0.06232165 -0.05984941 -0.057872053 -0.05882149 -0.060604457
0.445 -0.06205649 -0.06238991 -0.06246036 -0.06235626 -0.0598967 -0.05790618 -0.058850616 -0.060641732
0.4455 -0.06209589 -0.06242264 -0.06249239 -0.06239042 -0.059943356 -0.05793993 -0.058879472 -0.06067851
0.446 -0.06213474 -0.06245496 -0.06252401 -0.06242412 -0.05998938 -0.057973303 -0.058908068 -0.060714804
0.4465 -0.06217307 -0.06248687 -0.06255524 -0.06245739 -0.06003479 -0.0580063 -0.058936402 -0.06075061
0.447 -0.06221086 -0.06251839 -0.06258607 -0.06249021 -0.060079586 -0.058038943 -0.05896447 -0.060785946
0.4475 -0.06224813 -0.06254951 -0.06261651 -0.06252261 -0.060123783 -0.058071233 -0.058992293 -0.06082081
0.448 -0.0622849 -0.06258025 -0.06264657 -0.06255458 -0.060167387 -0.05810316 -0.059019864 -0.060855214
0.4485 -0.06232115 -0.0626106 -0.06267625 -0.06258612 -0.060210407 -0.05813474 -0.059047185 -0.06088916
0.449 -0.06235691 -0.06264057 -0.06270555 -0.06261726 -0.060252845 -0.058165975 -0.059074253 -0.060922652
0.4495 -0.06239218 -0.06267017 -0.06273448 -0.06264798 -0.060294718 -0.058196872 -0.059101082 -0.060955703
0.45 -0.06242696 -0.0626994 -0.06276305 -0.0626783 -0.060336027 -0.05822743 -0.059127674 -0.060988314
0.4505 -0.06246127 -0.06272827 -0.06279126 -0.06270823 -0.060376782 -0.058257665 -0.059154026 -0.061020494
0.451 -0.0624951 -0.06275677 -0.06281911 -0.06273776 -0.06041699 -0.05828757 -0.059180148 -0.061052244
0.4515 -0.06252847 -0.06278492 -0.06284661 -0.0627669 -0.060456656 -0.058317143 -0.05920603 -0.061083578
0.452 -0.06256139 -0.06281272 -0.06287376 -0.06279566 -0.060495794 -0.0583464 -0.0592317 -0.061114494
0.4525 -0.06259385 -0.06284017 -0.06290057 -0.06282405 -0.060534406 -0.058375362 -0.059257135 -0.061145004
0.453 -0.06262587 -0.06286728 -0.06292704 -0.06285206 -0.060572498 -0.058404 -0.059282348 -0.061175108
0.4535 -0.06265746 -0.06289405 -0.06295318 -0.06287971 -0.060610082 -0.058432333 -0.059307344 -0.061204817
0.454 -0.06268861 -0.06292048 -0.06297899 -0.06290699 -0.06064716 -0.05846037 -0.059332125 -0.061234128
0.4545 -0.06271933 -0.06294658 -0.06300447 -0.06293392 -0.060683742 -0.0584881 -0.059356693 -0.061263055
0.455 -0.06274964 -0.06297236 -0.06302963 -0.06296049 -0.060719837 -0.05851554 -0.059381045 -0.061291598
0.4555 -0.06277953 -0.06299782 -0.06305447 -0.06298672 -0.060755443 -0.0585427 -0.05940519 -0.061319765
0.456 -0.06280901 -0.06302295 -0.063079 -0.06301261 -0.060790572 -0.058569565 -0.059429124 -0.06134756
0.4565 -0.06283809 -0.06304778 -0.06310321 -0.06303815 -0.060825232 -0.05859614 -0.059452858 -0.06137499
0.457 -0.06286678 -0.06307229 -0.06312713 -0.06306336 -0.060859427 -0.05862245 -0.059476387 -0.06140205
0.4575 -0.06289508 -0.0630965 -0.06315073 -0.06308825 -0.060893163 -0.058648475 -0.059499722 -0.06142876
0.458 -0.06292298 -0.0631204 -0.06317405 -0.06311281 -0.06092645 -0.05867423 -0.05952286 -0.061455116
0.4585 -0.06295051 -0.063144 -0.06319706 -0.06313704 -0.060959287 -0.05869973 -0.0595458 -0.061481122
0.459 -0.06297767 -0.06316731 -0.06321979 -0.06316096 -0.060991686 -0.058724947 -0.059568543 -0.061506785
0.4595 -0.06300446 -0.06319033 -0.06324223 -0.06318457 -0.06102365 -0.058749907 -0.059591107 -0.061532114
0.46 -0.06303088 -0.06321306 -0.06326439 -0.06320787 -0.061055187 -0.058774628 -0.05961348 -0.06155711
0.4605 -0.06305694 -0.0632355 -0.06328626 -0.06323087 -0.0610863 -0.058799073 -0.05963566 -0.06158177
0.461 -0.06308265 -0.06325766 -0.06330786 -0.06325357 -0.061116997 -0.05882328 -0.05965767 -0.061606113
0.4615 -0.06310801 -0.06327955 -0.06332919 -0.06327597 -0.06114728 -0.058847237 -0.05967949 -0.061630134
0.462 -0.06313303 -0.06330116 -0.06335025 -0.06329808 -0.06117716 -0.05887094 -0.05970113 -0.061653834
0.4625 -0.06315771 -0.0633225 -0.06337104 -0.0633199 -0.061206643 -0.058894407 -0.0597226 -0.061677225
0.463 -0.06318205 -0.06334358 -0.06339157 -0.06334144 -0.061235726 -0.058917638 -0.059743885 -0.061700307
0.4635 -0.06320606 -0.06336439 -0.06341184 -0.0633627 -0.06126442 -0.058940634 -0.059765007 -0.061723087
0.464 -0.06322975 -0.06338494 -0.06343185 -0.06338368 -0.06129273 -0.058963396 -0.059785955 -0.061745565
0.4645 -0.06325312 -0.06340523 -0.06345161 -0.06340439 -0.061320662 -0.058985926 -0.05980673 -0.061767753
0.465 -0.06327617 -0.06342527 -0.06347112 -0.06342483 -0.06134822 -0.059008233 -0.059827346 -0.061789647
0.4655 -0.06329891 -0.06344505 -0.06349039 -0.063445 -0.06137541 -0.059030317 -0.05984779 -0.06181125
0.466 -0.06332134 -0.06346459 -0.06350941 -0.06346491 -0.061402235 -0.059052184 -0.05986807 -0.061832573
0.4665 -0.06334347 -0.06348388 -0.06352819 -0.06348457 -0.0614287 -0.05907383 -0.0598882 -0.061853617
0.467 -0.0633653 -0.06350293 -0.06354673 -0.06350396 -0.06145481 -0.059095263 -0.059908155 -0.061874382
0.4675 -0.06338684 -0.06352175 -0.06356504 -0.06352311 -0.061480574 -0.059116475 -0.059927963 -0.061894875
0.468 -0.06340808 -0.06354032 -0.06358312 -0.06354201 -0.061505992 -0.059137493 -0.059947617 -0.0619151
0.4685 -0.06342904 -0.06355867 -0.06360097 -0.06356066 -0.06153107 -0.059158295 -0.059967108 -0.06193506
0.469 -0.06344972 -0.06357678 -0.0636186 -0.06357907 -0.06155581 -0.059178896 -0.059986457 -0.06195476
0.4695 -0.06347012 -0.06359467 -0.063636 -0.06359724 -0.061580222 -0.05919929 -0.06000565 -0.0619742
0.47 -0.06349024 -0.06361233 -0.06365318 -0.06361518 -0.061604306 -0.059219494 -0.060024694 -0.06199339
0.4705 -0.06351009 -0.06362977 -0.06367015 -0.06363288 -0.061628066 -0.05923949 -0.060043592 -0.062012322
0.471 -0.06352968 -0.06364699 -0.0636869 -0.06365035 -0.06165151 -0.059259303 -0.060062345 -0.06203101
0.4715 -0.063549 -0.063664 -0.06370344 -0.0636676 -0.06167464 -0.059278928 -0.060080953 -0.062049452
0.472 -0.06356806 -0.06368079 -0.06371977 -0.06368462 -0.06169746 -0.05929835 -0.060099423 -0.062067654
0.4725 -0.06358687 -0.06369737 -0.06373589 -0.06370143 -0.061719976 -0.05931759 -0.060117748 -0.062085617
0.473 -0.06360542 -0.06371375 -0.06375181 -0.06371801 -0.06174219 -0.059336655 -0.060135935 -0.062103346
0.4735 -0.06362373 -0.06372992 -0.06376753 -0.06373438 -0.06176411 -0.05935554 -0.06015399 -0.062120844
0.474 -0.06364178 -0.06374588 -0.06378306 -0.06375054 -0.061785735 -0.059374224 -0.060171902 -0.062138114
0.4745 -0.0636596 -0.06376165 -0.06379838 -0.06376649 -0.061807066 -0.059392743 -0.060189683 -0.062155157
0.475 -0.06367718 -0.06377721 -0.06381351 -0.06378224 -0.061828118 -0.05941109 -0.06020733 -0.062171977
0.4755 -0.06369452 -0.06379258 -0.06382845 -0.06379778 -0.061848886 -0.05942925 -0.06022485 -0.06218858
0.476 -0.06371163 -0.06380776 -0.0638432 -0.06381311 -0.061869375 -0.05944726 -0.060242232 -0.062204964
0.4765 -0.06372851 -0.06382275 -0.06385777 -0.06382826 -0.061889593 -0.059465088 -0.060259487 -0.062221136
0.477 -0.06374516 -0.06383755 -0.06387215 -0.0638432 -0.061909538 -0.059482753 -0.06027662 -0.0622371
0.4775 -0.0637616 -0.06385216 -0.06388635 -0.06385795 -0.061929215 -0.059500255 -0.060293622 -0.06225285
0.478 -0.06377781 -0.06386659 -0.06390037 -0.06387252 -0.061948635 -0.059517592 -0.0603105 -0.0622684
0.4785 -0.0637938 -0.06388084 -0.06391422 -0.06388689 -0.06196779 -0.059534773 -0.060327258 -0.062283743
0.479 -0.06380958 -0.06389491 -0.06392789 -0.06390108 -0.06198669 -0.059551794 -0.06034389 -0.062298886
0.4795 -0.06382515 -0.06390881 -0.06394138 -0.06391508 -0.062005337 -0.05956865 -0.060360406 -0.062313836
0.48 -0.06384051 -0.06392253 -0.06395471 -0.06392891 -0.062023737 -0.05958536 -0.060376797 -0.062328592
0.4805 -0.06385567 -0.06393607 -0.06396787 -0.06394255 -0.062041886 -0.059601918 -0.060393073 -0.06234315
0.481 -0.06387063 -0.06394945 -0.06398086 -0.06395602 -0.062059797 -0.059618317 -0.060409233 -0.062357523
0.4815 -0.06388538 -0.06396266 -0.06399368 -0.06396932 -0.06207747 -0.059634574 -0.060425274 -0.062371712
0.482 -0.06389994 -0.0639757 -0.06400635 -0.06398245 -0.062094904 -0.059650686 -0.060441203 -0.06238571
0.4825 -0.0639143 -0.06398858 -0.06401886 -0.0639954 -0.062112104 -0.059666652 -0.060457017 -0.062399533
0.483 -0.06392848 -0.0640013 -0.0640312 -0.06400819 -0.062129077 -0.05968247 -0.060472723 -0.06241317
0.4835 -0.06394246 -0.06401385 -0.0640434 -0.06402081 -0.062145818 -0.05969815 -0.060488317 -0.062426638
0.484 -0.06395626 -0.06402625 -0.06405543 -0.06403328 -0.06216234 -0.059713688 -0.0605038 -0.062439926
0.4845 -0.06396987 -0.06403849 -0.06406732 -0.06404558 -0.062178638 -0.059729084 -0.060519174 -0.06245304
0.485 -0.06398331 -0.06405058 -0.06407906 -0.06405772 -0.062194724 -0.059744347 -0.06053444 -0.062465988
0.4855 -0.06399656 -0.06406252 -0.06409064 -0.06406971 -0.06221059 -0.059759475 -0.060549602 -0.062478766
0.486 -0.06400964 -0.06407431 -0.06410209 -0.06408154 -0.062226243 -0.059774473 -0.06056466 -0.06249138
0.4865 -0.06402254 -0.06408595 -0.06411338 -0.06409322 -0.06224169 -0.059789337 -0.060579605 -0.06250383
0.487 -0.06403528 -0.06409744 -0.06412454 -0.06410475 -0.06225693 -0.059804067 -0.060594454 -0.062516116
0.4875 -0.06404784 -0.06410879 -0.06413555 -0.06411613 -0.062271964 -0.05981867 -0.0606092 -0.062528245
0.488 -0.06406024 -0.06411999 -0.06414643 -0.06412737 -0.0622868 -0.059833147 -0.060623847 -0.06254022
0.4885 -0.06407247 -0.06413106 -0.06415716 -0.06413846 -0.06230144 -0.059847496 -0.060638394 -0.062552035
0.489 -0.06408454 -0.06414199 -0.06416777 -0.06414941 -0.06231588 -0.059861727 -0.060652837 -0.0625637
0.4895 -0.06409645 -0.06415277 -0.06417823 -0.06416021 -0.06233013 -0.059875824 -0.060667183 -0.06257522
0.49 -0.0641082 -0.06416343 -0.06418857 -0.06417088 -0.06234419 -0.05988981 -0.06068144 -0.06258658
0.4905 -0.0641198 -0.06417394 -0.06419878 -0.06418142 -0.062358063 -0.059903678 -0.060695596 -0.062597804
0.491 -0.06413124 -0.06418433 -0.06420885 -0.06419181 -0.062371746 -0.05991742 -0.060709655 -0.062608875
0.4915 -0.06414253 -0.06419459 -0.0642188 -0.06420208 -0.06238525 -0.059931055 -0.060723618 -0.06261981
0.492 -0.06415367 -0.06420471 -0.06422863 -0.06421221 -0.06239857 -0.059944563 -0.060737487 -0.0626306
0.4925 -0.06416467 -0.06421471 -0.06423833 -0.06422221 -0.062411718 -0.059957955 -0.06075127 -0.06264125
0.493 -0.06417552 -0.06422459 -0.06424791 -0.06423208 -0.06242469 -0.059971243 -0.060764957 -0.06265177
0.4935 -0.06418622 -0.06423434 -0.06425736 -0.06424183 -0.062437486 -0.059984423 -0.06077855 -0.06266215
0.494 -0.06419679 -0.06424396 -0.0642667 -0.06425145 -0.06245011 -0.059997477 -0.060792062 -0.06267239
0.4945 -0.06420721 -0.06425347 -0.06427592 -0.06426095 -0.06246257 -0.060010437 -0.060805485 -0.0626825
0.495 -0.0642175 -0.06426286 -0.06428503 -0.06427032 -0.06247486 -0.060023278 -0.060818814 -0.062692486
0.4955 -0.06422765 -0.06427212 -0.06429401 -0.06427958 -0.062486988 -0.06003602 -0.060832053 -0.06270234
0.496 -0.06423766 -0.06428128 -0.06430289 -0.06428872 -0.062498953 -0.06004866 -0.060845215 -0.06271207
0.4965 -0.06424755 -0.06429031 -0.06431165 -0.06429774 -0.06251076 -0.06006119 -0.060858283 -0.06272168
0.497 -0.0642573 -0.06429924 -0.06432031 -0.06430664 -0.062522404 -0.06007362 -0.060871273 -0.062731154
0.4975 -0.06426693 -0.06430805 -0.06432885 -0.06431543 -0.0625339 -0.060085945 -0.06088417 -0.06274052
0.498 -0.06427642 -0.06431675 -0.06433729 -0.06432411 -0.06254524 -0.06009817 -0.060896993 -0.06274975
0.4985 -0.0642858 -0.06432534 -0.06434562 -0.06433268 -0.06255643 -0.0601103 -0.06090973 -0.06275888
0.499 -0.06429505 -0.06433382 -0.06435384 -0.06434114 -0.062567465 -0.060122326 -0.060922384 -0.06276788
0.4995 -0.06430417 -0.06434219 -0.06436196 -0.06434949 -0.062578365 -0.060134254 -0.06093496 -0.06277677
0.5 -0.06431318 -0.06435046 -0.06436998 -0.06435773 -0.06258911 -0.06014609 -0.060947455 -0.062785536
