0.0 -0.065 -0.065 -0.065 -0.065 0.0035735294 0.23521051 0.2136038 0.017263714
0.0005 -0.065 -0.065 -0.065 -0.065 0.015271291 0.2259613 0.15393545 0.00903688
0.001 -0.065 -0.065 -0.065 -0.065 -0.016398618 0.22044459 0.14777318 -0.022853326
0.0015 -0.065 -0.065 -0.065 -0.065 -0.007614659 0.19437799 0.13768087 -0.025523968
0.002 -0.065 -0.065 -0.065 -0.065 -0.016339134 0.18809046 0.10127282 -0.015790004
0.0025 -0.065 -0.065 -0.065 -0.065 -0.032293282 0.16853896 0.0901445 -0.012744285
0.003 -0.065 -0.065 -0.065 -0.065 -0.017382268 0.14032711 0.074076906 -0.01955845
0.0035 -0.065 -0.065 -0.065 -0.065 -0.021537686 0.1378785 0.061642334 -0.009323016
0.004 -0.065 -0.065 -0.065 -0.065 -0.004864987 0.112290494 0.037482724 -0.0017213188
0.0045 -0.065 -0.065 -0.065 -0.065 -0.021744212 0.09490679 0.014481813 -0.009640027
0.005 -0.065 -0.065 -0.065 -0.065 -0.020255899 0.05365114 0.002492264 -0.021627082
0.0055 -0.065 -0.065 -0.065 -0.065 -0.027721087 0.041322783 -0.009798005 -0.025067285
0.006 -0.065 -0.065 -0.065 -0.065 -0.03256754 0.016594999 -0.021583349 -0.029651433
0.0065 -0.065 -0.065 -0.065 -0.065 -0.034608632 0.0052057505 -0.026774108 -0.0340148
0.006999999999999999 -0.065 -0.065 -0.065 -0.065 -0.039897114 -0.010357387 -0.034538582 -0.040202815
0.0075 -0.065 -0.065 -0.065 -0.065 -0.039339013 -0.01794035 -0.034188896 -0.041011304
0.008 -0.065 -0.065 -0.065 -0.065 -0.043876745 -0.025258377 -0.041532934 -0.043925524
0.0085 -0.065 -0.065 -0.065 -0.065 -0.044966705 -0.033123694 -0.041559383 -0.04713489
0.009000000000000001 -0.065 -0.065 -0.065 -0.065 -0.046866305 -0.037074752 -0.0444403 -0.049407694
0.0095 -0.065 -0.065 -0.065 -0.065 -0.04838752 -0.040879168 -0.04408431 -0.050417554
0.01 -0.065 -0.065 -0.065 -0.065 -0.04865519 -0.04248584 -0.045235947 -0.05070895
0.0105 -0.065 -0.065 -0.065 -0.065 -0.049851127 -0.044892035 -0.046304002 -0.052141998
0.011000000000000001 -0.065 -0.065 -0.065 -0.065 -0.049715906 -0.046225615 -0.04596506 -0.052504454
0.0115 -0.065 -0.065 -0.065 -0.065 -0.050482772 -0.046839096 -0.046606705 -0.05279594
0.012 -0.065 -0.065 -0.065 -0.065 -0.050596587 -0.047828652 -0.04650797 -0.053000502
0.0125 -0.065 -0.065 -0.065 -0.065 -0.050776973 -0.04821702 -0.047002435 -0.05336687
0.013000000000000001 -0.065 -0.065 -0.065 -0.065 -0.051020533 -0.048844315 -0.046912298 -0.05362987
0.0135 -0.065 -0.065 -0.065 -0.065 -0.051002912 -0.048880063 -0.04687488 -0.05354235
0.013999999999999999 -0.065 -0.065 -0.065 -0.065 -0.05122009 -0.049158864 -0.047098175 -0.053693756
0.0145 -0.065 -0.065 -0.065 -0.065 -0.0511446 -0.049353786 -0.047032863 -0.053769965
0.015 -0.065 -0.065 -0.065 -0.065 -0.05125811 -0.049416922 -0.047141716 -0.053842
0.0155 -0.065 -0.065 -0.065 -0.065 -0.051271155 -0.049525492 -0.047050834 -0.053828903
0.016 -0.065 -0.065 -0.065 -0.065 -0.05128751 -0.0495298 -0.047138646 -0.05384434
0.0165 -0.065 -0.065 -0.065 -0.065 -0.051320948 -0.0496402 -0.047149017 -0.053908862
0.017 -0.065 -0.065 -0.065 -0.065 -0.05130364 -0.04963527 -0.047122672 -0.053897634
0.0175 -0.065 -0.065 -0.065 -0.065 -0.051344983 -0.049657874 -0.04714994 -0.053906254
0.018000000000000002 -0.065 -0.065 -0.065 -0.065 -0.05132827 -0.04967978 -0.0471344 -0.053906243
0.0185 -0.065 -0.065 -0.065 -0.065 -0.05134228 -0.049689062 -0.047166273 -0.053925753
0.019 -0.065 -0.065 -0.065 -0.065 -0.051343367 -0.049707748 -0.047143146 -0.053926893
0.0195 -0.065 -0.065 -0.065 -0.065 -0.051344655 -0.049697556 -0.04715158 -0.05392012
0.02 -0.065 -0.065 -0.065 -0.065 -0.051351547 -0.049713545 -0.047156528 -0.05392874
0.0205 -0.065 -0.065 -0.065 -0.065 -0.05134517 -0.04971423 -0.047153786 -0.05392963
0.021 -0.065 -0.065 -0.065 -0.065 -0.05135259 -0.04971663 -0.04715742 -0.053932123
0.0215 -0.065 -0.065 -0.065 -0.065 -0.051349692 -0.049717985 -0.047151476 -0.0539288
0.022000000000000002 -0.065 -0.065 -0.065 -0.065 -0.05135186 -0.049717866 -0.0471586 -0.05393115
0.0225 -0.065 -0.065 -0.065 -0.065 -0.051351577 -0.049722575 -0.047155708 -0.053933166
0.023 -0.065 -0.065 -0.065 -0.065 -0.051351286 -0.049719967 -0.04715593 -0.053931788
0.0235 -0.065 -0.065 -0.065 -0.065 -0.051353052 -0.049721785 -0.04715638 -0.053932242
0.024 -0.065 -0.065 -0.065 -0.065 -0.05135154 -0.049721725 -0.04715608 -0.053932056
0.0245 -0.065 -0.065 -0.065 -0.065 -0.051352754 -0.04972247 -0.047157347 -0.053933244
0.025 -0.065 -0.065 -0.065 -0.065 -0.05135218 -0.049722634 -0.047155723 -0.053932574
0.0255 -0.065 -0.065 -0.065 -0.065 -0.051352657 -0.049722113 -0.04715681 -0.05393251
0.026000000000000002 -0.065 -0.065 -0.065 -0.065 -0.051352583 -0.049722977 -0.047156572 -0.053932883
0.0265 -0.065 -0.065 -0.065 -0.065 -0.05135241 -0.049722694 -0.047156617 -0.05393291
0.027000000000000003 -0.065 -0.065 -0.065 -0.065 -0.0513528 -0.049722888 -0.047156632 -0.053932935
0.0275 -0.065 -0.065 -0.065 -0.065 -0.051352464 -0.049722753 -0.047156453 -0.0539327
0.027999999999999997 -0.065 -0.065 -0.065 -0.065 -0.051352635 -0.049722813 -0.047156885 -0.05393294
0.0285 -0.065 -0.065 -0.065 -0.065 -0.05135253 -0.049722977 -0.047156498 -0.0539329
0.028999999999999998 -0.065 -0.065 -0.065 -0.065 -0.051352613 -0.049722783 -0.047156632 -0.053932868
0.0295 -0.065 -0.065 -0.065 -0.065 -0.05135262 -0.049722902 -0.047156587 -0.053932875
0.03 -0.065 -0.065 -0.065 -0.065 -0.05135254 -0.049722858 -0.047156677 -0.053932887
0.0305 -0.065 -0.065 -0.065 -0.065 -0.051352672 -0.049722947 -0.04715666 -0.053932913
0.031 -0.065 -0.065 -0.065 -0.065 -0.051352553 -0.049722902 -0.047156647 -0.05393288
0.0315 -0.065 -0.065 -0.065 -0.065 -0.051352665 -0.049722962 -0.047156677 -0.053932965
0.032 -0.065 -0.065 -0.065 -0.065 -0.051352605 -0.049722917 -0.047156617 -0.05393287
0.0325 -0.065 -0.065 -0.065 -0.065 -0.051352613 -0.049722962 -0.047156736 -0.053932946
0.033 -0.065 -0.065 -0.065 -0.065 -0.051352635 -0.049722962 -0.047156647 -0.053932924
0.0335 -0.065 -0.065 -0.065 -0.065 -0.05135259 -0.049722932 -0.047156632 -0.053932894
0.034 -0.065 -0.065 -0.065 -0.065 -0.051352642 -0.049722902 -0.047156647 -0.053932868
0.0345 -0.065 -0.065 -0.065 -0.065 -0.05135256 -0.049722947 -0.047156617 -0.05393291
0.035 -0.065 -0.065 -0.065 -0.065 -0.051352635 -0.049722947 -0.047156706 -0.05393293
0.0355 -0.065 -0.065 -0.065 -0.065 -0.051352635 -0.049722947 -0.047156647 -0.053932894
0.036000000000000004 -0.065 -0.065 -0.065 -0.065 -0.051352605 -0.049722947 -0.047156677 -0.05393293
0.0365 -0.065 -0.065 -0.065 -0.065 -0.05135265 -0.049722917 -0.047156632 -0.053932875
0.037000000000000005 -0.065 -0.065 -0.065 -0.065 -0.05135259 -0.049722917 -0.04715669 -0.0539329
0.0375 -0.065 -0.065 -0.065 -0.065 -0.051352665 -0.049722947 -0.047156587 -0.053932942
0.038 -0.065 -0.065 -0.065 -0.065 -0.051352553 -0.049722888 -0.04715666 -0.053932887
0.0385 -0.065 -0.065 -0.065 -0.065 -0.05135262 -0.049722902 -0.047156706 -0.053932905
0.039 -0.065 -0.065 -0.065 -0.065 -0.051352635 -0.049722902 -0.047156602 -0.053932875
0.0395 -0.065 -0.065 -0.065 -0.065 -0.05135262 -0.049722992 -0.047156617 -0.053932946
0.04 -0.065 -0.065 -0.065 -0.065 -0.051352613 -0.049722932 -0.047156706 -0.05393291
0.0405 -0.065 -0.065 -0.065 -0.065 -0.051352613 -0.049722962 -0.04715669 -0.05393293
0.040999999999999995 -0.065 -0.065 -0.065 -0.065 -0.05135262 -0.049722962 -0.04715666 -0.053932905
0.0415 -0.065 -0.065 -0.065 -0.065 -0.051352605 -0.049722873 -0.04715669 -0.053932875
0.042 -0.065 -0.065 -0.065 -0.065 -0.05135259 -0.049722932 -0.047156677 -0.05393289
0.0425 -0.065 -0.065 -0.065 -0.065 -0.051352628 -0.049722902 -0.04715666 -0.053932916
0.043 -0.065 -0.065 -0.065 -0.065 -0.051352628 -0.049722977 -0.047156647 -0.053932924
0.0435 -0.065 -0.065 -0.065 -0.065 -0.051352575 -0.049722873 -0.047156647 -0.0539329
0.044000000000000004 -0.065 -0.065 -0.065 -0.065 -0.051352635 -0.049722932 -0.047156677 -0.05393292
0.0445 -0.065 -0.065 -0.065 -0.065 -0.051352605 -0.049722858 -0.047156602 -0.053932868
0.045 -0.065 -0.065 -0.065 -0.065 -0.051352635 -0.049722902 -0.047156647 -0.053932935
0.0455 -0.065 -0.065 -0.065 -0.065 -0.05135262 -0.049722932 -0.047156677 -0.0539329
0.046 -0.065 -0.065 -0.065 -0.065 -0.05135259 -0.049722977 -0.047156647 -0.053932942
0.0465 -0.065 -0.065 -0.065 -0.065 -0.051352642 -0.049722947 -0.047156706 -0.053932916
0.047 -0.065 -0.065 -0.065 -0.065 -0.05135262 -0.049722977 -0.047156617 -0.0539329
0.0475 -0.065 -0.065 -0.065 -0.065 -0.05135262 -0.049722932 -0.047156677 -0.0539329
0.048 -0.065 -0.065 -0.065 -0.065 -0.051352642 -0.049722962 -0.047156677 -0.05393293
0.0485 -0.065 -0.065 -0.065 -0.065 -0.051352628 -0.049722962 -0.047156647 -0.0539329
0.049 -0.065 -0.065 -0.065 -0.065 -0.051352635 -0.049722962 -0.047156617 -0.05393291
0.0495 -0.065 -0.065 -0.065 -0.065 -0.05135262 -0.049722947 -0.047156647 -0.053932894
0.05 -0.065 -0.065 -0.065 -0.065 -0.05135262 -0.049722962 -0.047156632 -0.053932894
0.0505 -0.065 -0.065 -0.065 -0.065 -0.05135262 -0.049722962 -0.047156647 -0.05393291
0.051 -0.065 -0.065 -0.065 -0.065 -0.051352628 -0.049722962 -0.04715666 -0.053932916
0.0515 -0.065 -0.065 -0.065 -0.065 -0.051352613 -0.049722947 -0.047156647 -0.053932916
0.052000000000000005 -0.065 -0.065 -0.065 -0.065 -0.05135262 -0.049722947 -0.047156647 -0.05393291
0.0525 -0.065 -0.065 -0.065 -0.065 -0.051352635 -0.049722947 -0.047156617 -0.053932894
0.053 -0.065 -0.065 -0.065 -0.065 -0.051352635 -0.049722932 -0.047156736 -0.053932894
0.0535 -0.065 -0.065 -0.065 -0.065 -0.05135262 -0.049722962 -0.047156617 -0.05393291
0.054000000000000006 -0.065 -0.065 -0.065 -0.065 -0.051352605 -0.049722917 -0.047156706 -0.05393288
0.0545 -0.065 -0.065 -0.065 -0.065 -0.05135268 -0.049722947 -0.047156587 -0.05393289
0.055 -0.065 -0.065 -0.065 -0.065 -0.05135256 -0.049722947 -0.04715669 -0.05393292
0.0555 -0.065 -0.065 -0.065 -0.065 -0.051352665 -0.049722947 -0.04715669 -0.05393294
0.055999999999999994 -0.065 -0.065 -0.065 -0.065 -0.05135262 -0.049722962 -0.047156572 -0.05393287
0.0565 -0.065 -0.065 -0.065 -0.065 -0.05135265 -0.049722947 -0.047156677 -0.05393294
0.057 -0.065 -0.065 -0.065 -0.065 -0.051352613 -0.049722962 -0.047156647 -0.053932887
0.0575 -0.065 -0.065 -0.065 -0.065 -0.051352613 -0.049722947 -0.047156706 -0.05393293
0.057999999999999996 -0.065 -0.065 -0.065 -0.065 -0.051352672 -0.049722917 -0.047156647 -0.053932898
0.0585 -0.065 -0.065 -0.065 -0.065 -0.051352546 -0.049722917 -0.047156632 -0.053932894
0.059000000000000004 -0.065 -0.065 -0.065 -0.065 -0.051352665 -0.049722917 -0.047156647 -0.053932928
0.0595 -0.065 -0.065 -0.065 -0.065 -0.051352605 -0.049722888 -0.047156617 -0.05393286
0.06 -0.065 -0.065 -0.065 -0.065 -0.05135262 -0.049722932 -0.04715666 -0.053932935
0.0605 -0.065 -0.065 -0.065 -0.065 -0.05135262 -0.049722902 -0.047156602 -0.053932883
0.061 -0.065 -0.065 -0.065 -0.065 -0.05135262 -0.049722902 -0.047156647 -0.05393292
0.0615 -0.065 -0.065 -0.065 -0.065 -0.051352635 -0.049722932 -0.04715666 -0.05393291
0.062 -0.065 -0.065 -0.065 -0.065 -0.05135259 -0.049722932 -0.04715666 -0.05393294
0.0625 -0.065 -0.065 -0.065 -0.065 -0.05135265 -0.049722902 -0.04715666 -0.053932898
0.063 -0.065 -0.065 -0.065 -0.065 -0.05135259 -0.049722917 -0.047156632 -0.05393288
0.0635 -0.065 -0.065 -0.065 -0.065 -0.05135265 -0.049722917 -0.04715672 -0.053932916
0.064 -0.065 -0.065 -0.065 -0.065 -0.051352628 -0.049722977 -0.047156647 -0.05393293
0.0645 -0.065 -0.065 -0.065 -0.065 -0.051352613 -0.049722977 -0.04715669 -0.05393293
0.065 -0.065 -0.065 -0.065 -0.065 -0.051352635 -0.049722947 -0.04715666 -0.053932894
0.0655 -0.065 -0.065 -0.065 -0.065 -0.05135262 -0.049722977 -0.047156632 -0.05393291
0.066 -0.065 -0.065 -0.065 -0.065 -0.051352635 -0.049722947 -0.047156617 -0.053932894
0.0665 -0.065 -0.065 -0.065 -0.065 -0.051352628 -0.049722962 -0.04715666 -0.053932916
0.067 -0.065 -0.065 -0.065 -0.065 -0.05135262 -0.049722947 -0.047156677 -0.05393291
0.0675 -0.065 -0.065 -0.065 -0.065 -0.05135262 -0.049722962 -0.047156632 -0.053932894
0.068 -0.065 -0.065 -0.065 -0.065 -0.05135262 -0.049722932 -0.047156677 -0.0539329
0.0685 -0.065 -0.065 -0.065 -0.065 -0.051352635 -0.049722977 -0.047156647 -0.05393291
0.069 -0.065 -0.065 -0.065 -0.065 -0.051352613 -0.049722932 -0.047156677 -0.05393291
0.0695 -0.065 -0.065 -0.065 -0.065 -0.05135265 -0.049722992 -0.047156647 -0.053932924
0.07 -0.065 -0.065 -0.065 -0.065 -0.051352628 -0.049722962 -0.04715666 -0.0539329
0.0705 -0.065 -0.065 -0.065 -0.065 -0.051352628 -0.049722977 -0.047156677 -0.05393293
0.071 -0.065 -0.065 -0.065 -0.065 -0.051352635 -0.049722977 -0.047156617 -0.05393291
0.0715 -0.065 -0.065 -0.065 -0.065 -0.051352635 -0.049722962 -0.047156677 -0.05393291
0.07200000000000001 -0.065 -0.065 -0.065 -0.065 -0.05135262 -0.049722962 -0.047156632 -0.05393291
0.0725 -0.065 -0.065 -0.065 -0.065 -0.051352635 -0.049722962 -0.047156677 -0.05393291
0.073 -0.065 -0.065 -0.065 -0.065 -0.051352642 -0.049722977 -0.047156706 -0.053932946
0.0735 -0.065 -0.065 -0.065 -0.065 -0.051352605 -0.049722947 -0.047156617 -0.05393288
0.07400000000000001 -0.065 -0.065 -0.065 -0.065 -0.05135262 -0.049722917 -0.047156647 -0.053932887
0.0745 -0.065 -0.065 -0.065 -0.065 -0.051352635 -0.049722962 -0.047156647 -0.053932916
0.075 -0.065 -0.065 -0.065 -0.065 -0.051352598 -0.049722947 -0.04715666 -0.05393291
0.0755 -0.065 -0.065 -0.065 -0.065 -0.05135262 -0.049722947 -0.047156677 -0.053932894
0.076 -0.065 -0.065 -0.065 -0.065 -0.05135262 -0.049722962 -0.047156617 -0.05393288
0.0765 -0.065 -0.065 -0.065 -0.065 -0.051352665 -0.049722917 -0.04715669 -0.05393289
0.077 -0.065 -0.065 -0.065 -0.065 -0.051352568 -0.049722977 -0.047156706 -0.05393296
0.0775 -0.065 -0.065 -0.065 -0.065 -0.051352635 -0.049722917 -0.047156617 -0.053932875
0.078 -0.065 -0.065 -0.065 -0.065 -0.051352605 -0.049722932 -0.047156706 -0.053932894
0.0785 -0.065 -0.065 -0.065 -0.065 -0.051352635 -0.049722962 -0.047156632 -0.05393294
0.079 -0.065 -0.065 -0.065 -0.065 -0.051352613 -0.049722962 -0.047156677 -0.0539329
0.0795 -0.065 -0.065 -0.065 -0.065 -0.051352635 -0.049722977 -0.04715666 -0.05393291
0.08 -0.065 -0.065 -0.065 -0.065 -0.05135262 -0.049722902 -0.04715669 -0.053932887
0.0805 -0.065 -0.065 -0.065 -0.065 -0.05135262 -0.049722992 -0.047156677 -0.053932924
0.081 -0.065 -0.065 -0.065 -0.065 -0.05135262 -0.049722932 -0.047156677 -0.05393291
0.0815 -0.065 -0.065 -0.065 -0.065 -0.051352642 -0.049722947 -0.04715672 -0.053932946
0.08199999999999999 -0.065 -0.065 -0.065 -0.065 -0.051352613 -0.049722932 -0.04715666 -0.05393293
0.0825 -0.065 -0.065 -0.065 -0.065 -0.05135262 -0.049722888 -0.047156617 -0.053932875
0.083 -0.065 -0.065 -0.065 -0.065 -0.051352605 -0.049722932 -0.04715669 -0.053932916
0.0835 -0.065 -0.065 -0.065 -0.065 -0.051352635 -0.049722947 -0.047156632 -0.053932916
0.084 -0.065 -0.065 -0.065 -0.065 -0.051352598 -0.049722917 -0.04715669 -0.05393291
0.0845 -0.065 -0.065 -0.065 -0.065 -0.05135262 -0.049722917 -0.04715669 -0.053932924
0.085 -0.065 -0.065 -0.065 -0.065 -0.05135262 -0.049722962 -0.047156632 -0.05393294
0.0855 -0.065 -0.065 -0.065 -0.065 -0.051352598 -0.049722917 -0.047156647 -0.05393288
0.086 -0.065 -0.065 -0.065 -0.065 -0.05135262 -0.049722947 -0.047156632 -0.053932894
0.0865 -0.065 -0.065 -0.065 -0.065 -0.05135262 -0.049722977 -0.047156677 -0.05393291
0.087 -0.065 -0.065 -0.065 -0.065 -0.05135265 -0.049722992 -0.047156647 -0.053932924
0.0875 -0.065 -0.065 -0.065 -0.065 -0.051352613 -0.049722947 -0.04715672 -0.053932916
0.08800000000000001 -0.065 -0.065 -0.065 -0.065 -0.051352665 -0.049722962 -0.047156647 -0.053932924
0.0885 -0.065 -0.065 -0.065 -0.065 -0.051352613 -0.049722932 -0.04715666 -0.053932894
0.08900000000000001 -0.065 -0.065 -0.065 -0.065 -0.05135265 -0.049722932 -0.04715672 -0.053932924
0.0895 -0.065 -0.065 -0.065 -0.065 -0.051352635 -0.049722947 -0.047156602 -0.053932894
0.09 -0.065 -0.065 -0.065 -0.065 -0.051352598 -0.049722947 -0.04715669 -0.05393291
0.0905 -0.065 -0.065 -0.065 -0.065 -0.051352665 -0.049722947 -0.047156677 -0.053932924
0.091 -0.065 -0.065 -0.065 -0.065 -0.051352613 -0.049722962 -0.047156617 -0.0539329
0.0915 -0.065 -0.065 -0.065 -0.065 -0.051352628 -0.049722962 -0.04715675 -0.05393293
0.092 -0.065 -0.065 -0.065 -0.065 -0.051352635 -0.049722977 -0.047156617 -0.05393291
0.0925 -0.065 -0.065 -0.065 -0.065 -0.05135262 -0.049722977 -0.047156647 -0.05393291
0.09300000000000001 -0.065 -0.065 -0.065 -0.065 -0.05135265 -0.049722962 -0.04715666 -0.05393291
0.0935 -0.065 -0.065 -0.065 -0.065 -0.051352613 -0.049722962 -0.047156632 -0.0539329
0.094 -0.065 -0.065 -0.065 -0.065 -0.051352642 -0.049722932 -0.047156677 -0.053932916
0.0945 -0.065 -0.065 -0.065 -0.065 -0.051352598 -0.049722962 -0.047156617 -0.0539329
0.095 -0.065 -0.065 -0.065 -0.065 -0.051352628 -0.049722932 -0.047156677 -0.0539329
0.0955 -0.065 -0.065 -0.065 -0.065 -0.051352635 -0.049722977 -0.047156632 -0.05393291
0.096 -0.065 -0.065 -0.065 -0.065 -0.051352628 -0.049722947 -0.047156706 -0.053932924
0.0965 -0.065 -0.065 -0.065 -0.065 -0.051352642 -0.049722962 -0.047156677 -0.05393293
0.09699999999999999 -0.065 -0.065 -0.065 -0.065 -0.051352628 -0.049722962 -0.047156617 -0.0539329
0.0975 -0.065 -0.065 -0.065 -0.065 -0.051352635 -0.049722947 -0.04715666 -0.053932924
0.098 -0.065 -0.065 -0.065 -0.065 -0.051352635 -0.049722962 -0.047156602 -0.05393291
0.0985 -0.065 -0.065 -0.065 -0.065 -0.051352605 -0.049722962 -0.047156632 -0.053932894
0.099 -0.065 -0.065 -0.065 -0.065 -0.05135265 -0.049722932 -0.047156647 -0.05393289
0.0995 -0.065 -0.065 -0.065 -0.065 -0.051352575 -0.049722962 -0.047156617 -0.053932894
0.1 -0.065 -0.065 -0.065 -0.065 0.22764188 0.16333218 0.03712897 0.09468129
0.1005 -0.05364023 -0.06490283 -0.06393973 -0.05928345 -0.033348903 -0.036586754 0.019976743 -0.04155415
0.10099999999999999 -0.04157442 -0.0645434 -0.06229162 -0.05417503 0.16028915 0.01210165 0.23612899 0.14636837
0.1015 -0.03399742 -0.063925 -0.06095807 -0.05017674 0.104530275 0.13357003 0.05374708 0.12122537
0.102 -0.02910543 -0.06306143 -0.05980025 -0.04654107 0.17798144 -0.009580523 0.14120722 0.096209645
0.1025 -0.02547948 -0.06195835 -0.05866356 -0.04304102 0.1507871 0.14069629 0.10962386 0.1301523
0.10300000000000001 -0.0224232 -0.06061755 -0.05747113 -0.03961788 0.12860002 0.018645309 0.113277666 0.08422071
0.1035 -0.01962909 -0.05903965 -0.05618988 -0.03625471 0.14484495 0.09016683 0.118933894 0.11078617
0.10400000000000001 -0.01696454 -0.05722519 -0.05480591 -0.03294492 0.114536814 0.049170446 0.09566763 0.07651766
0.1045 -0.0143766 -0.05517419 -0.05331385 -0.02968757 0.1377372 0.07614037 0.13600391 0.10094887
0.105 -0.01185248 -0.05288624 -0.05171254 -0.02648395 0.1227592 0.0904256 0.115155965 0.09951615
0.1055 -0.009373864 -0.05036459 -0.05000067 -0.02332968 0.13581045 0.08967922 0.13206361 0.10399857
0.106 -0.006917896 -0.04761267 -0.04817635 -0.02021722 0.13248847 0.10936542 0.12347987 0.1058708
0.1065 -0.004476812 -0.04463445 -0.04625566 -0.0171455 0.13119563 0.10779402 0.13204287 0.105045736
0.107 -0.0020544870000000002 -0.04143758 -0.04426162 -0.01411872 0.13374034 0.121316314 0.13282675 0.1098308
0.1075 0.00034927199999999997 -0.03802588 -0.04214916 -0.01113175 0.12920153 0.12578648 0.13286448 0.1083817
0.10800000000000001 0.002732798 -0.03440104 -0.0399083 -0.008180156 0.13268751 0.13298562 0.13753152 0.11107923
0.1085 0.005087009 -0.03056448 -0.03754306 -0.005263348 0.12942633 0.14235488 0.13785051 0.112243205
0.109 0.007420988000000001 -0.0265204 -0.03505803 -0.00238198 0.13099828 0.14755735 0.1415425 0.11418055
0.1095 0.009741419 -0.02227287 -0.03245708 0.0004667019 0.12990202 0.15667516 0.14188819 0.11567558
0.11 0.0120475 -0.0178258 -0.02974595 0.0032844659999999998 0.12940024 0.1618546 0.14410268 0.11648585
0.1105 0.01433793 -0.01318304 -0.02692702 0.00607259 0.12920922 0.1694068 0.14568424 0.11808826
0.111 0.01661243 -0.008348472 -0.02400054 0.00883208 0.12786955 0.17538625 0.14676133 0.118953824
0.1115 0.01887011 -0.003326013 -0.02096785 0.01156379 0.12773336 0.1813528 0.14824823 0.12005776
0.11199999999999999 0.02111023 0.0018822670000000002 -0.01780116 0.01426877 0.12638372 0.18744351 0.14896083 0.12085116
0.1125 0.0233313 0.007264746 -0.01453417 0.01694871 0.12576382 0.1925886 0.1501471 0.12166059
0.113 0.025531599999999998 0.01277531 -0.01119156 0.01960411 0.12457089 0.19813384 0.15063326 0.1223789
0.1135 0.02771385 0.01838568 -0.0077654740000000005 0.02223484 0.12346979 0.20271228 0.1511709 0.12283334
0.114 0.0298791 0.02411863 -0.004247924 0.024840900000000003 0.122267485 0.207346 0.15145317 0.12325439
0.1145 0.03202759 0.03000003 -0.0006337942 0.0274233 0.12081807 0.2114085 0.1515002 0.123471886
0.115 0.03415295 0.03604989 0.003076308 0.02997956 0.1194305 0.2151112 0.15139672 0.12357725
0.1155 0.03624133 0.04228006 0.006878648 0.03250492 0.11775881 0.21845382 0.1509574 0.123491764
0.11599999999999999 0.03831053 0.04869519 0.01078039 0.03500817 0.1160866 0.22125497 0.15038499 0.12323733
0.1165 0.04037172 0.05529472 0.01478337 0.03749339 0.114203975 0.22371778 0.14950015 0.12282434
0.11699999999999999 0.04242662 0.06207446 0.018886 0.039961699999999996 0.11222478 0.22561288 0.14839372 0.122204795
0.1175 0.04447343 0.06902794 0.0230857 0.04241351 0.11010274 0.22707656 0.14701593 0.121400476
0.11800000000000001 0.04650941 0.0761475 0.02737446 0.0448487 0.10782441 0.22801027 0.1453772 0.12038638
0.1185 0.04850918 0.0834238 0.03168912 0.04724992 0.10542519 0.22843516 0.14348657 0.11916955
0.11900000000000001 0.05044703 0.09084697 0.0360578 0.04956213 0.10286037 0.2283501 0.14131778 0.11773786
0.1195 0.05235222 0.09840875 0.04052204 0.0518548 0.10017062 0.22772536 0.13890569 0.11608493
0.12 0.05425055 0.1061032 0.04509211 0.05414498 0.09732921 0.22660238 0.1362396 0.11421724
0.1205 0.05613872 0.1139251 0.04976309 0.05642782 0.09435916 0.2249628 0.13334799 0.11212936
0.121 0.05803453 0.12186949999999999 0.05454017 0.05871226 0.09126228 0.2228517 0.13024592 0.109830365
0.1215 0.05994227 0.1299325 0.05941987 0.06099947 0.08805081 0.22029106 0.12696633 0.10732567
0.122 0.06185704 0.1381106 0.06439576 0.06328727 0.084745124 0.21733415 0.12355075 0.10463132
0.1225 0.06377222 0.14640060000000002 0.06946169 0.06557310000000001 0.08136159 0.21404508 0.12004484 0.10176666
0.12300000000000001 0.06568247 0.1547996 0.07461268 0.06785481 0.07793207 0.21049985 0.116511546 0.09875646
0.1235 0.06758414 0.1633046 0.0798449 0.0701307 0.07448547 0.2068007 0.113019 0.09563474
0.124 0.06947489 0.17191289999999998 0.08515541 0.07239947 0.071061715 0.20305878 0.10964929 0.092440665
0.1245 0.07135346 0.1806219 0.09054189 0.07466013 0.067703314 0.19940892 0.10649046 0.08922207
0.125 0.07321929 0.18942920000000002 0.09600249 0.07691199 0.06445805 0.19599546 0.10363759 0.086031914
0.1255 0.07507222 0.1983319 0.10153560000000002 0.07915454 0.061376408 0.19297543 0.10118845 0.08292869
0.126 0.07691236 0.2073272 0.10713989999999998 0.08138746 0.058509 0.19050957 0.09923894 0.07997419
0.1265 0.07873999 0.2164125 0.1128142 0.08361063 0.055906385 0.18875687 0.09787818 0.07723045
0.127 0.08055549999999999 0.2255859 0.11855710000000001 0.08582405 0.05361356 0.18786666 0.09718348 0.07475771
0.1275 0.08235927 0.23484560000000002 0.12436769999999998 0.08802774 0.05166994 0.18797109 0.097216964 0.07261062
0.128 0.08415151 0.24418979999999996 0.1302449 0.09022156 0.050105713 0.18917912 0.09802086 0.07083602
0.1285 0.08593244 0.253617 0.13618770000000002 0.09240564 0.048941262 0.19157137 0.09961751 0.069470316
0.129 0.08770255 0.26312559999999996 0.14219489999999999 0.09458027 0.04818652 0.19519833 0.10200905 0.068538696
0.1295 0.08946236 0.2727143 0.1482654 0.09674593 0.047841214 0.20008129 0.105180115 0.068053946
0.13 0.09121223 0.2823817 0.1543986 0.09890285 0.047896564 0.20621485 0.10910164 0.06801787
0.1305 0.09295239 0.2921264 0.1605936 0.1010511 0.048337117 0.21357371 0.113735415 0.06842218
0.131 0.09468304 0.30194699999999997 0.16684939999999998 0.103191 0.04914297 0.22211811 0.11903962 0.06925109
0.1315 0.09639811 0.3118419 0.1731644 0.1053175 0.050291963 0.23180217 0.12497291 0.070482895
0.132 0.09808528 0.321809 0.1795351 0.1074259 0.051761806 0.24258 0.13149965 0.07209322
0.1325 0.09976075 0.3318468 0.1859625 0.10952160000000001 0.0535319 0.25441217 0.13859127 0.074056104
0.133 0.10143239999999999 0.3419533 0.1924454 0.11159970000000001 0.055584475 0.26727125 0.14623027 0.076346055
0.1335 0.10310250000000001 0.3521275 0.1989848 0.11366389999999998 0.057905614 0.28114536 0.15441091 0.07893902
0.134 0.104771 0.3623685 0.20558099999999999 0.1157241 0.0604854 0.29604146 0.16314079 0.08181277
0.1345 0.10643659999999999 0.372675 0.21223320000000004 0.1177859 0.06331884 0.3119884 0.17244112 0.08494708
0.135 0.10808430000000001 0.3830455 0.2189381 0.11983339999999998 0.06640587 0.32903874 0.18234721 0.08832255
0.1355 0.1097097 0.3934783 0.22569270000000002 0.12186760000000002 0.06975071 0.34727067 0.19291064 0.09192027
0.136 0.11133030000000001 0.4039722 0.2324991 0.12390219999999999 0.07336239 0.36679074 0.2041986 0.0957195
0.1365 0.1129533 0.41452619999999996 0.239358 0.1259399 0.07725403 0.38773465 0.21629693 0.09969509
0.13699999999999998 0.11457830000000001 0.4251392 0.24626869999999998 0.1279799 0.08144165 0.41026887 0.22930974 0.103814244
0.1375 0.11620280000000001 0.43580990000000003 0.2532297 0.13002060000000001 0.08594254 0.43458942 0.24336235 0.1080323
0.138 0.1178134 0.4465365 0.2602375 0.1320446 0.0907711 0.46091613 0.2586013 0.11228748
0.1385 0.1193989 0.4573170999999999 0.2672881 0.13404860000000002 0.09593271 0.4894797 0.27519333 0.11649676
0.139 0.12097770000000001 0.46815070000000003 0.2743848 0.1360522 0.10141307 0.5204939 0.29332066 0.12055501
0.1395 0.12255930000000001 0.4790366 0.2815293 0.13805989999999999 0.10715982 0.5541069 0.31317008 0.12434313
0.14 0.1241443 0.4899739000000001 0.288721 0.14007120000000003 0.11306021 0.5903191 0.33490747 0.12775299
0.1405 0.1257301 0.5009617000000001 0.2959585 0.1420843 0.11891704 0.6288707 0.3586251 0.13073596
0.141 0.12731389999999998 0.5119989 0.3032404 0.1440979 0.124446556 0.66911215 0.38423508 0.13336243
0.1415 0.128894 0.5230844 0.3105655 0.1461112 0.12932053 0.70991457 0.41130382 0.13584918
0.142 0.1304692 0.5342170999999999 0.3179328 0.14812329999999999 0.13327424 0.74970984 0.43887532 0.13848417
0.1425 0.1320387 0.5453958999999999 0.3253413 0.1501336 0.13621707 0.7867436 0.4654703 0.14144664
0.14300000000000002 0.13360229999999998 0.5566198 0.3327903 0.15213220000000002 0.13825178 0.81949764 0.48944348 0.1446549
0.1435 0.1351565 0.5678875 0.3402788 0.15387320000000002 0.13957301 0.8471026 0.5095858 0.14781262
0.14400000000000002 0.1366825 0.5791977 0.34780370000000005 0.1554906 0.14035885 0.869502 0.5255228 0.15061554
0.1445 0.13817349999999998 0.5905469 0.35536009999999996 0.1571727 0.14074382 0.88730466 0.5376265 0.1529126
0.145 0.1396525 0.6019346 0.3629506 0.1589382 0.1408397 0.9014445 0.5466453 0.15471105
0.1455 0.1411414 0.6133611999999999 0.3705799 0.1607389 0.1407463 0.91287565 0.5533796 0.15610296
0.146 0.1426437 0.6248254 0.3782489 0.1624355 0.14054233 0.92240155 0.5585215 0.15720151
0.1465 0.14415429999999999 0.6363274999999999 0.38595619999999997 0.1641999 0.14028212 0.930629 0.56260467 0.15810834
0.147 0.14566800000000002 0.6478673 0.39370029999999995 0.1660497 0.13999902 0.93798345 0.5660086 0.15889902
0.1475 0.1471817 0.6594445999999999 0.4014798 0.167966 0.13971296 0.9447503 0.5689883 0.15962343
0.14800000000000002 0.1486936 0.6710587 0.4092938 0.1699305 0.13943474 0.951114 0.5717123 0.16031209
0.1485 0.15020250000000002 0.682709 0.41714140000000005 0.17192910000000003 0.13917014 0.957194 0.57429 0.16098483
0.149 0.1517079 0.6943946 0.42502170000000006 0.1739509 0.13892207 0.96306646 0.57679176 0.161654
0.1495 0.1532094 0.7061145999999999 0.43293409999999993 0.1759878 0.1386921 0.9687798 0.5792617 0.16232722
0.15 0.1547065 0.7178680000000001 0.4408773 0.1780306 0.13850738 0.974357 0.58165187 0.16304538
0.1505 0.15619760000000002 0.7295483 0.4487806 0.1800685 0.14143533 0.97699654 0.57805616 0.16468987
0.151 0.1576826 0.7409745 0.45655429999999997 0.18210410000000002 0.14167735 0.97099566 0.5778468 0.16425914
0.1515 0.1591622 0.7520799 0.4642125 0.1841361 0.14241934 0.96725774 0.57830215 0.16547638
0.152 0.1606332 0.7628304 0.4717704000000001 0.1861622 0.14377812 0.9615606 0.57939315 0.16615014
0.1525 0.16209229999999997 0.7732073 0.47923530000000003 0.18818010000000002 0.14482573 0.9572161 0.58062994 0.16724256
0.153 0.16353689999999999 0.7831991 0.48660909999999996 0.19018210000000002 0.14592417 0.95217776 0.58222103 0.1681579
0.1535 0.164952 0.7927976 0.49388820000000005 0.1921469 0.14699379 0.9473883 0.5837556 0.16904499
0.154 0.16635450000000002 0.8020007 0.5010733 0.19409479999999998 0.14810976 0.94232416 0.58534884 0.16996051
0.1545 0.16774129999999998 0.8108017 0.5077879 0.1960244 0.14924419 0.93724024 0.58694994 0.17084232
0.155 0.1690961 0.8191624 0.5136604 0.1979424 0.15038694 0.93199 0.58862674 0.17176156
0.1555 0.17045839999999998 0.8270924000000001 0.5197199 0.1998558 0.15157464 0.9266654 0.59033185 0.1726758
0.156 0.17184370000000002 0.8346078000000001 0.5255025 0.20176229999999998 0.15277609 0.92121637 0.5920898 0.1736111
0.1565 0.17322970000000001 0.8416954 0.5310332 0.2036437 0.15400892 0.9156788 0.5938868 0.17455055
0.157 0.1746068 0.8483871999999999 0.5370235 0.20550429999999997 0.15525794 0.91003364 0.595728 0.17550185
0.1575 0.1759914 0.8547188 0.5434249 0.2073631 0.15653193 0.90429825 0.59760404 0.17646022
0.158 0.1773879 0.8607121999999999 0.5500513000000001 0.20921820000000002 0.15782331 0.8984667 0.59951454 0.17742664
0.1585 0.1787898 0.8663784 0.5567430999999999 0.2110558 0.15913442 0.89254785 0.60145444 0.1783997
0.159 0.1801925 0.8717244000000001 0.5633975 0.2128893 0.16046196 0.8865422 0.6034209 0.1793793
0.1595 0.18159460000000002 0.8767538 0.5699562 0.21472420000000003 0.16180576 0.88045585 0.6054096 0.18036467
0.16 0.1829944 0.8814683000000001 0.5763884 0.21655970000000002 0.16316348 0.87429154 0.6074167 0.18135503
0.1605 0.1843902 0.8858696 0.5826809000000001 0.2183938 0.16453467 0.86805445 0.60943824 0.18234965
0.161 0.1857808 0.8899597 0.5888304 0.2202245 0.16591702 0.86174935 0.6114703 0.18334813
0.1615 0.1871651 0.8937411 0.5948388000000001 0.22205039999999998 0.1673096 0.8553812 0.61350876 0.18434967
0.162 0.18854279999999998 0.8972155999999999 0.600711 0.2238701 0.16871081 0.8489552 0.6155493 0.18535338
0.1625 0.1899136 0.9003873 0.6064526 0.2256827 0.17011903 0.8424767 0.6175882 0.1863587
0.163 0.1912774 0.9032626 0.6120694999999999 0.22748779999999996 0.171533 0.83595175 0.61962163 0.18736517
0.1635 0.1926344 0.9058476000000001 0.6175670999999999 0.2292846 0.1729512 0.82938606 0.6216453 0.18837193
0.16399999999999998 0.1939845 0.9081484000000001 0.6229505 0.23107289999999997 0.17437217 0.82278526 0.6236556 0.18937832
0.1645 0.1953279 0.9101708000000001 0.628224 0.2328524 0.17579448 0.8161559 0.6256489 0.19038384
0.165 0.19665320000000003 0.9119166 0.6333883000000001 0.2345899 0.17721692 0.809504 0.6276214 0.19138777
0.1655 0.1979404 0.9133914000000001 0.6384406 0.23627150000000002 0.17863789 0.80283606 0.6295701 0.19238971
0.166 0.1992145 0.9146044 0.6433906999999999 0.23794479999999998 0.18005645 0.796158 0.6314913 0.19338894
0.1665 0.2004934 0.9155633 0.648246 0.23962529999999996 0.18147103 0.78947645 0.6333821 0.19438502
0.16699999999999998 0.20167929999999998 0.9162753 0.6530098000000001 0.24131370000000002 0.18288049 0.78279734 0.63523984 0.19537748
0.1675 0.2027028 0.9167464 0.6576823 0.2430069 0.18428385 0.77612716 0.63706136 0.19636574
0.168 0.20379679999999997 0.9169825 0.6622644 0.24470189999999997 0.18567964 0.76947176 0.6388447 0.19734938
0.1685 0.20499539999999997 0.9169889999999999 0.6667576999999999 0.24639650000000002 0.18706724 0.7628377 0.6405872 0.19832818
0.16899999999999998 0.2062708 0.9167716 0.6711628000000001 0.2480886 0.18844548 0.75623006 0.6422869 0.19930151
0.1695 0.2075625 0.916334 0.6754387 0.2497584 0.18981318 0.7496552 0.6439421 0.20026909
0.17 0.2088527 0.9156798 0.6796093000000001 0.2514077 0.19116959 0.7431181 0.6455511 0.20123065
0.1705 0.2101532 0.9148149 0.6837138 0.2530542 0.1925139 0.7366245 0.6471123 0.20218572
0.171 0.21146170000000003 0.9137457 0.6877563 0.25470160000000003 0.19384517 0.73017913 0.6486249 0.20313424
0.1715 0.21277159999999998 0.9124781 0.6917319000000001 0.2563491 0.19516271 0.72378695 0.6500875 0.20407575
0.172 0.2140768 0.9110173 0.6956352 0.257995 0.19646579 0.7174526 0.6514995 0.20501027
0.1725 0.2153736 0.9093683000000001 0.6994626 0.2596378 0.19775365 0.7111806 0.65286016 0.20593745
0.17300000000000001 0.21665990000000002 0.9075353999999999 0.7032124 0.2612763 0.19902569 0.70497465 0.654169 0.20685709
0.1735 0.21793420000000002 0.9055231 0.7068840000000001 0.2629094 0.20028125 0.69883895 0.6554261 0.20776919
0.174 0.2191955 0.9033353999999999 0.7104775 0.26453590000000005 0.20151971 0.6927768 0.65663105 0.20867363
0.1745 0.2204448 0.9009765 0.7139935000000001 0.2661558 0.20274054 0.6867915 0.6577838 0.20957014
0.175 0.2216839 0.8984503 0.7174331 0.2677691 0.20394343 0.6808861 0.65888464 0.21045879
0.1755 0.22291370000000002 0.8957606 0.7207972 0.2693757 0.20512754 0.67506343 0.659934 0.21133968
0.17600000000000002 0.22413490000000003 0.8929113999999999 0.724087 0.27097459999999995 0.2062924 0.669326 0.66093236 0.21221265
0.1765 0.2253479 0.8899063 0.7273035 0.2725657 0.20743783 0.6636758 0.66187996 0.21307766
0.177 0.22655300000000003 0.8867491 0.7304479 0.2741495 0.20856321 0.65811497 0.66277754 0.2139349
0.1775 0.22775079999999998 0.8834433 0.7335213 0.2757259 0.20966792 0.65264535 0.663626 0.21478441
0.17800000000000002 0.22894160000000002 0.8799923000000001 0.7365246999999999 0.2772952 0.21075183 0.64726824 0.6644259 0.21562624
0.1785 0.23012570000000002 0.8763996999999999 0.7394593 0.27885740000000003 0.2118144 0.6419849 0.6651781 0.21646047
0.179 0.23130309999999998 0.8726684000000001 0.7423251000000001 0.28041209999999994 0.21285526 0.6367965 0.6658838 0.2172873
0.1795 0.2324442 0.8687985 0.7450734999999999 0.2819454 0.21387386 0.63170385 0.6665438 0.21810693
0.18 0.2335623 0.8647905999999999 0.7477351999999999 0.28346659999999996 0.2148701 0.62670755 0.6671588 0.2189194
0.1805 0.23466420000000002 0.8606459999999999 0.7503488 0.2849514 0.21584307 0.62180793 0.6677303 0.2197249
0.18100000000000002 0.2357556 0.8563713 0.7529168 0.2864145 0.2167929 0.61700535 0.66825914 0.22052383
0.1815 0.2368571 0.8519733 0.7554393 0.2878799 0.21771877 0.61230004 0.66874635 0.22131631
0.182 0.2379732 0.8474571 0.7579127 0.28935190000000005 0.21862066 0.6076915 0.66919315 0.22210261
0.1825 0.2391 0.8428266 0.7603331999999999 0.290829 0.21949777 0.60317963 0.6696004 0.22288287
0.183 0.24023179999999997 0.8380847 0.7626977 0.29230900000000004 0.22034983 0.5987639 0.66996956 0.22365758
0.1835 0.24136370000000001 0.8332339 0.7650047 0.2937896 0.22117634 0.59444374 0.6703013 0.2244268
0.184 0.24249250000000003 0.8282765999999999 0.7672535 0.2952691 0.22197706 0.5902184 0.67059696 0.22519118
0.1845 0.2436158 0.8232146999999999 0.7694441 0.29674490000000003 0.22275116 0.58608705 0.6708573 0.2259506
0.185 0.2447322 0.8180503 0.7715771 0.2982167 0.2234982 0.5820485 0.67108375 0.22670576
0.1855 0.24584189999999997 0.8127854 0.7736531999999999 0.29968429999999996 0.22421792 0.5781016 0.671277 0.22745672
0.18600000000000003 0.2469448 0.8074193000000001 0.7756723000000001 0.3011474 0.22490938 0.57424486 0.67143786 0.2282039
0.1865 0.2480389 0.8019527 0.777634 0.30259899999999995 0.22557224 0.57047707 0.6715678 0.22894773
0.187 0.24909740000000002 0.7963844 0.7795316 0.3039955 0.2262059 0.56679666 0.67166734 0.22968867
0.1875 0.2501325 0.7907199 0.7813699000000001 0.30537509999999995 0.2268096 0.5632019 0.6717375 0.23042685
0.188 0.2511683 0.7849649999999999 0.7831585 0.3067495 0.22738276 0.55969065 0.67177886 0.2311627
0.1885 0.2521913 0.7791229000000001 0.7848651 0.3081258 0.22792459 0.5562614 0.67179257 0.23189682
0.18899999999999997 0.2531938 0.7731938 0.7864886999999999 0.3094921 0.22843452 0.5529118 0.67177886 0.23262933
0.1895 0.2542076 0.7671804 0.7880842 0.31085609999999997 0.22891136 0.5496398 0.6717391 0.23336071
0.19 0.2552376 0.7610859999999999 0.7896588000000001 0.3122259 0.22935468 0.5464432 0.6716733 0.23409146
0.1905 0.2562772 0.7549134 0.7912060000000001 0.3136015 0.22976327 0.5433193 0.67158246 0.23482174
0.191 0.2573201 0.7486645000000001 0.7927181999999999 0.3149812 0.23013625 0.54026574 0.671467 0.23555228
0.1915 0.258363 0.742341 0.7941903 0.3163636 0.2304727 0.5372799 0.67132753 0.23628324
0.192 0.2594034 0.7359435999999999 0.7956194999999999 0.3177474 0.2307715 0.5343588 0.67116433 0.2370151
0.1925 0.26043920000000004 0.7294695 0.796992 0.31913070000000004 0.2310316 0.5314998 0.67097765 0.23774841
0.193 0.2614199 0.7228817 0.7969046 0.3204907 0.23125155 0.5286999 0.67076826 0.23848337
0.1935 0.26234959999999996 0.7161466999999999 0.7965749 0.3218368 0.23143037 0.5259556 0.6705363 0.23922053
0.19399999999999998 0.2632889 0.7093041999999999 0.7968767 0.32318559999999996 0.23156637 0.52326405 0.67028165 0.23996034
0.1945 0.2642541 0.7023944000000001 0.7977516 0.3245388 0.23165861 0.5206216 0.6700049 0.24070325
0.195 0.2652409 0.6954416999999999 0.7989789 0.32589450000000003 0.23170504 0.51802474 0.66970587 0.24144948
0.1955 0.2662402 0.6884566999999999 0.8003733000000001 0.3272509 0.23170425 0.51546985 0.6693849 0.24219981
0.196 0.2672447 0.6814406999999999 0.8017943000000001 0.32860690000000004 0.23165454 0.51295316 0.6690417 0.24295452
0.1965 0.2682486 0.6743839 0.8030558000000001 0.3299611 0.23155399 0.5104705 0.6686764 0.2437141
0.19699999999999998 0.2692482 0.6672793 0.8041373 0.33131309999999997 0.23140086 0.5080177 0.66828865 0.24447894
0.1975 0.2702422 0.6601231 0.8050972 0.3326614 0.231193 0.5055906 0.667878 0.24524957
0.198 0.2712301 0.6529142 0.805988 0.3339915 0.23092805 0.5031846 0.6674447 0.24602649
0.1985 0.2722112 0.6456529999999999 0.8068423000000001 0.335316 0.23060392 0.500795 0.6669881 0.24681035
0.19899999999999998 0.2731857 0.6383409000000001 0.8076767 0.33664099999999997 0.23021805 0.49841687 0.6665076 0.24760133
0.1995 0.2741542 0.6309794 0.8084974 0.337966 0.22976777 0.49604505 0.66600287 0.24840021
0.2 0.275117 0.6235696999999999 0.8093049 0.3392898 -0.02625473 0.3226131 0.47325057 0.18941022
0.2005 0.2631447 0.6157 0.7937732 0.32275570000000003 0.1872903 0.43581784 0.32793796 0.08086009
0.201 0.24883609999999998 0.6071656999999999 0.7771444000000001 0.3081375 -0.030116027 0.44728884 0.3057947 -0.05182038
0.2015 0.23940250000000002 0.5983214 0.7637656 0.29741809999999996 0.12010003 0.4194446 0.42112118 -0.01949738
0.20199999999999999 0.23324539999999996 0.5894186 0.7525202 0.28815409999999997 -0.024205977 0.5827031 0.42495912 0.09963924
0.2025 0.2287225 0.5805968 0.7422964 0.2795257 0.10031429 0.49316588 0.290214 0.07077548
0.203 0.22495229999999997 0.5719316 0.7324943 0.27130279999999996 0.068102606 0.559451 0.35103127 0.030401785
0.2035 0.2215244 0.5634664 0.722843 0.26341329999999996 0.0702714 0.5475695 0.35288697 0.069684654
0.204 0.2182567 0.5552286 0.7132331999999999 0.2558258 0.075736284 0.595448 0.4070319 0.10636802
0.2045 0.215069 0.5472369 0.7036269 0.24852080000000001 0.07917909 0.57816017 0.29306647 0.08630945
0.205 0.21192600000000003 0.5395045 0.694016 0.24148229999999998 0.090153426 0.5761289 0.35828272 0.06675221
0.2055 0.20881190000000002 0.5320415 0.6844038 0.23469659999999998 0.06351309 0.589966 0.3266468 0.079046726
0.20600000000000002 0.20571979999999998 0.5248549 0.6747979000000001 0.2281508 0.064887054 0.5821167 0.36468655 0.085512385
0.2065 0.2026467 0.51795 0.6652070999999999 0.22183289999999997 0.077161364 0.5964528 0.30718762 0.08143397
0.207 0.1995914 0.5113300000000001 0.6556401999999999 0.2157319 0.07087731 0.589789 0.32785645 0.0689902
0.2075 0.19655379999999997 0.504997 0.6461056 0.20983720000000003 0.06828966 0.60301334 0.32583755 0.08036189
0.20800000000000002 0.19353399999999998 0.4989519 0.6366111 0.20413889999999998 0.061027765 0.60131353 0.32554245 0.078428626
0.2085 0.1905324 0.49319440000000003 0.6271641 0.1986279 0.07147644 0.6049971 0.31009677 0.077192515
0.209 0.1875496 0.4877236 0.6177713 0.1932953 0.06549008 0.61057985 0.30881396 0.07192941
0.2095 0.1845862 0.48253779999999996 0.6084387 0.1881329 0.062005848 0.6118392 0.31320488 0.074717715
0.21 0.18164270000000002 0.47763490000000003 0.599172 0.183133 0.061415985 0.61834 0.30973375 0.07572605
0.2105 0.1787196 0.47301220000000005 0.5899764000000001 0.17828829999999998 0.06339389 0.6197934 0.30047333 0.07287943
0.21100000000000002 0.17581760000000002 0.4686665 0.5808566 0.1735919 0.062429048 0.6258675 0.30157274 0.071958855
0.2115 0.1729371 0.46459459999999997 0.5718169 0.1690372 0.058237664 0.6289026 0.3002676 0.07199405
0.212 0.1700786 0.4607928 0.5628612 0.1646183 0.058638677 0.6324538 0.29984635 0.072245255
0.2125 0.1672425 0.45725730000000003 0.5539930999999999 0.1603292 0.058691926 0.63686574 0.29316938 0.07075332
0.213 0.1644295 0.45398409999999995 0.5452156 0.1561646 0.05713158 0.63995993 0.29370496 0.06945069
0.2135 0.16163970000000003 0.4509692 0.5365318 0.15211929999999999 0.055061072 0.6443178 0.2925532 0.0695789
0.214 0.1588736 0.4482084 0.5279441999999999 0.1481884 0.054018416 0.64705616 0.29082367 0.06875068
0.2145 0.1561315 0.4456973 0.5194552 0.1443674 0.0537339 0.6509063 0.28780052 0.06787428
0.215 0.1534138 0.44343190000000005 0.5110669 0.1406518 0.05175534 0.6539964 0.28654268 0.066609085
0.2155 0.1507208 0.4414076 0.5027811 0.1370376 0.050112255 0.6571093 0.2858144 0.06610426
0.21600000000000003 0.1480527 0.43962029999999996 0.4945994000000001 0.1335208 0.04877153 0.6601718 0.28375036 0.065228954
0.2165 0.14540970000000003 0.4380655 0.4865233 0.1300978 0.04759165 0.6629626 0.2817266 0.06411433
0.217 0.1427922 0.43673909999999994 0.478554 0.12676510000000002 0.045897856 0.66593975 0.28032294 0.06309764
0.2175 0.14020020000000002 0.43563679999999994 0.47069259999999996 0.1235193 0.04412932 0.66857296 0.27897483 0.062175598
0.218 0.1376339 0.4347544 0.4629399 0.12035739999999999 0.042741332 0.6713178 0.27726585 0.061268117
0.2185 0.1350936 0.4340876 0.4552968 0.11727629999999999 0.04124117 0.673947 0.27533138 0.060175728
0.21899999999999997 0.13257929999999998 0.43363240000000003 0.4477638 0.1142731 0.03964604 0.67654955 0.27387625 0.059176486
0.2195 0.1300912 0.43338459999999995 0.44034140000000005 0.1113452 0.03804999 0.6791646 0.272269 0.058247145
0.22 0.1276293 0.4333403 0.4330299 0.1084901 0.036608957 0.68170005 0.27057815 0.057298232
0.2205 0.12519380000000002 0.4334954000000001 0.4258295999999999 0.10570519999999999 0.03519586 0.68429375 0.26881605 0.05634522
0.221 0.1227847 0.43384620000000007 0.4187407 0.1029883 0.03372906 0.68682665 0.26720798 0.055406917
0.2215 0.120402 0.43438859999999996 0.411763 0.1003372 0.032346338 0.68939286 0.26560134 0.054543298
0.222 0.1180458 0.435119 0.4048966 0.09774966 0.031026658 0.69193995 0.26392078 0.053673577
0.2225 0.1157161 0.4360335999999999 0.39814120000000003 0.09522378 0.029758316 0.6944878 0.26228082 0.052823696
0.223 0.1134129 0.43712870000000004 0.3914968 0.09275761 0.02850407 0.6970408 0.26069167 0.052001696
0.2235 0.1111362 0.4384009 0.3849628 0.09034931 0.027306344 0.6995811 0.259134 0.051213082
0.22399999999999998 0.1088859 0.43984650000000003 0.378539 0.08799714 0.026171796 0.7021276 0.2575764 0.050446946
0.2245 0.10666210000000001 0.4414621 0.3722249 0.08569942 0.02507396 0.70465964 0.25605524 0.049694512
0.225 0.1044647 0.44324430000000004 0.36601999999999996 0.08345455 0.024018105 0.7071888 0.2545902 0.048971284
0.2255 0.1022935 0.4451898 0.3599237 0.08126101 0.023007058 0.70970666 0.25315648 0.04827022
0.226 0.1001487 0.4472952 0.3539354 0.07911731 0.022046471 0.71221197 0.25176063 0.047589812
0.2265 0.09803003 0.4495575 0.34805440000000004 0.07702206 0.02112597 0.7147046 0.25040647 0.046927538
0.22699999999999998 0.09593746 0.4519734 0.34228000000000003 0.07497391 0.020244833 0.7171787 0.24910474 0.046285097
0.2275 0.09387089 0.45453999999999994 0.33661149999999995 0.07297156 0.01940705 0.7196366 0.24784702 0.04566292
0.228 0.09183021 0.457254 0.33104809999999996 0.07101378 0.018609922 0.72207266 0.24663368 0.045056906
0.2285 0.08981531 0.46011270000000004 0.3255889 0.06909938 0.017852066 0.72448695 0.24546978 0.04446802
0.22899999999999998 0.08782607 0.463113 0.320233 0.06722719999999999 0.017131351 0.7268764 0.24435508 0.0438951
0.2295 0.08586236 0.4662522 0.31497970000000003 0.06539615 0.016449042 0.72923976 0.24328925 0.043338094
0.23 0.08392405 0.4695275 0.30982790000000004 0.06360516 0.01580373 0.73157513 0.24227098 0.04279543
0.2305 0.08201101 0.47293599999999997 0.3047768 0.06185323 0.015193718 0.7338804 0.2413021 0.042266417
0.231 0.08012307 0.4764753 0.2998254 0.06013937 0.014618717 0.7361545 0.24038263 0.041750867
0.2315 0.07826010000000001 0.4801425 0.2949726 0.05846263 0.014078004 0.73839587 0.23951122 0.041247938
0.23199999999999998 0.07642194 0.4839353 0.2902175 0.0568221 0.013570848 0.7406029 0.23868798 0.040756878
0.2325 0.07460842 0.4878509 0.2855591 0.05521691 0.013096181 0.7427743 0.23791263 0.040277172
0.233 0.07281937 0.4918871 0.2809963 0.05364621 0.012653166 0.74490875 0.23718496 0.03980804
0.2335 0.07105463 0.49604129999999996 0.2765282 0.05210918 0.012241476 0.7470052 0.23650397 0.039349247
0.23399999999999999 0.06931403 0.5003112 0.27215359999999994 0.05060503 0.011860099 0.7490624 0.23586921 0.038899895
0.2345 0.06759737 0.5046944 0.26787150000000004 0.049132999999999996 0.011508138 0.7510795 0.2352803 0.03845958
0.235 0.06590449 0.5091888 0.2636808 0.04769236 0.011185283 0.7530554 0.2347365 0.03802785
0.2355 0.06423519 0.5137921 0.2595804 0.04628238 0.010890566 0.7549893 0.23423699 0.037604112
0.23600000000000002 0.0625893 0.518502 0.2555693 0.04490238 0.010623433 0.7568806 0.2337812 0.037187915
0.2365 0.06096661 0.5233166 0.2516463 0.04355169 0.010383178 0.75872827 0.23336825 0.036778744
0.237 0.05936694 0.5282336 0.2478105 0.04222967 0.010169178 0.7605317 0.23299755 0.036376234
0.2375 0.05779008 0.533251 0.24406060000000002 0.04093569 0.009980796 0.7622905 0.23266816 0.03597993
0.23800000000000002 0.05623585 0.5383669 0.24039560000000001 0.03966915 0.009817397 0.7640037 0.23237929 0.03558935
0.2385 0.05470405 0.5435791999999999 0.23681439999999998 0.03842945 0.00967833 0.76567125 0.2321301 0.03520405
0.239 0.05319446 0.548886 0.233316 0.03721603 0.0095630605 0.76729226 0.23191993 0.034823764
0.2395 0.05170689999999999 0.5542855 0.2298991 0.03602834 0.0094710775 0.7688668 0.23174767 0.034447957
0.24 0.05024116 0.5597758 0.22656279999999998 0.03486584 0.009401726 0.7703939 0.23161256 0.03407639
0.2405 0.04879703 0.5653551 0.22330589999999997 0.03372801 0.009354447 0.771874 0.23151392 0.033708643
0.24100000000000002 0.04737430000000001 0.5710215999999999 0.2201274 0.03261434 0.009328771 0.77330613 0.23145062 0.033344347
0.2415 0.04597278 0.5767734999999999 0.2170261 0.03152435 0.0093242405 0.7746906 0.23142184 0.03298324
0.242 0.04459225 0.5826093000000001 0.2140011 0.03045756 0.009340164 0.7760268 0.23142657 0.03262492
0.2425 0.0432325 0.5885272 0.2110513 0.02941349 0.009376229 0.7773146 0.23146424 0.032269087
0.243 0.04189334 0.5945256 0.2081755 0.02839172 0.00943199 0.77855414 0.2315338 0.031915497
0.2435 0.04057454 0.6006029 0.20537270000000002 0.02739178 0.009506799 0.7797451 0.23163429 0.031563807
0.244 0.03927591 0.6067575 0.20264189999999999 0.02641327 0.009600275 0.7808875 0.23176485 0.031213697
0.2445 0.03799723 0.6129879 0.19998210000000002 0.02545576 0.009712114 0.78198105 0.23192468 0.030864928
0.245 0.0367383 0.6192926 0.1973922 0.02451885 0.00984173 0.7830259 0.23211277 0.030517194
0.2455 0.0354989 0.6256701 0.1948711 0.02360214 0.009989003 0.78402215 0.23232822 0.030170303
0.24600000000000002 0.03427883 0.632119 0.192418 0.02270527 0.010153178 0.78496975 0.23257029 0.029823955
0.2465 0.03307789 0.6386379 0.1900317 0.02182784 0.010334078 0.7858685 0.2328381 0.029477965
0.247 0.03189586 0.6452254 0.1877112 0.0209695 0.010531293 0.7867187 0.23313083 0.029132042
0.2475 0.03073254 0.6518801 0.1854557 0.02012989 0.010744675 0.7875204 0.2334472 0.028785963
0.248 0.02958772 0.6586008000000001 0.183264 0.01930867 0.010973562 0.78827363 0.23378688 0.028439578
0.2485 0.028461200000000002 0.6653861 0.18113529999999997 0.01850549 0.011217793 0.78897846 0.23414883 0.028092567
0.249 0.02735277 0.6722347 0.1790685 0.01772004 0.01147702 0.78963506 0.23453222 0.027744826
0.2495 0.02626224 0.6791454 0.17706270000000002 0.01695199 0.0117510855 0.79024357 0.23493615 0.027396169
0.25 0.02518939 0.686117 0.175117 0.01620103 0.012072219 0.79085785 0.23535359 0.027068552
0.2505 0.02413647 0.6930458 0.1732306 0.01549282 0.015589832 0.79492533 0.23407626 0.0281961
0.251 0.02311324 0.6997566999999999 0.1714015 0.01485946 0.016281027 0.79480743 0.23155461 0.029541355
0.2515 0.02212127 0.7061878 0.1696219 0.01428479 0.015612599 0.7974876 0.23422116 0.031876113
0.252 0.02115741 0.7123083 0.1678852 0.01375934 0.016117139 0.7985648 0.2343302 0.03411394
0.2525 0.02021898 0.7181014 0.16618650000000001 0.01327898 0.017203823 0.80031157 0.2341334 0.03598043
0.253 0.01930439 0.7235576 0.164523 0.01284124 0.017332288 0.8016204 0.23442024 0.037970725
0.2535 0.01841274 0.7286716 0.1628921 0.01244419 0.017443877 0.80299884 0.23545294 0.03982499
0.254 0.01754348 0.7334411999999999 0.1612919 0.01208607 0.017716773 0.8041955 0.23604816 0.041856486
0.2545 0.01669624 0.7378659000000001 0.1597208 0.01176525 0.01824261 0.805349 0.23641485 0.04371727
0.255 0.01587071 0.7419472 0.1581773 0.01148021 0.018478006 0.80635023 0.23704985 0.045597922
0.2555 0.01506664 0.7456877 0.1566598 0.01122948 0.018808434 0.80730987 0.2378053 0.04747605
0.256 0.01428377 0.7490912 0.1551672 0.01101172 0.019173477 0.8081375 0.23845477 0.04935905
0.2565 0.01352185 0.7521621000000001 0.1536981 0.01082561 0.019603312 0.80886686 0.23908111 0.05120017
0.257 0.01278064 0.7549056 0.1522515 0.01066993 0.019977927 0.8094735 0.23978734 0.05302259
0.2575 0.01205991 0.7573274 0.15082620000000002 0.01054351 0.02038693 0.80997354 0.24053049 0.054830227
0.258 0.011359399999999999 0.7594335 0.1494213 0.01044525 0.020827722 0.81036186 0.24126218 0.056626398
0.2585 0.01067887 0.7612305 0.1480358 0.0103741 0.021289907 0.81063277 0.24200521 0.05839328
0.259 0.01001808 0.7627246999999999 0.1466687 0.01032906 0.021758862 0.81078756 0.2427913 0.06014401
0.2595 0.00937678 0.7639231 0.14531929999999998 0.01030919 0.022251405 0.8108266 0.24359787 0.061874952
0.26 0.008754727 0.7648323 0.14398670000000002 0.01031358 0.022768293 0.81074625 0.24442315 0.06358753
0.2605 0.008151674 0.7654592 0.1426701 0.01034137 0.023306502 0.8105472 0.24527065 0.065277696
0.261 0.007567374 0.7658107 0.1413687 0.01039176 0.023863027 0.8102261 0.24615023 0.06694749
0.2615 0.00700158 0.7658935 0.1400819 0.01046396 0.02444391 0.80978453 0.24705589 0.06859738
0.262 0.006454048 0.7657145000000001 0.138809 0.01055723 0.025048308 0.80921966 0.2479878 0.07022591
0.2625 0.00592453 0.7652804 0.1375494 0.01067086 0.025676556 0.8085314 0.24894923 0.07183309
0.263 0.005412781 0.7645976 0.1363023 0.01080418 0.02632833 0.8077181 0.24994177 0.07341857
0.2635 0.0049185570000000005 0.7636727 0.13506729999999997 0.01095656 0.027005576 0.8067793 0.25096527 0.074982494
0.264 0.004441614 0.7625121 0.1338437 0.01112736 0.027708584 0.8057139 0.2520203 0.07652427
0.2645 0.003981709 0.7611220000000001 0.132631 0.011316 0.028437795 0.8045211 0.25310832 0.07804352
0.265 0.0035385999999999994 0.7595084 0.1314286 0.01152193 0.02919377 0.80319995 0.25423008 0.079540074
0.2655 0.003112047 0.7576774000000001 0.13023610000000002 0.01174459 0.029977195 0.80174965 0.25538644 0.08101359
0.266 0.00270181 0.7556347 0.129053 0.01198349 0.030788861 0.8001696 0.25657755 0.082463816
0.2665 0.0023076520000000003 0.7533861 0.12787880000000001 0.01223812 0.031629123 0.798459 0.2578043 0.0838902
0.267 0.001929336 0.7509371 0.12671300000000002 0.01250801 0.03249843 0.79661745 0.25906748 0.08529258
0.2675 0.0015666279999999998 0.7482930999999999 0.1255553 0.0127927 0.03339761 0.7946443 0.26036713 0.08667047
0.268 0.0012192939999999999 0.7454593 0.12440510000000002 0.01309177 0.034327 0.7925391 0.26170358 0.08802347
0.2685 0.0008871022 0.742441 0.1232622 0.01340479 0.035286948 0.7903015 0.26307735 0.0893513
0.26899999999999996 0.0005698243 0.7392430999999999 0.1221261 0.01373137 0.036277942 0.7879313 0.26448843 0.090653375
0.2695 0.000267232 0.7358704 0.12099639999999999 0.01407111 0.037300535 0.78542846 0.26593697 0.091929466
0.27 -2.090016e-05 0.7323276999999999 0.1198728 0.01442365 0.038354833 0.78279275 0.26742274 0.09317909
0.2705 -0.000294796 0.7286195 0.118755 0.01478863 0.03944117 0.78002423 0.26894557 0.09440166
0.271 -0.000554677 0.7247504 0.11764260000000001 0.0151657 0.040559687 0.7771234 0.2705053 0.095597
0.2715 -0.0008007629 0.7207246999999999 0.11653530000000001 0.01555454 0.04171066 0.77409047 0.27210146 0.09676452
0.272 -0.001033271 0.7165467 0.1154328 0.01595483 0.042894054 0.77092606 0.27373347 0.0979038
0.2725 -0.0012524160000000001 0.7122203 0.11433489999999999 0.01636626 0.04411 0.76763076 0.27540064 0.099014506
0.273 -0.001458411 0.7077496999999999 0.11324110000000001 0.01678854 0.045358337 0.76420563 0.27710223 0.10009615
0.2735 -0.001651468 0.7031387 0.1121513 0.01722138 0.04663881 0.76065135 0.27883747 0.1011484
0.27399999999999997 -0.001833015 0.698391 0.11106310000000001 0.01766342 0.04795134 0.7569696 0.2806051 0.1021709
0.2745 -0.002007568 0.6935098000000001 0.109971 0.01811044 0.04929559 0.75316155 0.28240407 0.10316324
0.275 -0.0021704479999999997 0.6884986999999999 0.1088826 0.01856606 0.050671034 0.7492291 0.28423306 0.1041252
0.2755 -0.00231908 0.6833616 0.1078008 0.01903235 0.052077107 0.7451737 0.28609067 0.1050563
0.276 -0.00245341 0.6781019 0.1067247 0.01950941 0.053513244 0.74099785 0.28797537 0.105956614
0.2765 -0.002574205 0.6727232 0.10565319999999999 0.01999684 0.054978795 0.7367034 0.28988546 0.106825635
0.27699999999999997 -0.002682315 0.6672286999999999 0.10458519999999999 0.02049416 0.056472592 0.73229307 0.29181924 0.10766339
0.2775 -0.0027784479999999998 0.6616214 0.10351969999999999 0.02100092 0.057993867 0.7277694 0.29377496 0.10846971
0.278 -0.002863138 0.6559043999999999 0.10245639999999999 0.02151671 0.05954157 0.7231354 0.2957505 0.10924469
0.2785 -0.002936785 0.6500805000000001 0.1013949 0.02204119 0.06111438 0.7183941 0.29774386 0.10998811
0.27899999999999997 -0.002999687 0.6441525 0.1003348 0.02257403 0.06271092 0.7135487 0.29975304 0.110700294
0.2795 -0.003052086 0.6381232 0.09927596 0.02311495 0.06432966 0.708603 0.30177575 0.1113814
0.28 -0.003094182 0.6319952 0.09821825 0.02366369 0.065969065 0.7035602 0.30380964 0.11203158
0.2805 -0.003126155 0.6257712 0.0971615 0.02422002 0.067627355 0.6984242 0.3058524 0.112651065
0.281 -0.00314817 0.6194536 0.0961056 0.02478373 0.069302544 0.69319886 0.30790174 0.113240466
0.2815 -0.003160387 0.6130449 0.0950504 0.025354599999999998 0.07099269 0.68788844 0.30995524 0.11380021
0.282 -0.003162962 0.6065476 0.09399581 0.02593245 0.07269541 0.68249667 0.31201023 0.114330694
0.2825 -0.00315605 0.5999639 0.09294171 0.0265171 0.07440841 0.6770278 0.31406456 0.114832655
0.28300000000000003 -0.003139803 0.5932960999999999 0.09188799 0.02710838 0.0761293 0.6714861 0.3161152 0.11530687
0.2835 -0.0031143729999999997 0.5865464 0.09083453 0.02770613 0.077855095 0.6658755 0.31815982 0.11575395
0.284 -0.003079913 0.5797169 0.08978125 0.02831021 0.0795831 0.6602002 0.32019585 0.11617482
0.2845 -0.003036572 0.5728099 0.08872804 0.02892045 0.081310056 0.65446395 0.32222068 0.11657035
0.285 -0.002984502 0.5658272 0.08767480000000001 0.02953673 0.08303295 0.6486708 0.3242314 0.11694156
0.2855 -0.002923851 0.5587709 0.08662145 0.0301589 0.08474826 0.64282435 0.32622528 0.11728932
0.28600000000000003 -0.002854766 0.5516429 0.08556788 0.03078684 0.08645205 0.6369279 0.32819992 0.11761467
0.2865 -0.002777393 0.544445 0.08451402 0.03142041 0.08814077 0.6309846 0.33015245 0.11791879
0.287 -0.0026918759999999997 0.5371791 0.08345978 0.032059500000000005 0.08981012 0.6249972 0.33207974 0.11820261
0.2875 -0.0025983589999999997 0.5298470000000001 0.08240508 0.03270399 0.09145602 0.6189683 0.33397886 0.11846739
0.28800000000000003 -0.002496981 0.5224504 0.08134985 0.03335375 0.093073376 0.6128996 0.33584702 0.11871393
0.2885 -0.002387882 0.5149909 0.08029401 0.03400869 0.094657704 0.60679245 0.33768097 0.11894351
0.289 -0.002271198 0.5074702 0.07923749 0.03466868 0.096203655 0.6006478 0.33947724 0.11915693
0.2895 -0.00214732 0.4990303 0.07816658 0.035331 0.09770584 0.5944658 0.3412326 0.11935522
0.29 -0.002017351 0.4895339 0.07704775 0.03599493 0.09915848 0.5882459 0.34294337 0.119539246
0.2905 -0.0018807320000000002 0.47996130000000004 0.07590002 0.03666481 0.10055546 0.5819869 0.3446055 0.11970982
0.29100000000000004 -0.001737005 0.47069859999999997 0.07474844 0.03734067 0.101890296 0.57568663 0.34621513 0.11986765
0.2915 -0.0015860999999999998 0.4618558 0.07360822 0.03802207 0.1031563 0.5693422 0.34776747 0.12001328
0.292 -0.001428104 0.453413 0.07248563 0.03870866 0.104346186 0.56294924 0.3492578 0.120147124
0.2925 -0.001263162 0.4452974 0.07138134 0.03940014 0.10545223 0.556503 0.3506809 0.12026955
0.293 -0.001091435 0.4374228 0.07029322 0.04009629 0.10646651 0.54999685 0.35203135 0.12038067
0.2935 -0.0009130811 0.4297083 0.06921807 0.0407969 0.10738064 0.5434236 0.35330242 0.12048049
0.294 -0.0007282552000000001 0.42208500000000004 0.06815252 0.04150183 0.10818567 0.5367743 0.35448754 0.12056865
0.2945 -0.0005371033 0.4144985 0.06709358 0.04221094 0.10887222 0.5300389 0.35557938 0.12064497
0.295 -0.000339764 0.4069076 0.06603869999999999 0.04292409 0.1094305 0.52320534 0.35656965 0.12070866
0.2955 -0.0001363691 0.39928259999999993 0.06498589 0.0436412 0.10985045 0.5162608 0.35744923 0.12075907
0.29600000000000004 7.295643e-05 0.3916031 0.06393361 0.04436215 0.1101212 0.5091901 0.35820824 0.12079497
0.2965 0.0002881103 0.383856 0.06288073 0.04508686 0.11023185 0.5019765 0.35883617 0.12081537
0.297 0.0005090073999999999 0.37603359999999997 0.06182645 0.04581527 0.11017095 0.49460155 0.3593209 0.12081878
0.2975 0.0007355333999999999 0.36813229999999997 0.06077021 0.04654729 0.109926954 0.487045 0.35964942 0.12080379
0.298 0.0009675625999999999 0.3601514 0.05971164 0.04728284 0.109488025 0.4792844 0.3598075 0.12076865
0.2985 0.001204973 0.352092 0.05865052 0.04802185 0.10884207 0.47129542 0.35977983 0.1207117
0.299 0.001447651 0.3439567 0.05758673 0.04876423 0.10797747 0.46305174 0.35954946 0.12063122
0.2995 0.001695489 0.33574879999999996 0.05652022 0.04950993 0.10688273 0.4545251 0.35909802 0.12052569
0.3 0.0019483870000000002 0.32747209999999993 0.05545099 0.05025886 0.105520554 0.44569954 0.35839492 0.12039603
0.3005 0.002206351 0.3192331 0.05438081 0.05101225 0.10135166 0.43803185 0.356401 0.120525524
0.301 0.00246979 0.31121 0.05331706 0.05177246 0.100073844 0.43712145 0.35079062 0.12022495
0.3015 0.002738815 0.3034678 0.05226568 0.05253933 0.098112345 0.43188184 0.34317094 0.116589546
0.302 0.0030133670000000003 0.2960403 0.05123036 0.05331282 0.09306622 0.42934448 0.3379398 0.115198314
0.3025 0.003293388 0.2889468 0.05021351 0.05409304 0.088037446 0.42465454 0.3325222 0.11344904
0.303 0.0035788290000000004 0.28219890000000003 0.04921684 0.05488001 0.08495062 0.42187256 0.32609063 0.11174846
0.3035 0.0038678740000000003 0.275804 0.04824081 0.05566464 0.08341226 0.42056617 0.32053265 0.110409304
0.304 0.00415894 0.269766 0.04728582 0.05644886 0.08179693 0.4206756 0.31590742 0.11005308
0.3045 0.0044546329999999995 0.2640866 0.04635417 0.05724172 0.08015761 0.42113724 0.311876 0.11002156
0.305 0.004756812 0.2587656 0.04544737 0.05804553 0.07915424 0.42176607 0.30700833 0.10935119
0.3055 0.00506587 0.2538013 0.04456614 0.05886013 0.07815748 0.42295355 0.3029917 0.108500734
0.306 0.005381451999999999 0.2491911 0.04371079 0.05968483 0.077077985 0.42483467 0.29965463 0.10799833
0.3065 0.005703049 0.24493130000000002 0.04288158 0.06051979 0.07614098 0.42729002 0.29692397 0.10767479
0.307 0.006030186 0.2410174 0.04207865 0.06136467 0.075877406 0.43048158 0.29418278 0.10737303
0.3075 0.0063633280000000006 0.23744429999999997 0.04130234 0.06221796 0.07590525 0.43444428 0.29202247 0.10714397
0.308 0.006702471999999999 0.234206 0.04055296 0.06307951 0.07601203 0.439066 0.29050982 0.10719533
0.3085 0.007047296 0.23129639999999999 0.03983069 0.06394926 0.07628653 0.44424546 0.28947556 0.107383475
0.309 0.007397496 0.22870929999999998 0.03913569 0.06482714 0.07689186 0.44997835 0.28870177 0.107601464
0.3095 0.007752886 0.2264379 0.03846808 0.06571308 0.077712595 0.4563445 0.28845173 0.1079406
0.31 0.008113383 0.2244757 0.03782796 0.066607 0.07863072 0.46325782 0.28871444 0.10848433
0.3105 0.008478964 0.2228159 0.0372154 0.06750885 0.07970169 0.47065112 0.28937408 0.1091941
0.311 0.008849636999999999 0.2214515 0.03663044 0.06841857 0.080948964 0.47846234 0.29026017 0.109995276
0.3115 0.009225421999999999 0.2203759 0.03607313 0.06933611 0.08227195 0.48662466 0.29145658 0.11090596
0.312 0.00960634 0.2195821 0.03554345 0.07026143 0.0835863 0.49504614 0.29290465 0.11195159
0.3125 0.009992406 0.2190634 0.03504141 0.07119447 0.08488746 0.5036217 0.2944857 0.11309068
0.313 0.01038363 0.21881309999999998 0.03456696 0.0721352 0.08617125 0.5122818 0.29609418 0.11428435
0.3135 0.01078001 0.2188246 0.03412005 0.07308357 0.08737768 0.52094895 0.2977171 0.11552481
0.314 0.01118156 0.21909139999999996 0.03370063 0.07403954 0.0884676 0.52955204 0.2993093 0.11681427
0.3145 0.01158826 0.21960700000000002 0.03330861 0.07500213 0.089438185 0.5380307 0.30079064 0.11812481
0.315 0.01199999 0.2203654 0.03294388 0.07596347 0.09029028 0.546344 0.30211654 0.11943111
0.3155 0.01241662 0.22136020000000003 0.03260635 0.07693198 0.09100969 0.554468 0.30328438 0.12072852
0.316 0.01283822 0.2225854 0.03229589 0.07791048 0.09159269 0.56238675 0.30428535 0.12201589
0.3165 0.01326489 0.2240353 0.03201238 0.07889861 0.09205326 0.5700984 0.30510253 0.123284146
0.317 0.013696700000000001 0.22570389999999999 0.03175568 0.0798958 0.09240401 0.5776089 0.30573654 0.12452485
0.3175 0.01413366 0.22758589999999998 0.03152566 0.08090158 0.09265185 0.5849321 0.3062072 0.12573993
0.318 0.01457577 0.2296755 0.03132215 0.08191556 0.092806414 0.5920848 0.30652845 0.1269326
0.3185 0.01502301 0.2319676 0.031145 0.08293745 0.0928821 0.59908545 0.30671042 0.12810233
0.319 0.01547528 0.2344569 0.03099404 0.083967 0.092891246 0.6059535 0.3067684 0.12924913
0.3195 0.01593249 0.23713829999999997 0.030869099999999997 0.08500399 0.09284275 0.6127078 0.30672204 0.1303764
0.32 0.01639465 0.24000700000000003 0.03076998 0.08604825 0.09274517 0.61936545 0.30658656 0.13148777
0.3205 0.0168618 0.243058 0.03069651 0.08709964 0.09260779 0.6259416 0.30637348 0.13258456
0.321 0.01733395 0.2462868 0.030648500000000002 0.08815805 0.09243825 0.63244915 0.3060943 0.13366799
0.3215 0.0178111 0.2496888 0.03062575 0.08922338 0.09224225 0.6388988 0.30576116 0.13474011
0.322 0.01829322 0.25325949999999997 0.03062807 0.09029554 0.09202453 0.6452995 0.305383 0.13580267
0.3225 0.01878028 0.2569945 0.03065525 0.09137445 0.091790214 0.65165776 0.30496627 0.13685626
0.32299999999999995 0.01927229 0.2608899 0.03070709 0.09246005 0.09154284 0.6579787 0.30451715 0.13790116
0.3235 0.01976931 0.2649413 0.03078338 0.09355231 0.0912855 0.66426575 0.30404145 0.1389379
0.324 0.02027131 0.26914499999999997 0.03088391 0.09465116 0.091020525 0.67052144 0.30354303 0.13996679
0.3245 0.02077819 0.2734969 0.03100846 0.09575652 0.09075033 0.6767469 0.303025 0.14098744
0.325 0.02128986 0.2779934 0.03115683 0.09686831 0.090476714 0.68294257 0.30248985 0.14199957
0.3255 0.021806299999999997 0.2826308 0.03132878 0.09798646 0.09020113 0.6891082 0.3019399 0.14300272
0.326 0.02232754 0.28740540000000003 0.03152411 0.09911092 0.08992483 0.69524276 0.30137676 0.14399658
0.3265 0.02285355 0.2923138 0.03174258 0.1002416 0.089648865 0.7013451 0.30080155 0.14498028
0.327 0.02338424 0.29735259999999997 0.03198397 0.1013785 0.0893743 0.7074132 0.3002153 0.1459532
0.3275 0.02391955 0.30251859999999997 0.03224806 0.10252149999999999 0.08910196 0.71344554 0.2996189 0.14691475
0.32799999999999996 0.02445943 0.3078085 0.03253463 0.1036705 0.08883276 0.71943974 0.29901266 0.14786416
0.3285 0.02500386 0.3132193 0.03284344 0.10482550000000002 0.08856715 0.7253937 0.29839724 0.14880075
0.32899999999999996 0.02555283 0.3187478 0.03317426 0.10598640000000001 0.08830598 0.7313047 0.29777288 0.14972381
0.3295 0.02610633 0.32439120000000005 0.03352688 0.10715319999999999 0.08804975 0.7371706 0.29713982 0.15063263
0.33 0.02666434 0.3301465 0.03390106 0.10832570000000001 0.08779911 0.74298865 0.29649854 0.15152651
0.3305 0.02722685 0.3360111 0.03429657 0.10950399999999999 0.08755477 0.74875647 0.2958489 0.15240486
0.331 0.02779384 0.3419821 0.03471319 0.11068789999999999 0.087316975 0.7544713 0.29519117 0.15326704
0.3315 0.02836202 0.3480567 0.03514896 0.1118604 0.08708664 0.7601307 0.29452556 0.15411246
0.332 0.0289279 0.354232 0.0356021 0.1130233 0.086863995 0.76573235 0.2938524 0.15494055
0.3325 0.02949683 0.36050540000000003 0.03607552 0.1141943 0.08664996 0.7712736 0.29317153 0.15575092
0.33299999999999996 0.03007248 0.366875 0.036570599999999995 0.1153778 0.086444855 0.77675223 0.29248324 0.15654291
0.3335 0.03065566 0.37333829999999996 0.03708719 0.1165731 0.08624953 0.7821657 0.2917876 0.15731625
0.33399999999999996 0.03124585 0.3798934 0.03762469 0.11777889999999999 0.086064234 0.7875119 0.29108498 0.15807049
0.3345 0.03184221 0.386538 0.03818243 0.1189941 0.08588968 0.79278845 0.29037547 0.15880533
0.335 0.03244399 0.3932699 0.03875987 0.1202174 0.08572657 0.7979931 0.28965926 0.1595202
0.3355 0.03304807 0.4000868 0.03935561 0.12144300000000001 0.085575454 0.803124 0.28893667 0.16021521
0.336 0.0336536 0.4069864 0.03996922 0.1226738 0.085436895 0.8081791 0.28820795 0.16088986
0.3365 0.03426371 0.41396689999999997 0.04060166 0.123912 0.08531149 0.8131563 0.28747326 0.16154408
0.337 0.03487958 0.4210265 0.04125303 0.12515739999999997 0.08519997 0.8180538 0.28673297 0.1621776
0.3375 0.03550114 0.42816329999999997 0.04192303 0.1264095 0.08510283 0.82287 0.28598723 0.16279046
0.33799999999999997 0.03612792 0.4353755 0.042611300000000005 0.12766789999999997 0.08502068 0.8276028 0.2852366 0.1633823
0.3385 0.03675947 0.44266130000000004 0.04331747 0.128932 0.084954225 0.83225095 0.2844811 0.1639533
0.33899999999999997 0.03739527 0.4500187 0.04404125 0.1302014 0.08490406 0.8368127 0.28372112 0.16450335
0.3395 0.03803504 0.4574462 0.04478234 0.1314759 0.0848707 0.84128666 0.28295696 0.16503252
0.34 0.03867876 0.46494179999999996 0.04554052 0.1327553 0.08485485 0.84567136 0.28218898 0.16554072
0.3405 0.03932646 0.47250410000000004 0.04631558 0.1340395 0.084857024 0.8499656 0.28141755 0.16602808
0.341 0.03997816 0.4801313 0.047107300000000005 0.1353284 0.08487777 0.85416806 0.2806428 0.16649471
0.3415 0.04063356 0.48782179999999997 0.04791516 0.1366171 0.084917545 0.8582773 0.27986524 0.16694069
0.342 0.04128826 0.4955732 0.04873542 0.1378825 0.084977 0.8622926 0.27908498 0.16736613
0.3425 0.04193647 0.5033835 0.04956634 0.1391211 0.0850567 0.8662127 0.27830237 0.1677713
0.34299999999999997 0.04258142 0.51125 0.05041088 0.1403595 0.085157156 0.87003684 0.27751756 0.16815625
0.3435 0.04323196 0.5191701 0.05127333 0.1416154 0.08527861 0.87376386 0.27673107 0.16852127
0.344 0.04389185 0.5271423000000001 0.05215451 0.1428904 0.08542164 0.8773929 0.27594277 0.16886649
0.3445 0.04456106 0.5351658 0.05305358 0.144182 0.08558666 0.88092333 0.27515307 0.16919221
0.345 0.04523824 0.5432401 0.05396938 0.1454874 0.085774034 0.8843542 0.27436203 0.16949853
0.3455 0.04591633 0.5513643 0.05489122 0.1468006 0.085984156 0.887685 0.27357 0.169786
0.34600000000000003 0.04658915 0.5595365 0.05581274 0.1481192 0.086217284 0.89091504 0.27277678 0.17005464
0.3465 0.04726871 0.5677571 0.05675377 0.1494471 0.086473756 0.8940435 0.27198255 0.17030478
0.34700000000000003 0.04795804 0.5760263000000001 0.05771794 0.1507836 0.086753726 0.89707017 0.27118748 0.17053679
0.3475 0.04865601 0.5843441999999999 0.05870303 0.1521277 0.08705755 0.8999942 0.27039152 0.17075084
0.348 0.04936078 0.5927103 0.05970622 0.1534781 0.08738524 0.90281534 0.2695946 0.1709474
0.3485 0.05007087 0.6011238 0.06072524 0.1548342 0.08773715 0.9055329 0.26879638 0.17112663
0.349 0.05078528 0.6095838000000001 0.06175869 0.1561955 0.088113025 0.9081466 0.26799726 0.17128891
0.3495 0.05150339 0.6180892 0.06280573 0.1575614 0.08851322 0.91065603 0.26719686 0.17143458
0.35 0.05222482 0.6266391 0.06386584 0.15893139999999997 0.0790965 0.73396486 0.22396077 0.13240156
0.3505 0.05139498 0.6350897 0.06382675 0.1481527 -0.07041556 0.7196218 0.16095735 -0.04156335
0.35100000000000003 0.04897318 0.6431946999999999 0.06319711 0.13862750000000001 -0.036666915 0.666912 0.22277571 -0.0014027357
0.3515 0.04694712 0.6509261 0.06306623 0.13184500000000002 0.0025159353 0.7646327 0.22852445 -0.031867374
0.35200000000000004 0.04550984 0.6582873 0.06330383 0.1261198 -0.0041582324 0.76066744 0.24742168 0.025836471
0.3525 0.04443691 0.6652792 0.06371096 0.1208626 0.058078147 0.81967086 0.21574543 0.041485477
0.353 0.04354453 0.6719006 0.06417989 0.11590360000000001 -0.0016838023 0.7771147 0.2195994 0.022605639
0.3535 0.04273161 0.67815 0.06466285 0.1111886 0.024027847 0.7927168 0.24063021 0.034147736
0.354 0.04194937 0.6840271 0.06514002 0.1066935 0.007056462 0.7833507 0.21917698 0.027003448
0.3545 0.04117564 0.6895326999999999 0.06560325 0.10240250000000001 0.015919438 0.78042793 0.22917435 0.028059464
0.355 0.04040076 0.6946693 0.06604906 0.09830302 0.011622818 0.78648514 0.2262511 0.031024981
0.3555 0.03962075 0.69944 0.06647583 0.09438351 0.011258964 0.78064567 0.2295271 0.028380606
0.35600000000000004 0.03883419 0.7038492 0.06688272 0.09063349 0.014019217 0.7850267 0.22895923 0.033363406
0.3565 0.03804087 0.7079021 0.06726921 0.08704319 0.012172102 0.78118145 0.22605625 0.03039353
0.35700000000000004 0.03724105 0.7116043000000001 0.06763494 0.08360348 0.0121064475 0.78084517 0.22961703 0.03261221
0.3575 0.03643528 0.714962 0.06797966 0.08030581 0.011991859 0.7800399 0.22757047 0.032276403
0.358 0.03562417 0.7179817 0.06830318 0.07714221 0.011771439 0.7780003 0.22857013 0.03277714
0.3585 0.03480837 0.7206703000000001 0.06860534 0.07410518 0.012248894 0.7777404 0.22797471 0.03344119
0.359 0.03398855 0.7230347 0.06888604 0.07118771 0.011532673 0.77575266 0.22843984 0.03348619
0.3595 0.03316534 0.7250821 0.0691452 0.06838323 0.01200515 0.7749051 0.22869198 0.034281764
0.36 0.03233936 0.7268198 0.06938277 0.06568559 0.011793865 0.773345 0.2285108 0.03449591
0.3605 0.03151119 0.7282549 0.06959873 0.06308899999999999 0.011925701 0.77191204 0.22891995 0.034986194
0.361 0.03068139 0.7293947 0.06979307 0.06058804 0.011915696 0.77052826 0.2290806 0.035426546
0.3615 0.02985048 0.7302463 0.06996581 0.05817765 0.011983789 0.76889664 0.22938837 0.03581698
0.36200000000000004 0.02901897 0.7308169 0.07011698 0.05585304 0.012137777 0.7674208 0.22968426 0.03631929
0.3625 0.02818734 0.7311135 0.07024664 0.05360974 0.012213151 0.765744 0.22999842 0.03670493
0.363 0.02735602 0.731143 0.07035485 0.05144354 0.012377948 0.7641024 0.23045999 0.037192967
0.3635 0.02652544 0.7309123000000001 0.07044169 0.04935049 0.012543787 0.7623933 0.23084623 0.037633073
0.364 0.025695999999999997 0.730428 0.07050724 0.04732688 0.012741148 0.7606193 0.23135407 0.038096543
0.3645 0.02486808 0.7296965999999999 0.0705516 0.04536922 0.012968227 0.7588338 0.2318668 0.038568366
0.365 0.02404201 0.7287246999999999 0.07057488 0.04347421 0.0132050365 0.756969 0.23245057 0.039035592
0.3655 0.02321815 0.7275185000000001 0.07057719999999999 0.04163878 0.013490511 0.755087 0.23307207 0.039525803
0.366 0.02239679 0.7260840000000001 0.07055869 0.03986 0.013787099 0.7531453 0.23373641 0.040009756
0.3665 0.02157823 0.7244274 0.07051946 0.03813514 0.014120307 0.7511669 0.23446256 0.04051021
0.36700000000000005 0.02076274 0.7225544 0.07045967 0.03646161 0.014477709 0.7491474 0.2352305 0.041016202
0.3675 0.01995059 0.7204706999999999 0.07037945 0.03483698 0.0148661025 0.747083 0.23605415 0.0415312
0.368 0.01914201 0.7181819 0.07027896 0.03325896 0.015285122 0.74498343 0.23692828 0.042057198
0.3685 0.01833722 0.7156934 0.07015835 0.03172536 0.01573204 0.742841 0.23785615 0.042591
0.369 0.01753643 0.7130105 0.07001777 0.03023416 0.016212152 0.7406633 0.23884013 0.043137368
0.3695 0.01673984 0.7101381999999999 0.06985739 0.02878341 0.016722513 0.738448 0.23987645 0.043693233
0.37 0.01594762 0.7070816 0.06967737 0.027371299999999998 0.017265657 0.73619735 0.24097106 0.0442612
0.3705 0.01515995 0.7038456 0.06947788 0.02599609 0.01784138 0.73391366 0.24212113 0.044841055
0.371 0.01437698 0.7004348000000001 0.06925911 0.02465615 0.018450307 0.7315964 0.24332976 0.045433115
0.3715 0.01359884 0.6968539 0.06902121 0.02334994 0.019093603 0.72924924 0.2445961 0.046038594
0.37200000000000005 0.01282567 0.6931073 0.06876436 0.022076 0.019770984 0.7268717 0.24592154 0.04665709
0.3725 0.01205759 0.6891994 0.06848875 0.02083294 0.02048368 0.72446704 0.24730703 0.047289956
0.373 0.01129471 0.6851344 0.06819456 0.01961945 0.021231938 0.7220362 0.24875258 0.047937248
0.3735 0.01053713 0.6809165 0.06788197 0.01843428 0.02201657 0.71958125 0.25025913 0.048599724
0.374 0.009784924 0.6765496 0.06755116 0.01727625 0.022837799 0.7171041 0.25182706 0.04927792
0.3745 0.009038188 0.6720377 0.06720232 0.01614425 0.02369638 0.7146066 0.25345686 0.049972374
0.375 0.008296988 0.6673846 0.06683564 0.01503721 0.024592549 0.7120909 0.25514904 0.050683487
0.3755 0.0075613880000000005 0.6625938 0.0664513 0.01395412 0.025526952 0.7095592 0.2569036 0.051411975
0.376 0.006831443 0.6576691 0.06604949 0.01289402 0.02650002 0.70701355 0.2587213 0.05215838
0.3765 0.006107202 0.6526139 0.06563039 0.011856 0.027511902 0.70445627 0.26060164 0.05292323
0.377 0.005388705 0.6474314999999999 0.06519421 0.01083918 0.028563295 0.7018894 0.26254523 0.053706866
0.3775 0.004675987 0.6421254 0.06474113 0.009842758 0.029654136 0.6993158 0.26455176 0.05451006
0.37799999999999995 0.003969075999999999 0.6366987 0.06427133 0.00886593 0.03078479 0.6967373 0.26662108 0.055333104
0.3785 0.003267993 0.6311545000000001 0.06378501 0.007907951 0.031955354 0.69415647 0.26875335 0.056176577
0.379 0.002572755 0.6254958 0.06328235 0.006968108000000001 0.03316596 0.6915756 0.27094758 0.057040874
0.3795 0.0018833720000000001 0.6197256999999999 0.06276355 0.00604572 0.03441666 0.68899685 0.27320337 0.05792627
0.38 0.001199851 0.613847 0.0622288 0.005140138 0.03570711 0.6864226 0.27552015 0.058833178
0.3805 0.0005221929 0.6078625 0.06167828 0.0042507429999999995 0.037037164 0.6838547 0.27789706 0.059761766
0.381 -0.0001496069 0.6017749 0.06111218 0.003376944 0.038406447 0.68129534 0.28033286 0.06071225
0.3815 -0.0008155559 0.5955868000000001 0.06053069 0.002518176 0.039814487 0.67874616 0.2828262 0.06168474
0.382 -0.001475666 0.5893009 0.059934 0.0016739 0.041260596 0.6762088 0.2853756 0.06267916
0.3825 -0.002129953 0.5829196 0.05932229 0.0008436014 0.04274378 0.67368454 0.28797925 0.06369528
0.38299999999999995 -0.002778437 0.5764454000000001 0.05869576 2.678618e-05 0.04426311 0.6711744 0.29063496 0.06473298
0.3835 -0.00342114 0.5698807 0.05805457 -0.0007770167999999999 0.045817167 0.66867876 0.29334012 0.06579158
0.384 -0.004058088 0.5632276999999999 0.05739893 -0.001568259 0.04740437 0.6661979 0.29609203 0.06687048
0.3845 -0.004689311 0.5564888000000001 0.056728999999999995 -0.002347372 0.04902292 0.66373116 0.29888737 0.06796874
0.385 -0.005314839 0.549666 0.05604498 -0.00311477 0.0506706 0.66127765 0.30172244 0.06908527
0.3855 -0.005934708 0.5427616 0.05534705 -0.003870848 0.05234492 0.65883553 0.30459297 0.07021855
0.386 -0.006548954 0.5357776 0.05463537 -0.004615988 0.05404309 0.6564022 0.30749416 0.07136683
0.3865 -0.0071576159999999995 0.528716 0.05391014 -0.005350554 0.055761546 0.65397406 0.3104209 0.07252799
0.387 -0.007760736 0.5215787000000001 0.05317153 -0.006074894 0.05749683 0.65154666 0.31336683 0.073699504
0.3875 -0.008358355999999999 0.5143678 0.05241972 -0.006789344 0.059244506 0.6491143 0.3163256 0.074878365
0.38799999999999996 -0.008950521 0.5070851 0.05165487 -0.007494226999999999 0.061000004 0.64667004 0.31928968 0.076061234
0.3885 -0.009537279000000001 0.4997323 0.05087718 -0.008189851 0.06275804 0.64420587 0.3222509 0.07724415
0.389 -0.01011868 0.4923112 0.05008680000000001 -0.008876512 0.06451284 0.641712 0.32520038 0.078422666
0.3895 -0.01069477 0.48482359999999997 0.0492839 -0.009554498 0.066258185 0.6391774 0.32812816 0.079591766
0.39 -0.0112656 0.47727109999999995 0.04846867 -0.01022408 0.067986935 0.6365893 0.33102363 0.08074577
0.3905 -0.01183122 0.4696554 0.04764126 -0.01088552 0.069691956 0.6339335 0.33387542 0.0818786
0.391 -0.01239169 0.46197790000000005 0.04680184 -0.01153908 0.07136503 0.6311942 0.33667082 0.082983285
0.3915 -0.01294706 0.45424040000000004 0.04595058 -0.012185 0.072997764 0.62835366 0.33939722 0.08405262
0.392 -0.01349739 0.4464443 0.04508764 -0.01282352 0.07458133 0.62539315 0.34204042 0.08507852
0.3925 -0.01404273 0.438591 0.04421319 -0.01345485 0.07610641 0.6222919 0.34458607 0.08605252
0.39299999999999996 -0.01458313 0.43068190000000006 0.04332738 -0.01407922 0.07756359 0.61902875 0.34701937 0.08696586
0.3935 -0.01511867 0.42271850000000005 0.04243037 -0.01469684 0.07894308 0.6155808 0.34932494 0.08780916
0.39399999999999996 -0.01564939 0.4147022 0.04152232 -0.01530791 0.08023532 0.6119248 0.3514877 0.08857308
0.3945 -0.01617535 0.4066341 0.04060339 -0.01591263 0.08143096 0.6080371 0.35349223 0.08924797
0.395 -0.01669661 0.39851570000000003 0.03967373 -0.01651118 0.08252067 0.60389423 0.3553241 0.08982444
0.3955 -0.01721323 0.3903481 0.03873349 -0.01710374 0.08349593 0.5994729 0.35696906 0.09029314
0.396 -0.01772527 0.38213259999999993 0.03778283 -0.0176905 0.08434886 0.5947511 0.35841402 0.09064549
0.3965 -0.0182328 0.3738703 0.0368219 -0.01827161 0.08507236 0.58970827 0.35964745 0.09087321
0.397 -0.01873586 0.3655625 0.03585083 -0.01884725 0.085660405 0.5843256 0.36065876 0.09096904
0.3975 -0.01923452 0.35721020000000003 0.03486979 -0.01941756 0.08610824 0.5785865 0.36143953 0.09092651
0.39799999999999996 -0.01972884 0.34881449999999997 0.03387891 -0.01998271 0.086411916 0.5724775 0.3619833 0.09074062
0.3985 -0.02021887 0.3403766 0.03287833 -0.02054283 0.08656934 0.56598747 0.36228526 0.09040727
0.39899999999999997 -0.02070469 0.3318974 0.03186821 -0.02109808 0.08657921 0.5591089 0.36234292 0.08992402
0.3995 -0.02118635 0.32337790000000005 0.03084867 -0.02164858 0.08644164 0.55183685 0.36215562 0.089289516
0.4 -0.0216639 0.3148192 0.02981987 -0.02219448 0.08615069 0.5441833 0.36171824 0.088507
0.4005 -0.02213482 0.30627350000000003 0.02878474 -0.022708000000000002 0.08398504 0.53843 0.36036915 0.08780947
0.401 -0.02258844 0.2978294 0.02775313 -0.02315323 0.08436058 0.5354031 0.35843682 0.08755067
0.4015 -0.02302276 0.2895188 0.02672737 -0.02354632 0.08415314 0.530596 0.35381114 0.08592324
0.402 -0.02344075 0.281358 0.02570702 -0.02389653 0.08170456 0.5258176 0.35099643 0.085090816
0.4025 -0.02384489 0.27335590000000004 0.02469201 -0.02420759 0.07922883 0.51973563 0.34779677 0.083718225
0.40299999999999997 -0.02423658 0.2655177 0.02368269 -0.02448149 0.07746596 0.51402056 0.34446374 0.08215806
0.4035 -0.02461651 0.2578463 0.02267955 -0.02471975 0.076803096 0.5094699 0.34143633 0.08136262
0.40399999999999997 -0.02498498 0.2503434 0.02168313 -0.02492368 0.0758278 0.50548005 0.33878696 0.08092196
0.4045 -0.02534213 0.24300940000000001 0.02069394 -0.02509449 0.07490248 0.50143206 0.33661556 0.080697015
0.405 -0.02568804 0.2358439 0.01971243 -0.02523335 0.0742531 0.49736822 0.3337435 0.0801882
0.4055 -0.02602272 0.2288459 0.01873902 -0.02534132 0.07335791 0.49314138 0.3310848 0.07952328
0.406 -0.02634561 0.2220146 0.01777416 -0.02541834 0.072270595 0.488995 0.32876214 0.07897484
0.4065 -0.02665647 0.21534789999999998 0.01681827 -0.02546547 0.0711256 0.48480245 0.32654887 0.078424275
0.40700000000000003 -0.02695617 0.20884299999999997 0.01587154 -0.02548467 0.07035406 0.48078522 0.32419145 0.07794587
0.4075 -0.027245099999999998 0.2024971 0.01493416 -0.0254771 0.069572404 0.47692153 0.3217942 0.07746415
0.408 -0.02752329 0.19630720000000002 0.01400636 -0.02544364 0.06868815 0.47301957 0.31964755 0.07705423
0.4085 -0.02779069 0.1902703 0.01308835 -0.02538509 0.06779323 0.46912822 0.3174758 0.07667473
0.409 -0.02804722 0.18438339999999998 0.01218034 -0.02530217 0.06696666 0.46515787 0.31515634 0.07623008
0.4095 -0.02829283 0.1786434 0.0112825 -0.02519561 0.06612615 0.46120664 0.31285614 0.07577549
0.41 -0.028527499999999997 0.1730472 0.01039501 -0.02506606 0.06519166 0.4572021 0.31062448 0.07533415
0.4105 -0.02875125 0.1675915 0.009517988 -0.02491418 0.06428538 0.45316824 0.30839363 0.0749283
0.41100000000000003 -0.028964099999999996 0.1622731 0.008651569 -0.02474059 0.06342065 0.44910464 0.30601287 0.07449943
0.4115 -0.02916608 0.15708889999999998 0.007795857 -0.02454587 0.06252892 0.44497076 0.303614 0.07404524
0.41200000000000003 -0.02935725 0.15203570000000002 0.006950948 -0.02433059 0.061572626 0.44076246 0.30120787 0.07359776
0.4125 -0.02953765 0.14711029999999997 0.006116921 -0.02409529 0.06059497 0.43644762 0.29872906 0.07314016
0.413 -0.02970735 0.1423096 0.005293845 -0.02384051 0.059622787 0.43203488 0.29612318 0.07265444
0.4135 -0.02986639 0.13763050000000002 0.004481779 -0.02356675 0.05860527 0.4275042 0.29343158 0.07213588
0.414 -0.03001485 0.13307 0.003680772 -0.02327448 0.057534643 0.4228368 0.29067606 0.07160732
0.4145 -0.03015279 0.1286252 0.002890863 -0.02296419 0.056430995 0.41802227 0.2877881 0.071060166
0.415 -0.03028027 0.1242931 0.002112083 -0.0226363 0.05530087 0.41303366 0.28473753 0.07047255
0.4155 -0.03039736 0.1200708 0.001344455 -0.02229127 0.054114595 0.40785587 0.28153825 0.0698459
0.41600000000000004 -0.03050413 0.1159556 0.000587996 -0.021929499999999998 0.052860364 0.40245807 0.2781843 0.06918654
0.4165 -0.03060066 0.11194480000000001 -0.0001572861 -0.02155139 0.051553324 0.39681977 0.27462763 0.06848997
0.41700000000000004 -0.03068701 0.1080357 -0.0008913883 -0.02115734 0.0501908 0.3909116 0.27083015 0.06774053
0.4175 -0.03076326 0.10422560000000002 -0.001614314 -0.02074772 0.04875543 0.3847011 0.26678774 0.06693821
0.418 -0.03082949 0.10051210000000001 -0.0023260729999999997 -0.02032289 0.047238 0.3781533 0.26247168 0.06608641
0.4185 -0.03088576 0.09689273 -0.003026678 -0.0198832 0.04564447 0.37122592 0.25782967 0.06517781
0.419 -0.03093217 0.09336503 -0.00371615 -0.01942899 0.043971233 0.36387524 0.25281388 0.064202815
0.4195 -0.03096878 0.08992668 -0.004394513 -0.01896058 0.042205103 0.356049 0.24739017 0.06316002
0.42 -0.03099568 0.0865754 -0.005061795 -0.01847828 0.040342778 0.3476913 0.24150738 0.062052425
0.4205 -0.03101295 0.08330896 -0.005718029 -0.01798242 0.0383887 0.33873922 0.23509276 0.06087691
0.42100000000000004 -0.03102066 0.08012522 -0.006363252 -0.01747327 0.03634515 0.3291229 0.22807576 0.059631456
0.4215 -0.03101891 0.07702205 -0.006997504 -0.01695112 0.034211516 0.31876752 0.22038719 0.05832277
0.42200000000000004 -0.03100777 0.07399743 -0.0076208280000000005 -0.01641626 0.03199827 0.3075923 0.21194452 0.056963135
0.4225 -0.03098732 0.07104935 -0.008233272 -0.01586895 0.02972673 0.29551446 0.2026511 0.055566404
0.423 -0.03095765 0.06817588 -0.008834887 -0.01530945 0.027422864 0.28245124 0.19241434 0.05415285
0.4235 -0.03091884 0.06537514 -0.009425725 -0.01473802 0.02512116 0.26832765 0.18115187 0.052754696
0.424 -0.03087098 0.06264528 -0.01000584 -0.014154900000000002 0.022870708 0.25308478 0.16878954 0.051410984
0.4245 -0.03081416 0.05998453 -0.0105753 -0.01356032 0.020734096 0.23669082 0.15527734 0.05015931
0.425 -0.03074845 0.05739115 -0.01113415 -0.01295453 0.018776394 0.21915758 0.14061867 0.04902709
0.4255 -0.03067394 0.05486345 -0.01168246 -0.01233773 0.017057791 0.20055836 0.12489581 0.048014756
0.426 -0.03059072 0.05239979 -0.01222031 -0.01171016 0.015618474 0.18104476 0.10829328 0.047066305
0.4265 -0.03049887 0.04999857 -0.01274774 -0.01107201 0.014454231 0.16085875 0.09112789 0.0460455
0.42700000000000005 -0.03039848 0.04765824 -0.01326484 -0.0104235 0.013490705 0.14033434 0.0738682 0.044740405
0.4275 -0.03028963 0.04537728 -0.01377167 -0.009764831 0.012574997 0.119881764 0.05710923 0.04291453
0.428 -0.03017242 0.04315422 -0.01426831 -0.009096195999999999 0.011502385 0.09994822 0.04148601 0.04039589
0.4285 -0.03004691 0.04098762 -0.01475482 -0.008417786 0.010081093 0.080966555 0.027539827 0.037161913
0.429 -0.02991321 0.03887609 -0.01523129 -0.0077297880000000005 0.008216107 0.06331172 0.015596181 0.03336374
0.4295 -0.02977139 0.03681827 -0.015697799999999998 -0.0070323830000000006 0.0059573455 0.047282383 0.0057329684 0.02927712
0.43 -0.02962154 0.03481283 -0.01615441 -0.006325746 0.0034783399 0.03310234 -0.0021534264 0.025224466
0.4305 -0.02946375 0.0328585 -0.01660121 -0.00561005 0.0010063415 0.020913087 -0.008262157 0.021504823
0.431 -0.02929809 0.03095403 -0.01703828 -0.004885461 -0.0012525544 0.010745406 -0.012847513 0.018336702
0.4315 -0.02912464 0.02909825 -0.01746569 -0.004152128 -0.0031624557 0.0024976805 -0.016198799 0.015821718
0.43200000000000005 -0.02894347 0.02729 -0.01788352 -0.003410205 -0.004673682 -0.0040453747 -0.018602893 0.013949007
0.4325 -0.02875465 0.02552812 -0.01829186 -0.0026598459999999996 -0.0058063306 -0.009154983 -0.020301357 0.012639906
0.433 -0.02855854 0.02381111 -0.01870998 -0.001902083 -0.006614499 -0.0130992085 -0.021475464 0.011797689
0.4335 -0.02835925 0.02213293 -0.01920593 -0.001147157 -0.007156484 -0.016110174 -0.022255823 0.011334665
0.434 -0.02815623 0.02049279 -0.01967412 -0.0003885191 -0.007480301 -0.018376485 -0.022738516 0.011179309
0.4345 -0.02794612 0.018893 -0.02008919 0.00037984559999999995 -0.0076241717 -0.02004888 -0.022994861 0.011274144
0.435 -0.02772719 0.01733504 -0.02046149 0.001159099 -0.007620508 -0.021248676 -0.02307862 0.011572488
0.4355 -0.02749885 0.01581921 -0.02080487 0.001948927 -0.0074974764 -0.022075161 -0.023031399 0.012034494
0.436 -0.02726142 0.01434491 -0.02112963 0.002748602 -0.007279843 -0.022609428 -0.02288507 0.012625869
0.4365 -0.02701554 0.01291109 -0.02144222 0.00355744 -0.006988311 -0.022916034 -0.022662818 0.013318632
0.43700000000000006 -0.02676189 0.01151647 -0.02174624 0.004374876 -0.006639736 -0.02304487 -0.022381589 0.01409103
0.4375 -0.02650098 0.01015975 -0.02204352 0.005200449 -0.0062469617 -0.023034535 -0.022053614 0.014926437
0.43799999999999994 -0.02623319 0.008839639 -0.0223348 0.006033775999999999 -0.0058197957 -0.022914559 -0.021689236 0.015811939
0.4385 -0.02595879 0.007554951999999999 -0.02262029 0.006874535 -0.00536599 -0.022708423 -0.021295309 0.016737316
0.439 -0.02567793 0.006304584 -0.02289989 0.0077224369999999995 -0.0048915613 -0.022433788 -0.020878017 0.017694872
0.4395 -0.02539075 0.005087541 -0.02317339 0.008577179 -0.0044013746 -0.022104986 -0.020441577 0.018678118
0.44 -0.02509734 0.0039028759999999996 -0.02344053 0.009438561 -0.0038990993 -0.021732792 -0.019989595 0.01968233
0.4405 -0.02479773 0.002749696 -0.0237011 0.01030644 -0.003387942 -0.021325909 -0.019524544 0.020703461
0.441 -0.02449197 0.001627164 -0.0239549 0.01118066 -0.0028700568 -0.020890802 -0.019048288 0.021738809
0.4415 -0.0241801 0.0005344934 -0.02420176 0.0120611 -0.0023470568 -0.02043248 -0.018562734 0.022785995
0.442 -0.02386217 -0.0005290777 -0.02444158 0.01294764 -0.0018205363 -0.019955091 -0.018068925 0.023843136
0.4425 -0.02353825 -0.00156425 -0.02467429 0.01384014 -0.001291478 -0.01946152 -0.017567828 0.024908904
0.44299999999999995 -0.02320841 -0.002571576 -0.02489984 0.01473804 -0.00076078344 -0.018954262 -0.017060027 0.025982235
0.4435 -0.0228737 -0.003550432 -0.025118900000000003 0.01563405 -0.00022890419 -0.01843515 -0.016546339 0.027062323
0.444 -0.02253483 -0.0045020220000000005 -0.02533155 0.01653192 0.00030346215 -0.017905533 -0.016027302 0.028148416
0.4445 -0.02219059 -0.005427693000000001 -0.02553696 0.01743669 0.00083591416 -0.017366745 -0.01550287 0.029239926
0.445 -0.02184181 -0.006327343000000001 -0.02573674 0.01834261 0.0013681911 -0.016819485 -0.01497364 0.030336592
0.4455 -0.02148916 -0.00720204 -0.02593066 0.01925059 0.0019000731 -0.016264595 -0.014439836 0.03143793
0.446 -0.02113065 -0.008053124 -0.026116700000000003 0.02016662 0.0024312707 -0.015702486 -0.013901338 0.03254376
0.4465 -0.0207652 -0.008881376 -0.026294400000000002 0.02109191 0.002961835 -0.015133657 -0.013358712 0.033653814
0.447 -0.02039276 -0.009687316 -0.02646404 0.02202594 0.003491358 -0.014558323 -0.012811869 0.034768004
0.4475 -0.0200137 -0.01047135 -0.02662607 0.02296789 0.0040200176 -0.013977006 -0.012260944 0.035886038
0.44799999999999995 -0.01962848 -0.01123386 -0.02678087 0.02391702 0.004547581 -0.013389587 -0.011705935 0.037008006
0.4485 -0.01923751 -0.011975200000000002 -0.02692874 0.02487272 0.0050739883 -0.012796529 -0.011147022 0.038133632
0.449 -0.01884107 -0.01269574 -0.02706988 0.02583449 0.005599234 -0.012197845 -0.010584295 0.039262872
0.4495 -0.01843941 -0.01339586 -0.02720445 0.02680191 0.0061232755 -0.011593588 -0.010017782 0.040395644
0.45 -0.01803268 -0.01407595 -0.02733256 0.02777466 0.0066459742 -0.010984011 -0.009447262 0.041531872
0.4505 -0.01762099 -0.01473641 -0.0274543 0.02875247 0.007167454 -0.010368973 -0.008873165 0.042671647
0.451 -0.01720444 -0.01537764 -0.02756975 0.02973511 0.007687593 -0.009748772 -0.008295447 0.043814633
0.4515 -0.0167831 -0.01600003 -0.02767898 0.0307224 0.0082064355 -0.00912337 -0.007714063 0.04496098
0.452 -0.01635705 -0.01660398 -0.02778205 0.03171419 0.008723915 -0.008492745 -0.0071290284 0.04611061
0.4525 -0.01592632 -0.01718989 -0.02787904 0.03271034 0.009239998 -0.007857144 -0.0065404475 0.047263395
0.45299999999999996 -0.015491 -0.01775815 -0.02797 0.033710699999999996 0.009754569 -0.007216379 -0.005948171 0.04841942
0.4535 -0.01505115 -0.01830915 -0.02805502 0.03471516 0.010267866 -0.006570682 -0.0053527206 0.04957849
0.45399999999999996 -0.01460679 -0.01884327 -0.02813415 0.03572364 0.010779749 -0.0059200227 -0.0047537237 0.05074059
0.4545 -0.01415799 -0.01936088 -0.02820746 0.0367361 0.011290068 -0.0052643865 -0.004151091 0.05190577
0.455 -0.01370478 -0.01986233 -0.02827501 0.03775245 0.011799001 -0.00460393 -0.0035452396 0.053073924
0.4555 -0.01324722 -0.020347999999999998 -0.02833688 0.03877263 0.012306384 -0.0039386377 -0.0029360056 0.054244895
0.456 -0.01278537 -0.02081822 -0.02839312 0.03979659 0.01281237 -0.00326854 -0.0023234934 0.055418853
0.4565 -0.01231927 -0.02127334 -0.02844381 0.04082426 0.013316733 -0.0025937036 -0.0017077476 0.05659553
0.457 -0.011849 -0.02171369 -0.02848901 0.04185558 0.013819663 -0.0019142106 -0.001088649 0.057775054
0.4575 -0.01137459 -0.02213959 -0.02852879 0.0428905 0.0143210795 -0.0012299865 -0.00046648085 0.058957223
0.45799999999999996 -0.01089605 -0.02250079 -0.02856217 0.04392966 0.014820839 -0.0005411431 0.00015896559 0.06014214
0.4585 -0.01041334 -0.02281009 -0.02858781 0.04497268 0.015319118 0.00015220046 0.00078742206 0.06132963
0.45899999999999996 -0.009926691 -0.02310548 -0.02860703 0.04601878 0.01581584 0.00085012615 0.0014190674 0.062519744
0.4595 -0.009436208 -0.02340325 -0.02862108 0.04706793 0.016310945 0.0015524402 0.0020536035 0.063712284
0.46 -0.008941928 -0.02370882 -0.02863068 0.04812018 0.016804408 0.002259262 0.002691254 0.06490737
0.4605 -0.008443874 -0.02402216 -0.02863616 0.04917555 0.017296296 0.0029703677 0.0033318698 0.066104785
0.461 -0.007942071 -0.02434079 -0.0286376 0.05023405 0.017786605 0.0036858618 0.0039752275 0.06730464
0.4615 -0.007436555 -0.02466145 -0.02863498 0.05129568 0.018275134 0.0044055954 0.0046215653 0.0685067
0.462 -0.006927361999999999 -0.02498086 -0.02862823 0.05236042 0.018762063 0.005129531 0.0052706897 0.06971106
0.4625 -0.006414715 -0.02529593 -0.02861732 0.05342656 0.019247338 0.0058576465 0.0059226453 0.07091761
0.46299999999999997 -0.005901469 -0.02560305 -0.02860336 0.05448253 0.019730914 0.0065898597 0.006577164 0.07212627
0.4635 -0.0053875730000000005 -0.02590127 -0.02858608 0.05553722 0.02021279 0.0073260367 0.007234499 0.073336914
0.46399999999999997 -0.00487019 -0.02619004 -0.02856412 0.05659783 0.020692937 0.008066416 0.007894427 0.07454972
0.4645 -0.004347883 -0.02646869 -0.02853698 0.05766556 0.021171395 0.00881052 0.008556962 0.07576436
0.465 -0.003820508 -0.02673668 -0.02850475 0.05873987 0.021648053 0.009558581 0.009221926 0.07698095
0.4655 -0.0032884470000000003 -0.02699365 -0.02846765 0.05981998 0.022123022 0.010310449 0.009889513 0.07819939
0.466 -0.0027522490000000004 -0.02723877 -0.02842594 0.0609063 0.022596087 0.011066034 0.010559455 0.07941949
0.4665 -0.002212257 -0.02747162 -0.02837985 0.06199805 0.023067515 0.011825308 0.011231884 0.080641404
0.467 -0.0016682420000000001 -0.02769305 -0.02832943 0.06309318 0.023537047 0.01258827 0.01190649 0.08186489
0.4675 -0.0011204639999999998 -0.02790364 -0.02827472 0.06419144 0.024004795 0.013354644 0.012583464 0.08308999
0.46799999999999997 -0.0005693609 -0.02810374 -0.02821582 0.06529272 0.02447074 0.014124632 0.013262659 0.08431658
0.4685 -1.526606e-05 -0.02829364 -0.028152800000000002 0.06639692 0.024934776 0.014897972 0.0139440745 0.085544616
0.469 0.0005416468 -0.02847354 -0.02808575 0.06750394 0.025397051 0.015674725 0.014627546 0.086774096
0.4695 0.001101344 -0.02864365 -0.02801471 0.0686137 0.025857314 0.016454674 0.015313119 0.08800486
0.47 0.00166382 -0.02880418 -0.02793975 0.06972613 0.026315715 0.017237864 0.016000733 0.089236856
0.4705 0.002229067 -0.02895538 -0.02786092 0.07084112 0.026772369 0.018024214 0.016690284 0.09047012
0.47100000000000003 0.002797074 -0.029097500000000002 -0.02777828 0.07195862 0.027227 0.018813752 0.017381728 0.09170441
0.4715 0.003367834 -0.02923081 -0.02769186 0.07307855 0.027679699 0.019606166 0.018075153 0.09293984
0.47200000000000003 0.003941334 -0.02935555 -0.02760174 0.07420086 0.028130522 0.02040165 0.018770166 0.09417629
0.4725 0.00451756 -0.02947198 -0.02750795 0.07532549 0.02857934 0.021199867 0.019467019 0.09541358
0.473 0.005096493 -0.02958033 -0.02741054 0.07645239 0.029026166 0.022000857 0.02016563 0.09665172
0.4735 0.005678109000000001 -0.02968084 -0.02730957 0.07758153 0.029471038 0.022804677 0.02086582 0.09789072
0.474 0.0062623819999999995 -0.02977372 -0.02720508 0.07871287 0.029913936 0.023611076 0.021567538 0.09913039
0.4745 0.006849284000000001 -0.02985918 -0.02709712 0.07984636 0.030354759 0.024420023 0.022270836 0.100370735
0.475 0.007438783000000001 -0.02993743 -0.02698573 0.08098198 0.030793661 0.025231533 0.022975571 0.10161166
0.4755 0.008030848 -0.03000865 -0.02687098 0.08211969 0.031230489 0.026045531 0.023681693 0.10285315
0.47600000000000003 0.008625445 -0.03007303 -0.02675289 0.08325946 0.031665303 0.026861757 0.024389088 0.10409504
0.4765 0.009222528 -0.03013072 -0.02663152 0.08439825 0.032097995 0.0276803 0.025097892 0.10533728
0.47700000000000004 0.00982192 -0.03018191 -0.02650692 0.08553144 0.032528717 0.028501034 0.025807723 0.106579855
0.4775 0.01042353 -0.03022674 -0.02637914 0.08666793 0.03295722 0.029323868 0.026519008 0.1078227
0.478 0.01102743 -0.03026536 -0.02624822 0.08780894 0.033383712 0.030148804 0.027231231 0.1090657
0.4785 0.01163367 -0.03029792 -0.0261142 0.08895396 0.033808157 0.030975632 0.027944453 0.11030881
0.479 0.01224224 -0.03032456 -0.02597714 0.09010244 0.03423039 0.031804375 0.028658696 0.111551896
0.4795 0.012853100000000001 -0.03034542 -0.02583708 0.09125394 0.034650438 0.032634877 0.029373914 0.112794966
0.48 0.01346627 -0.03036063 -0.02569406 0.09240816 0.035068512 0.03346715 0.030090027 0.114038035
0.4805 0.01408168 -0.03037029 -0.0255481 0.09356484 0.035484325 0.034301117 0.030806743 0.11528082
0.48100000000000004 0.01469944 -0.03037448 -0.02539924 0.09472383 0.035898022 0.035136484 0.031524427 0.11652334
0.4815 0.01531956 -0.03037332 -0.02524752 0.09588499 0.036309563 0.035973545 0.032242656 0.11776559
0.48200000000000004 0.01594198 -0.03036692 -0.02509296 0.09704818 0.036718942 0.03681204 0.03296163 0.11900751
0.4825 0.0165666 -0.03035542 -0.02493563 0.09821331 0.037126116 0.03765187 0.03368096 0.12024897
0.483 0.01719336 -0.03033891 -0.02477555 0.09938029 0.03753107 0.03849287 0.03440091 0.12148984
0.4835 0.01782221 -0.03031751 -0.02461277 0.10054910000000002 0.03793378 0.039335128 0.035121366 0.12273021
0.484 0.01845309 -0.03029133 -0.02444732 0.10171960000000001 0.038334288 0.04017845 0.0358421 0.12396988
0.4845 0.01908596 -0.03026046 -0.02427925 0.10289169999999999 0.038732655 0.041022804 0.03656321 0.12520884
0.485 0.0197208 -0.03022501 -0.02410859 0.10406549999999999 0.039128713 0.041868214 0.03728438 0.12644696
0.4855 0.02035763 -0.03018505 -0.02393537 0.10524100000000002 0.039522566 0.042714417 0.038006134 0.12768431
0.486 0.02099648 -0.03014069 -0.02375964 0.10641800000000001 0.03991416 0.043561567 0.038727716 0.12892072
0.4865 0.02163729 -0.03009201 -0.02358142 0.10759660000000001 0.04030357 0.044409294 0.039449394 0.13015611
0.48700000000000004 0.02227996 -0.03003909 -0.02340076 0.1087767 0.04069067 0.045257904 0.040171057 0.13139053
0.4875 0.02292444 -0.02998202 -0.02321768 0.10995839999999998 0.041075446 0.046106897 0.04089281 0.13262375
0.488 0.02357069 -0.02992087 -0.02303223 0.11114149999999999 0.04145802 0.046956494 0.041614406 0.13385585
0.4885 0.02421867 -0.02985572 -0.02284443 0.1123261 0.041838348 0.047806457 0.042335697 0.13508657
0.489 0.02486837 -0.02978666 -0.02265432 0.1135121 0.04221634 0.048656963 0.04305686 0.13631615
0.4895 0.02551979 -0.02971375 -0.02246192 0.1146995 0.04259203 0.04950764 0.043777697 0.13754427
0.49 0.02617291 -0.02963707 -0.02226729 0.1158883 0.04296547 0.050358504 0.044498175 0.13877095
0.4905 0.02682769 -0.02955669 -0.02207043 0.1170785 0.0433366 0.05120971 0.04521823 0.1399962
0.491 0.02748391 -0.02947271 -0.02187143 0.11826969999999999 0.04370542 0.05206076 0.045937836 0.1412198
0.4915 0.0281414 -0.02938521 -0.02167034 0.11946199999999998 0.04407192 0.052911945 0.046656944 0.1424418
0.49200000000000005 0.02880031 -0.02929426 -0.02146717 0.12065530000000001 0.044436157 0.053763114 0.04737541 0.14366215
0.4925 0.0294608 -0.02919993 -0.02126192 0.1218499 0.044798203 0.05461414 0.048093066 0.14488076
0.493 0.03012295 -0.02910226 -0.0210546 0.12304580000000001 0.045157686 0.055464946 0.048810296 0.14609751
0.4935 0.03078675 -0.02900132 -0.02084523 0.124243 0.04551512 0.05631557 0.049526535 0.1473125
0.494 0.0314522 -0.02889716 -0.02063384 0.12544149999999998 0.045870103 0.05716586 0.050241955 0.14852546
0.4945 0.03211925 -0.02878983 -0.02042046 0.1266412 0.046222843 0.05801576 0.050956517 0.14973655
0.495 0.03278788 -0.02867938 -0.02020512 0.1278422 0.04657311 0.05886518 0.051670194 0.15094547
0.4955 0.03345805 -0.02856587 -0.01998784 0.1290445 0.04692123 0.059714023 0.05238294 0.15215248
0.496 0.03412974 -0.02844935 -0.01976866 0.1302481 0.047267042 0.060562387 0.053094223 0.15335722
0.4965 0.03480291 -0.02832988 -0.0195476 0.13145279999999998 0.04761049 0.061410002 0.05380469 0.15455975
0.49700000000000005 0.03547754 -0.02820751 -0.0193247 0.1326588 0.04795172 0.062257122 0.054513924 0.15576017
0.4975 0.03615361 -0.028082299999999998 -0.01909997 0.133866 0.048290573 0.06310334 0.05522182 0.1569581
0.498 0.03683108 -0.02795428 -0.01887345 0.13507439999999998 0.048627116 0.06394887 0.05592855 0.15815379
0.4985 0.03750995 -0.02782352 -0.01864515 0.13628389999999999 0.04896149 0.0647935 0.056633815 0.15934712
0.499 0.03819019 -0.02769006 -0.01841511 0.13749470000000003 0.049293496 0.06563714 0.057337724 0.16053787
0.4995 0.03887177 -0.02755395 -0.01818335 0.1387065 0.049623244 0.06647988 0.058040112 0.16172618
