9.088892489671707153e-02 8.413684368133544922e-02
8.694383502006530762e-02 8.030074834823608398e-02
8.321385830640792847e-02 7.669787853956222534e-02
7.970019429922103882e-02 7.332778722047805786e-02
7.640229910612106323e-02 7.018675655126571655e-02
7.331760227680206299e-02 6.726882606744766235e-02
7.044150680303573608e-02 6.456642597913742065e-02
6.776734441518783569e-02 6.207012757658958435e-02
6.528637558221817017e-02 5.976880341768264771e-02
6.298816949129104614e-02 5.765004828572273254e-02
6.086118891835212708e-02 5.570075660943984985e-02
5.889335274696350098e-02 5.390768498182296753e-02
5.707251653075218201e-02 5.225785076618194580e-02
5.538685992360115051e-02 5.073896050453186035e-02
5.382518470287322998e-02 4.933962225914001465e-02
5.237711220979690552e-02 4.804943129420280457e-02
5.103318393230438232e-02 4.685900360345840454e-02
4.978486895561218262e-02 4.575993865728378296e-02
4.862451553344726562e-02 4.474471881985664368e-02
4.754529893398284912e-02 4.380658641457557678e-02
4.654105752706527710e-02 4.293941333889961243e-02
4.560623690485954285e-02 4.213752225041389465e-02
4.473569244146347046e-02 4.139556363224983215e-02
4.392455890774726868e-02 4.070838168263435364e-02
4.316818714141845703e-02 4.007097333669662476e-02
4.246202111244201660e-02 3.947840631008148193e-02
4.180157184600830078e-02 3.892584145069122314e-02
4.118240252137184143e-02 3.840854763984680176e-02
4.060012102127075195e-02 3.792196884751319885e-02
4.005044698715209961e-02 3.746177628636360168e-02
3.952923417091369629e-02 3.702396154403686523e-02
3.903260454535484314e-02 3.660493344068527222e-02
3.855698183178901672e-02 3.620157018303871155e-02
3.809920698404312134e-02 3.581129759550094604e-02
3.765657171607017517e-02 3.543209284543991089e-02
3.722685948014259338e-02 3.506246209144592285e-02
3.680834919214248657e-02 3.470140323042869568e-02
3.639978170394897461e-02 3.434833511710166931e-02
3.600028902292251587e-02 3.400302305817604065e-02
3.560934960842132568e-02 3.366545587778091431e-02
3.522666171193122864e-02 3.333579003810882568e-02
3.485209867358207703e-02 3.301422297954559326e-02
3.448560088872909546e-02 3.270094469189643860e-02
3.412712365388870239e-02 3.239608928561210632e-02
3.377659991383552551e-02 3.209968283772468567e-02
3.343389928340911865e-02 3.181165456771850586e-02
3.309882804751396179e-02 3.153182938694953918e-02
3.277114406228065491e-02 3.125995397567749023e-02
3.245054185390472412e-02 3.099571540951728821e-02
3.213671967387199402e-02 3.073876909911632538e-02
3.182935342192649841e-02 3.048877045512199402e-02
3.152814507484436035e-02 3.024536743760108948e-02
3.123282082378864288e-02 3.000824339687824249e-02
3.094313107430934906e-02 2.977707795798778534e-02
3.065885044634342194e-02 2.955158613622188568e-02
3.037978522479534149e-02 2.933148108422756195e-02
3.010574355721473694e-02 2.911647409200668335e-02
2.983652986586093903e-02 2.890627086162567139e-02
2.957194857299327850e-02 2.870056405663490295e-02
2.931177616119384766e-02 2.849905751645565033e-02
2.905578911304473877e-02 2.830142900347709656e-02
2.880374714732170105e-02 2.810738794505596161e-02
2.855541370809078217e-02 2.791665680706501007e-02
2.831056155264377594e-02 2.772898599505424500e-02
2.806896902620792389e-02 2.754415571689605713e-02
2.783045917749404907e-02 2.736200205981731415e-02
2.759486064314842224e-02 2.718238532543182373e-02
2.736205421388149261e-02 2.700520865619182587e-02
2.713193744421005249e-02 2.683041058480739594e-02
2.690443024039268494e-02 2.665794081985950470e-02
2.667948603630065918e-02 2.648775093257427216e-02
2.645705640316009521e-02 2.631980925798416138e-02
2.623710408806800842e-02 2.615407668054103851e-02
2.601958997547626495e-02 2.599049732089042664e-02
2.580447681248188019e-02 2.582899853587150574e-02
2.559171989560127258e-02 2.566951513290405273e-02
2.538126893341541290e-02 2.551195025444030762e-02
2.517307363450527191e-02 2.535622194409370422e-02
2.496708370745182037e-02 2.520223520696163177e-02
2.476325072348117828e-02 2.504988946020603180e-02
2.456152439117431641e-02 2.489909902215003967e-02
2.436186186969280243e-02 2.474979497492313385e-02
2.416422031819820404e-02 2.460190095007419586e-02
2.396857179701328278e-02 2.445534057915210724e-02
2.377487532794475555e-02 2.431006543338298798e-02
2.358309924602508545e-02 2.416602522134780884e-02
2.339321374893188477e-02 2.402318641543388367e-02
2.320519089698791504e-02 2.388151921331882477e-02
2.301900275051593781e-02 2.374100871384143829e-02
2.283462509512901306e-02 2.360164374113082886e-02
2.265202999114990234e-02 2.346343919634819031e-02
2.247120253741741180e-02 2.332639880478382111e-02
2.229212597012519836e-02 2.319054864346981049e-02
2.211479470133781433e-02 2.305591478943824768e-02
2.193919755518436432e-02 2.292254380881786346e-02
2.176533825695514679e-02 2.279046736657619476e-02
2.159321866929531097e-02 2.265971340239048004e-02
2.142284438014030457e-02 2.253033220767974854e-02
2.125422284007072449e-02 2.240236476063728333e-02
2.108736336231231689e-02 2.227582782506942749e-02
2.092227712273597717e-02 2.215074375271797180e-02
2.075897529721260071e-02 2.202714607119560242e-02
2.059746906161308289e-02 2.190503664314746857e-02
2.043776772916316986e-02 2.178442478179931641e-02
2.027988433837890625e-02 2.166532911360263824e-02
2.012383006513118744e-02 2.154773846268653870e-02
1.996961608529090881e-02 2.143166400492191315e-02
1.981725730001926422e-02 2.131709270179271698e-02
1.966676488518714905e-02 2.120403945446014404e-02
1.951814815402030945e-02 2.109248191118240356e-02
1.937142573297023773e-02 2.098243497312068939e-02
1.922659948468208313e-02 2.087389305233955383e-02
1.908368617296218872e-02 2.076685428619384766e-02
1.894268766045570374e-02 2.066132239997386932e-02
1.880362071096897125e-02 2.055730298161506653e-02
1.866648532450199127e-02 2.045479789376258850e-02
1.853129081428050995e-02 2.035381458699703217e-02
1.839804090559482574e-02 2.025436423718929291e-02
1.826673932373523712e-02 2.015645243227481842e-02
1.813739165663719177e-02 2.006009407341480255e-02
1.800999976694583893e-02 1.996529474854469299e-02
1.788455806672573090e-02 1.987206190824508667e-02
1.776107586920261383e-02 1.978040859103202820e-02
1.763954758644104004e-02 1.969033293426036835e-02
1.751997135579586029e-02 1.960184052586555481e-02
1.740234345197677612e-02 1.951493136584758759e-02
1.728665828704833984e-02 1.942960731685161591e-02
1.717290841042995453e-02 1.934586092829704285e-02
1.706109195947647095e-02 1.926368474960327148e-02
1.695119775831699371e-02 1.918307133018970490e-02
1.684321835637092590e-02 1.910400763154029846e-02
1.673714630305767059e-02 1.902647502720355988e-02
1.663297042250633240e-02 1.895046606659889221e-02
1.653068140149116516e-02 1.887595839798450470e-02
1.643026806414127350e-02 1.880293525755405426e-02
1.633171737194061279e-02 1.873137615621089935e-02
1.623502001166343689e-02 1.866126060485839844e-02
1.614016480743885040e-02 1.859256811439990997e-02
1.604713499546051025e-02 1.852527633309364319e-02
1.595591567456722260e-02 1.845935732126235962e-02
1.586649566888809204e-02 1.839479804039001465e-02
1.577885821461677551e-02 1.833156123757362366e-02
1.569298654794692993e-02 1.826963201165199280e-02
1.560886576771736145e-02 1.820898056030273438e-02
1.552647445350885391e-02 1.814958080649375916e-02
1.544579118490219116e-02 1.809140108525753021e-02
1.536679826676845551e-02 1.803441718220710754e-02
1.528947148472070694e-02 1.797859556972980499e-02
1.521378755569458008e-02 1.792390085756778717e-02
1.513971854001283646e-02 1.787030696868896484e-02
1.506723929196596146e-02 1.781776733696460724e-02
1.499631348997354507e-02 1.776625029742717743e-02
1.492691691964864731e-02 1.771571673452854156e-02
1.485901046544313431e-02 1.766612753272056580e-02
1.479256153106689453e-02 1.761743985116481781e-02
1.472753100097179413e-02 1.756961084902286530e-02
1.466387975960969925e-02 1.752259396016597748e-02
1.460156217217445374e-02 1.747634820640087128e-02
1.454053632915019989e-02 1.743082515895366669e-02
1.448076032102108002e-02 1.738597638905048370e-02
1.442218199372291565e-02 1.734175905585289001e-02
1.436475198715925217e-02 1.729812659323215485e-02
1.430842280387878418e-02 1.725502870976924896e-02
1.425313856452703476e-02 1.721242070198059082e-02
1.419884990900754929e-02 1.717025414109230042e-02
1.414550188928842545e-02 1.712848432362079620e-02
1.409303862601518631e-02 1.708706282079219818e-02
1.404140610247850418e-02 1.704595424234867096e-02
1.399054843932390213e-02 1.700510643422603607e-02
1.394041255116462708e-02 1.696448028087615967e-02
1.389094069600105286e-02 1.692403480410575867e-02
1.384208071976900101e-02 1.688373275101184845e-02
1.379377860575914383e-02 1.684353500604629517e-02
1.374598406255245209e-02 1.680340617895126343e-02
1.369864493608474731e-02 1.676330342888832092e-02
1.365171093493700027e-02 1.672320999205112457e-02
1.360513642430305481e-02 1.668308302760124207e-02
1.355887483805418015e-02 1.664289832115173340e-02
1.351288426667451859e-02 1.660262793302536011e-02
1.346712466329336166e-02 1.656224951148033142e-02
1.342155411839485168e-02 1.652174070477485657e-02
1.337614096701145172e-02 1.648108102381229401e-02
1.333084981888532639e-02 1.644025184214115143e-02
1.328564900904893875e-02 1.639924198389053345e-02
1.324051339179277420e-02 1.635803282260894775e-02
1.319541595876216888e-02 1.631661877036094666e-02
1.315033156424760818e-02 1.627498865127563477e-02
1.310524251312017441e-02 1.623314246535301208e-02
1.306013017892837524e-02 1.619106903672218323e-02
1.301497686654329300e-02 1.614877395331859589e-02
1.296976953744888306e-02 1.610625535249710083e-02
1.292449794709682465e-02 1.606351695954799652e-02
1.287914998829364777e-02 1.602056249976158142e-02
1.283371914178133011e-02 1.597739569842815399e-02
1.278819609433412552e-02 1.593402773141860962e-02
1.274257246404886246e-02 1.589046604931354523e-02
1.269684638828039169e-02 1.584672555327415466e-02
1.265101134777069092e-02 1.580280996859073639e-02
1.260506734251976013e-02 1.575873605906963348e-02
1.255900599062442780e-02 1.571451500058174133e-02
1.251282542943954468e-02 1.567015610635280609e-02
1.246652100235223770e-02 1.562567427754402161e-02
1.242009084671735764e-02 1.558107882738113403e-02
1.237352844327688217e-02 1.553638279438018799e-02
1.232683099806308746e-02 1.549159828573465347e-02
1.227999292314052582e-02 1.544672995805740356e-02
1.223300583660602570e-02 1.540178712457418442e-02
1.218586601316928864e-02 1.535677816718816757e-02
1.213856320828199387e-02 1.531170681118965149e-02
1.209108717739582062e-02 1.526657678186893463e-02
1.204343233257532120e-02 1.522138994187116623e-02
1.199558377265930176e-02 1.517614722251892090e-02
1.194752939045429230e-02 1.513084117323160172e-02
1.189925894141197205e-02 1.508547365665435791e-02
1.185075379908084869e-02 1.504003908485174179e-02
1.180200092494487762e-02 1.499452535063028336e-02
1.175298541784286499e-02 1.494892314076423645e-02
1.170368492603302002e-02 1.490322127938270569e-02
1.165408268570899963e-02 1.485740672796964645e-02
1.160416286438703537e-02 1.481146551668643951e-02
1.155390031635761261e-02 1.476538274437189102e-02
1.150327268987894058e-02 1.471913605928421021e-02
1.145226322114467621e-02 1.467270776629447937e-02
1.140084397047758102e-02 1.462608203291893005e-02
1.134899258613586426e-02 1.457923278212547302e-02
1.129668578505516052e-02 1.453213207423686981e-02
1.124389842152595520e-02 1.448476593941450119e-02
1.119060348719358444e-02 1.443710364401340485e-02
1.113677490502595901e-02 1.438912842422723770e-02
1.108238939195871353e-02 1.434080768376588821e-02
1.102741714566946030e-02 1.429211255162954330e-02
1.097183302044868469e-02 1.424302067607641220e-02
1.091560814529657364e-02 1.419350411742925644e-02
1.085871551185846329e-02 1.414354238659143448e-02
1.080112718045711517e-02 1.409309078007936478e-02
1.074281614273786545e-02 1.404213439673185349e-02
1.068375352770090103e-02 1.399064064025878906e-02
1.062391046434640884e-02 1.393858622759580612e-02
1.056326087564229965e-02 1.388593856245279312e-02
1.050177309662103653e-02 1.383267343044281006e-02
1.043942198157310486e-02 1.377876475453376770e-02
1.037617679685354233e-02 1.372418366372585297e-02
1.031201053410768509e-02 1.366890594363212585e-02
1.024689618498086929e-02 1.361290551722049713e-02
1.018080487847328186e-02 1.355616282671689987e-02
1.011370960623025894e-02 1.349865086376667023e-02
1.004558429121971130e-02 1.344035379588603973e-02
9.976400062441825867e-03 1.338124834001064301e-02
9.906133636832237244e-03 1.332131959497928619e-02
9.834758937358856201e-03 1.326054520905017853e-02
9.762251749634742737e-03 1.319891680032014847e-02
9.688590653240680695e-03 1.313641853630542755e-02
9.613755159080028534e-03 1.307304110378026962e-02
9.537723846733570099e-03 1.300877984613180161e-02
9.460479952394962311e-03 1.294362451881170273e-02
9.382008574903011322e-03 1.287757884711027145e-02
9.302300401031970978e-03 1.281064283102750778e-02
9.221344254910945892e-03 1.274281926453113556e-02
9.139134548604488373e-03 1.267411559820175171e-02
9.055673144757747650e-03 1.260454393923282623e-02
8.970962837338447571e-03 1.253412477672100067e-02
8.885017596185207367e-03 1.246287301182746887e-02
8.797849528491497040e-03 1.239081844687461853e-02
8.709485642611980438e-03 1.231798157095909119e-02
8.619956672191619873e-03 1.224440615624189377e-02
8.529307320713996887e-03 1.217012573033571243e-02
8.437585085630416870e-03 1.209518779069185257e-02
8.344856090843677521e-03 1.201963238418102264e-02
8.251191116869449615e-03 1.194351911544799805e-02
8.156680501997470856e-03 1.186689734458923340e-02
8.061421103775501251e-03 1.178983040153980255e-02
7.965530268847942352e-03 1.171236857771873474e-02
7.869135588407516479e-03 1.163458824157714844e-02
7.772380020469427109e-03 1.155653875321149826e-02
7.675416767597198486e-03 1.147828437387943268e-02
7.578418590128421783e-03 1.139988563954830170e-02
7.481564301997423172e-03 1.132139936089515686e-02
7.385043427348136902e-03 1.124287303537130356e-02
7.289050146937370300e-03 1.116435602307319641e-02
7.193784229457378387e-03 1.108587998896837234e-02
7.099445909261703491e-03 1.100748032331466675e-02
7.006228435784578323e-03 1.092917751520872116e-02
6.914322730153799057e-03 1.085098274052143097e-02
6.823903881013393402e-03 1.077289134263992310e-02
6.735135801136493683e-03 1.069490145891904831e-02
6.648162845522165298e-03 1.061699446290731430e-02
6.563110277056694031e-03 1.053913589566946030e-02
6.480087060481309891e-03 1.046130340546369553e-02
6.399177480489015579e-03 1.038345787674188614e-02
6.320444867014884949e-03 1.030556671321392059e-02
6.243931129574775696e-03 1.022759824991226196e-02
6.169663276523351669e-03 1.014952734112739563e-02
6.097647827118635178e-03 1.007134746760129929e-02
6.027874536812305450e-03 9.993066079914569855e-03
5.960321053862571716e-03 9.914687834680080414e-03
5.894955247640609741e-03 9.836264885962009430e-03
5.831731483340263367e-03 9.757845662534236908e-03
5.770599935203790665e-03 9.679497219622135162e-03
5.711502395570278168e-03 9.601313620805740356e-03
5.654375534504652023e-03 9.523393586277961731e-03
5.599149502813816071e-03 9.445847012102603912e-03
5.545755848288536072e-03 9.368786588311195374e-03
5.494117271155118942e-03 9.292329661548137665e-03
5.444158334285020828e-03 9.216585196554660797e-03
5.395795684307813644e-03 9.141668677330017090e-03
5.348951555788516998e-03 9.067680686712265015e-03
5.303542129695415497e-03 8.994721807539463043e-03
5.259480327367782593e-03 8.922863751649856567e-03
5.216684192419052124e-03 8.852201513946056366e-03
5.175069905817508698e-03 8.782781660556793213e-03
5.134555045515298843e-03 8.714672178030014038e-03
5.095059052109718323e-03 8.647912181913852692e-03
5.056508816778659821e-03 8.582530543208122253e-03
5.018827039748430252e-03 8.518562652170658112e-03
4.981949459761381149e-03 8.456028066575527191e-03
4.945813212543725967e-03 8.394930511713027954e-03
4.910356830805540085e-03 8.335283026099205017e-03
4.875532351434230804e-03 8.277089335024356842e-03
4.841293208301067352e-03 8.220345713198184967e-03
4.807597957551479340e-03 8.165037259459495544e-03
4.774411208927631378e-03 8.111169561743736267e-03
4.741702228784561157e-03 8.058721199631690979e-03
4.709443543106317520e-03 8.007675409317016602e-03
4.677614662796258926e-03 7.958006113767623901e-03
4.646194633096456528e-03 7.909688167273998260e-03
4.615167621523141861e-03 7.862688042223453522e-03
4.584519192576408386e-03 7.816961035132408142e-03
4.554235376417636871e-03 7.772476412355899811e-03
4.524306394159793854e-03 7.729172706604003906e-03
4.494722932577133179e-03 7.687002420425415039e-03
4.465474281460046768e-03 7.645911537110805511e-03
4.436552990227937698e-03 7.605840452015399933e-03
4.407952539622783661e-03 7.566731423139572144e-03
4.379663616418838501e-03 7.528524845838546753e-03
4.351682495325803757e-03 7.491161115467548370e-03
4.324000328779220581e-03 7.454579230397939682e-03
4.296613391488790512e-03 7.418723311275243759e-03
4.269516561180353165e-03 7.383535616099834442e-03
4.242706112563610077e-03 7.348961662501096725e-03
4.216173663735389709e-03 7.314953021705150604e-03
4.189920146018266678e-03 7.281472906470298767e-03
4.163939505815505981e-03 7.248468231409788132e-03
4.138228483498096466e-03 7.215905934572219849e-03
4.112783819437026978e-03 7.183752488344907761e-03
4.087603650987148285e-03 7.151979021728038788e-03
4.062684718519449234e-03 7.120558060705661774e-03
4.038023762404918671e-03 7.089467719197273254e-03
4.013619385659694672e-03 7.058688905090093613e-03
3.989466466009616852e-03 7.028206717222929001e-03
3.965564537793397903e-03 6.998009514063596725e-03
3.941909875720739365e-03 6.968083791434764862e-03
3.918501082807779312e-03 6.938430946320295334e-03
3.895335365086793900e-03 6.909042131155729294e-03
3.872408764436841011e-03 6.879914086312055588e-03
3.849720116704702377e-03 6.851052865386009216e-03
3.827265463769435883e-03 6.822458002716302872e-03
3.805044572800397873e-03 6.794132292270660400e-03
3.783052787184715271e-03 6.766081321984529495e-03
3.761289175599813461e-03 6.738310214132070541e-03
3.739750944077968597e-03 6.710826884955167770e-03
3.718435764312744141e-03 6.683636456727981567e-03
3.697340376675128937e-03 6.656749173998832703e-03
3.676464548334479332e-03 6.630168296396732330e-03
3.655803622677922249e-03 6.603887304663658142e-03
3.635356202721595764e-03 6.577922031283378601e-03
3.615120425820350647e-03 6.552272010594606400e-03
3.595091635361313820e-03 6.526935379952192307e-03
3.575269598513841629e-03 6.501909811049699783e-03
3.555652685463428497e-03 6.477197166532278061e-03
3.536236472427845001e-03 6.452789995819330215e-03
3.517018863931298256e-03 6.428681313991546631e-03
3.497998695820569992e-03 6.404861342161893845e-03
3.479171078652143478e-03 6.381331477314233780e-03
3.460536245256662369e-03 6.358075421303510666e-03
3.442089771851897240e-03 6.335082463920116425e-03
3.423831192776560783e-03 6.312345154583454132e-03
3.405756084248423576e-03 6.289858836680650711e-03
3.387862117961049080e-03 6.267603486776351929e-03
3.370148362591862679e-03 6.245577707886695862e-03
3.352612257003784180e-03 6.223771255463361740e-03
3.335249377414584160e-03 6.202179938554763794e-03
3.318060189485549927e-03 6.180784665048122406e-03
3.301038406789302826e-03 6.159597076475620270e-03
3.284185891970992088e-03 6.138600409030914307e-03
3.267496591433882713e-03 6.117796991020441055e-03
3.250969806686043739e-03 6.097179371863603592e-03
3.234603442251682281e-03 6.076752673834562302e-03
3.218395169824361801e-03 6.056511774659156799e-03
3.202341496944427490e-03 6.036452949047088623e-03
3.186440560966730118e-03 6.016580387949943542e-03
3.170690732076764107e-03 5.996892694383859634e-03
3.155088517814874649e-03 5.977388471364974976e-03
3.139631589874625206e-03 5.958070978522300720e-03
3.124318784102797508e-03 5.938939750194549561e-03
3.109146608039736748e-03 5.919991526752710342e-03
3.094114596024155617e-03 5.901226773858070374e-03
3.079218324273824692e-03 5.882648285478353500e-03
3.064456628635525703e-03 5.864249076694250107e-03
3.049827413633465767e-03 5.846026819199323654e-03
3.035327885299921036e-03 5.827982444316148758e-03
3.020956180989742279e-03 5.810109898447990417e-03
3.006710438057780266e-03 5.792406387627124786e-03
2.992588793858885765e-03 5.774869117885828018e-03
2.978587755933403969e-03 5.757497623562812805e-03
2.964706858620047569e-03 5.740280728787183762e-03
2.950943075120449066e-03 5.723217967897653580e-03
2.937295241281390190e-03 5.706306546926498413e-03
2.923761028796434402e-03 5.689538549631834030e-03
2.910337410867214203e-03 5.672913510352373123e-03
2.897025085985660553e-03 5.656425841152667999e-03
2.883819630369544029e-03 5.640070419758558273e-03
2.870720112696290016e-03 5.623850971460342407e-03
2.857725834473967552e-03 5.607755854725837708e-03
2.844832604750990868e-03 5.591790191829204559e-03
2.832041122019290924e-03 5.575946997851133347e-03
2.819349057972431183e-03 5.560222547501325607e-03
2.806753152981400490e-03 5.544619169086217880e-03
2.794254105538129807e-03 5.529133602976799011e-03
2.781848888844251633e-03 5.513758864253759384e-03
2.769537270069122314e-03 5.498501006513834000e-03
2.757315523922443390e-03 5.483349785208702087e-03
2.745183650404214859e-03 5.468312185257673264e-03
2.733139786869287491e-03 5.453383550047874451e-03
2.721182536333799362e-03 5.438562948256731033e-03
2.709311200305819511e-03 5.423844326287508011e-03
2.697523450478911400e-03 5.409234203398227692e-03
2.685818355530500412e-03 5.394726525992155075e-03
2.674194751307368279e-03 5.380315706133842468e-03
2.662650775164365768e-03 5.366009660065174103e-03
2.651185961440205574e-03 5.351801402866840363e-03
2.639798447489738464e-03 5.337690003216266632e-03
2.628487069159746170e-03 5.323666613548994064e-03
2.617250895127654076e-03 5.309745203703641891e-03
2.606088528409600258e-03 5.295916926115751266e-03
2.594999969005584717e-03 5.282171070575714111e-03
2.583983121439814568e-03 5.268523003906011581e-03
2.573036123067140579e-03 5.254962015897035599e-03
2.562158973887562752e-03 5.241484846919775009e-03
2.551351906731724739e-03 5.228091962635517120e-03
2.540610497817397118e-03 5.214785225689411163e-03
2.529937308281660080e-03 5.201559513807296753e-03
2.519329544156789780e-03 5.188414826989173889e-03
2.508787205442786217e-03 5.175351165235042572e-03
2.498307498171925545e-03 5.162367131561040878e-03
2.487891819328069687e-03 5.149459931999444962e-03
2.477537607774138451e-03 5.136630032211542130e-03
2.467245096340775490e-03 5.123874638229608536e-03
2.457012888044118881e-03 5.111193284392356873e-03
2.446841914206743240e-03 5.098588764667510986e-03
2.436728682368993759e-03 5.086056888103485107e-03
2.426674356684088707e-03 5.073597654700279236e-03
2.416677307337522507e-03 5.061204545199871063e-03
2.406736835837364197e-03 5.048885475844144821e-03
2.396852476522326469e-03 5.036633461713790894e-03
2.387022832408547401e-03 5.024454556405544281e-03
2.377249067649245262e-03 5.012338049709796906e-03
2.367528853937983513e-03 5.000288598239421844e-03
2.357862191274762154e-03 4.988310858607292175e-03
2.348248381167650223e-03 4.976392257958650589e-03
2.338687190786004066e-03 4.964543972164392471e-03
2.329176990315318108e-03 4.952752497047185898e-03
2.319717779755592346e-03 4.941029939800500870e-03
2.310309559106826782e-03 4.929363727569580078e-03
2.300951862707734108e-03 4.917761776596307755e-03
2.291641896590590477e-03 4.906219430267810822e-03
2.282381756231188774e-03 4.894738085567951202e-03
2.273170510306954384e-03 4.883317742496728897e-03
2.264006761834025383e-03 4.871955607086420059e-03
2.254889579489827156e-03 4.860651213675737381e-03
2.245821058750152588e-03 4.849405027925968170e-03
2.236798871308565140e-03 4.838215652853250504e-03
2.227822551503777504e-03 4.827083554118871689e-03
2.218890935182571411e-03 4.816007800400257111e-03
2.210005652159452438e-03 4.804986529052257538e-03
2.201164141297340393e-03 4.794018343091011047e-03
2.192368032410740852e-03 4.783108830451965332e-03
2.183615928515791893e-03 4.772252868860960007e-03
2.174907596781849861e-03 4.761449992656707764e-03
2.166242571547627449e-03 4.750700667500495911e-03
2.157620619982481003e-03 4.740000702440738678e-03
2.149041276425123215e-03 4.729360807687044144e-03
2.140504308044910431e-03 4.718764685094356537e-03
2.132009249180555344e-03 4.708226304501295090e-03
2.123555634170770645e-03 4.697738680988550186e-03
2.115143928676843643e-03 4.687301814556121826e-03
2.106773434206843376e-03 4.676919896155595779e-03
2.098443685099482536e-03 4.666588734835386276e-03
2.090154215693473816e-03 4.656307399272918701e-03
2.081905258819460869e-03 4.646074958145618439e-03
2.073696581646800041e-03 4.635894205421209335e-03
2.065527718514204025e-03 4.625766072422266006e-03
2.057397738099098206e-03 4.615683574229478836e-03
2.049307338893413544e-03 4.605656489729881287e-03
2.041256288066506386e-03 4.595676902681589127e-03
2.033243654295802116e-03 4.585746210068464279e-03
2.025270136073231697e-03 4.575866740196943283e-03
2.017335034906864166e-03 4.566037561744451523e-03
2.009437652304768562e-03 4.556255880743265152e-03
2.001578453928232193e-03 4.546527285128831863e-03
1.993757439777255058e-03 4.536848515272140503e-03
1.985974609851837158e-03 4.527215380221605301e-03
1.978228334337472916e-03 4.517637658864259720e-03
1.970519311726093292e-03 4.508104175329208374e-03
1.962847542017698288e-03 4.498621914535760880e-03
1.955213025212287903e-03 4.489192273467779160e-03
1.947614247910678387e-03 4.479806404560804367e-03
1.940052374266088009e-03 4.470474086701869965e-03
1.932527520693838596e-03 4.461194388568401337e-03
1.925038872286677361e-03 4.451959393918514252e-03
1.917585963383316994e-03 4.442777484655380249e-03
1.910169259645044804e-03 4.433643538504838943e-03
1.902788178995251656e-03 4.424562677741050720e-03
1.895442605018615723e-03 4.415533505380153656e-03
1.888132886961102486e-03 4.406553227454423904e-03
1.880858559161424637e-03 4.397621378302574158e-03
1.873619505204260349e-03 4.388743080198764801e-03
1.866415026597678661e-03 4.379915073513984680e-03
1.859246869571506977e-03 4.371138289570808411e-03
1.852113287895917892e-03 4.362411331385374069e-03
1.845013815909624100e-03 4.353736992925405502e-03
1.837948802858591080e-03 4.345110151916742325e-03
1.830918830819427967e-03 4.336543381214141846e-03
1.823924249038100243e-03 4.328021779656410217e-03
1.816962263546884060e-03 4.319555126130580902e-03
1.810035319067537785e-03 4.311138764023780823e-03
1.803142949938774109e-03 4.302775952965021133e-03
1.796283177100121975e-03 4.294462502002716064e-03
1.789458328858017921e-03 4.286204464733600616e-03
1.782667124643921852e-03 4.277998581528663635e-03
1.775909448042511940e-03 4.269848112016916275e-03
1.769184833392500877e-03 4.261745605617761612e-03
1.762493862770497799e-03 4.253699444234371185e-03
1.755836885422468185e-03 4.245706833899021149e-03
1.749212970025837421e-03 4.237767308950424194e-03
1.742620486766099930e-03 4.229879006743431091e-03
1.736062811687588692e-03 4.222047980874776840e-03
1.729537383653223515e-03 4.214270506054162979e-03
1.723045366816222668e-03 4.206544719636440277e-03
1.716585946269333363e-03 4.198877140879631042e-03
1.710158307105302811e-03 4.191261716187000275e-03
1.703763613477349281e-03 4.183696582913398743e-03
1.697401050478219986e-03 4.176190122961997986e-03
1.691070501692593098e-03 4.168740008026361465e-03
1.684772898443043232e-03 4.161342047154903412e-03
1.678506843745708466e-03 4.154002293944358826e-03
1.672273036092519760e-03 4.146717488765716553e-03
1.666070893406867981e-03 4.139485768973827362e-03
1.659900066442787647e-03 4.132312722504138947e-03
1.653761719353497028e-03 4.125191364437341690e-03
1.647653989493846893e-03 4.118126817047595978e-03
1.641578506678342819e-03 4.111122339963912964e-03
1.635533524677157402e-03 4.104169085621833801e-03
1.629520091228187084e-03 4.097274504601955414e-03
1.623538555577397346e-03 4.090435802936553955e-03
1.617586938664317131e-03 4.083651117980480194e-03
1.611666870303452015e-03 4.076924175024032593e-03
1.605776953510940075e-03 4.070254508405923843e-03
1.599918352439999580e-03 4.063638392835855484e-03
1.594090485014021397e-03 4.057078156620264053e-03
1.588292652741074562e-03 4.050579387694597244e-03
1.582524739205837250e-03 4.044135566800832748e-03
1.576787442900240421e-03 4.037748556584119797e-03
1.571080763824284077e-03 4.031416494399309158e-03
1.565403537824749947e-03 4.025141242891550064e-03
1.559756463393568993e-03 4.018926061689853668e-03
1.554138842038810253e-03 4.012765362858772278e-03
1.548551139421761036e-03 4.006662406027317047e-03
1.542993122711777687e-03 4.000616259872913361e-03
1.537463860586285591e-03 3.994627390056848526e-03
1.531965099275112152e-03 3.988695330917835236e-03
1.526495325379073620e-03 3.982819151133298874e-03
1.521053840406239033e-03 3.976999782025814056e-03
1.515642274171113968e-03 3.971240017563104630e-03
1.510258647613227367e-03 3.965534269809722900e-03
1.504904474131762981e-03 3.959886729717254639e-03
1.499579404480755329e-03 3.954299259930849075e-03
1.494282158091664314e-03 3.948763012886047363e-03
1.489013433456420898e-03 3.943287301808595657e-03
1.483772997744381428e-03 3.937869798392057419e-03
1.478560850955545902e-03 3.932505380362272263e-03
1.473377807997167110e-03 3.927200566977262497e-03
1.468221540562808514e-03 3.921953029930591583e-03
1.463093445636332035e-03 3.916759975254535675e-03
1.457992824725806713e-03 3.911623731255531311e-03
1.452920027077198029e-03 3.906543366611003876e-03
1.447874936275184155e-03 3.901522373780608177e-03
1.442857319489121437e-03 3.896558424457907677e-03
1.437866594642400742e-03 3.891646629199385643e-03
1.432903809472918510e-03 3.886791877448558807e-03
1.427967101335525513e-03 3.881992772221565247e-03
1.423057750798761845e-03 3.877252107486128807e-03
1.418175641447305679e-03 3.872568020597100258e-03
1.413319958373904228e-03 3.867939347401261330e-03
1.408490352332592010e-03 3.863366320729255676e-03
1.403687521815299988e-03 3.858847776427865028e-03
1.398911466822028160e-03 3.854384645819664001e-03
1.394161256030201912e-03 3.849979490041732788e-03
1.389437355101108551e-03 3.845624625682830811e-03
1.384739647619426250e-03 3.841326804831624031e-03
1.380067435093224049e-03 3.837086493149399757e-03
1.375420950353145599e-03 3.832897869870066643e-03
1.370800426229834557e-03 3.828763496130704880e-03
1.366205047816038132e-03 3.824685700237751007e-03
1.361635397188365459e-03 3.820660291239619255e-03
1.357090659439563751e-03 3.816690063104033470e-03
1.352571882307529449e-03 3.812773153185844421e-03
1.348078018054366112e-03 3.808907233178615570e-03
1.343608135357499123e-03 3.805099520832300186e-03
1.339164678938686848e-03 3.801343962550163269e-03
1.334744854830205441e-03 3.797638695687055588e-03
1.330349361523985863e-03 3.793986979871988297e-03
1.325979246757924557e-03 3.790388815104961395e-03
1.321632764302194118e-03 3.786843968555331230e-03
1.317311311140656471e-03 3.783348947763442993e-03
1.313013141043484211e-03 3.779904218390583992e-03
1.308739650994539261e-03 3.776516066864132881e-03
1.304489793255925179e-03 3.773177275434136391e-03
1.300264033488929272e-03 3.769889939576387405e-03
1.296061323955655098e-03 3.766649635508656502e-03
1.291882363148033619e-03 3.763461951166391373e-03
1.287726918235421181e-03 3.760325256735086441e-03
1.283595222048461437e-03 3.757238853722810745e-03
1.279486459679901600e-03 3.754201810806989670e-03
1.275400165468454361e-03 3.751212032511830330e-03
1.271337270736694336e-03 3.748271614313125610e-03
1.267297542653977871e-03 3.745384514331817627e-03
1.263280049897730350e-03 3.742541419342160225e-03
1.259285490959882736e-03 3.739749081432819366e-03
1.255313400179147720e-03 3.737001912668347359e-03
1.251363661140203476e-03 3.734304104000329971e-03
1.247435924597084522e-03 3.731648670509457588e-03
1.243530423380434513e-03 3.729043994098901749e-03
1.239646575413644314e-03 3.726485883817076683e-03
1.235785428434610367e-03 3.723971080034971237e-03
1.231945818290114403e-03 3.721504705026745796e-03
1.228127512149512768e-03 3.719080006703734398e-03
1.224330975674092770e-03 3.716703504323959351e-03
1.220555859617888927e-03 3.714370308443903923e-03
1.216801814734935760e-03 3.712082747370004654e-03
1.213069073855876923e-03 3.709837794303894043e-03
1.209357404150068760e-03 3.707637079060077667e-03
1.205666922032833099e-03 3.705478273332118988e-03
1.201996579766273499e-03 3.703363006934523582e-03
1.198348239995539188e-03 3.701287787407636642e-03
1.194719457998871803e-03 3.699253546074032784e-03
1.191111048683524132e-03 3.697264008224010468e-03
1.187523477710783482e-03 3.695310326293110847e-03
1.183955930173397064e-03 3.693397156894207001e-03
1.180407940410077572e-03 3.691526362672448158e-03
1.176880439743399620e-03 3.689693519845604897e-03
1.173372729681432247e-03 3.687902819365262985e-03
1.169884810224175453e-03 3.686145879328250885e-03
1.166416448540985584e-03 3.684431547299027443e-03
1.162967528216540813e-03 3.682752139866352081e-03
1.159538398496806622e-03 3.681109985336661339e-03
1.156128128059208393e-03 3.679504850879311562e-03
1.152736949734389782e-03 3.677935805171728134e-03
1.149364281445741653e-03 3.676403779536485672e-03
1.146011170931160450e-03 3.674902254715561867e-03
1.142676686868071556e-03 3.673439845442771912e-03
1.139360945671796799e-03 3.672006540000438690e-03
1.136063248850405216e-03 3.670609556138515472e-03
1.132784411311149597e-03 3.669244470074772835e-03
1.129523501731455326e-03 3.667916171252727509e-03
1.126280403696000576e-03 3.666615346446633339e-03
1.123056397773325443e-03 3.665345720946788788e-03
1.119849737733602524e-03 3.664108226075768471e-03
1.116660074330866337e-03 3.662900533527135849e-03
1.113488804548978806e-03 3.661723341792821884e-03
1.110334880650043488e-03 3.660573624074459076e-03
1.107198535464704037e-03 3.659454640001058578e-03
1.104078721255064011e-03 3.658363362774252892e-03
1.100977184250950813e-03 3.657299093902111053e-03
1.097891828976571560e-03 3.656263696029782295e-03
1.094823470339179039e-03 3.655250184237957001e-03
1.091772341169416904e-03 3.654264844954013824e-03
1.088737277314066887e-03 3.653306979686021805e-03
1.085719210095703602e-03 3.652370534837245941e-03
1.082716742530465126e-03 3.651455976068973541e-03
1.079731388017535210e-03 3.650570288300514221e-03
1.076761633157730103e-03 3.649706253781914711e-03
1.073808060027658939e-03 3.648862475529313087e-03
1.070870552211999893e-03 3.648041980341076851e-03
1.067948644049465656e-03 3.647242439910769463e-03
1.065041869878768921e-03 3.646463854238390923e-03
1.062151277437806129e-03 3.645704593509435654e-03
1.059276633895933628e-03 3.644966520369052887e-03
1.056415843777358532e-03 3.644244745373725891e-03
1.053570886142551899e-03 3.643542760983109474e-03
1.050741062499582767e-03 3.642855910584330559e-03
1.047925674356520176e-03 3.642189316451549530e-03
1.045125536620616913e-03 3.641537856310606003e-03
1.042339485138654709e-03 3.640900366008281708e-03
1.039568451233208179e-03 3.640280105173587799e-03
1.036811736412346363e-03 3.639674047008156776e-03
1.034069224260747433e-03 3.639081493020057678e-03
1.031340681947767735e-03 3.638504305854439735e-03
1.028626458719372749e-03 3.637941321358084679e-03
1.025926088914275169e-03 3.637382527813315392e-03
1.023239456117153168e-03 3.636848181486129761e-03
1.020566211082041264e-03 3.636314766481518745e-03
1.017906703054904938e-03 3.635792993009090424e-03
1.015260582789778709e-03 3.635286819189786911e-03
1.012627850286662579e-03 3.634786233305931091e-03
1.010007923468947411e-03 3.634290769696235657e-03
1.007401617243885994e-03 3.633810905739665031e-03
1.004807534627616405e-03 3.633336164057254791e-03
1.002226839773356915e-03 3.632861422374844551e-03
9.996586013585329056e-04 3.632403211668133736e-03
9.971032850444316864e-04 3.631945000961422920e-03
9.945597266778349876e-04 3.631491912528872490e-03
9.920289739966392517e-04 3.631047904491424561e-03
9.895099792629480362e-04 3.630605293437838554e-03
9.870033245533704758e-04 3.630167106166481972e-03
9.845091262832283974e-04 3.629733575507998466e-03
9.820264531299471855e-04 3.629304468631744385e-03
9.795554215088486671e-04 3.628872567787766457e-03
9.770954493433237076e-04 3.628442296758294106e-03
9.746481082402169704e-04 3.628017380833625793e-03
9.722119430080056190e-04 3.627586644142866135e-03
9.697866626083850861e-04 3.627159865573048592e-03
9.673727909103035927e-04 3.626733087003231049e-03
9.649700368754565716e-04 3.626303747296333313e-03
9.625784587115049362e-04 3.625875106081366539e-03
9.601970668882131577e-04 3.625443205237388611e-03
9.578269673511385918e-04 3.625006414949893951e-03
9.554675780236721039e-04 3.624574746936559677e-03
9.531186078675091267e-04 3.624133300036191940e-03
9.507796494290232658e-04 3.623684635385870934e-03
9.484512265771627426e-04 3.623240394517779350e-03
9.461330482736229897e-04 3.622782882302999496e-03
9.438246488571166992e-04 3.622321644797921181e-03
9.415267850272357464e-04 3.621860174462199211e-03
9.392387582920491695e-04 3.621390089392662048e-03
9.369602194055914879e-04 3.620913019403815269e-03
9.346914011985063553e-04 3.620429197326302528e-03
9.324328275397419930e-04 3.619937924668192863e-03
9.301830432377755642e-04 3.619438270106911659e-03
9.279428631998598576e-04 3.618928836658596992e-03
9.257119381800293922e-04 3.618415910750627518e-03
9.234904428012669086e-04 3.617890644818544388e-03
9.212777949869632721e-04 3.617359558120369911e-03
9.190741693601012230e-04 3.616815200075507164e-03
9.168796823360025883e-04 3.616258269175887108e-03
9.146936354227364063e-04 3.615695983171463013e-03
9.125162032432854176e-04 3.615122288465499878e-03
9.103476768359541893e-04 3.614534856751561165e-03
9.081880562007427216e-04 3.613941604271531105e-03
9.060365846380591393e-04 3.613332053646445274e-03
9.038933785632252693e-04 3.612711327150464058e-03
9.017585543915629387e-04 3.612083848565816879e-03
8.996315882541239262e-04 3.611435648053884506e-03
8.975131786428391933e-04 3.610778134316205978e-03
8.954020449891686440e-04 3.610111540183424950e-03
8.932997588999569416e-04 3.609423758462071419e-03
8.912050980143249035e-04 3.608728293329477310e-03
8.891180041246116161e-04 3.608020488172769547e-03
8.870385936461389065e-04 3.607289167121052742e-03
8.849671576172113419e-04 3.606553189456462860e-03
8.829026482999324799e-04 3.605800680816173553e-03
8.808462298475205898e-04 3.605025121942162514e-03
8.787967963144183159e-04 3.604248864576220512e-03
8.767544641159474850e-04 3.603446995839476585e-03
8.747198153287172318e-04 3.602633951231837273e-03
8.726919186301529408e-04 3.601809032261371613e-03
8.706711814738810062e-04 3.600961295887827873e-03
8.686576620675623417e-04 3.600100986659526825e-03
8.666507783345878124e-04 3.599226707592606544e-03
8.646509377285838127e-04 3.598329145461320877e-03
8.626577327959239483e-04 3.597423667088150978e-03
8.606716291978955269e-04 3.596497001126408577e-03
8.586912299506366253e-04 3.595554735511541367e-03
8.567179902456700802e-04 3.594598500058054924e-03
8.547513862140476704e-04 3.593622939661145210e-03
8.527914178557693958e-04 3.592626657336950302e-03
8.508375030942261219e-04 3.591624787077307701e-03
8.488897583447396755e-04 3.590593347325921059e-03
8.469487074762582779e-04 3.589550731703639030e-03
8.450132445432245731e-04 3.588494379073381424e-03
8.430841262452304363e-04 3.587411949411034584e-03
8.411614689975976944e-04 3.586320905014872551e-03
8.392442832700908184e-04 3.585205413401126862e-03
8.373336750082671642e-04 3.584079444408416748e-03
8.354283054359257221e-04 3.582929959520697594e-03
8.335288730449974537e-04 3.581767203286290169e-03
8.316360763274133205e-04 3.580585587769746780e-03
8.297479362227022648e-04 3.579381853342056274e-03
8.278659661300480366e-04 3.578166244551539421e-03
8.259895257651805878e-04 3.576927119866013527e-03
8.241184987127780914e-04 3.575679846107959747e-03
8.222535252571105957e-04 3.574404865503311157e-03
8.203933830372989178e-04 3.573121270164847374e-03
8.185389451682567596e-04 3.571812063455581665e-03
8.166899788193404675e-04 3.570489818230271339e-03
8.148460183292627335e-04 3.569149412214756012e-03
8.130073547363281250e-04 3.567784558981657028e-03
8.111742208711802959e-04 3.566416911780834198e-03
8.093458018265664577e-04 3.565019229426980019e-03
8.075229707174003124e-04 3.563603153452277184e-03
8.057046798057854176e-04 3.562182188034057617e-03
8.038920350372791290e-04 3.560729324817657471e-03
8.020840468816459179e-04 3.559265518561005592e-03
8.002807735465466976e-04 3.557786578312516212e-03
7.984829135239124298e-04 3.556284820660948753e-03
7.966895354911684990e-04 3.554774448275566101e-03
7.949011633172631264e-04 3.553238697350025177e-03
7.931177387945353985e-04 3.551686415448784828e-03
7.913385634310543537e-04 3.550126682966947556e-03
7.895646849647164345e-04 3.548532025888562202e-03
7.877949392423033714e-04 3.546936903148889542e-03
7.860301411710679531e-04 3.545317100360989571e-03
7.842699997127056122e-04 3.543679369613528252e-03
7.825142238289117813e-04 3.542033489793539047e-03
7.807629299350082874e-04 3.540357574820518494e-03
7.790157687850296497e-04 3.538679564371705055e-03
7.772736717015504837e-04 3.536973847076296806e-03
7.755361730232834816e-04 3.535258816555142403e-03
7.738023996353149414e-04 3.533525159582495689e-03
7.720730500295758247e-04 3.531773341819643974e-03
7.703483570367097855e-04 3.530011046677827835e-03
7.686278549954295158e-04 3.528225701302289963e-03
7.669115439057350159e-04 3.526431275531649590e-03
7.651995983906090260e-04 3.524614032357931137e-03
7.634911453351378441e-04 3.522787010297179222e-03
7.617876981385052204e-04 3.520934376865625381e-03
7.600878016091883183e-04 3.519080346450209618e-03
7.583926781080663204e-04 3.517201635986566544e-03
7.567009888589382172e-04 3.515313612297177315e-03
7.550136651843786240e-04 3.513407893478870392e-03
7.533298339694738388e-04 3.511487273499369621e-03
7.516507175751030445e-04 3.509548259899020195e-03
7.499750354327261448e-04 3.507600864395499229e-03
7.483033696189522743e-04 3.505633911117911339e-03
7.466361275874078274e-04 3.503652289509773254e-03
7.449719705618917942e-04 3.501660889014601707e-03
7.433122373186051846e-04 3.499651793390512466e-03
7.416557637043297291e-04 3.497623838484287262e-03
7.400037138722836971e-04 3.495592391118407249e-03
7.383552729152143002e-04 3.493535565212368965e-03
7.367107900790870190e-04 3.491475246846675873e-03
7.350691594183444977e-04 3.489395836368203163e-03
7.334322435781359673e-04 3.487299662083387375e-03
7.317982381209731102e-04 3.485201159492135048e-03
7.301686564460396767e-04 3.483069129288196564e-03
7.285421597771346569e-04 3.480948973447084427e-03
7.269193883985280991e-04 3.478795522823929787e-03
7.253001676872372627e-04 3.476638812571763992e-03
7.236846722662448883e-04 3.474471392109990120e-03
7.220726110972464085e-04 3.472276730462908745e-03
7.204642170108854771e-04 3.470088588073849678e-03
7.188593735918402672e-04 3.467873437330126762e-03
7.172578480094671249e-04 3.465655492618680000e-03
7.156598148867487907e-04 3.463421715423464775e-03
7.140654488466680050e-04 3.461170243099331856e-03
7.124739931896328926e-04 3.458922961726784706e-03
7.108863210305571556e-04 3.456634469330310822e-03
7.093023159541189671e-04 3.454367164522409439e-03
7.077216869220137596e-04 3.452060278505086899e-03
7.061438518576323986e-04 3.449758514761924744e-03
7.045697420835494995e-04 3.447449533268809319e-03
7.029988337308168411e-04 3.445102600380778313e-03
7.014313014224171638e-04 3.442784771323204041e-03
6.998670287430286407e-04 3.440411062911152840e-03
6.983061321079730988e-04 3.438067622482776642e-03
6.967483786866068840e-04 3.435678547248244286e-03
6.951937102712690830e-04 3.433306468650698662e-03
6.936426507309079170e-04 3.430904820561408997e-03
6.920949672348797321e-04 3.428503405302762985e-03
6.905500194989144802e-04 3.426090348511934280e-03
6.890084478072822094e-04 3.423649584874510765e-03
6.874699611216783524e-04 3.421231405809521675e-03
6.859346758574247360e-04 3.418764565140008926e-03
6.844025338068604469e-04 3.416327293962240219e-03
6.828734185546636581e-04 3.413845086470246315e-03
6.813475629314780235e-04 3.411377780139446259e-03
6.798248505219817162e-04 3.408887423574924469e-03
6.783048738725483418e-04 3.406388917937874794e-03
6.767879240214824677e-04 3.403890179470181465e-03
6.752744666300714016e-04 3.401364199817180634e-03
6.737638614140450954e-04 3.398853354156017303e-03
6.722563994117081165e-04 3.396301763132214546e-03
6.707517895847558975e-04 3.393778344616293907e-03
6.692500319331884384e-04 3.391205100342631340e-03
6.677517667412757874e-04 3.388663055375218391e-03
6.662563537247478962e-04 3.386074909940361977e-03
6.647635600529611111e-04 3.383508184924721718e-03
6.632737349718809128e-04 3.380915150046348572e-03
6.617872277274727821e-04 3.378323046490550041e-03
6.603031652048230171e-04 3.375717205926775932e-03
6.588225369341671467e-04 3.373102517798542976e-03
6.573442369699478149e-04 3.370482241734862328e-03
6.558691384270787239e-04 3.367850556969642639e-03
6.543971830978989601e-04 3.365211887285113335e-03
6.529277889057993889e-04 3.362568560987710953e-03
6.514613050967454910e-04 3.359912196174263954e-03
6.499980227090418339e-04 3.357247915118932724e-03
6.485370686277747154e-04 3.354584565386176109e-03
6.470787920989096165e-04 3.351897466927766800e-03
6.456238334067165852e-04 3.349222941324114799e-03
6.441715522669255733e-04 3.346516517922282219e-03
6.427222397178411484e-04 3.343830816447734833e-03
6.412755465134978294e-04 3.341105999425053596e-03
6.398313562385737896e-04 3.338408656418323517e-03
6.383902509696781635e-04 3.335664281621575356e-03
6.369516486302018166e-04 3.332961583510041237e-03
6.355160730890929699e-04 3.330194856971502304e-03
6.340830586850643158e-04 3.327482612803578377e-03
6.326530710794031620e-04 3.324697026982903481e-03
6.312254117801785469e-04 3.321975702419877052e-03
6.298008956946432590e-04 3.319173352792859077e-03
6.283789407461881638e-04 3.316438989713788033e-03
6.269593723118305206e-04 3.313620807603001595e-03
6.255424232222139835e-04 3.310880623757839203e-03
6.241285009309649467e-04 3.308036131784319878e-03
6.227174308151006699e-04 3.305301768705248833e-03
6.213086890056729317e-04 3.302419325336813927e-03
6.199025665409862995e-04 3.299702424556016922e-03
6.184993544593453407e-04 3.296769224107265472e-03
6.170985288918018341e-04 3.294087946414947510e-03
6.157004390843212605e-04 3.291080007329583168e-03
6.143049104139208794e-04 3.288469975814223289e-03
6.129120010882616043e-04 3.285344224423170090e-03
6.115217111073434353e-04 3.282859688624739647e-03
6.101340986788272858e-04 3.279537661001086235e-03
6.087489891797304153e-04 3.277286887168884277e-03
6.073666736483573914e-04 3.273623995482921600e-03
6.059869774617254734e-04 3.271803725510835648e-03
6.046096095815300941e-04 3.267537802457809448e-03
6.032350356690585613e-04 3.266502404585480690e-03
6.018634885549545288e-04 3.261141479015350342e-03
6.004949100315570831e-04 3.261585254222154617e-03
5.991296493448317051e-04 3.254167269915342331e-03
5.977688124403357506e-04 3.257433418184518814e-03
5.964135052636265755e-04 3.246092936024069786e-03
5.950668710283935070e-04 3.254833631217479706e-03
5.937351379543542862e-04 3.235894721001386642e-03
5.924293654970824718e-04 3.255356568843126297e-03
5.911723128519952297e-04 3.221720224246382713e-03
5.900030373595654964e-04 3.261906327679753304e-03
5.889977328479290009e-04 3.201201558113098145e-03
5.882512778043746948e-04 3.277328563854098320e-03
5.878724041394889355e-04 3.176262835040688515e-03
5.877172807231545448e-04 3.291286760941147804e-03
5.872778128832578659e-04 3.165916539728641510e-03
5.855857743881642818e-04 3.265778999775648117e-03
5.825383123010396957e-04 3.195578232407569885e-03
5.794084281660616398e-04 3.204379929229617119e-03
5.777170299552381039e-04 3.241702681407332420e-03
5.774041637778282166e-04 3.165736794471740723e-03
5.770627176389098167e-04 3.245747648179531097e-03
5.755372112616896629e-04 3.175395075231790543e-03
5.731112323701381683e-04 3.199684899300336838e-03
5.711180856451392174e-04 3.213090123608708382e-03
5.701835616491734982e-04 3.161753760650753975e-03
5.695835570804774761e-04 3.221785649657249451e-03
5.683397757820785046e-04 3.164839465171098709e-03
5.664197960868477821e-04 3.185759298503398895e-03
5.646575009450316429e-04 3.192241769284009933e-03
5.635493434965610504e-04 3.152984660118818283e-03
5.626932252198457718e-04 3.198476275429129601e-03
5.614580004476010799e-04 3.154501784592866898e-03
5.598067655228078365e-04 3.170283744111657143e-03
5.582483718171715736e-04 3.174818120896816254e-03
5.570845678448677063e-04 3.143278649076819420e-03
5.560693680308759212e-04 3.177443984895944595e-03
5.548250046558678150e-04 3.142790636047720909e-03
5.533348303288221359e-04 3.154313424602150917e-03
5.519037949852645397e-04 3.157324390485882759e-03
5.507083842530846596e-04 3.132455516606569290e-03
5.496020312421023846e-04 3.158235456794500351e-03
5.483632558025419712e-04 3.130390075966715813e-03
5.469782627187669277e-04 3.139107255265116692e-03
5.456225480884313583e-04 3.139777341857552528e-03
5.444054841063916683e-04 3.120486158877611160e-03
5.432498874142765999e-04 3.139675594866275787e-03
5.420251982286572456e-04 3.116884501650929451e-03
5.407100543379783630e-04 3.124257316812872887e-03
5.394017207436263561e-04 3.122368128970265388e-03
5.381724913604557514e-04 3.107960801571607590e-03
5.369911668822169304e-04 3.121764399111270905e-03
5.357805057428777218e-04 3.102780086919665337e-03
5.345145473256707191e-04 3.109694924205541611e-03
5.332404980435967445e-04 3.105331445112824440e-03
5.320076597854495049e-04 3.095274325460195541e-03
5.308122490532696247e-04 3.104267409071326256e-03
5.296123563311994076e-04 3.088209079578518867e-03
5.283815553411841393e-04 3.094630548730492592e-03
5.271364352665841579e-04 3.088078228756785393e-03
5.259080207906663418e-04 3.082032315433025360e-03
5.247059743851423264e-04 3.086948301643133163e-03
5.235128337517380714e-04 3.073850879445672035e-03
5.223068292252719402e-04 3.079531015828251839e-03
5.210874369367957115e-04 3.071282524615526199e-03
5.198699072934687138e-04 3.068502293899655342e-03
5.186678608879446983e-04 3.069589613005518913e-03
5.174782709218561649e-04 3.059573704376816750e-03
5.162881570868194103e-04 3.063961863517761230e-03
5.150910583324730396e-04 3.054926171898841858e-03
5.138898268342018127e-04 3.054589964449405670e-03
5.126937176100909710e-04 3.052208106964826584e-03
