1.196238547563552856e-01 5.382217094302177429e-02
5.256688594818115234e-02 4.505625739693641663e-02
4.772100597620010376e-02 4.227743670344352722e-02
4.515537619590759277e-02 3.944597765803337097e-02
4.221611842513084412e-02 3.904112428426742554e-02
4.194261506199836731e-02 3.751994296908378601e-02
4.117758944630622864e-02 3.419524058699607849e-02
3.855538368225097656e-02 3.229247406125068665e-02
3.607144579291343689e-02 3.265599906444549561e-02
3.467796370387077332e-02 3.420103713870048523e-02
3.470113128423690796e-02 3.536822274327278137e-02
3.539662808179855347e-02 3.547758236527442932e-02
3.538063913583755493e-02 3.496481105685234070e-02
3.453771397471427917e-02 3.428358584642410278e-02
3.371835127472877502e-02 3.328908607363700867e-02
3.296760469675064087e-02 3.272787481546401978e-02
3.244274482131004333e-02 3.314263746142387390e-02
3.219754993915557861e-02 3.372530266642570496e-02
3.188223019242286682e-02 3.336662799119949341e-02
3.119255043566226959e-02 3.254266455769538879e-02
3.051737323403358459e-02 3.221781924366950989e-02
3.002632036805152893e-02 3.210474178194999695e-02
2.947889268398284912e-02 3.135859966278076172e-02
2.891174331307411194e-02 3.018016554415225983e-02
2.846566960215568542e-02 2.945405617356300354e-02
2.807994559407234192e-02 2.920248731970787048e-02
2.774121984839439392e-02 2.872704342007637024e-02
2.748471871018409729e-02 2.805017307400703430e-02
2.722430787980556488e-02 2.785645052790641785e-02
2.692312002182006836e-02 2.803129516541957855e-02
2.667075954377651215e-02 2.779773995280265808e-02
2.646549977362155914e-02 2.724149264395236969e-02
2.622941695153713226e-02 2.691235579550266266e-02
2.595872804522514343e-02 2.655273117125034332e-02
2.571773156523704529e-02 2.597128786146640778e-02
2.546645328402519226e-02 2.578665316104888916e-02
2.520107291638851166e-02 2.587863802909851074e-02
2.495079673826694489e-02 2.552285417914390564e-02
2.466934919357299805e-02 2.511407434940338135e-02
2.437176369130611420e-02 2.502151392400264740e-02
2.412963099777698517e-02 2.453106641769409180e-02
2.392441220581531525e-02 2.395297586917877197e-02
2.369339019060134888e-02 2.367383427917957306e-02
2.343280427157878876e-02 2.301591821014881134e-02
2.316107973456382751e-02 2.254886552691459656e-02
2.291689999401569366e-02 2.242062613368034363e-02
2.272403426468372345e-02 2.206688560545444489e-02
2.255640923976898193e-02 2.203406207263469696e-02
2.241033874452114105e-02 2.211651019752025604e-02
2.227256074547767639e-02 2.207960747182369232e-02
2.213442698121070862e-02 2.243009954690933228e-02
2.201775833964347839e-02 2.253519743680953979e-02
2.192335948348045349e-02 2.288872934877872467e-02
2.184170857071876526e-02 2.312973514199256897e-02
2.176556363701820374e-02 2.333771623671054840e-02
2.168312110006809235e-02 2.360983565449714661e-02
2.158476971089839935e-02 2.344648726284503937e-02
2.146361954510211945e-02 2.398084662854671478e-02
2.133937738835811615e-02 2.277326583862304688e-02
2.128433249890804291e-02 2.632043883204460144e-02
2.162522636353969574e-02 2.149179577827453613e-02
2.339470386505126953e-02 3.054493106901645660e-02
2.333352714776992798e-02 2.226279489696025848e-02
2.095660753548145294e-02 2.149622328579425812e-02
2.159285359084606171e-02 2.773396112024784088e-02
2.173624187707901001e-02 2.323800139129161835e-02
2.027445286512374878e-02 2.126184850931167603e-02
2.119293063879013062e-02 2.582157775759696960e-02
2.045500464737415314e-02 2.430872991681098938e-02
1.977863162755966187e-02 2.137332782149314880e-02
2.061450108885765076e-02 2.671387419104576111e-02
2.017100714147090912e-02 2.280185371637344360e-02
1.902687177062034607e-02 2.181993052363395691e-02
1.927701197564601898e-02 2.837806567549705505e-02
2.059535682201385498e-02 2.113746479153633118e-02
2.070367708802223206e-02 2.614504657685756683e-02
1.933373510837554932e-02 2.355640940368175507e-02
1.815733127295970917e-02 2.222026325762271881e-02
1.923299394547939301e-02 3.018459118902683258e-02
2.046355418860912323e-02 2.221086993813514709e-02
1.924896426498889923e-02 2.413310483098030090e-02
1.785083673894405365e-02 2.799576893448829651e-02
1.890625245869159698e-02 2.258646115660667419e-02
1.938091218471527100e-02 2.598048374056816101e-02
1.768240891396999359e-02 2.853004261851310730e-02
1.870055682957172394e-02 2.243755757808685303e-02
1.913148537278175354e-02 2.483609318733215332e-02
1.747960038483142853e-02 2.922328189015388489e-02
1.880544424057006836e-02 2.315556816756725311e-02
1.825773343443870544e-02 2.368320524692535400e-02
1.769585348665714264e-02 2.849941514432430267e-02
1.862490922212600708e-02 2.421972900629043579e-02
1.733089610934257507e-02 2.267204597592353821e-02
1.808876916766166687e-02 2.582291886210441589e-02
1.738433167338371277e-02 2.668668329715728760e-02
1.765250973403453827e-02 2.293096296489238739e-02
1.755451038479804993e-02 2.333382889628410339e-02
1.727049611508846283e-02 2.661156095564365387e-02
1.763137616217136383e-02 2.451079897582530975e-02
1.701985672116279602e-02 2.321873605251312256e-02
1.737663522362709045e-02 2.516125515103340149e-02
1.697226800024509430e-02 2.569371461868286133e-02
1.709675602614879608e-02 2.351610735058784485e-02
1.710136421024799347e-02 2.445286884903907776e-02
1.682728715240955353e-02 2.665916457772254944e-02
1.710220985114574432e-02 2.430764958262443542e-02
1.676582172513008118e-02 2.388947270810604095e-02
1.682025380432605743e-02 2.591857314109802246e-02
1.685135811567306519e-02 2.496769651770591736e-02
1.660464331507682800e-02 2.432529628276824951e-02
1.669922843575477600e-02 2.561480179429054260e-02
1.659091375768184662e-02 2.510569617152214050e-02
1.650076545774936676e-02 2.421263232827186584e-02
1.655870676040649414e-02 2.538511529564857483e-02
1.643509976565837860e-02 2.542551979422569275e-02
1.640877127647399902e-02 2.424041740596294403e-02
1.642906665802001953e-02 2.498123049736022949e-02
1.631563715636730194e-02 2.528777159750461578e-02
1.630033180117607117e-02 2.440311014652252197e-02
1.630716957151889801e-02 2.498001605272293091e-02
1.620255969464778900e-02 2.504258975386619568e-02
1.619680970907211304e-02 2.417257055640220642e-02
1.619992032647132874e-02 2.502300962805747986e-02
1.610391959547996521e-02 2.507229521870613098e-02
1.607541553676128387e-02 2.419462800025939941e-02
1.608167216181755066e-02 2.492228895425796509e-02
1.600953377783298492e-02 2.478953823447227478e-02
1.594832167029380798e-02 2.451377734541893005e-02
1.593656651675701141e-02 2.509306743741035461e-02
1.590598002076148987e-02 2.448557876050472260e-02
1.585179381072521210e-02 2.476543746888637543e-02
1.579798012971878052e-02 2.496872656047344208e-02
1.577100902795791626e-02 2.439926192164421082e-02
1.574880816042423248e-02 2.494349889457225800e-02
1.570872403681278229e-02 2.445736713707447052e-02
1.566071622073650360e-02 2.483688853681087494e-02
1.560775004327297211e-02 2.456933073699474335e-02
1.556009612977504730e-02 2.448437362909317017e-02
1.552030164748430252e-02 2.474651299417018890e-02
1.548508740961551666e-02 2.435207739472389221e-02
1.545833982527256012e-02 2.491080947220325470e-02
1.544394530355930328e-02 2.399024739861488342e-02
1.549711264669895172e-02 2.556930109858512878e-02
1.564545743167400360e-02 2.326451614499092102e-02
1.636368036270141602e-02 2.722876146435737610e-02
1.655473187565803528e-02 2.275681495666503906e-02
1.706407591700553894e-02 2.537341788411140442e-02
1.549363136291503906e-02 2.510553970932960510e-02
1.561379618942737579e-02 2.252697013318538666e-02
1.657039299607276917e-02 2.466549165546894073e-02
1.531866379082202911e-02 2.578813955187797546e-02
1.586972363293170929e-02 2.273936755955219269e-02
1.627417095005512238e-02 2.372542023658752441e-02
1.515458989888429642e-02 2.680812403559684753e-02
1.629127934575080872e-02 2.303542941808700562e-02
1.549808494746685028e-02 2.315433509647846222e-02
1.544688455760478973e-02 2.662752941250801086e-02
1.574370637536048889e-02 2.439263835549354553e-02
1.489042676985263824e-02 2.312966622412204742e-02
1.547114271670579910e-02 2.484638988971710205e-02
1.491625793278217316e-02 2.525775134563446045e-02
1.500673778355121613e-02 2.313387766480445862e-02
1.509442366659641266e-02 2.384942770004272461e-02
1.465261727571487427e-02 2.558952942490577698e-02
1.503073889762163162e-02 2.327381260693073273e-02
1.472157426178455353e-02 2.327642031013965607e-02
1.456060074269771576e-02 2.495359629392623901e-02
1.488402672111988068e-02 2.334781363606452942e-02
1.477442216128110886e-02 2.356228046119213104e-02
1.438895147293806076e-02 2.431790344417095184e-02
1.468374580144882202e-02 2.280372567474842072e-02
1.443957537412643433e-02 2.318955212831497192e-02
1.425598282366991043e-02 2.409576065838336945e-02
1.447072811424732208e-02 2.315400913357734680e-02
1.443951111286878586e-02 2.376497164368629456e-02
1.410459168255329132e-02 2.368764393031597137e-02
1.416877470910549164e-02 2.258947305381298065e-02
1.415339671075344086e-02 2.325452119112014771e-02
1.393303461372852325e-02 2.399064227938652039e-02
1.397261768579483032e-02 2.337001264095306396e-02
1.401656679809093475e-02 2.365653403103351593e-02
1.378860790282487869e-02 2.319459803402423859e-02
1.374233234673738480e-02 2.262404561042785645e-02
1.380817871540784836e-02 2.339029312133789062e-02
1.370220165699720383e-02 2.328277751803398132e-02
1.358441729098558426e-02 2.318005822598934174e-02
1.353964395821094513e-02 2.345941960811614990e-02
1.355574838817119598e-02 2.291468530893325806e-02
1.362803392112255096e-02 2.304785884916782379e-02
1.394738256931304932e-02 2.333931438624858856e-02
1.472853310406208038e-02 2.398311905562877655e-02
1.399973314255475998e-02 2.307294309139251709e-02
1.374865882098674774e-02 2.365763671696186066e-02
1.391467172652482986e-02 2.338986471295356750e-02
1.340404339134693146e-02 2.312887273728847504e-02
1.384612359106540680e-02 2.404479682445526123e-02
1.353181712329387665e-02 2.303080633282661438e-02
1.353518851101398468e-02 2.290435135364532471e-02
1.328330207616090775e-02 2.363093756139278412e-02
1.343260146677494049e-02 2.313390746712684631e-02
1.325536984950304031e-02 2.416802756488323212e-02
1.324200350791215897e-02 2.402250841259956360e-02
1.306154765188694000e-02 2.368532866239547729e-02
1.307599525898694992e-02 2.429658174514770508e-02
1.310255937278270721e-02 2.316785603761672974e-02
1.288717705756425858e-02 2.320373244583606720e-02
1.284929085522890091e-02 2.358414232730865479e-02
1.271248888224363327e-02 2.375262975692749023e-02
1.287335716187953949e-02 2.438486181199550629e-02
1.280313171446323395e-02 2.355607040226459503e-02
1.293039042502641678e-02 2.487635426223278046e-02
1.295687817037105560e-02 2.340559475123882294e-02
1.278928108513355255e-02 2.380297705531120300e-02
1.262529753148555756e-02 2.388571202754974365e-02
1.247377321124076843e-02 2.397880144417285919e-02
1.242412719875574112e-02 2.395482547581195831e-02
1.240488328039646149e-02 2.360402047634124756e-02
1.236230414360761642e-02 2.429402247071266174e-02
1.235179975628852844e-02 2.438928745687007904e-02
1.224488485604524612e-02 2.463398128747940063e-02
1.241827756166458130e-02 2.616745606064796448e-02
1.275200210511684418e-02 2.424784936010837555e-02
1.292044483125209808e-02 2.514164522290229797e-02
1.273505948483943939e-02 2.463927865028381348e-02
1.361082214862108231e-02 2.507332898676395416e-02
1.238260138779878616e-02 2.500470355153083801e-02
1.293958164751529694e-02 2.426307834684848785e-02
1.252373866736888885e-02 2.470885217189788818e-02
1.264387369155883789e-02 2.507551573216915131e-02
1.276383362710475922e-02 2.442461065948009491e-02
1.259823422878980637e-02 2.507421746850013733e-02
1.237250864505767822e-02 2.540085837244987488e-02
1.248009037226438522e-02 2.371675334870815277e-02
1.230237167328596115e-02 2.402565442025661469e-02
1.218950375914573669e-02 2.573696896433830261e-02
1.239551510661840439e-02 2.480282261967658997e-02
1.196980848908424377e-02 2.464728802442550659e-02
1.224830280989408493e-02 2.545506320893764496e-02
1.200846303254365921e-02 2.555891312658786774e-02
1.206059381365776062e-02 2.467540837824344635e-02
1.203394681215286255e-02 2.504972741007804871e-02
1.193876191973686218e-02 2.604246512055397034e-02
1.204415317624807358e-02 2.541245147585868835e-02
1.186231803148984909e-02 2.512045204639434814e-02
1.186792831867933273e-02 2.569078840315341949e-02
1.184343080967664719e-02 2.531307563185691833e-02
1.178316865116357803e-02 2.537777088582515717e-02
1.208075042814016342e-02 2.622755244374275208e-02
1.223742496222257614e-02 2.566060051321983337e-02
1.209641806781291962e-02 2.532974258065223694e-02
1.190599799156188965e-02 2.563518658280372620e-02
1.200992427766323090e-02 2.558235451579093933e-02
1.180302072316408157e-02 2.632379159331321716e-02
1.177844218909740448e-02 2.671326696872711182e-02
1.216987054795026779e-02 2.629626356065273285e-02
1.390987820923328400e-02 2.672064676880836487e-02
1.270911376923322678e-02 2.553830668330192566e-02
1.467492431402206421e-02 2.469793520867824554e-02
1.357533782720565796e-02 2.630948647856712341e-02
1.267744787037372589e-02 2.962823584675788879e-02
1.380035839974880219e-02 2.573314681649208069e-02
1.266587525606155396e-02 2.488256990909576416e-02
1.310361362993717194e-02 2.583867870271205902e-02
1.281042955815792084e-02 2.495070919394493103e-02
1.254821289330720901e-02 2.354232780635356903e-02
1.304671447724103928e-02 2.368543483316898346e-02
1.223889831453561783e-02 2.495733089745044708e-02
1.272375322878360748e-02 2.422788552939891815e-02
1.208101399242877960e-02 2.467074990272521973e-02
1.247964147478342056e-02 2.548322454094886780e-02
1.211313996464014053e-02 2.600716613233089447e-02
1.207651570439338684e-02 2.559768781065940857e-02
1.194594707340002060e-02 2.562888897955417633e-02
1.216083392500877380e-02 2.613540366291999817e-02
1.192029565572738647e-02 2.624691091477870941e-02
1.195612922310829163e-02 2.536900714039802551e-02
1.178048364818096161e-02 2.545986138284206390e-02
1.173256058245897293e-02 2.637363597750663757e-02
1.195824984461069107e-02 2.663007006049156189e-02
1.227631792426109314e-02 2.532863058149814606e-02
1.193743199110031128e-02 2.483956888318061829e-02
1.240337174385786057e-02 2.516613528132438660e-02
1.195652596652507782e-02 2.626296505331993103e-02
1.209410279989242554e-02 2.690100669860839844e-02
1.177270617336034775e-02 2.633658610284328461e-02
1.202629785984754562e-02 2.624451741576194763e-02
1.182013656944036484e-02 2.681966498494148254e-02
1.192925497889518738e-02 2.562521956861019135e-02
1.168455742299556732e-02 2.466693706810474396e-02
1.201750710606575012e-02 2.500957809388637543e-02
1.150634977966547012e-02 2.594988048076629639e-02
1.191027555614709854e-02 2.489550225436687469e-02
1.148466113954782486e-02 2.501552924513816833e-02
1.170539669692516327e-02 2.611846290528774261e-02
1.147546619176864624e-02 2.638389542698860168e-02
1.161460764706134796e-02 2.506176009774208069e-02
1.144380588084459305e-02 2.505118027329444885e-02
1.147803198546171188e-02 2.634430304169654846e-02
1.139946281909942627e-02 2.617488801479339600e-02
1.139695104211568832e-02 2.535812929272651672e-02
1.139120385050773621e-02 2.583950199186801910e-02
1.128145121037960052e-02 2.663488313555717468e-02
1.132655143737792969e-02 2.637204900383949280e-02
1.126559730619192123e-02 2.603835985064506531e-02
1.127977482974529266e-02 2.624624408781528473e-02
1.120151206851005554e-02 2.670430764555931091e-02
1.122884452342987061e-02 2.642794512212276459e-02
1.117533911019563675e-02 2.607959881424903870e-02
1.118068490177392960e-02 2.645068243145942688e-02
1.116336323320865631e-02 2.622992359101772308e-02
1.113012619316577911e-02 2.607334218919277191e-02
1.114207413047552109e-02 2.647898718714714050e-02
1.109612267464399338e-02 2.671344205737113953e-02
1.109192986041307449e-02 2.658345736563205719e-02
1.109812408685684204e-02 2.687204815447330475e-02
1.107468642294406891e-02 2.697600051760673523e-02
1.106628309935331345e-02 2.642511390149593353e-02
1.109343580901622772e-02 2.713135816156864166e-02
1.111335400491952896e-02 2.656208351254463196e-02
1.118349190801382065e-02 2.714492008090019226e-02
1.133278198540210724e-02 2.661616727709770203e-02
1.149562001228332520e-02 2.809433080255985260e-02
1.156050898134708405e-02 2.605444751679897308e-02
1.122759655117988586e-02 2.605438604950904846e-02
1.102846767753362656e-02 2.715212106704711914e-02
1.123996358364820480e-02 2.637840434908866882e-02
1.126692537218332291e-02 2.667952142655849457e-02
1.117924693971872330e-02 2.655770815908908844e-02
1.108487043529748917e-02 2.642429433763027191e-02
1.110346987843513489e-02 2.679246664047241211e-02
1.115088723599910736e-02 2.615935727953910828e-02
1.099345553666353226e-02 2.659242227673530579e-02
1.102964859455823898e-02 2.730632200837135315e-02
1.104530971497297287e-02 2.684109844267368317e-02
1.109150238335132599e-02 2.756234630942344666e-02
1.110594999045133591e-02 2.649576403200626373e-02
1.100627146661281586e-02 2.682873047888278961e-02
1.089448761194944382e-02 2.704305946826934814e-02
1.090185437351465225e-02 2.645378373563289642e-02
1.097543165087699890e-02 2.720282040536403656e-02
1.098519377410411835e-02 2.705669961869716644e-02
1.106361672282218933e-02 2.746297977864742279e-02
1.100174803286790848e-02 2.661797776818275452e-02
1.094764284789562225e-02 2.732274308800697327e-02
1.081594917923212051e-02 2.762619219720363617e-02
1.086348947137594223e-02 2.692162618041038513e-02
1.090886350721120834e-02 2.781379781663417816e-02
1.083960104733705521e-02 2.737843431532382965e-02
1.088080927729606628e-02 2.764135971665382385e-02
1.086638588458299637e-02 2.696738764643669128e-02
1.080150343477725983e-02 2.764042653143405914e-02
1.076898258179426193e-02 2.743602357804775238e-02
1.075941231101751328e-02 2.755290642380714417e-02
1.069781091064214706e-02 2.783510461449623108e-02
1.070578116923570633e-02 2.789018489420413971e-02
1.070899609476327896e-02 2.798444591462612152e-02
1.067371852695941925e-02 2.748984098434448242e-02
1.074029970914125443e-02 2.874446474015712738e-02
1.096133701503276825e-02 2.731453254818916321e-02
1.179025694727897644e-02 3.044744208455085754e-02
1.258027274161577225e-02 2.691057883203029633e-02
1.271247584372758865e-02 2.685898169875144958e-02
1.089321728795766830e-02 2.858238480985164642e-02
1.171457488089799881e-02 2.582765184342861176e-02
1.190922502428293228e-02 2.574554644525051117e-02
1.098020095378160477e-02 2.820489741861820221e-02
1.190614886581897736e-02 2.687324211001396179e-02
1.136350724846124649e-02 2.636698260903358459e-02
1.119626406580209732e-02 2.699526771903038025e-02
1.153733488172292709e-02 2.667282149195671082e-02
1.095564197748899460e-02 2.723255753517150879e-02
1.137940585613250732e-02 2.843455970287322998e-02
1.095720194280147552e-02 2.732716128230094910e-02
1.106733083724975586e-02 2.670587226748466492e-02
1.095461193472146988e-02 2.793022617697715759e-02
1.092749740928411484e-02 2.770666219294071198e-02
1.075259409844875336e-02 2.652985230088233948e-02
1.087169069796800613e-02 2.714021503925323486e-02
1.070225611329078674e-02 2.849239483475685120e-02
1.078321970999240875e-02 2.761990390717983246e-02
1.069673243910074234e-02 2.712137065827846527e-02
1.074109412729740143e-02 2.791167423129081726e-02
1.060921233147382736e-02 2.808662317693233490e-02
1.069125253707170486e-02 2.769822441041469574e-02
1.056541223078966141e-02 2.779347077012062073e-02
1.060195919126272202e-02 2.837664447724819183e-02
1.055723614990711212e-02 2.850913070142269135e-02
1.055048778653144836e-02 2.871405705809593201e-02
1.054019574075937271e-02 2.866732515394687653e-02
1.049388572573661804e-02 2.860979363322257996e-02
1.052889227867126465e-02 2.892245352268218994e-02
1.044761203229427338e-02 2.869280055165290833e-02
1.049454510211944580e-02 2.881168946623802185e-02
1.040738821029663086e-02 2.912033721804618835e-02
1.044793240725994110e-02 2.881870046257972717e-02
1.041267719119787216e-02 2.903740480542182922e-02
1.039830408990383148e-02 2.901994064450263977e-02
1.042047888040542603e-02 2.949822321534156799e-02
1.035892684012651443e-02 2.885729074478149414e-02
1.040456071496009827e-02 2.986818552017211914e-02
1.040168479084968567e-02 2.881782129406929016e-02
1.054466515779495239e-02 3.115608170628547668e-02
1.073980517685413361e-02 2.815925516188144684e-02
1.158211007714271545e-02 2.981155738234519958e-02
1.068935636430978775e-02 3.011571802198886871e-02
1.063049957156181335e-02 2.764367498457431793e-02
1.095930207520723343e-02 2.860155329108238220e-02
1.059360150247812271e-02 3.117052093148231506e-02
1.092622149735689163e-02 2.763302065432071686e-02
1.072943210601806641e-02 2.772408351302146912e-02
1.079278159886598587e-02 2.942183613777160645e-02
1.083159074187278748e-02 2.891403995454311371e-02
1.066579204052686691e-02 2.866292558610439301e-02
1.078986190259456635e-02 2.930193766951560974e-02
1.056876778602600098e-02 3.032186068594455719e-02
1.071387995034456253e-02 2.907378040254116058e-02
1.048531942069530487e-02 2.795569598674774170e-02
1.055838819593191147e-02 2.842518314719200134e-02
1.050656475126743317e-02 2.952226623892784119e-02
1.058414671570062637e-02 2.841516956686973572e-02
1.035382226109504700e-02 2.900053933262825012e-02
1.039499323815107346e-02 3.063548170030117035e-02
1.046234462410211563e-02 2.934971451759338379e-02
1.030964776873588562e-02 2.885305508971214294e-02
1.030383538454771042e-02 2.942926250398159027e-02
1.033350545912981033e-02 2.936277352273464203e-02
1.030464377254247665e-02 2.918111719191074371e-02
1.024049147963523865e-02 2.980613149702548981e-02
1.024347357451915741e-02 3.034811280667781830e-02
1.028029620647430420e-02 3.012996353209018707e-02
1.019015163183212280e-02 2.962074056267738342e-02
1.019242964684963226e-02 2.986853942275047302e-02
1.021534577012062073e-02 2.998895570635795593e-02
1.017333008348941803e-02 2.958134934306144714e-02
1.015434414148330688e-02 3.039887920022010803e-02
1.013162266463041306e-02 3.058333322405815125e-02
1.012410782277584076e-02 2.978287264704704285e-02
1.013000681996345520e-02 3.016547299921512604e-02
1.011635735630989075e-02 3.006424941122531891e-02
1.009087078273296356e-02 2.991277538239955902e-02
1.007062662392854691e-02 3.063838556408882141e-02
1.006756722927093506e-02 3.037618473172187805e-02
1.005162857472896576e-02 3.082450851798057556e-02
1.004064735025167465e-02 3.037633374333381653e-02
1.006428152322769165e-02 3.069620952010154724e-02
1.014525163918733597e-02 3.069371357560157776e-02
1.072544511407613754e-02 3.062570095062255859e-02
1.079846918582916260e-02 3.030029311776161194e-02
1.200469490140676498e-02 3.159377351403236389e-02
1.098150014877319336e-02 3.018286265432834625e-02
1.126237120479345322e-02 2.859931811690330505e-02
1.111170183867216110e-02 3.168794512748718262e-02
1.102159544825553894e-02 3.045322932302951813e-02
1.280171889811754227e-02 3.159548714756965637e-02
1.156306173652410507e-02 3.357310965657234192e-02
1.177179720252752304e-02 3.013320825994014740e-02
1.170224882662296295e-02 2.972557581961154938e-02
1.158710196614265442e-02 2.950125560164451599e-02
1.208750717341899872e-02 2.946828305721282959e-02
1.120217982679605484e-02 3.128420189023017883e-02
1.135717332363128662e-02 3.054012358188629150e-02
1.136887539178133011e-02 3.046536818146705627e-02
1.084268931299448013e-02 3.156534582376480103e-02
1.107625197619199753e-02 3.052078187465667725e-02
1.075807772576808929e-02 2.908234670758247375e-02
1.074180193245410919e-02 2.891521528363227844e-02
1.070155855268239975e-02 2.914114296436309814e-02
1.054924633353948593e-02 2.943807840347290039e-02
1.068065129220485687e-02 2.919737994670867920e-02
1.051078271120786667e-02 2.928500249981880188e-02
1.049268897622823715e-02 2.919228002429008484e-02
1.044146437197923660e-02 2.888167463243007660e-02
1.039070170372724533e-02 2.917886339128017426e-02
1.027174573391675949e-02 2.948913536965847015e-02
1.033979561179876328e-02 2.941989898681640625e-02
1.017849519848823547e-02 3.007575310766696930e-02
1.025154069066047668e-02 3.052540682256221771e-02
1.013971772044897079e-02 3.051590360701084137e-02
1.022371463477611542e-02 3.004775941371917725e-02
1.010696496814489365e-02 3.006271645426750183e-02
1.012656465172767639e-02 3.009570762515068054e-02
1.010120101273059845e-02 2.991761267185211182e-02
1.006814092397689819e-02 3.046437166631221771e-02
1.005197223275899887e-02 3.130016848444938660e-02
1.002412661910057068e-02 3.111003898084163666e-02
1.000458467751741409e-02 3.040222451090812683e-02
1.001407206058502197e-02 3.077123127877712250e-02
9.955607354640960693e-03 3.132066130638122559e-02
9.974803775548934937e-03 3.069650009274482727e-02
9.932793676853179932e-03 3.026301041245460510e-02
9.921208024024963379e-03 3.060171008110046387e-02
9.913871064782142639e-03 3.090729750692844391e-02
9.899083524942398071e-03 3.089774772524833679e-02
9.881727397441864014e-03 3.100433386862277985e-02
9.877279400825500488e-03 3.097430430352687836e-02
9.851399809122085571e-03 3.111762925982475281e-02
9.853046387434005737e-03 3.124317154288291931e-02
9.830533526837825775e-03 3.118671104311943054e-02
9.823626838624477386e-03 3.141327574849128723e-02
9.808771312236785889e-03 3.173368424177169800e-02
9.804566390812397003e-03 3.144667670130729675e-02
9.787795133888721466e-03 3.144554048776626587e-02
9.785061702132225037e-03 3.170508146286010742e-02
9.769896045327186584e-03 3.167309984564781189e-02
9.765516035258769989e-03 3.171228989958763123e-02
9.746875613927841187e-03 3.189353644847869873e-02
9.743546135723590851e-03 3.185092657804489136e-02
9.732956998050212860e-03 3.214862570166587830e-02
9.720304049551486969e-03 3.188330680131912231e-02
9.714091196656227112e-03 3.192048147320747375e-02
9.703286923468112946e-03 3.210789337754249573e-02
9.697497822344303131e-03 3.182886913418769836e-02
9.688052348792552948e-03 3.255768120288848877e-02
9.685601107776165009e-03 3.194600343704223633e-02
9.691809304058551788e-03 3.328343480825424194e-02
9.736448526382446289e-03 3.120573237538337708e-02
9.973156265914440155e-03 3.530227765440940857e-02
1.105020940303802490e-02 3.081890568137168884e-02
1.055917702615261078e-02 3.099273703992366791e-02
1.019986718893051147e-02 3.266281634569168091e-02
1.104086078703403473e-02 3.056964837014675140e-02
1.126447599381208420e-02 4.684831202030181885e-02
1.876960881054401398e-02 2.843854203820228577e-02
1.916907913982868195e-02 2.566336467862129211e-02
2.068826928734779358e-02 2.541084960103034973e-02
1.899674162268638611e-02 2.688556909561157227e-02
2.053350955247879028e-02 2.673996612429618835e-02
1.799423247575759888e-02 2.941203676164150238e-02
1.759297586977481842e-02 3.433194756507873535e-02
1.899488084018230438e-02 3.569148108363151550e-02
1.810858584940433502e-02 3.275031596422195435e-02
1.596293784677982330e-02 3.112486563622951508e-02
1.598355174064636230e-02 2.993703447282314301e-02
1.586299203336238861e-02 2.941459789872169495e-02
1.471275277435779572e-02 2.830986119806766510e-02
1.408910285681486130e-02 2.723529562354087830e-02
1.455750875174999237e-02 2.653701044619083405e-02
1.470055896788835526e-02 2.606999874114990234e-02
1.387525815516710281e-02 2.652822062373161316e-02
1.382401585578918457e-02 2.644058130681514740e-02
1.365855336189270020e-02 2.595216967165470123e-02
1.357255131006240845e-02 2.608092501759529114e-02
1.339536625891923904e-02 2.687514945864677429e-02
1.298677735030651093e-02 2.794129028916358948e-02
1.286868937313556671e-02 2.846496179699897766e-02
1.285689789801836014e-02 2.798939868807792664e-02
1.262518763542175293e-02 2.722566388547420502e-02
1.234419923275709152e-02 2.678399719297885895e-02
1.212051697075366974e-02 2.671686373651027679e-02
1.208983268588781357e-02 2.684956230223178864e-02
1.185233332216739655e-02 2.724150940775871277e-02
1.167178899049758911e-02 2.800813689827919006e-02
1.167565770447254181e-02 2.851966395974159241e-02
1.167132705450057983e-02 2.804259955883026123e-02
1.160547789186239243e-02 2.682259120047092438e-02
1.140259578824043274e-02 2.598795294761657715e-02
1.143442653119564056e-02 2.619114890694618225e-02
1.187956146895885468e-02 2.729484066367149353e-02
1.138974353671073914e-02 2.837641909718513489e-02
1.154012419283390045e-02 2.818171121180057526e-02
1.133141759783029556e-02 2.757855877280235291e-02
1.140463072806596756e-02 2.739889547228813171e-02
1.124189700931310654e-02 2.765505947172641754e-02
1.116534508764743805e-02 2.746365591883659363e-02
1.096407230943441391e-02 2.684345282614231110e-02
1.095102541148662567e-02 2.658242546021938324e-02
1.128101535141468048e-02 2.770055830478668213e-02
1.228165160864591599e-02 2.917634323239326477e-02
1.217127032577991486e-02 2.942142449319362640e-02
1.201341953128576279e-02 2.873659692704677582e-02
1.254838984459638596e-02 2.870052680373191833e-02
1.180639769881963730e-02 3.017336688935756683e-02
1.180737279355525970e-02 3.135152906179428101e-02
1.156232226639986038e-02 3.049580752849578857e-02
1.139278709888458252e-02 2.916886843740940094e-02
1.133358757942914963e-02 2.917301282286643982e-02
1.127470843493938446e-02 3.021205589175224304e-02
1.101956609636545181e-02 3.044942393898963928e-02
1.126517634838819504e-02 2.954714931547641754e-02
1.086849346756935120e-02 2.868593111634254456e-02
1.087127625942230225e-02 2.844804152846336365e-02
1.083440426737070084e-02 2.962607704102993011e-02
1.074077561497688293e-02 3.146455064415931702e-02
1.072432938963174820e-02 3.148529306054115295e-02
1.064980216324329376e-02 3.056666254997253418e-02
1.063099130988121033e-02 3.007180057466030121e-02
1.052420772612094879e-02 3.008309379220008850e-02
1.040843967348337173e-02 2.991105988621711731e-02
1.040473766624927521e-02 2.943840250372886658e-02
1.044304016977548599e-02 2.918222919106483459e-02
1.039770618081092834e-02 2.923905290663242340e-02
1.031210925430059433e-02 2.961832657456398010e-02
1.033808756619691849e-02 2.999057807028293610e-02
1.026673056185245514e-02 3.009421564638614655e-02
1.026076357811689377e-02 2.998544648289680481e-02
1.021279394626617432e-02 3.009805642068386078e-02
1.021422166377305984e-02 3.002031520009040833e-02
1.022649183869361877e-02 2.951464056968688965e-02
1.017444673925638199e-02 2.930015884339809418e-02
1.016346178948879242e-02 2.959350869059562683e-02
1.012141443789005280e-02 2.979278936982154846e-02
1.009705942124128342e-02 2.968397177755832672e-02
1.008172705769538879e-02 2.976632677018642426e-02
1.007602829486131668e-02 2.990880049765110016e-02
1.005328912287950516e-02 2.997203543782234192e-02
1.004326157271862030e-02 2.992586418986320496e-02
1.002074871212244034e-02 2.970224991440773010e-02
1.000143773853778839e-02 2.979080751538276672e-02
9.993750602006912231e-03 3.023394383490085602e-02
9.973504580557346344e-03 3.037891723215579987e-02
9.962818585336208344e-03 3.008944727480411530e-02
9.948081336915493011e-03 2.986320294439792633e-02
9.933909401297569275e-03 2.983136847615242004e-02
9.920989163219928741e-03 2.993633225560188293e-02
9.914502501487731934e-03 3.005803003907203674e-02
9.895573370158672333e-03 3.006264194846153259e-02
9.884608909487724304e-03 3.010423108935356140e-02
9.876061230897903442e-03 3.023684583604335785e-02
9.863612242043018341e-03 3.015072084963321686e-02
9.850338101387023926e-03 2.997343800961971283e-02
9.840502403676509857e-03 3.001133166253566742e-02
9.831927716732025146e-03 3.020421788096427917e-02
9.819238446652889252e-03 3.037794306874275208e-02
9.813066571950912476e-03 3.036491014063358307e-02
9.802861139178276062e-03 3.018134459853172302e-02
9.791491553187370300e-03 3.008734062314033508e-02
9.780853986740112305e-03 3.008254989981651306e-02
9.773951023817062378e-03 3.003949299454689026e-02
9.764541871845722198e-03 3.008734062314033508e-02
9.755122475326061249e-03 3.023361600935459137e-02
9.746582247316837311e-03 3.035141155123710632e-02
9.738923050463199615e-03 3.034850955009460449e-02
9.729641489684581757e-03 3.022087179124355316e-02
9.720599278807640076e-03 3.019347228109836578e-02
9.712298400700092316e-03 3.027957119047641754e-02
9.704118594527244568e-03 3.031987883150577545e-02
9.696123190224170685e-03 3.031989373266696930e-02
9.687641635537147522e-03 3.031955286860466003e-02
9.679398499429225922e-03 3.036630153656005859e-02
9.671026840806007385e-03 3.038377687335014343e-02
9.663627482950687408e-03 3.033876791596412659e-02
9.655777364969253540e-03 3.035744652152061462e-02
9.647767990827560425e-03 3.041495755314826965e-02
9.639850817620754242e-03 3.044891729950904846e-02
9.631941094994544983e-03 3.040558658540248871e-02
9.624073281884193420e-03 3.037296794354915619e-02
9.616549126803874969e-03 3.041390702128410339e-02
9.609142318367958069e-03 3.045476041734218597e-02
9.601663798093795776e-03 3.047803975641727448e-02
9.594175964593887329e-03 3.047721460461616516e-02
9.586712345480918884e-03 3.049539029598236084e-02
9.579202160239219666e-03 3.048325516283512115e-02
9.571762755513191223e-03 3.047760389745235443e-02
9.564572945237159729e-03 3.048610314726829529e-02
9.557218290865421295e-03 3.052857518196105957e-02
9.549993090331554413e-03 3.055675327777862549e-02
9.542878717184066772e-03 3.058255836367607117e-02
9.535909630358219147e-03 3.057926520705223083e-02
9.529013186693191528e-03 3.058355487883090973e-02
9.522475302219390869e-03 3.058553673326969147e-02
9.516545571386814117e-03 3.063555993139743805e-02
9.511992335319519043e-03 3.063213266432285309e-02
9.509815834462642670e-03 3.068177774548530579e-02
9.516467340290546417e-03 3.066116571426391602e-02
9.533166885375976562e-03 3.076167777180671692e-02
9.606469422578811646e-03 3.060361370444297791e-02
9.668765589594841003e-03 3.072449006140232086e-02
9.879938326776027679e-03 3.046606108546257019e-02
9.620227850973606110e-03 3.052469715476036072e-02
9.496130980551242828e-03 3.090922906994819641e-02
9.542218409478664398e-03 3.101507201790809631e-02
9.568881243467330933e-03 3.080325201153755188e-02
9.539672173559665680e-03 3.048226237297058105e-02
9.458492510020732880e-03 3.057675994932651520e-02
9.456269443035125732e-03 3.079922124743461609e-02
9.501948952674865723e-03 3.092052973806858063e-02
9.478529915213584900e-03 3.100308217108249664e-02
9.437027387320995331e-03 3.103984333574771881e-02
9.418005123734474182e-03 3.105829097330570221e-02
9.437958709895610809e-03 3.113542869687080383e-02
9.446268901228904724e-03 3.110166825354099274e-02
9.407696314156055450e-03 3.099704906344413757e-02
9.392953477799892426e-03 3.121999464929103851e-02
9.403191506862640381e-03 3.138176724314689636e-02
9.407614357769489288e-03 3.132810443639755249e-02
9.407045319676399231e-03 3.142810612916946411e-02
9.380895644426345825e-03 3.125593438744544983e-02
9.358394891023635864e-03 3.126141428947448730e-02
9.355821646749973297e-03 3.142965212464332581e-02
9.365822188556194305e-03 3.136546164751052856e-02
9.367711842060089111e-03 3.135688230395317078e-02
9.353920817375183105e-03 3.134615719318389893e-02
9.347386658191680908e-03 3.129042685031890869e-02
9.332892484962940216e-03 3.147548809647560120e-02
9.319097734987735748e-03 3.150072693824768066e-02
9.309936314821243286e-03 3.149852529168128967e-02
9.310421533882617950e-03 3.159172460436820984e-02
9.319342672824859619e-03 3.153142705559730530e-02
9.328511543571949005e-03 3.162725269794464111e-02
9.365843608975410461e-03 3.151332214474678040e-02
9.373135864734649658e-03 3.150894492864608765e-02
9.415895678102970123e-03 3.173324838280677795e-02
9.353333152830600739e-03 3.170504048466682434e-02
9.300628677010536194e-03 3.183468058705329895e-02
9.271071292459964752e-03 3.171047940850257874e-02
9.287293069064617157e-03 3.169459849596023560e-02
9.355396963655948639e-03 3.164886310696601868e-02
9.389780461788177490e-03 3.188459947705268860e-02
9.516190737485885620e-03 3.164221718907356262e-02
9.337251074612140656e-03 3.197376802563667297e-02
9.260555729269981384e-03 3.229358047246932983e-02
9.316866286098957062e-03 3.201258182525634766e-02
9.329077787697315216e-03 3.186598420143127441e-02
9.327206760644912720e-03 3.169840946793556213e-02
9.240929037332534790e-03 3.184679523110389709e-02
9.232929907739162445e-03 3.206568956375122070e-02
9.286192245781421661e-03 3.191712498664855957e-02
9.276115335524082184e-03 3.199148923158645630e-02
9.253354743123054504e-03 3.215286880731582642e-02
9.212709963321685791e-03 3.202649578452110291e-02
9.219214320182800293e-03 3.205516561865806580e-02
9.252008050680160522e-03 3.177237883210182190e-02
9.223813191056251526e-03 3.211306035518646240e-02
9.203233756124973297e-03 3.229947388172149658e-02
9.188041090965270996e-03 3.207029402256011963e-02
9.195607155561447144e-03 3.219316154718399048e-02
9.209792129695415497e-03 3.197754546999931335e-02
9.203156456351280212e-03 3.230931237339973450e-02
9.195529855787754059e-03 3.212178871035575867e-02
9.173481725156307220e-03 3.232758119702339172e-02
9.157505817711353302e-03 3.232838958501815796e-02
9.146219119429588318e-03 3.236095607280731201e-02
9.141772985458374023e-03 3.232252225279808044e-02
9.143179282546043396e-03 3.222028911113739014e-02
9.149433113634586334e-03 3.237624838948249817e-02
9.176875464618206024e-03 3.227080404758453369e-02
9.186887182295322418e-03 3.248767182230949402e-02
9.261089377105236053e-03 3.262676671147346497e-02
9.234106168150901794e-03 3.255457803606987000e-02
9.244250133633613586e-03 3.266484290361404419e-02
9.178764186799526215e-03 3.224395215511322021e-02
9.182422421872615814e-03 3.269593045115470886e-02
9.315824136137962341e-03 3.230394423007965088e-02
9.233714081346988678e-03 3.291076421737670898e-02
9.238335303962230682e-03 3.288479521870613098e-02
9.126311168074607849e-03 3.277726471424102783e-02
9.233113378286361694e-03 3.327591717243194580e-02
9.479312226176261902e-03 3.232628107070922852e-02
9.321514517068862915e-03 3.248129785060882568e-02
9.198827669024467468e-03 3.285183012485504150e-02
9.180390276014804840e-03 3.279159963130950928e-02
9.136727079749107361e-03 3.274646401405334473e-02
9.116024710237979889e-03 3.259291872382164001e-02
9.149893186986446381e-03 3.275803849101066589e-02
9.091664105653762817e-03 3.276083618402481079e-02
9.088695980608463287e-03 3.244654461741447449e-02
9.126356802880764008e-03 3.272709622979164124e-02
9.094361215829849243e-03 3.314540907740592957e-02
9.060759097337722778e-03 3.311962261795997620e-02
9.057778865098953247e-03 3.287934139370918274e-02
9.074776433408260345e-03 3.273951634764671326e-02
9.062693454325199127e-03 3.279219567775726318e-02
9.037829935550689697e-03 3.289637714624404907e-02
9.034389629960060120e-03 3.289868310093879700e-02
9.045829996466636658e-03 3.302220255136489868e-02
9.046098217368125916e-03 3.327223286032676697e-02
9.029339998960494995e-03 3.341352194547653198e-02
9.020229801535606384e-03 3.301658108830451965e-02
9.013817645609378815e-03 3.317046165466308594e-02
9.029401466250419617e-03 3.320344164967536926e-02
9.018552489578723907e-03 3.344544395804405212e-02
9.020136669278144836e-03 3.343724086880683899e-02
8.998310193419456482e-03 3.330167382955551147e-02
8.998846635222434998e-03 3.338847681879997253e-02
9.026280604302883148e-03 3.317095339298248291e-02
9.057853370904922485e-03 3.381366282701492310e-02
9.206519462168216705e-03 3.340349718928337097e-02
9.174314327538013458e-03 3.378548845648765564e-02
9.197248145937919617e-03 3.365187719464302063e-02
9.109709411859512329e-03 3.353523463010787964e-02
8.989270776510238647e-03 3.362089395523071289e-02
9.037450887262821198e-03 3.345273435115814209e-02
9.148137643933296204e-03 3.375501930713653564e-02
9.184624068439006805e-03 3.380528837442398071e-02
9.050532244145870209e-03 3.421511873602867126e-02
9.138678200542926788e-03 3.374759480357170105e-02
9.149990044534206390e-03 3.457484766840934753e-02
9.120228700339794159e-03 3.431816771626472473e-02
9.191991761326789856e-03 3.307195752859115601e-02
9.075749665498733521e-03 3.332087770104408264e-02
8.984073996543884277e-03 3.398015722632408142e-02
9.050463326275348663e-03 3.377269953489303589e-02
8.995475247502326965e-03 3.411098942160606384e-02
8.967509493231773376e-03 3.419760614633560181e-02
8.949722163379192352e-03 3.424144163727760315e-02
8.957410231232643127e-03 3.423433378338813782e-02
8.954338729381561279e-03 3.368673101067543030e-02
8.941223844885826111e-03 3.346588462591171265e-02
8.961053565144538879e-03 3.397679701447486877e-02
8.929104544222354889e-03 3.411031886935234070e-02
8.920060470700263977e-03 3.416803106665611267e-02
8.893718942999839783e-03 3.433896973729133606e-02
8.901734836399555206e-03 3.394830971956253052e-02
8.883018046617507935e-03 3.412389755249023438e-02
8.880642242729663849e-03 3.437606245279312134e-02
8.882035501301288605e-03 3.428732603788375854e-02
8.902003988623619080e-03 3.443353995680809021e-02
8.910994976758956909e-03 3.453068062663078308e-02
8.950937539339065552e-03 3.449474275112152100e-02
8.948938921093940735e-03 3.431710973381996155e-02
8.951925672590732574e-03 3.420680388808250427e-02
9.011760354042053223e-03 3.438394516706466675e-02
8.911252021789550781e-03 3.456195816397666931e-02
8.910194039344787598e-03 3.473765775561332703e-02
9.016541764140129089e-03 3.465929254889488220e-02
8.888402953743934631e-03 3.489316999912261963e-02
8.847136981785297394e-03 3.506617993116378784e-02
8.928433060646057129e-03 3.423426672816276550e-02
8.901404216885566711e-03 3.456768020987510681e-02
8.959966711699962616e-03 3.479502350091934204e-02
8.847925812005996704e-03 3.508991375565528870e-02
8.907982148230075836e-03 3.511227667331695557e-02
9.095150977373123169e-03 3.400149941444396973e-02
9.292522445321083069e-03 3.338063135743141174e-02
9.930205531418323517e-03 3.509376198053359985e-02
1.012579537928104401e-02 3.298249095678329468e-02
9.923944249749183655e-03 3.477172553539276123e-02
9.423281066119670868e-03 3.478768840432167053e-02
9.360644966363906860e-03 3.370575234293937683e-02
9.665319696068763733e-03 3.596493974328041077e-02
9.272192604839801788e-03 3.652693703770637512e-02
9.361407719552516937e-03 3.597141057252883911e-02
9.876723401248455048e-03 3.411631658673286438e-02
9.250747971236705780e-03 3.410153836011886597e-02
9.502311237156391144e-03 3.423881903290748596e-02
9.317429736256599426e-03 3.437969833612442017e-02
9.249025955796241760e-03 3.360147401690483093e-02
9.338677860796451569e-03 3.296867385506629944e-02
9.161393158137798309e-03 3.396396338939666748e-02
9.110803715884685516e-03 3.433509543538093567e-02
9.054920636117458344e-03 3.427866846323013306e-02
9.022896178066730499e-03 3.521675616502761841e-02
9.027791209518909454e-03 3.480137884616851807e-02
8.957101032137870789e-03 3.321158513426780701e-02
8.962291292846202850e-03 3.344812616705894470e-02
8.941471576690673828e-03 3.329382836818695068e-02
8.872662670910358429e-03 3.293259441852569580e-02
8.960009552538394928e-03 3.286756575107574463e-02
8.885761722922325134e-03 3.294402733445167542e-02
8.848560974001884460e-03 3.316447511315345764e-02
8.843122050166130066e-03 3.360779955983161926e-02
8.827188052237033844e-03 3.396406024694442749e-02
8.826510980725288391e-03 3.430602326989173889e-02
8.790300227701663971e-03 3.447270765900611877e-02
8.795657195150852203e-03 3.400021418929100037e-02
8.769176900386810303e-03 3.391831740736961365e-02
8.762750774621963501e-03 3.437459096312522888e-02
8.781103417277336121e-03 3.384734690189361572e-02
8.738049305975437164e-03 3.387081623077392578e-02
8.755893446505069733e-03 3.451653197407722473e-02
8.741186000406742096e-03 3.455583006143569946e-02
8.724379353225231171e-03 3.466213494539260864e-02
8.730103261768817902e-03 3.468032926321029663e-02
8.711377158761024475e-03 3.410787880420684814e-02
8.704962208867073059e-03 3.415694087743759155e-02
8.706172928214073181e-03 3.390866890549659729e-02
8.696865290403366089e-03 3.367973864078521729e-02
8.685706183314323425e-03 3.416879102587699890e-02
8.683146908879280090e-03 3.371984511613845825e-02
8.677609264850616455e-03 3.340033441781997681e-02
8.670772425830364227e-03 3.388809412717819214e-02
8.666391484439373016e-03 3.357596695423126221e-02
8.656942285597324371e-03 3.367154300212860107e-02
8.647974580526351929e-03 3.403970971703529358e-02
8.651591837406158447e-03 3.390121832489967346e-02
8.653813973069190979e-03 3.433028236031532288e-02
8.650460280478000641e-03 3.413249179720878601e-02
8.648590184748172760e-03 3.413218259811401367e-02
8.675117045640945435e-03 3.415136784315109253e-02
8.661692030727863312e-03 3.398767858743667603e-02
8.675144985318183899e-03 3.403449058532714844e-02
8.632831275463104248e-03 3.413533046841621399e-02
8.614708669483661652e-03 3.391747176647186279e-02
8.606994524598121643e-03 3.415539488196372986e-02
8.610124699771404266e-03 3.409327939152717590e-02
8.631553500890731812e-03 3.395447880029678345e-02
8.647510781884193420e-03 3.408447653055191040e-02
8.709606714546680450e-03 3.383524343371391296e-02
8.633436635136604309e-03 3.423670679330825806e-02
8.618956431746482849e-03 3.392904624342918396e-02
8.637198247015476227e-03 3.448577970266342163e-02
8.646515198051929474e-03 3.392437845468521118e-02
8.685069158673286438e-03 3.314431384205818176e-02
8.653473109006881714e-03 3.410896286368370056e-02
8.658795617520809174e-03 3.351948410272598267e-02
8.684175089001655579e-03 3.413294628262519836e-02
8.627730421721935272e-03 3.395521268248558044e-02
8.626077324151992798e-03 3.362163528800010681e-02
8.663504384458065033e-03 3.484145179390907288e-02
8.739496581256389618e-03 3.325059264898300171e-02
8.683771826326847076e-03 3.352262824773788452e-02
8.611551485955715179e-03 3.387910872697830200e-02
8.606917224824428558e-03 3.357912600040435791e-02
8.660691790282726288e-03 3.475841134786605835e-02
8.684477768838405609e-03 3.349349647760391235e-02
8.697561919689178467e-03 3.319541364908218384e-02
8.797768503427505493e-03 3.316568583250045776e-02
8.679756894707679749e-03 3.283718228340148926e-02
8.695106953382492065e-03 3.382201120257377625e-02
8.869959041476249695e-03 3.366511315107345581e-02
8.683972060680389404e-03 3.427710756659507751e-02
8.668194524943828583e-03 3.432637825608253479e-02
8.832792751491069794e-03 3.348328173160552979e-02
8.672932162880897522e-03 3.318891674280166626e-02
8.735734038054943085e-03 3.358932584524154663e-02
8.777303621172904968e-03 3.349242359399795532e-02
8.647496812045574188e-03 3.339551016688346863e-02
8.768605999648571014e-03 3.373226523399353027e-02
8.690802380442619324e-03 3.328527510166168213e-02
8.738935925066471100e-03 3.378301858901977539e-02
8.789204992353916168e-03 3.277471661567687988e-02
8.795057423412799835e-03 3.446665778756141663e-02
8.877526037395000458e-03 3.255802765488624573e-02
8.747097104787826538e-03 3.236798569560050964e-02
8.747561834752559662e-03 3.417046368122100830e-02
8.646947331726551056e-03 3.437765687704086304e-02
8.801956661045551300e-03 3.380669280886650085e-02
8.770996704697608948e-03 3.258415684103965759e-02
8.835254237055778503e-03 3.383457288146018982e-02
8.791266009211540222e-03 3.321863710880279541e-02
8.656469173729419708e-03 3.271716460585594177e-02
8.839342743158340454e-03 3.370891138911247253e-02
8.823841810226440430e-03 3.296054527163505554e-02
8.988886140286922455e-03 3.455552831292152405e-02
8.895704522728919983e-03 3.286203369498252869e-02
8.643181994557380676e-03 3.251611813902854919e-02
8.763938210904598236e-03 3.418271243572235107e-02
8.863321505486965179e-03 3.260155022144317627e-02
8.937656879425048828e-03 3.328799456357955933e-02
8.699929341673851013e-03 3.307163342833518982e-02
8.832617662847042084e-03 3.251831233501434326e-02
8.790666237473487854e-03 3.369172662496566772e-02
8.772551082074642181e-03 3.387251868844032288e-02
8.691732771694660187e-03 3.365381062030792236e-02
8.757353760302066803e-03 3.380768001079559326e-02
8.731015026569366455e-03 3.299256041646003723e-02
8.642720989882946014e-03 3.328580036759376526e-02
8.665400557219982147e-03 3.393632173538208008e-02
8.690675720572471619e-03 3.252534940838813782e-02
8.981845341622829437e-03 3.224224597215652466e-02
9.009056724607944489e-03 3.299098089337348938e-02
8.960482664406299591e-03 3.364304080605506897e-02
8.819405920803546906e-03 3.257372975349426270e-02
8.820170536637306213e-03 3.373368456959724426e-02
8.633512072265148163e-03 3.435921669006347656e-02
8.742794394493103027e-03 3.307960182428359985e-02
8.727290667593479156e-03 3.328735008835792542e-02
8.652774617075920105e-03 3.283181041479110718e-02
8.681631647050380707e-03 3.218686580657958984e-02
8.646665140986442566e-03 3.248796612024307251e-02
8.635612204670906067e-03 3.310291469097137451e-02
8.636412210762500763e-03 3.320041298866271973e-02
8.612127043306827545e-03 3.369094431400299072e-02
8.592402562499046326e-03 3.358141332864761353e-02
8.560635149478912354e-03 3.319777548313140869e-02
8.566793985664844513e-03 3.278607875108718872e-02
8.564865216612815857e-03 3.304218128323554993e-02
8.553473278880119324e-03 3.431627526879310608e-02
8.536931127309799194e-03 3.432006761431694031e-02
8.522849529981613159e-03 3.396204113960266113e-02
8.530003018677234650e-03 3.342346847057342529e-02
8.507368154823780060e-03 3.343078494071960449e-02
8.506927639245986938e-03 3.329617157578468323e-02
8.495668880641460419e-03 3.305998072028160095e-02
8.501767180860042572e-03 3.337890282273292542e-02
8.494202047586441040e-03 3.354361653327941895e-02
8.484480902552604675e-03 3.384780511260032654e-02
8.492407388985157013e-03 3.349976986646652222e-02
8.485619910061359406e-03 3.348239511251449585e-02
8.479019626975059509e-03 3.322423249483108521e-02
8.488401770591735840e-03 3.361432254314422607e-02
8.485718630254268646e-03 3.304394707083702087e-02
8.464737795293331146e-03 3.321601822972297668e-02
8.470300585031509399e-03 3.356781974434852600e-02
8.458675816655158997e-03 3.358783572912216187e-02
8.460132405161857605e-03 3.339916840195655823e-02
8.454290218651294708e-03 3.317460045218467712e-02
8.456504903733730316e-03 3.380535542964935303e-02
8.458879776298999786e-03 3.353760764002799988e-02
8.465542457997798920e-03 3.373617306351661682e-02
8.492755703628063202e-03 3.304437920451164246e-02
8.517082780599594116e-03 3.413850441575050354e-02
8.578836917877197266e-03 3.287103027105331421e-02
8.595314808189868927e-03 3.371493145823478699e-02
8.540835231542587280e-03 3.311117738485336304e-02
8.477170020341873169e-03 3.292010724544525146e-02
8.511913008987903595e-03 3.461870551109313965e-02
8.651225827634334564e-03 3.294512256979942322e-02
8.678484708070755005e-03 3.334983065724372864e-02
8.578895591199398041e-03 3.253898769617080688e-02
