1.427861750125885010e-01 1.313503235578536987e-01
1.147574558854103088e-01 1.044263765215873718e-01
8.946226537227630615e-02 8.314387500286102295e-02
6.964549422264099121e-02 6.726602464914321899e-02
5.508254840970039368e-02 5.575844272971153259e-02
4.474860057234764099e-02 4.752821102738380432e-02
3.759015351533889771e-02 4.168331250548362732e-02
3.275469690561294556e-02 3.754744306206703186e-02
2.958317846059799194e-02 3.460756689310073853e-02
2.755654044449329376e-02 3.247744962573051453e-02
2.627101726830005646e-02 3.087066113948822021e-02
2.542156912386417389e-02 2.957919239997863770e-02
2.478462643921375275e-02 2.845987305045127869e-02
2.420685440301895142e-02 2.742464654147624969e-02
2.359763160347938538e-02 2.643097564578056335e-02
2.291961759328842163e-02 2.547107823193073273e-02
2.217564731836318970e-02 2.456028573215007782e-02
2.139381319284439087e-02 2.372545003890991211e-02
2.061347290873527527e-02 2.299499139189720154e-02
1.987411454319953918e-02 2.239163592457771301e-02
1.920805498957633972e-02 2.192824520170688629e-02
1.863671652972698212e-02 2.160649560391902924e-02
1.816981285810470581e-02 2.141765132546424866e-02
1.780653744935989380e-02 2.134469524025917053e-02
1.753772422671318054e-02 2.136502414941787720e-02
1.734838262200355530e-02 2.145315892994403839e-02
1.722002960741519928e-02 2.158317901194095612e-02
1.713272929191589355e-02 2.173078805208206177e-02
1.706694252789020538e-02 2.187510766088962555e-02
1.700523868203163147e-02 2.199999615550041199e-02
1.693378575146198273e-02 2.209478244185447693e-02
1.684334874153137207e-02 2.215425111353397369e-02
1.672956161201000214e-02 2.217796072363853455e-02
1.659249141812324524e-02 2.216912619769573212e-02
1.643562316894531250e-02 2.213330008089542389e-02
1.626464165747165680e-02 2.207716740667819977e-02
1.608623377978801727e-02 2.200757712125778198e-02
1.590711250901222229e-02 2.193085104227066040e-02
1.573332585394382477e-02 2.185240574181079865e-02
1.556983683258295059e-02 2.177655883133411407e-02
1.542027294635772705e-02 2.170647308230400085e-02
1.528674643486738205e-02 2.164413407444953918e-02
1.516969408839941025e-02 2.159038744866847992e-02
1.506781578063964844e-02 2.154500409960746765e-02
1.497817970812320709e-02 2.150679565966129303e-02
1.489661261439323425e-02 2.147386409342288971e-02
1.481827069073915482e-02 2.144388668239116669e-02
1.473832130432128906e-02 2.141445688903331757e-02
1.465250272303819656e-02 2.138339914381504059e-02
1.455756090581417084e-02 2.134901471436023712e-02
1.445147674530744553e-02 2.131019346415996552e-02
1.433353312313556671e-02 2.126644551753997803e-02
1.420421153306961060e-02 2.121775224804878235e-02
1.406495645642280579e-02 2.116431854665279388e-02
1.391782518476247787e-02 2.110618539154529572e-02
1.376510970294475555e-02 2.104277536273002625e-02
1.360893994569778442e-02 2.097238786518573761e-02
1.345103327184915543e-02 2.089167572557926178e-02
1.329238433390855789e-02 2.079526893794536591e-02
1.313221175223588943e-02 2.067674510180950165e-02
1.296506915241479874e-02 2.053332515060901642e-02
1.278477162122726440e-02 2.037042006850242615e-02
1.259930338710546494e-02 2.019512839615345001e-02
1.240244787186384201e-02 2.001112885773181915e-02
1.219219341874122620e-02 1.978155225515365601e-02
1.198299787938594818e-02 1.957732625305652618e-02
1.180509943515062332e-02 1.931175775825977325e-02
1.160359941422939301e-02 1.907036267220973969e-02
1.139536406844854355e-02 1.882783137261867523e-02
1.104214880615472794e-02 1.897368580102920532e-02
1.136698480695486069e-02 1.890117861330509186e-02
1.138965040445327759e-02 1.855334080755710602e-02
1.125597953796386719e-02 1.919363997876644135e-02
1.116030849516391754e-02 1.927783712744712830e-02
1.097251009196043015e-02 1.898636110126972198e-02
1.061444729566574097e-02 1.860842481255531311e-02
1.021922565996646881e-02 1.816628500819206238e-02
1.000730507075786591e-02 1.802445575594902039e-02
1.001208275556564331e-02 1.788537763059139252e-02
9.937400929629802704e-03 1.783299259841442108e-02
9.799579158425331116e-03 1.779875345528125763e-02
9.650680236518383026e-03 1.765939593315124512e-02
9.492326527833938599e-03 1.748600788414478302e-02
9.321906603872776031e-03 1.730281300842761993e-02
9.161343798041343689e-03 1.715316250920295715e-02
9.042968042194843292e-03 1.706285402178764343e-02
8.959882892668247223e-03 1.697879470884799957e-02
8.840085938572883606e-03 1.687476597726345062e-02
8.670399896800518036e-03 1.676651276648044586e-02
8.513242006301879883e-03 1.656070351600646973e-02
8.344523608684539795e-03 1.621397025883197784e-02
8.145313709974288940e-03 1.580689102411270142e-02
7.964313961565494537e-03 1.545045897364616394e-02
7.812605239450931549e-03 1.520867273211479187e-02
7.640084251761436462e-03 1.513483840972185135e-02
7.437964435666799545e-03 1.522918045520782471e-02
7.241256069391965866e-03 1.535951532423496246e-02
7.051523774862289429e-03 1.534844189882278442e-02
6.853746250271797180e-03 1.519940048456192017e-02
6.683021318167448044e-03 1.514805573970079422e-02
6.528892554342746735e-03 1.530957315117120743e-02
6.375202909111976624e-03 1.500200759619474411e-02
6.223041564226150513e-03 1.464356202632188797e-02
6.085970904678106308e-03 1.453756075352430344e-02
5.938222631812095642e-03 1.443015597760677338e-02
5.803358741104602814e-03 1.406697276979684830e-02
5.682961083948612213e-03 1.376102771610021591e-02
5.577879492193460464e-03 1.379103679209947586e-02
5.478055682033300400e-03 1.362489163875579834e-02
5.393368657678365707e-03 1.283167116343975067e-02
5.301138851791620255e-03 1.231754384934902191e-02
5.203095264732837677e-03 1.204740907996892929e-02
5.100367125123739243e-03 1.155927125364542007e-02
4.998828284442424774e-03 1.118432357907295227e-02
4.914856050163507462e-03 1.114247646182775497e-02
4.829793237149715424e-03 1.092820335179567337e-02
4.749014973640441895e-03 1.062084082514047623e-02
4.692128859460353851e-03 1.057850196957588196e-02
4.639882128685712814e-03 1.038958691060543060e-02
4.581122193485498428e-03 1.012087333947420120e-02
4.526691976934671402e-03 1.001683901995420456e-02
4.473837092518806458e-03 9.736396372318267822e-03
4.427031148225069046e-03 9.553438983857631683e-03
4.382931627333164215e-03 9.522697888314723969e-03
4.334602504968643188e-03 9.373413398861885071e-03
4.289353732019662857e-03 9.279494173824787140e-03
4.245583899319171906e-03 9.172272868454456329e-03
4.197827074676752090e-03 8.930567651987075806e-03
4.151315428316593170e-03 8.854784071445465088e-03
4.103777464479207993e-03 8.662951178848743439e-03
4.055968485772609711e-03 8.559324778616428375e-03
4.010122269392013550e-03 8.445724844932556152e-03
3.964428789913654327e-03 8.266022428870201111e-03
3.923033829778432846e-03 8.226186037063598633e-03
3.884627250954508781e-03 8.002737537026405334e-03
3.845212981104850769e-03 8.032631129026412964e-03
3.808707697317004204e-03 7.694472558796405792e-03
3.775309072807431221e-03 7.838620804250240326e-03
3.745847381651401520e-03 7.327038794755935669e-03
3.724726848304271698e-03 7.732774131000041962e-03
3.706866409629583359e-03 7.065286859869956970e-03
3.693100763484835625e-03 7.614095229655504227e-03
3.662977600470185280e-03 6.917523220181465149e-03
3.615497611463069916e-03 7.194440346211194992e-03
3.555815899744629860e-03 7.006660569459199905e-03
3.514942247420549393e-03 6.792341824620962143e-03
3.500879742205142975e-03 7.159446831792593002e-03
3.494728822261095047e-03 6.569526623934507370e-03
3.478793660178780556e-03 7.003513164818286896e-03
3.440192900598049164e-03 6.529411301016807556e-03
3.388603217899799347e-03 6.621579639613628387e-03
3.348288824781775475e-03 6.727217230945825577e-03
3.332523396238684654e-03 6.366468034684658051e-03
3.325934521853923798e-03 6.752271205186843872e-03
3.310259198769927025e-03 6.208589300513267517e-03
3.278898540884256363e-03 6.484187208116054535e-03
3.234056755900382996e-03 6.278022192418575287e-03
3.195755416527390480e-03 6.208077073097229004e-03
3.175896126776933670e-03 6.412544287741184235e-03
3.166066715493798256e-03 5.987636744976043701e-03
3.156902967020869255e-03 6.367830093950033188e-03
3.140258137136697769e-03 5.874024238437414169e-03
3.108758479356765747e-03 6.173631176352500916e-03
3.067412646487355232e-03 5.943194497376680374e-03
3.031229134649038315e-03 5.939845461398363113e-03
3.005144419148564339e-03 6.017293315380811691e-03
2.988552674651145935e-03 5.718297790735960007e-03
2.978252945467829704e-03 6.050880067050457001e-03
2.969283377751708031e-03 5.583189427852630615e-03
2.959581324830651283e-03 6.051027216017246246e-03
2.944221952930092812e-03 5.511662922799587250e-03
2.917416626587510109e-03 5.917462520301342010e-03
2.878085477277636528e-03 5.531327798962593079e-03
2.833908889442682266e-03 5.690877791494131088e-03
2.796351909637451172e-03 5.634994711726903915e-03
2.770790830254554749e-03 5.478563718497753143e-03
2.754695480689406395e-03 5.715310107916593552e-03
2.747685415670275688e-03 5.275651346892118454e-03
2.752212341874837875e-03 5.863782018423080444e-03
2.768236212432384491e-03 5.159100983291864395e-03
2.784769982099533081e-03 5.898158997297286987e-03
2.764380304142832756e-03 5.134524311870336533e-03
2.684743609279394150e-03 5.447192583233118057e-03
2.593172946944832802e-03 5.432246252894401550e-03
2.562727313488721848e-03 5.116300191730260849e-03
2.594376215711236000e-03 5.847478751093149185e-03
2.655832562595605850e-03 4.932785406708717346e-03
2.699502976611256599e-03 5.724490620195865631e-03
2.629039576277136803e-03 4.989158362150192261e-03
2.469853265210986137e-03 5.008907988667488098e-03
2.447294536978006363e-03 5.684330593794584274e-03
2.521817339584231377e-03 4.918984603136777878e-03
2.490500221028923988e-03 5.345523823052644730e-03
2.372864168137311935e-03 5.084783304482698441e-03
2.309877425432205200e-03 4.814494401216506958e-03
2.342756371945142746e-03 5.411574151366949081e-03
2.359883394092321396e-03 4.770725034177303314e-03
2.286815550178289413e-03 5.001894198358058929e-03
2.203552285209298134e-03 5.105524323880672455e-03
2.193882828578352928e-03 4.737916402518749237e-03
2.207461511716246605e-03 5.191886331886053085e-03
2.169997198507189751e-03 4.731320310384035110e-03
2.097617369145154953e-03 4.730320535600185394e-03
2.058625454083085060e-03 4.954264964908361435e-03
2.056220546364784241e-03 4.557786509394645691e-03
2.046750159934163094e-03 4.982453305274248123e-03
2.008976414799690247e-03 4.568749573081731796e-03
1.952022546902298927e-03 4.670951049774885178e-03
1.904643955640494823e-03 4.705440718680620193e-03
1.880488824099302292e-03 4.462835844606161118e-03
1.865648897364735603e-03 4.763169214129447937e-03
1.840836717747151852e-03 4.408968612551689148e-03
1.802493701688945293e-03 4.594263620674610138e-03
1.761031686328351498e-03 4.450417123734951019e-03
1.725719659589231014e-03 4.422574304044246674e-03
1.699780696071684361e-03 4.542032722383737564e-03
1.680512214079499245e-03 4.312946926802396774e-03
1.664665993303060532e-03 4.577706102281808853e-03
1.648746896535158157e-03 4.257566295564174652e-03
1.630495069548487663e-03 4.550903104245662689e-03
1.609969302080571651e-03 4.226141143590211868e-03
1.589752500876784325e-03 4.491876810789108276e-03
1.570232212543487549e-03 4.194613080471754074e-03
1.554973539896309376e-03 4.479528870433568954e-03
1.544050057418644428e-03 4.127508960664272308e-03
1.543631311506032944e-03 4.543420393019914627e-03
1.557125477120280266e-03 4.009355325251817703e-03
1.604781369678676128e-03 4.784432705491781235e-03
1.667161355726420879e-03 3.998966887593269348e-03
1.749609597027301788e-03 4.748752806335687637e-03
1.670054974965751171e-03 3.979058936238288879e-03
1.497350516729056835e-03 4.034222103655338287e-03
1.422489760443568230e-03 4.525206983089447021e-03
1.524892286397516727e-03 3.837865777313709259e-03
1.673333928920328617e-03 4.803561605513095856e-03
1.722000539302825928e-03 3.731401404365897179e-03
1.606906531378626823e-03 3.995065111666917801e-03
1.379269408062100410e-03 4.278003703802824020e-03
1.454631565138697624e-03 3.794395131990313530e-03
1.547941938042640686e-03 4.198799375444650650e-03
1.384621486067771912e-03 3.950696904212236404e-03
1.307283993810415268e-03 3.633117303252220154e-03
1.427129493094980717e-03 4.340199753642082214e-03
1.496954937465488911e-03 3.538243006914854050e-03
1.402124762535095215e-03 3.764115506783127785e-03
1.268019783310592175e-03 4.050628747791051865e-03
1.314336201176047325e-03 3.662476083263754845e-03
1.383956638164818287e-03 4.075946751981973648e-03
1.296812435612082481e-03 3.733777208253741264e-03
1.219456433318555355e-03 3.544391598552465439e-03
1.263523241505026817e-03 4.061561543494462967e-03
1.310562365688383579e-03 3.512233030050992966e-03
1.276433235034346581e-03 3.728226060047745705e-03
1.196049735881388187e-03 3.679774468764662743e-03
1.178865786641836166e-03 3.504199208691716194e-03
1.215480384416878223e-03 3.975978586822748184e-03
1.227078842930495739e-03 3.547404194250702858e-03
1.187588088214397430e-03 3.637097077444195747e-03
1.142714987508952618e-03 3.618918592110276222e-03
1.144129550084471703e-03 3.400695743039250374e-03
1.163949957117438316e-03 3.764077788218855858e-03
1.166304340586066246e-03 3.431553952395915985e-03
1.147808157838881016e-03 3.627251368016004562e-03
1.118561602197587490e-03 3.462809370830655098e-03
1.099006738513708115e-03 3.436878556385636330e-03
1.094790059141814709e-03 3.579979995265603065e-03
1.100570196285843849e-03 3.358152695000171661e-03
1.102589885704219341e-03 3.553108545020222664e-03
1.095637679100036621e-03 3.306765807792544365e-03
1.083944924175739288e-03 3.473985707387328148e-03
1.070678001269698143e-03 3.341787261888384819e-03
1.058749272488057613e-03 3.381383139640092850e-03
1.050431746989488602e-03 3.345763310790061951e-03
1.044291188009083271e-03 3.290252760052680969e-03
1.040989300236105919e-03 3.367516212165355682e-03
1.038694172166287899e-03 3.240996506065130234e-03
1.037999172694981098e-03 3.397068008780479431e-03
1.040717819705605507e-03 3.165535395964980125e-03
1.048899022862315178e-03 3.459291066974401474e-03
1.068872865289449692e-03 3.097637323662638664e-03
1.106822048313915730e-03 3.659861860796809196e-03
1.171884941868484020e-03 3.126172116026282310e-03
1.253297668881714344e-03 3.853200236335396767e-03
1.303664757870137691e-03 3.112809266895055771e-03
1.214983756653964520e-03 3.391676349565386772e-03
1.052669947966933250e-03 3.306109225377440453e-03
1.005696249194443226e-03 3.095028223469853401e-03
1.118310727179050446e-03 3.914220258593559265e-03
1.311333035118877888e-03 3.116661915555596352e-03
1.472718198783695698e-03 3.911289852112531662e-03
1.435984391719102859e-03 3.083260264247655869e-03
1.081678783521056175e-03 3.166434820741415024e-03
1.145550981163978577e-03 3.943984862416982651e-03
1.317309215664863586e-03 3.159737214446067810e-03
1.076909829862415791e-03 3.128392621874809265e-03
1.000286545604467392e-03 3.717813175171613693e-03
1.196983852423727512e-03 3.030112944543361664e-03
1.273894449695944786e-03 3.391448874026536942e-03
1.122378627769649029e-03 3.059277078136801720e-03
9.809428593143820763e-04 3.016534727066755295e-03
1.099376939237117767e-03 3.648077370598912239e-03
1.123702269978821278e-03 3.181629581376910210e-03
9.839525446295738220e-04 3.105165204033255577e-03
9.924188489094376564e-04 3.515733405947685242e-03
1.086917123757302761e-03 2.931887283921241760e-03
1.033240929245948792e-03 3.037894144654273987e-03
9.488293435424566269e-04 3.226351225748658180e-03
9.893141686916351318e-04 2.942600985988974571e-03
1.040690462104976177e-03 3.371261991560459137e-03
1.005918136797845364e-03 3.058503381907939911e-03
9.344235295429825783e-04 3.030306892469525337e-03
9.424724848940968513e-04 3.294072346761822701e-03
9.843587176874279976e-04 2.933585550636053085e-03
9.589973487891256809e-04 3.005628474056720734e-03
9.169889381155371666e-04 3.106555668637156487e-03
9.293241309933364391e-04 2.908265218138694763e-03
9.642733493819832802e-04 3.252233844250440598e-03
9.650244610384106636e-04 2.913982607424259186e-03
9.276483324356377125e-04 2.987673738971352577e-03
9.009152418002486229e-04 3.043775912374258041e-03
9.113599662669003010e-04 2.885851310566067696e-03
9.263957035727798939e-04 3.088021185249090195e-03
9.159208275377750397e-04 2.917786361649632454e-03
8.952302741818130016e-04 2.933385549113154411e-03
8.886405848897993565e-04 3.017630428075790405e-03
8.972790674306452274e-04 2.830869983881711960e-03
9.064815239980816841e-04 3.009403590112924576e-03
9.048403007909655571e-04 2.828091382980346680e-03
8.904773858375847340e-04 2.920062048360705376e-03
8.770849090069532394e-04 2.939955564215779305e-03
8.757478790357708931e-04 2.848856849595904350e-03
8.823123644106090069e-04 2.991713816300034523e-03
8.880273089744150639e-04 2.782701980322599411e-03
8.871728205122053623e-04 2.931120106950402260e-03
8.811348234303295612e-04 2.780762966722249985e-03
8.708131499588489532e-04 2.859607106074690819e-03
8.616063278168439865e-04 2.846378833055496216e-03
8.578157285228371620e-04 2.814274514093995094e-03
8.588512428104877472e-04 2.900918480008840561e-03
8.618292049504816532e-04 2.755836118012666702e-03
8.649463416077196598e-04 2.894237870350480080e-03
8.679248858243227005e-04 2.717007882893085480e-03
8.678467711433768272e-04 2.890662755817174911e-03
8.654998964630067348e-04 2.723448676988482475e-03
8.616509148851037025e-04 2.892176387831568718e-03
8.590412908233702183e-04 2.720389980822801590e-03
8.567859767936170101e-04 2.875244012102484703e-03
8.561565191484987736e-04 2.694010268896818161e-03
8.561288123019039631e-04 2.866171533241868019e-03
8.575387764722108841e-04 2.674873452633619308e-03
8.593121310696005821e-04 2.898878883570432663e-03
8.654720149934291840e-04 2.662196056917309761e-03
8.763814112171530724e-04 2.979770768433809280e-03
9.005750762298703194e-04 2.641261089593172073e-03
9.336528019048273563e-04 3.111231606453657150e-03
9.858368430286645889e-04 2.656211843714118004e-03
1.008948311209678650e-03 3.139956388622522354e-03
1.004970748908817768e-03 2.658738056197762489e-03
9.231537696905434132e-04 2.864668378606438637e-03
8.451612666249275208e-04 2.779024187475442886e-03
8.184173493646085262e-04 2.663586055859923363e-03
8.530247723683714867e-04 3.060562070459127426e-03
9.397762478329241276e-04 2.627494512125849724e-03
1.064815907739102840e-03 3.423109417781233788e-03
1.238632015883922577e-03 2.715158741921186447e-03
1.150033553130924702e-03 2.946747932583093643e-03
9.133981657214462757e-04 2.950647845864295959e-03
8.751192362979054451e-04 2.771524246782064438e-03
1.062322757206857204e-03 3.504398278892040253e-03
1.150349620729684830e-03 2.635422628372907639e-03
9.639203781262040138e-04 2.739780349656939507e-03
8.207208593375980854e-04 2.819397719576954842e-03
8.581428555771708488e-04 2.611506963148713112e-03
9.628113475628197193e-04 3.151361132040619850e-03
9.899606229737401009e-04 2.642786828801035881e-03
8.780128555372357368e-04 2.793680410832166672e-03
8.033394697122275829e-04 2.939250553026795387e-03
8.433925686404109001e-04 2.651824848726391792e-03
8.911557379178702831e-04 2.912410302087664604e-03
8.640665328130125999e-04 2.621801337227225304e-03
8.020191453397274017e-04 2.629001159220933914e-03
8.032568730413913727e-04 2.938358578830957413e-03
8.561632130295038223e-04 2.603894332423806190e-03
8.833216852508485317e-04 2.942251740023493767e-03
8.680135942995548248e-04 2.607723698019981384e-03
8.112359791994094849e-04 2.687303116545081139e-03
7.877007592469453812e-04 2.846175106242299080e-03
8.155277464538812637e-04 2.608852460980415344e-03
8.348232950083911419e-04 2.856869483366608620e-03
8.238527225330471992e-04 2.600819570943713188e-03
7.922271033748984337e-04 2.670474583283066750e-03
7.759212749078869820e-04 2.726745558902621269e-03
7.845322834327816963e-04 2.568480791524052620e-03
7.995075429789721966e-04 2.780527574941515923e-03
8.053854689933359623e-04 2.582262968644499779e-03
7.918161572888493538e-04 2.724350662901997566e-03
7.747134659439325333e-04 2.674283226951956749e-03
7.674948428757488728e-04 2.598948078230023384e-03
7.716650143265724182e-04 2.718105446547269821e-03
7.816280121915042400e-04 2.542006084695458412e-03
7.857079617679119110e-04 2.726439619436860085e-03
7.831364637240767479e-04 2.560078864917159081e-03
7.738627609796822071e-04 2.666925778612494469e-03
7.640355033800005913e-04 2.600773703306913376e-03
7.578573422506451607e-04 2.613868331536650658e-03
7.558572106063365936e-04 2.659513149410486221e-03
7.577470969408750534e-04 2.555343322455883026e-03
7.607499137520790100e-04 2.663842868059873581e-03
7.638392271474003792e-04 2.521485788747668266e-03
7.651325431652367115e-04 2.680951496586203575e-03
7.652486674487590790e-04 2.529591089114546776e-03
7.639175746589899063e-04 2.677352167665958405e-03
7.624807767570018768e-04 2.522500930353999138e-03
7.598410593345761299e-04 2.663992810994386673e-03
7.568665896542370319e-04 2.530479105189442635e-03
7.529958966188132763e-04 2.635776065289974213e-03
7.497548358514904976e-04 2.517569810152053833e-03
7.469240808859467506e-04 2.619357779622077942e-03
7.454435108229517937e-04 2.517001703381538391e-03
7.447406533174216747e-04 2.629090100526809692e-03
7.458833861164748669e-04 2.496431348845362663e-03
7.488507544621825218e-04 2.659850288182497025e-03
7.558788056485354900e-04 2.476370427757501602e-03
7.665810990147292614e-04 2.741291653364896774e-03
7.872488931752741337e-04 2.461557276546955109e-03
8.151329238899052143e-04 2.886560047045350075e-03
8.685771026648581028e-04 2.473537344485521317e-03
9.180030901916325092e-04 3.062722506001591682e-03
9.875283576548099518e-04 2.507842378690838814e-03
9.530287934467196465e-04 2.883892040699720383e-03
8.705586660653352737e-04 2.516853157430887222e-03
7.552386960014700890e-04 2.547848271206021309e-03
7.349203806370496750e-04 2.856875536963343620e-03
8.128455374389886856e-04 2.480713883414864540e-03
9.424926829524338245e-04 3.306120401248335838e-03
1.170697738416492939e-03 2.589415293186903000e-03
1.193475327454507351e-03 2.988472813740372658e-03
1.000361284241080284e-03 2.622234635055065155e-03
7.718168199062347412e-04 2.643658779561519623e-03
9.796369122341275215e-04 3.481621155515313148e-03
1.141894725151360035e-03 2.557707484811544418e-03
8.778013288974761963e-04 2.577278995886445045e-03
7.217041566036641598e-04 2.823343034833669662e-03
8.393446914851665497e-04 2.471546642482280731e-03
9.587381500750780106e-04 2.924676984548568726e-03
9.262320236302912235e-04 2.452603774145245552e-03
7.514894823543727398e-04 2.542051021009683609e-03
7.433232385665178299e-04 3.045336110517382622e-03
8.683825726620852947e-04 2.561759203672409058e-03
8.491607732139527798e-04 2.713152673095464706e-03
7.478313054889440536e-04 2.607907634228467941e-03
7.281776634044945240e-04 2.452184446156024933e-03
7.963476236909627914e-04 2.833506325259804726e-03
8.139061974361538887e-04 2.464436925947666168e-03
7.438224856741726398e-04 2.549630822613835335e-03
7.080803043209016323e-04 2.700362121686339378e-03
7.336259004659950733e-04 2.489215927198529243e-03
7.675916422158479691e-04 2.751766238361597061e-03
7.604182465001940727e-04 2.486765617504715919e-03
7.155375205911695957e-04 2.491442486643791199e-03
7.075155735947191715e-04 2.704885555431246758e-03
7.364460034295916557e-04 2.477420493960380554e-03
7.460253546014428139e-04 2.688759937882423401e-03
7.272431976161897182e-04 2.482048003003001213e-03
7.005016086623072624e-04 2.481706440448760986e-03
6.959942984394729137e-04 2.601530170068144798e-03
7.108121644705533981e-04 2.448391402140259743e-03
7.183376583270728588e-04 2.623124280944466591e-03
7.107580895535647869e-04 2.488530706614255905e-03
6.950584356673061848e-04 2.523151459172368050e-03
6.889142096042633057e-04 2.579234773293137550e-03
6.945984787307679653e-04 2.440159674733877182e-03
7.019703625701367855e-04 2.577305305749177933e-03
7.030767155811190605e-04 2.431367756798863411e-03
6.944151828065514565e-04 2.526018535718321800e-03
6.853658123873174191e-04 2.505691489204764366e-03
6.816431414335966110e-04 2.468942198902368546e-03
6.840460700914263725e-04 2.555634360760450363e-03
6.881609442643821239e-04 2.434204099699854851e-03
6.894863909110426903e-04 2.546012168750166893e-03
6.875746184960007668e-04 2.430980792269110680e-03
6.822204450145363808e-04 2.495256019756197929e-03
6.771362386643886566e-04 2.468570368364453316e-03
6.740759708918631077e-04 2.463486511260271072e-03
6.737946532666683197e-04 2.507907105609774590e-03
6.748998421244323254e-04 2.422396326437592506e-03
6.765146972611546516e-04 2.510861726477742195e-03
6.778130191378295422e-04 2.407414605841040611e-03
6.773944478482007980e-04 2.515562111511826515e-03
6.759020034223794937e-04 2.416514791548252106e-03
6.733363261446356773e-04 2.504012314602732658e-03
6.710054585710167885e-04 2.420857548713684082e-03
6.684900727123022079e-04 2.480861265212297440e-03
6.664202664978802204e-04 2.415713388472795486e-03
6.645625107921659946e-04 2.456374466419219971e-03
6.629963172599673271e-04 2.416950883343815804e-03
6.615287857130169868e-04 2.454730682075023651e-03
6.602774374186992645e-04 2.423981204628944397e-03
6.591955898329615593e-04 2.449707360938191414e-03
6.581805646419525146e-04 2.411741530522704124e-03
6.573431892320513725e-04 2.446118043735623360e-03
6.567050004377961159e-04 2.400369150564074516e-03
6.563857314176857471e-04 2.457963302731513977e-03
6.566833471879363060e-04 2.383189275860786438e-03
6.582339410670101643e-04 2.491670427843928337e-03
6.626540562137961388e-04 2.354820724576711655e-03
6.722669349983334541e-04 2.577466890215873718e-03
6.952982512302696705e-04 2.326973946765065193e-03
7.376412395387887955e-04 2.820662688463926315e-03
8.332105353474617004e-04 2.402109792456030846e-03
9.475772967562079430e-04 3.233482362702488899e-03
1.136042410507798195e-03 2.486492041498422623e-03
1.036284491419792175e-03 2.771885367110371590e-03
8.170313667505979538e-04 2.531816717237234116e-03
6.767960730940103531e-04 2.459300914779305458e-03
8.374181925319135189e-04 3.395172534510493279e-03
1.139376894570887089e-03 2.525258576497435570e-03
1.191586838103830814e-03 3.174450015649199486e-03
1.147732138633728027e-03 2.352007897570729256e-03
7.514179451391100883e-04 2.450712956488132477e-03
8.420736412517726421e-04 3.292841836810112000e-03
1.076471526175737381e-03 2.497504465281963348e-03
8.049434400163590908e-04 2.537009539082646370e-03
6.725388811901211739e-04 2.961660968139767647e-03
8.347565890289843082e-04 2.419312950223684311e-03
9.205684764310717583e-04 2.728702034801244736e-03
8.285783696919679642e-04 2.345128217712044716e-03
6.755836657248437405e-04 2.366781700402498245e-03
7.626555161550641060e-04 3.037690185010433197e-03
8.695625583641231060e-04 2.478315494954586029e-03
7.379508460871875286e-04 2.528255106881260872e-03
6.521749310195446014e-04 2.710888627916574478e-03
7.156953797675669193e-04 2.378476550802588463e-03
7.407931843772530556e-04 2.557247178629040718e-03
6.773969507776200771e-04 2.460863441228866577e-03
6.443426827900111675e-04 2.334483666345477104e-03
7.005436345934867859e-04 2.766836434602737427e-03
7.331181550398468971e-04 2.405095146968960762e-03
6.799200200475752354e-04 2.506998367607593536e-03
6.338634411804378033e-04 2.530717290937900543e-03
6.481848540715873241e-04 2.355092670768499374e-03
6.740833050571382046e-04 2.546712523326277733e-03
6.542299524880945683e-04 2.441299380734562874e-03
6.280200905166566372e-04 2.406103303655982018e-03
6.392919458448886871e-04 2.605350920930504799e-03
6.636702455580234528e-04 2.343430183827877045e-03
6.593451253138482571e-04 2.489145379513502121e-03
6.375675438903272152e-04 2.394818700850009918e-03
6.236957269720733166e-04 2.359514124691486359e-03
6.304395501501858234e-04 2.530615776777267456e-03
6.420521531254053116e-04 2.379928482696413994e-03
6.369070615619421005e-04 2.496429951861500740e-03
6.236293120309710503e-04 2.429551212117075920e-03
6.164118531160056591e-04 2.352962037548422813e-03
6.213188753463327885e-04 2.455741632729768753e-03
6.282699760049581528e-04 2.328312955796718597e-03
6.255370681174099445e-04 2.442127093672752380e-03
6.174430018290877342e-04 2.392249414697289467e-03
6.114145508036017418e-04 2.385860774666070938e-03
6.114708376117050648e-04 2.447833539918065071e-03
6.144315702840685844e-04 2.344950567930936813e-03
6.159761687740683556e-04 2.429910702630877495e-03
6.139585748314857483e-04 2.340835286304354668e-03
6.089814705774188042e-04 2.380649326369166374e-03
6.050270167179405689e-04 2.393964445218443871e-03
6.043811445124447346e-04 2.352138049900531769e-03
6.059331935830414295e-04 2.420006552711129189e-03
6.073787808418273926e-04 2.321015577763319016e-03
6.072677788324654102e-04 2.402597339823842049e-03
6.054393015801906586e-04 2.328581642359495163e-03
6.019942229613661766e-04 2.376475138589739799e-03
5.986758042126893997e-04 2.361023332923650742e-03
5.968833575025200844e-04 2.350403927266597748e-03
5.964726442471146584e-04 2.384051447734236717e-03
5.967696197330951691e-04 2.315239049494266510e-03
5.973158404231071472e-04 2.379274694249033928e-03
5.978521658107638359e-04 2.297751605510711670e-03
5.974810337647795677e-04 2.387421904131770134e-03
5.965248565189540386e-04 2.309653209522366524e-03
5.950792692601680756e-04 2.389619126915931702e-03
5.937190144322812557e-04 2.308928640559315681e-03
5.921406554989516735e-04 2.373960567638278008e-03
5.907732993364334106e-04 2.299397252500057220e-03
5.894703790545463562e-04 2.360723214223980904e-03
5.883603589609265327e-04 2.295864513143897057e-03
5.873664631508290768e-04 2.367239212617278099e-03
5.868774023838341236e-04 2.294176723808050156e-03
5.868746666237711906e-04 2.378233009949326515e-03
5.879460368305444717e-04 2.273465273901820183e-03
5.903167766518890858e-04 2.405149163678288460e-03
5.956501699984073639e-04 2.253940096125006676e-03
6.039899890311062336e-04 2.476232824847102165e-03
6.212451844476163387e-04 2.238471526652574539e-03
6.459956057369709015e-04 2.625627443194389343e-03
6.981404731050133705e-04 2.258543390780687332e-03
7.519128848798573017e-04 2.844093600288033485e-03
8.462599944323301315e-04 2.302374923601746559e-03
8.314967853948473930e-04 2.735882299020886421e-03
7.741955923847854137e-04 2.287332667037844658e-03
6.307169096544384956e-04 2.351281465962529182e-03
5.790158757008612156e-04 2.603552769869565964e-03
6.449476932175457478e-04 2.281934721395373344e-03
7.788650109432637691e-04 3.122163470834493637e-03
1.038970076479017735e-03 2.409528242424130440e-03
1.103120623156428337e-03 2.914376789703965187e-03
9.792144410312175751e-04 2.345800632610917091e-03
6.396713433787226677e-04 2.451900858432054520e-03
8.409549482166767120e-04 3.388517303392291069e-03
1.077058841474354267e-03 2.395115559920668602e-03
7.575789932161569595e-04 2.379634650424122810e-03
5.788399721495807171e-04 2.691745758056640625e-03
7.294093957170844078e-04 2.285328460857272148e-03
8.516795351170003414e-04 2.712427405640482903e-03
8.010457968339323997e-04 2.238339977338910103e-03
5.985245807096362114e-04 2.313475124537944794e-03
6.247129640541970730e-04 2.945615444332361221e-03
7.832902483642101288e-04 2.366414526477456093e-03
7.150343735702335835e-04 2.482671057805418968e-03
5.910883774049580097e-04 2.492099767550826073e-03
6.054686964489519596e-04 2.276701852679252625e-03
6.778431124985218048e-04 2.572301775217056274e-03
6.460641743615269661e-04 2.287591109052300453e-03
5.677690496668219566e-04 2.276279032230377197e-03
5.869807791896164417e-04 2.666312735527753830e-03
6.553466664627194405e-04 2.286420436576008797e-03
6.569012766703963280e-04 2.495135180652141571e-03
6.017939304001629353e-04 2.325986977666616440e-03
5.626712227240204811e-04 2.278827829286456108e-03
5.952394567430019379e-04 2.599811647087335587e-03
6.212607258930802345e-04 2.308312105014920235e-03
5.808707792311906815e-04 2.367849461734294891e-03
5.520907579921185970e-04 2.416937146335840225e-03
5.632921238429844379e-04 2.233137609437108040e-03
5.919283721596002579e-04 2.461894182488322258e-03
5.970743950456380844e-04 2.229684032499790192e-03
5.664760828949511051e-04 2.327235182747244835e-03
5.437652580440044403e-04 2.433618064969778061e-03
5.548835033550858498e-04 2.293307101354002953e-03
5.732023273594677448e-04 2.472823485732078552e-03
5.735821905545890331e-04 2.245746320113539696e-03
5.525884917005896568e-04 2.297246595844626427e-03
5.387513083405792713e-04 2.332811243832111359e-03
5.432426696643233299e-04 2.224178286269307137e-03
5.543339066207408905e-04 2.419273369014263153e-03
5.614349502138793468e-04 2.247463911771774292e-03
5.533299408853054047e-04 2.374012256041169167e-03
5.410315352492034435e-04 2.275905339047312737e-03
5.313160945661365986e-04 2.260283334180712700e-03
5.316719179973006248e-04 2.342880936339497566e-03
5.364926764741539955e-04 2.235220046713948250e-03
5.395187181420624256e-04 2.356907352805137634e-03
5.382029339671134949e-04 2.225679112598299980e-03
5.327482940629124641e-04 2.304128138348460197e-03
5.264760111458599567e-04 2.255360130220651627e-03
5.224540946073830128e-04 2.249685348942875862e-03
5.209863884374499321e-04 2.288724295794963837e-03
5.218670703470706940e-04 2.234258688986301422e-03
5.230261594988405704e-04 2.325516892597079277e-03
5.236274446360766888e-04 2.227345248684287071e-03
5.222715553827583790e-04 2.301255241036415100e-03
5.202009924687445164e-04 2.216684399172663689e-03
5.171532393433153629e-04 2.270038472488522530e-03
5.143290618434548378e-04 2.225149190053343773e-03
5.116610554978251457e-04 2.250813180580735207e-03
5.098052788525819778e-04 2.251887461170554161e-03
5.084124277345836163e-04 2.240796573460102081e-03
5.074171349406242371e-04 2.256336156278848648e-03
5.066651501692831516e-04 2.212593564763665199e-03
5.062758573330938816e-04 2.263590227812528610e-03
5.060715484432876110e-04 2.201781375333666801e-03
5.061263218522071838e-04 2.279589185491204262e-03
5.071084015071392059e-04 2.184862736612558365e-03
5.092671490274369717e-04 2.314155688509345055e-03
5.147641059011220932e-04 2.159550553187727928e-03
5.244025378488004208e-04 2.386164851486682892e-03
5.452841287478804588e-04 2.147009596228599548e-03
5.741996574215590954e-04 2.554475795477628708e-03
6.329607567749917507e-04 2.175956266000866890e-03
6.827800534665584564e-04 2.750067040324211121e-03
7.624689023941755295e-04 2.198762260377407074e-03
7.168321753852069378e-04 2.554900944232940674e-03
6.331306649371981621e-04 2.198718953877687454e-03
5.180058651603758335e-04 2.221834147348999977e-03
5.001487443223595619e-04 2.534094732254743576e-03
5.805557011626660824e-04 2.182127442210912704e-03
7.148748845793306828e-04 3.031583735719323158e-03
9.699960937723517418e-04 2.283739857375621796e-03
9.629793348722159863e-04 2.650410868227481842e-03
7.510682917200028896e-04 2.323254011571407318e-03
5.377102643251419067e-04 2.342755906283855438e-03
7.588025764562189579e-04 3.230809001252055168e-03
9.496721322648227215e-04 2.249321434646844864e-03
6.796869565732777119e-04 2.285953611135482788e-03
4.940719227306544781e-04 2.451452426612377167e-03
5.828182329423725605e-04 2.170373452827334404e-03
6.993819843046367168e-04 2.633644035086035728e-03
6.749185849912464619e-04 2.189114456996321678e-03
5.125026218593120575e-04 2.252023201435804367e-03
5.009673186577856541e-04 2.662209328263998032e-03
6.068241782486438751e-04 2.200542949140071869e-03
6.118368473835289478e-04 2.423701575025916100e-03
5.262053455226123333e-04 2.277494408190250397e-03
4.836244916077703238e-04 2.165836049243807793e-03
5.434015183709561825e-04 2.550264354795217514e-03
5.804219981655478477e-04 2.159493742510676384e-03
5.231257528066635132e-04 2.307291841134428978e-03
4.709000058937817812e-04 2.346523338928818703e-03
4.795443092007189989e-04 2.155257621780037880e-03
5.155773833394050598e-04 2.422303659841418266e-03
5.274112918414175510e-04 2.159234834834933281e-03
4.856864979956299067e-04 2.242146059870719910e-03
4.613368946593254805e-04 2.356046577915549278e-03
4.780197050422430038e-04 2.170262392610311508e-03
5.028305458836257458e-04 2.426724415272474289e-03
5.059303366579115391e-04 2.146392362192273140e-03
4.825406067539006472e-04 2.236952772364020348e-03
4.595618811435997486e-04 2.202827017754316330e-03
4.508445272222161293e-04 2.169469604268670082e-03
4.610604373738169670e-04 2.361661987379193306e-03
4.767265345435589552e-04 2.143372315913438797e-03
4.799679736606776714e-04 2.324643079191446304e-03
4.709839704446494579e-04 2.141161821782588959e-03
4.540192603599280119e-04 2.192866057157516479e-03
4.418437893036752939e-04 2.210676670074462891e-03
4.410816181916743517e-04 2.153293229639530182e-03
4.491789732128381729e-04 2.313342876732349396e-03
4.604211717378348112e-04 2.111828653141856194e-03
4.675455566029995680e-04 2.320367144420742989e-03
4.703665326815098524e-04 2.105100080370903015e-03
4.609749885275959969e-04 2.250077901408076286e-03
4.475308523979038000e-04 2.142490819096565247e-03
4.331295494921505451e-04 2.183574950322508812e-03
4.272281657904386520e-04 2.218214562162756920e-03
4.296741390135139227e-04 2.118627075105905533e-03
4.369659873191267252e-04 2.273627789691090584e-03
4.486633697524666786e-04 2.080523408949375153e-03
4.604247224051505327e-04 2.314165467396378517e-03
4.741380689665675163e-04 2.076789271086454391e-03
4.729725769720971584e-04 2.338510239496827126e-03
4.692633519880473614e-04 2.097611315548419952e-03
4.521577502600848675e-04 2.271355828270316124e-03
4.352435062173753977e-04 2.124592894688248634e-03
4.204174038022756577e-04 2.158111892640590668e-03
4.128975269850343466e-04 2.152775879949331284e-03
4.119114310014992952e-04 2.099425531923770905e-03
4.157721123192459345e-04 2.221196191385388374e-03
4.241113783791661263e-04 2.078040735796093941e-03
4.367756482679396868e-04 2.326445654034614563e-03
4.598011146299540997e-04 2.062468789517879486e-03
4.805345961358398199e-04 2.409324748441576958e-03
5.051358602941036224e-04 2.058806130662560463e-03
4.954491741955280304e-04 2.361551858484745026e-03
4.764380864799022675e-04 2.069066045805811882e-03
4.388249944895505905e-04 2.223121933639049530e-03
4.117674834560602903e-04 2.129063708707690239e-03
3.987363597843796015e-04 2.113062189891934395e-03
3.986744268331676722e-04 2.208312274888157845e-03
4.082049417775124311e-04 2.052922034636139870e-03
4.260269051883369684e-04 2.321251668035984039e-03
4.559351364150643349e-04 2.042297273874282837e-03
4.813272389583289623e-04 2.442490076646208763e-03
5.115527892485260963e-04 2.051190705969929695e-03
5.012680776417255402e-04 2.388313179835677147e-03
4.752960230689495802e-04 2.066045068204402924e-03
4.263133450876921415e-04 2.193206688389182091e-03
3.938070440199226141e-04 2.159094437956809998e-03
3.863420279230922461e-04 2.072283066809177399e-03
4.007234238088130951e-04 2.306677401065826416e-03
4.337622085586190224e-04 2.028805436566472054e-03
4.761087475344538689e-04 2.486557466909289360e-03
5.386684206314384937e-04 2.040717983618378639e-03
5.464324494823813438e-04 2.463817130774259567e-03
5.190726369619369507e-04 2.057840814813971519e-03
4.341033927630633116e-04 2.181241987273097038e-03
3.822769213002175093e-04 2.269453369081020355e-03
3.960858448408544064e-04 2.051696181297302246e-03
4.526226548478007317e-04 2.525093732401728630e-03
5.376709741540253162e-04 2.032823394984006882e-03
5.768958362750709057e-04 2.545544411987066269e-03
5.882478435523808002e-04 2.022270346060395241e-03
4.688705375883728266e-04 2.186036203056573868e-03
3.867394989356398582e-04 2.327896421775221825e-03
4.096982884220778942e-04 2.078815130516886711e-03
4.958107019774615765e-04 2.631700597703456879e-03
5.625176709145307541e-04 2.027834765613079071e-03
5.332630244083702564e-04 2.314267912879586220e-03
4.646777524612843990e-04 2.041779924184083939e-03
3.748085873667150736e-04 2.063048072159290314e-03
3.992014389950782061e-04 2.492065075784921646e-03
4.798196314368396997e-04 2.078255172818899155e-03
5.070153274573385715e-04 2.469392493367195129e-03
4.742383025586605072e-04 2.024783752858638763e-03
3.915669803973287344e-04 2.051672432571649551e-03
3.709895827341824770e-04 2.247328637167811394e-03
3.999684413429349661e-04 2.028961200267076492e-03
4.416991723701357841e-04 2.481386298313736916e-03
4.777720314450562000e-04 2.037862082943320274e-03
4.187057493254542351e-04 2.197009511291980743e-03
3.746049478650093079e-04 2.107341308146715164e-03
3.599854826461523771e-04 2.007825998589396477e-03
3.833709924947470427e-04 2.324021887034177780e-03
4.084783431608229876e-04 2.028139773756265640e-03
4.003795620519667864e-04 2.255181549116969109e-03
3.839401761069893837e-04 2.042931271716952324e-03
3.565655788406729698e-04 2.061985665932297707e-03
3.457062121015042067e-04 2.139128278940916061e-03
3.564893559087067842e-04 2.022601431235671043e-03
3.612574946600943804e-04 2.213769825175404549e-03
3.634577151387929916e-04 2.018940635025501251e-03
3.574778384063392878e-04 2.139153191819787025e-03
3.445895854383707047e-04 2.056660829111933708e-03
3.387803153600543737e-04 2.049378585070371628e-03
3.381450078450143337e-04 2.091926755383610725e-03
3.372895880602300167e-04 2.010059775784611702e-03
3.414799575693905354e-04 2.133176894858479500e-03
3.433037200011312962e-04 2.016646089032292366e-03
3.394478990230709314e-04 2.130168722942471504e-03
3.375558881089091301e-04 2.013467485085129738e-03
3.332371124997735023e-04 2.059852238744497299e-03
3.281380049884319305e-04 2.034282544627785683e-03
3.260485245846211910e-04 2.029775409027934074e-03
3.262753889430314302e-04 2.076471690088510513e-03
3.256716299802064896e-04 2.004310255870223045e-03
3.258300712332129478e-04 2.082064282149076462e-03
3.276937350165098906e-04 1.983406487852334976e-03
3.275296767242252827e-04 2.088468289002776146e-03
3.267494321335107088e-04 1.979134976863861084e-03
3.253702016081660986e-04 2.081754384562373161e-03
3.238475474063307047e-04 1.983310095965862274e-03
3.213549498468637466e-04 2.069421112537384033e-03
3.190491697750985622e-04 1.985394163057208061e-03
3.175808815285563469e-04 2.047377638518810272e-03
3.165506350342184305e-04 1.975354505702853203e-03
3.149982658214867115e-04 2.042324515059590340e-03
3.134842263534665108e-04 1.977954525500535965e-03
3.126998781226575375e-04 2.049184171482920647e-03
3.123757487628608942e-04 1.967062009498476982e-03
3.120922774542123079e-04 2.050485461950302124e-03
3.121762129012495279e-04 1.948301680386066437e-03
3.133066056761890650e-04 2.069940092042088509e-03
3.167437098454684019e-04 1.925163320265710354e-03
3.221193328499794006e-04 2.127335639670491219e-03
3.336233494337648153e-04 1.903302967548370361e-03
3.488199727144092321e-04 2.245851792395114899e-03
3.822989237960427999e-04 1.886321813799440861e-03
4.182108386885374784e-04 2.425472717732191086e-03
4.874265578109771013e-04 1.906138611957430840e-03
5.077983951196074486e-04 2.482694340869784355e-03
5.242186598479747772e-04 1.907849451526999474e-03
4.319565196055918932e-04 2.171254251152276993e-03
3.431151853874325752e-04 2.018882194533944130e-03
2.998143318109214306e-04 1.944648800417780876e-03
3.252788446843624115e-04 2.330220304429531097e-03
4.055305616930127144e-04 1.883825869299471378e-03
5.087336758151650429e-04 2.678217599168419838e-03
6.780489929951727390e-04 1.913503510877490044e-03
6.050241063348948956e-04 2.301474800333380699e-03
4.452955326996743679e-04 2.031492535024881363e-03
3.201451327186077833e-04 2.000144449993968010e-03
4.311481898184865713e-04 2.792522776871919632e-03
6.279749795794487000e-04 1.936227665282785892e-03
5.651993560604751110e-04 2.305658999830484390e-03
4.587059956975281239e-04 1.923324423842132092e-03
3.585239464882761240e-04 1.889417297206819057e-03
3.555910952854901552e-04 2.421261044219136238e-03
4.560781526379287243e-04 1.947929966263473034e-03
5.490021430887281895e-04 2.510445425286889076e-03
4.926469991914927959e-04 1.922887633554637432e-03
3.619951312430202961e-04 1.992420293390750885e-03
3.255082992836833000e-04 2.132625319063663483e-03
3.565420629456639290e-04 1.870279316790401936e-03
3.922485338989645243e-04 2.313196193426847458e-03
3.988645039498806000e-04 1.961931120604276657e-03
3.205106186214834452e-04 1.985616981983184814e-03
2.883061533793807030e-04 2.081294544041156769e-03
3.225060645490884781e-04 1.846437691710889339e-03
3.321618132758885622e-04 2.107626991346478462e-03
3.257626667618751526e-04 1.889725099317729473e-03
3.037497808691114187e-04 1.963133690878748894e-03
2.830271259881556034e-04 2.076038625091314316e-03
2.946964232251048088e-04 1.883155200630426407e-03
3.172232245560735464e-04 2.117437310516834259e-03
3.130327095277607441e-04 1.873813802376389503e-03
2.916304219979792833e-04 1.949998433701694012e-03
2.831868769135326147e-04 1.973808743059635162e-03
2.885784488171339035e-04 1.893051201477646828e-03
2.873600460588932037e-04 2.043433720245957375e-03
2.835154009517282248e-04 1.894445391371846199e-03
2.858442894648760557e-04 1.979891909286379814e-03
2.915906079579144716e-04 1.867237035185098648e-03
2.832824538927525282e-04 1.917553716339170933e-03
2.681500918697565794e-04 1.926843891851603985e-03
2.706424274947494268e-04 1.927976612932980061e-03
2.762265212368220091e-04 1.971365883946418762e-03
2.732906723394989967e-04 1.841061748564243317e-03
2.728738181758671999e-04 1.981364330276846886e-03
2.770457067526876926e-04 1.844549551606178284e-03
2.738326729740947485e-04 1.937913941219449043e-03
2.634586708154529333e-04 1.889099483378231525e-03
2.617321733850985765e-04 1.892519532702863216e-03
2.628319780342280865e-04 1.937337918207049370e-03
2.602043969091027975e-04 1.859430340118706226e-03
2.586147165857255459e-04 1.918991096317768097e-03
2.615580451674759388e-04 1.828181790187954903e-03
2.668506931513547897e-04 1.942392904311418533e-03
2.685333893168717623e-04 1.825842307880520821e-03
2.680122270248830318e-04 1.999425468966364861e-03
2.713822468649595976e-04 1.801569596864283085e-03
2.751979336608201265e-04 2.022443339228630066e-03
2.824561670422554016e-04 1.780186314135789871e-03
2.844258560799062252e-04 2.031195443123579025e-03
2.908386231865733862e-04 1.786482753232121468e-03
2.902396954596042633e-04 2.037600846961140633e-03
2.946878084912896156e-04 1.787777524441480637e-03
2.874832716770470142e-04 2.029410330578684807e-03
2.841308014467358589e-04 1.771754468791186810e-03
2.770393039099872112e-04 1.998844090849161148e-03
2.748284605331718922e-04 1.763920416124165058e-03
2.680813486222177744e-04 1.956830499693751335e-03
2.600391744635999203e-04 1.791705144569277763e-03
2.523771836422383785e-04 1.926887547597289085e-03
2.498024841770529747e-04 1.808089087717235088e-03
2.491680206730961800e-04 1.903921365737915039e-03
2.497267851140350103e-04 1.797234173864126205e-03
2.490282058715820312e-04 1.919339760206639767e-03
2.501781855244189501e-04 1.771904178895056248e-03
2.532003563828766346e-04 1.971091376617550850e-03
2.635239216033369303e-04 1.740671927109360695e-03
2.776162291411310434e-04 2.086507156491279602e-03
3.115907311439514160e-04 1.738749328069388866e-03
3.460606676526367664e-04 2.284412272274494171e-03
4.262810107320547104e-04 1.759832026436924934e-03
4.269917553756386042e-04 2.275326522067189217e-03
4.240574780851602554e-04 1.737255486659705639e-03
3.146804228890687227e-04 1.972577301785349846e-03
2.695159055292606354e-04 1.934759085997939110e-03
2.723222714848816395e-04 1.791654969565570354e-03
2.719702606555074453e-04 2.107919426634907722e-03
3.180535277351737022e-04 1.720024156384170055e-03
4.262411966919898987e-04 2.408838132396340370e-03
5.285814404487609863e-04 1.775549841113388538e-03
5.296859890222549438e-04 2.322382526472210884e-03
4.708815540652722120e-04 1.808180822990834713e-03
3.000486467499285936e-04 1.818001503124833107e-03
2.792726736515760422e-04 2.380119869485497475e-03
3.989305696450173855e-04 1.854549976997077465e-03
4.633998905774205923e-04 2.445220015943050385e-03
5.335181485861539841e-04 1.660938491113483906e-03
3.504427440930157900e-04 1.809043693356215954e-03
2.496322267688810825e-04 1.978774089366197586e-03
2.905768342316150665e-04 1.785256899893283844e-03
3.362653078511357307e-04 2.377335447818040848e-03
4.124579427298158407e-04 1.746469293721020222e-03
4.357770376373082399e-04 2.131418092176318169e-03
3.402918810024857521e-04 1.766731031239032745e-03
2.466939913574606180e-04 1.760215149261057377e-03
2.624579938128590584e-04 2.111719222739338875e-03
3.112147678621113300e-04 1.726658199913799763e-03
3.136251471005380154e-04 2.146684331819415092e-03
3.089717065449804068e-04 1.807452761568129063e-03
2.726071106735616922e-04 1.834041438996791840e-03
2.300081541761755943e-04 1.790898153558373451e-03
2.242021146230399609e-04 1.725769019685685635e-03
2.523396105971187353e-04 1.973741222172975540e-03
2.540051063988357782e-04 1.765947905369102955e-03
2.375386247877031565e-04 1.933049992658197880e-03
2.285838563693687320e-04 1.770309871062636375e-03
2.170955849578604102e-04 1.757716177962720394e-03
2.101679128827527165e-04 1.870139152742922306e-03
2.209352969657629728e-04 1.725779497064650059e-03
2.274671860504895449e-04 1.891967025585472584e-03
2.159150171792134643e-04 1.770536415278911591e-03
2.110718196490779519e-04 1.820691162720322609e-03
2.125355531461536884e-04 1.807238557375967503e-03
2.101235877489671111e-04 1.765826833434402943e-03
2.029233874054625630e-04 1.767718116752803326e-03
1.997542567551136017e-04 1.757473335601389408e-03
2.036931691691279411e-04 1.789347850717604160e-03
2.052987110801041126e-04 1.763984677381813526e-03
2.028565650107339025e-04 1.850983477197587490e-03
2.030467730946838856e-04 1.705386675894260406e-03
2.071632916340604424e-04 1.863395678810775280e-03
2.104441373376175761e-04 1.698141451925039291e-03
2.083837462123483419e-04 1.855565235018730164e-03
2.083875151583924890e-04 1.731828320771455765e-03
2.103584702126681805e-04 1.860646647401154041e-03
2.149760985048487782e-04 1.704594469629228115e-03
2.182554308092221618e-04 1.905983546748757362e-03
2.297536848345771432e-04 1.651715137995779514e-03
2.444507845211774111e-04 2.013598801568150520e-03
2.761069044936448336e-04 1.649764017201960087e-03
2.886586298700422049e-04 2.092822920531034470e-03
3.161039785481989384e-04 1.680350629612803459e-03
2.874679921660572290e-04 1.994253834709525108e-03
2.596742997411638498e-04 1.694562961347401142e-03
2.105226012645289302e-04 1.794271287508308887e-03
1.876228488981723785e-04 1.799858524464070797e-03
1.918705238495022058e-04 1.681902329437434673e-03
2.123495069099590182e-04 1.961638452485203743e-03
2.519212721381336451e-04 1.612553256563842297e-03
