1.430870890617370605e-01 1.130792573094367981e-01
1.083278581500053406e-01 8.337889611721038818e-02
8.065976947546005249e-02 6.493748724460601807e-02
6.342105567455291748e-02 5.396827310323715210e-02
5.270863696932792664e-02 4.811302945017814636e-02
4.645560681819915771e-02 4.532942175865173340e-02
4.298169165849685669e-02 4.383403807878494263e-02
4.077633097767829895e-02 4.244531691074371338e-02
3.878392279148101807e-02 4.074752703309059143e-02
3.659192845225334167e-02 3.885744512081146240e-02
3.426646813750267029e-02 3.706913813948631287e-02
3.205354511737823486e-02 3.560343757271766663e-02
3.015322238206863403e-02 3.452171385288238525e-02
2.863277308642864227e-02 3.376789391040802002e-02
2.745581977069377899e-02 3.325523063540458679e-02
2.655512094497680664e-02 3.292141109704971313e-02
2.588033489882946014e-02 3.272846713662147522e-02
2.539863064885139465e-02 3.263068944215774536e-02
2.506830357015132904e-02 3.254979848861694336e-02
2.481861226260662079e-02 3.238411992788314819e-02
2.455771714448928833e-02 3.204894810914993286e-02
2.420626580715179443e-02 3.151825815439224243e-02
2.373211644589900970e-02 3.083728626370429993e-02
2.316137775778770447e-02 3.009996935725212097e-02
2.256065607070922852e-02 2.940731868147850037e-02
2.200351469218730927e-02 2.882971800863742828e-02
2.153966389596462250e-02 2.838978357613086700e-02
2.118073217570781708e-02 2.806908637285232544e-02
2.090544812381267548e-02 2.782795019447803497e-02
2.067561075091362000e-02 2.762254886329174042e-02
2.045006118714809418e-02 2.741165831685066223e-02
2.019040100276470184e-02 2.715823985636234283e-02
1.986259222030639648e-02 2.683380059897899628e-02
1.944042742252349854e-02 2.642456442117691040e-02
1.891027577221393585e-02 2.594193816184997559e-02
1.828363724052906036e-02 2.554781548678874969e-02
1.772552356123924255e-02 2.647373639047145844e-02
1.855687610805034637e-02 2.516018599271774292e-02
1.738176867365837097e-02 2.519838325679302216e-02
1.757584698498249054e-02 2.523955889046192169e-02
1.768459379673004150e-02 2.524438872933387756e-02
1.769282296299934387e-02 2.524314820766448975e-02
1.766139455139636993e-02 2.522399835288524628e-02
1.761160045862197876e-02 2.511823363602161407e-02
1.750534959137439728e-02 2.486060373485088348e-02
1.729238219559192657e-02 2.447533607482910156e-02
1.698658987879753113e-02 2.405993826687335968e-02
1.665321737527847290e-02 2.369563840329647064e-02
1.633135974407196045e-02 2.345528826117515564e-02
1.605447567999362946e-02 2.357099391520023346e-02
1.604905165731906891e-02 2.397152408957481384e-02
1.640182174742221832e-02 2.326546236872673035e-02
1.585280708968639374e-02 2.303608693182468414e-02
1.577332429587841034e-02 2.296464517712593079e-02
1.572727411985397339e-02 2.297432161867618561e-02
1.567226462066173553e-02 2.300575003027915955e-02
1.561382599174976349e-02 2.295745536684989929e-02
1.549642067402601242e-02 2.282486669719219208e-02
1.531384885311126709e-02 2.272069640457630157e-02
1.513724029064178467e-02 2.274362556636333466e-02
1.501865219324827194e-02 2.292719110846519470e-02
1.498673390597105026e-02 2.312617190182209015e-02
1.497962605208158493e-02 2.310802228748798370e-02
1.485934108495712280e-02 2.305724844336509705e-02
1.475809048861265182e-02 2.303423173725605011e-02
1.469586789608001709e-02 2.298685535788536072e-02
1.463621854782104492e-02 2.288764715194702148e-02
1.456051319837570190e-02 2.278218604624271393e-02
1.448467839509248734e-02 2.273334935307502747e-02
1.442053820937871933e-02 2.275736629962921143e-02
1.435152906924486160e-02 2.284257858991622925e-02
1.428544893860816956e-02 2.292221970856189728e-02
1.423070393502712250e-02 2.291798777878284454e-02
1.417118217796087265e-02 2.287289686501026154e-02
1.411861274391412735e-02 2.282113209366798401e-02
1.405827794224023819e-02 2.275470830500125885e-02
1.399791147559881210e-02 2.264352142810821533e-02
1.393767073750495911e-02 2.251936867833137512e-02
1.388311199843883514e-02 2.245419844985008240e-02
1.383928861469030380e-02 2.245958149433135986e-02
1.378534827381372452e-02 2.249788120388984680e-02
1.373082306236028671e-02 2.248614281415939331e-02
1.367484871298074722e-02 2.242434397339820862e-02
1.362642832100391388e-02 2.236652188003063202e-02
1.357812806963920593e-02 2.230641804635524750e-02
1.352550089359283447e-02 2.218652702867984772e-02
1.347059942781925201e-02 2.203110046684741974e-02
1.341642439365386963e-02 2.193835750222206116e-02
1.336807850748300552e-02 2.191821672022342682e-02
1.331832259893417358e-02 2.188777551054954529e-02
1.326726097613573074e-02 2.182069793343544006e-02
1.321463286876678467e-02 2.179118432104587555e-02
1.316196098923683167e-02 2.176843024790287018e-02
1.311286631971597672e-02 2.165713533759117126e-02
1.305947545915842056e-02 2.156177908182144165e-02
1.300683151930570602e-02 2.152636647224426270e-02
1.295205112546682358e-02 2.145300060510635376e-02
1.289571728557348251e-02 2.142281271517276764e-02
1.284214947372674942e-02 2.143923193216323853e-02
1.278839912265539169e-02 2.134734578430652618e-02
1.273202709853649139e-02 2.137537300586700439e-02
1.267934963107109070e-02 2.119193039834499359e-02
1.265636924654245377e-02 2.157554030418395996e-02
1.278134714812040329e-02 2.163234166800975800e-02
1.362965814769268036e-02 2.198615111410617828e-02
1.330963149666786194e-02 2.078721672296524048e-02
1.267522294074296951e-02 2.077953703701496124e-02
1.276105642318725586e-02 2.120718732476234436e-02
1.265337225049734116e-02 2.087923139333724976e-02
1.234330330044031143e-02 2.098942361772060394e-02
1.259874738752841949e-02 2.124135009944438934e-02
1.244157645851373672e-02 2.071730978786945343e-02
1.221312675625085831e-02 2.060554735362529755e-02
1.230387389659881592e-02 2.074761502444744110e-02
1.217912323772907257e-02 2.086704038083553314e-02
1.211947388947010040e-02 2.081545814871788025e-02
1.210780907422304153e-02 2.101373299956321716e-02
1.197078637778759003e-02 2.106314338743686676e-02
1.194383203983306885e-02 2.076738514006137848e-02
1.199358142912387848e-02 2.089490555226802826e-02
1.194657012820243835e-02 2.048186585307121277e-02
1.183146145194768906e-02 2.049741894006729126e-02
1.166959572583436966e-02 2.052900940179824829e-02
1.159734837710857391e-02 2.050708793103694916e-02
1.167077291756868362e-02 2.163354866206645966e-02
1.261099241673946381e-02 2.267251349985599518e-02
1.513223070651292801e-02 2.085006795823574066e-02
1.332021504640579224e-02 2.107942104339599609e-02
1.291124429553747177e-02 2.223183773458003998e-02
1.389923971146345139e-02 2.044166252017021179e-02
1.258357893675565720e-02 2.071250230073928833e-02
1.315125450491905212e-02 2.093490958213806152e-02
1.317449379712343216e-02 2.066250331699848175e-02
1.218294072896242142e-02 2.172063849866390228e-02
1.222512871026992798e-02 2.254632115364074707e-02
1.257248409092426300e-02 2.147114463150501251e-02
1.186361350119113922e-02 2.181693539023399353e-02
1.250891014933586121e-02 2.125309221446514130e-02
1.179020199924707413e-02 2.157370932400226593e-02
1.182868890464305878e-02 2.177120745182037354e-02
1.202709227800369263e-02 2.087797783315181732e-02
1.149080507457256317e-02 2.079474553465843201e-02
1.176395732909440994e-02 2.068997174501419067e-02
1.170245278626680374e-02 2.053637988865375519e-02
1.127910893410444260e-02 2.105347625911235809e-02
1.157532259821891785e-02 2.041787467896938324e-02
1.116057578474283218e-02 2.025239542126655579e-02
1.135551650077104568e-02 2.011988870799541473e-02
1.123516354709863663e-02 2.019735611975193024e-02
1.106721628457307816e-02 2.021765522658824921e-02
1.109878532588481903e-02 1.971643604338169098e-02
1.091461628675460815e-02 1.970380172133445740e-02
1.102764252573251724e-02 1.963758282363414764e-02
1.074864342808723450e-02 1.995625346899032593e-02
1.087927073240280151e-02 1.952875591814517975e-02
1.061068475246429443e-02 1.954190619289875031e-02
1.072320993989706039e-02 1.953038014471530914e-02
1.051148213446140289e-02 1.958148553967475891e-02
1.052558701485395432e-02 1.923532038927078247e-02
1.047268044203519821e-02 1.908389665186405182e-02
1.031690184026956558e-02 1.931985840201377869e-02
1.042241323739290237e-02 1.892882585525512695e-02
1.021945755928754807e-02 1.890910416841506958e-02
1.011214125901460648e-02 1.936046220362186432e-02
1.028567552566528320e-02 1.939845643937587738e-02
1.063739042729139328e-02 1.899344101548194885e-02
1.007957383990287781e-02 1.867798343300819397e-02
9.867336601018905640e-03 1.878780499100685120e-02
9.969532489776611328e-03 1.900983229279518127e-02
9.886756539344787598e-03 1.895045861601829529e-02
1.002424955368041992e-02 1.919801346957683563e-02
1.015653088688850403e-02 1.979081332683563232e-02
1.133406907320022583e-02 1.845180802047252655e-02
9.764262475073337555e-03 2.074409089982509613e-02
1.165333297103643417e-02 1.916346698999404907e-02
1.082318089902400970e-02 2.016718685626983643e-02
1.179116778075695038e-02 1.949775405228137970e-02
1.033680234104394913e-02 2.117785811424255371e-02
1.101306080818176270e-02 1.983482390642166138e-02
9.923474863171577454e-03 1.983139477670192719e-02
1.032604370266199112e-02 1.988169550895690918e-02
1.000463031232357025e-02 2.132753841578960419e-02
1.112771965563297272e-02 1.948346011340618134e-02
1.081184204667806625e-02 1.935343258082866669e-02
1.123131811618804932e-02 1.909844204783439636e-02
1.059922575950622559e-02 1.962795108556747437e-02
1.079342328011989594e-02 1.930737309157848358e-02
1.066730078309774399e-02 1.915446296334266663e-02
1.058069337159395218e-02 1.901317201554775238e-02
9.915391914546489716e-03 1.955525204539299011e-02
9.577639400959014893e-03 2.071625739336013794e-02
1.000580936670303345e-02 1.917192526161670685e-02
9.433602914214134216e-03 1.836698688566684723e-02
9.682145901024341583e-03 1.794540323317050934e-02
9.090784005820751190e-03 1.881747134029865265e-02
9.706335142254829407e-03 1.733288355171680450e-02
8.979208767414093018e-03 1.729759201407432556e-02
9.414569474756717682e-03 1.740546338260173798e-02
8.826793171465396881e-03 1.847236976027488708e-02
8.975292555987834930e-03 1.827221363782882690e-02
8.904733695089817047e-03 1.811126433312892914e-02
9.417888708412647247e-03 1.738961599767208099e-02
8.660340681672096252e-03 1.807286590337753296e-02
9.007061831653118134e-03 1.750770583748817444e-02
8.768403902649879456e-03 1.691723614931106567e-02
8.683349937200546265e-03 1.746106334030628204e-02
8.365709334611892700e-03 1.887732557952404022e-02
9.184782393276691437e-03 1.917325146496295929e-02
1.082231570035219193e-02 1.842878945171833038e-02
1.007562875747680664e-02 1.941807009279727936e-02
1.001007389277219772e-02 1.971291564404964447e-02
9.906235150992870331e-03 1.908568665385246277e-02
9.593708440661430359e-03 1.956989988684654236e-02
1.007270999252796173e-02 1.923934370279312134e-02
8.976788260042667389e-03 2.078272029757499695e-02
9.665457531809806824e-03 1.898954994976520538e-02
8.683171123266220093e-03 1.847474835813045502e-02
9.073326364159584045e-03 1.787986233830451965e-02
8.298588916659355164e-03 1.908207125961780548e-02
9.027507156133651733e-03 1.930073089897632599e-02
1.013933867216110229e-02 1.855914480984210968e-02
1.097586471587419510e-02 1.743552647531032562e-02
8.644984103739261627e-03 1.953293196856975555e-02
9.914841502904891968e-03 1.809876784682273865e-02
9.025255218148231506e-03 1.793649978935718536e-02
9.148374199867248535e-03 1.869718730449676514e-02
8.864823728799819946e-03 1.923009008169174194e-02
8.718844503164291382e-03 1.842023245990276337e-02
8.485043421387672424e-03 1.765141636133193970e-02
8.328753523528575897e-03 1.800542324781417847e-02
8.743377402424812317e-03 1.755197532474994659e-02
8.698326535522937775e-03 1.761310920119285583e-02
9.014770388603210449e-03 1.646637916564941406e-02
7.834736257791519165e-03 1.785609684884548187e-02
9.091734886169433594e-03 1.744915917515754700e-02
8.859299123287200928e-03 1.853386312723159790e-02
9.285451844334602356e-03 1.872950978577136993e-02
8.971787989139556885e-03 1.745292730629444122e-02
7.961668074131011963e-03 1.797547563910484314e-02
8.891376666724681854e-03 1.741071231663227081e-02
8.170293644070625305e-03 1.747904345393180847e-02
8.096815086901187897e-03 1.681678555905818939e-02
7.930900901556015015e-03 1.674607209861278534e-02
8.266046643257141113e-03 1.660455390810966492e-02
7.564607076346874237e-03 1.785626076161861420e-02
8.311198092997074127e-03 1.723890379071235657e-02
7.981596514582633972e-03 1.628382503986358643e-02
8.278160355985164642e-03 1.652592793107032776e-02
7.949540391564369202e-03 1.719518378376960754e-02
8.231494575738906860e-03 1.619436964392662048e-02
7.581457495689392090e-03 1.661464199423789978e-02
7.230261806398630142e-03 1.749782077968120575e-02
7.646981626749038696e-03 1.819227635860443115e-02
9.929765015840530396e-03 1.845888979732990265e-02
8.962670341134071350e-03 1.829243451356887817e-02
8.903626352548599243e-03 1.685906760394573212e-02
8.513251319527626038e-03 1.748375035822391510e-02
8.099923841655254364e-03 1.951167359948158264e-02
9.207393042743206024e-03 1.701320707798004150e-02
7.512568030506372452e-03 1.760813035070896149e-02
8.705765940248966217e-03 1.740303635597229004e-02
7.751251105219125748e-03 1.733157411217689514e-02
7.705052383244037628e-03 1.706586964428424835e-02
8.400424383580684662e-03 1.613060384988784790e-02
7.259371224790811539e-03 1.747138053178787231e-02
8.333189412951469421e-03 1.622818969190120697e-02
8.381227031350135803e-03 1.649772934615612030e-02
8.702647872269153595e-03 1.678487285971641541e-02
8.243119344115257263e-03 1.654081977903842926e-02
7.797750644385814667e-03 1.647672057151794434e-02
7.790605071932077408e-03 1.702855899930000305e-02
7.899444550275802612e-03 1.723125390708446503e-02
7.567019667476415634e-03 1.605395600199699402e-02
6.865707226097583771e-03 1.627065427601337433e-02
7.999143563210964203e-03 1.583254709839820862e-02
6.994292605668306351e-03 1.633897237479686737e-02
7.110931444913148880e-03 1.611499488353729248e-02
7.233111653476953506e-03 1.574584096670150757e-02
7.021570578217506409e-03 1.530249044299125671e-02
6.634860299527645111e-03 1.546367164701223373e-02
6.961709819734096527e-03 1.531186234205961227e-02
6.833563093096017838e-03 1.522798184305429459e-02
6.569578777998685837e-03 1.521413121372461319e-02
6.495788693428039551e-03 1.534956321120262146e-02
6.530587561428546906e-03 1.500885281711816788e-02
6.389692891389131546e-03 1.487233769148588181e-02
6.509398575872182846e-03 1.501282490789890289e-02
6.266429554671049118e-03 1.521879900246858597e-02
6.253418046981096268e-03 1.524904184043407440e-02
6.398143246769905090e-03 1.499386318027973175e-02
6.281911395490169525e-03 1.459802594035863876e-02
6.260214373469352722e-03 1.439288910478353500e-02
6.176990456879138947e-03 1.441740244626998901e-02
6.148351822048425674e-03 1.464324817061424255e-02
6.340601947158575058e-03 1.544827874749898911e-02
6.807641591876745224e-03 1.535428501665592194e-02
7.471259217709302902e-03 1.577166467905044556e-02
7.197269238531589508e-03 1.467744167894124985e-02
6.301752291619777679e-03 1.563930138945579529e-02
7.351679261773824692e-03 1.606817543506622314e-02
7.221765816211700439e-03 1.454654708504676819e-02
6.185406353324651718e-03 1.467728242278099060e-02
6.581344641745090485e-03 1.554934680461883545e-02
6.946961861103773117e-03 1.433012727648019791e-02
6.176156457513570786e-03 1.422832533717155457e-02
6.132455542683601379e-03 1.508985273540019989e-02
6.773922592401504517e-03 1.448032353073358536e-02
6.720825098454952240e-03 1.388233993202447891e-02
6.020690780133008957e-03 1.396655105054378510e-02
6.231085397303104401e-03 1.426025666296482086e-02
6.582617759704589844e-03 1.400839071720838547e-02
6.155885290354490280e-03 1.352269761264324188e-02
5.751131568104028702e-03 1.390100084245204926e-02
6.033410318195819855e-03 1.481778733432292938e-02
6.632808130234479904e-03 1.463228743523359299e-02
6.682897917926311493e-03 1.384876668453216553e-02
6.039256695657968521e-03 1.411290001124143600e-02
6.212291773408651352e-03 1.434270758181810379e-02
6.260064430534839630e-03 1.414513681083917618e-02
5.976829677820205688e-03 1.349260099232196808e-02
5.597646348178386688e-03 1.339900493621826172e-02
5.805794615298509598e-03 1.362727023661136627e-02
5.991123616695404053e-03 1.333005074411630630e-02
5.718177650123834610e-03 1.313795801252126694e-02
5.511360708624124527e-03 1.319202128797769547e-02
5.548574030399322510e-03 1.322691235691308975e-02
5.670848302543163300e-03 1.331958919763565063e-02
5.911633837968111038e-03 1.358961779624223709e-02
6.137557793408632278e-03 1.348617859184741974e-02
6.024124566465616226e-03 1.311702746897935867e-02
5.594404879957437515e-03 1.322238426655530930e-02
5.367587320506572723e-03 1.341483928263187408e-02
5.390609148889780045e-03 1.332708261907100677e-02
5.458329804241657257e-03 1.332736480981111526e-02
5.793000571429729462e-03 1.346735190600156784e-02
6.083228159695863724e-03 1.402155496180057526e-02
6.650886498391628265e-03 1.372303441166877747e-02
6.409643683582544327e-03 1.340247225016355515e-02
6.157385185360908508e-03 1.286857575178146362e-02
5.452032666653394699e-03 1.305423863232135773e-02
5.433555226773023605e-03 1.417414844036102295e-02
6.698353681713342667e-03 1.568254455924034119e-02
8.413991890847682953e-03 1.516163628548383713e-02
7.814620621502399445e-03 1.435772422701120377e-02
7.166241295635700226e-03 1.428611762821674347e-02
7.245480548590421677e-03 1.380873844027519226e-02
6.502273492515087128e-03 1.469751168042421341e-02
6.765067111700773239e-03 1.413283124566078186e-02
6.124862469732761383e-03 1.429883111268281937e-02
6.435322575271129608e-03 1.406562048941850662e-02
6.498292554169893265e-03 1.353410910815000534e-02
6.363903637975454330e-03 1.323893014341592789e-02
6.602201610803604126e-03 1.291681360453367233e-02
6.142133381217718124e-03 1.245953235775232315e-02
5.522872321307659149e-03 1.395623665302991867e-02
6.473440676927566528e-03 1.302322652190923691e-02
5.983321927487850189e-03 1.227575726807117462e-02
5.564775317907333374e-03 1.253274735063314438e-02
5.939188413321971893e-03 1.249711867421865463e-02
5.701830610632896423e-03 1.238231360912322998e-02
5.372666753828525543e-03 1.311467122286558151e-02
5.842952057719230652e-03 1.405641436576843262e-02
6.666673347353935242e-03 1.338060759007930756e-02
6.193646229803562164e-03 1.271406374871730804e-02
5.772669333964586258e-03 1.311254128813743591e-02
6.198239047080278397e-03 1.259475480765104294e-02
5.549060180783271790e-03 1.312495302408933640e-02
5.707226693630218506e-03 1.423829514533281326e-02
6.858825683593750000e-03 1.414549071341753006e-02
7.080053910613059998e-03 1.251342613250017166e-02
5.976323969662189484e-03 1.294217538088560104e-02
6.120084319263696671e-03 1.306142564862966537e-02
6.030732765793800354e-03 1.252462901175022125e-02
5.400069989264011383e-03 1.313459314405918121e-02
5.968068726360797882e-03 1.392532046884298325e-02
6.536482367664575577e-03 1.254262961447238922e-02
5.956102162599563599e-03 1.209100894629955292e-02
5.695037078112363815e-03 1.245438493788242340e-02
6.137477699667215347e-03 1.173442043364048004e-02
5.094789899885654449e-03 1.248498074710369110e-02
5.478866398334503174e-03 1.287049893289804459e-02
5.713486578315496445e-03 1.218877173960208893e-02
5.783571861684322357e-03 1.161335688084363937e-02
5.189185496419668198e-03 1.182072982192039490e-02
5.520242266356945038e-03 1.157622598111629486e-02
5.367030389606952667e-03 1.153617724776268005e-02
5.121591966599225998e-03 1.249346695840358734e-02
5.249194800853729248e-03 1.217218302190303802e-02
5.314751993864774704e-03 1.179460715502500534e-02
5.027344450354576111e-03 1.134521607309579849e-02
4.925167653709650040e-03 1.160657778382301331e-02
5.115461535751819611e-03 1.164460554718971252e-02
4.891069140285253525e-03 1.139457896351814270e-02
5.166544113308191299e-03 1.244581863284111023e-02
5.803085863590240479e-03 1.222470402717590332e-02
6.094951182603836060e-03 1.139812357723712921e-02
5.208277609199285507e-03 1.154343225061893463e-02
5.212648771703243256e-03 1.243384741246700287e-02
5.845584440976381302e-03 1.295357197523117065e-02
6.054675206542015076e-03 1.234454102814197540e-02
5.973141640424728394e-03 1.122470851987600327e-02
4.949235357344150543e-03 1.177616603672504425e-02
5.545118357986211777e-03 1.268834248185157776e-02
6.457292009145021439e-03 1.127696968615055084e-02
5.336583591997623444e-03 1.137937512248754501e-02
5.052691791206598282e-03 1.181671023368835449e-02
5.492315627634525299e-03 1.143079530447721481e-02
4.912357777357101440e-03 1.155823748558759689e-02
5.010982509702444077e-03 1.202294602990150452e-02
5.761350970715284348e-03 1.106180995702743530e-02
5.239177495241165161e-03 1.057194732129573822e-02
4.826518706977367401e-03 1.069034449756145477e-02
5.015256814658641815e-03 1.118764840066432953e-02
4.964347463101148605e-03 1.071649417281150818e-02
4.898885730654001236e-03 1.048435363918542862e-02
4.605170339345932007e-03 1.086179353296756744e-02
4.614754579961299896e-03 1.081495173275470734e-02
4.791600164026021957e-03 1.069394871592521667e-02
4.551053047180175781e-03 1.061495859175920486e-02
4.523188341408967972e-03 1.086370926350355148e-02
4.533836152404546738e-03 1.119016017764806747e-02
4.718353040516376495e-03 1.111689861863851547e-02
5.705117713660001755e-03 1.145984325557947159e-02
5.963016767054796219e-03 1.083017606288194656e-02
5.328631028532981873e-03 1.056852377951145172e-02
4.738572053611278534e-03 1.267894543707370758e-02
6.225323304533958435e-03 1.819063723087310791e-02
1.097802631556987762e-02 1.299109775573015213e-02
7.787605281919240952e-03 1.566938869655132294e-02
1.089076045900583267e-02 1.390541251748800278e-02
9.260521270334720612e-03 1.529717072844505310e-02
1.015025284141302109e-02 1.591114141047000885e-02
1.031949184834957123e-02 1.515029557049274445e-02
9.155175648629665375e-03 1.639254204928874969e-02
9.523833170533180237e-03 1.742830127477645874e-02
9.830726310610771179e-03 1.649655215442180634e-02
8.788345381617546082e-03 1.655171997845172882e-02
8.758169598877429962e-03 1.570437662303447723e-02
8.023710921406745911e-03 1.414227951318025589e-02
6.766161415725946426e-03 1.413129922002553940e-02
6.793962325900793076e-03 1.337330788373947144e-02
5.832968745380640030e-03 1.552588213235139847e-02
8.113647811114788055e-03 1.644057780504226685e-02
1.155748125165700912e-02 1.353896223008632660e-02
9.802151471376419067e-03 1.423387415707111359e-02
1.028554514050483704e-02 1.563303172588348389e-02
1.118301786482334137e-02 1.462028361856937408e-02
9.799943305552005768e-03 1.443623006343841553e-02
8.710639551281929016e-03 1.665738783776760101e-02
9.754883125424385071e-03 1.732359081506729126e-02
9.853745810687541962e-03 1.746346428990364075e-02
1.032664906233549118e-02 1.623855158686637878e-02
8.737867698073387146e-03 1.673801988363265991e-02
9.294024668633937836e-03 1.508137863129377365e-02
7.874759845435619354e-03 1.442401390522718430e-02
7.466072216629981995e-03 1.484226994216442108e-02
8.186333812773227692e-03 1.317551918327808380e-02
6.774909794330596924e-03 1.370358001440763474e-02
7.396924775093793869e-03 1.295122969895601273e-02
6.820370443165302277e-03 1.293794717639684677e-02
7.128374651074409485e-03 1.332825608551502228e-02
7.210183888673782349e-03 1.197540294378995895e-02
6.236481014639139175e-03 1.220279000699520111e-02
6.686164066195487976e-03 1.140922028571367264e-02
5.951855331659317017e-03 1.206456590443849564e-02
6.503578275442123413e-03 1.111826021224260330e-02
5.834396462887525558e-03 1.142049767076969147e-02
6.108142901211977005e-03 1.115393359214067459e-02
5.584632512181997299e-03 1.205544546246528625e-02
5.921623203903436661e-03 1.088238693773746490e-02
5.146701354533433914e-03 1.090528722852468491e-02
5.548184737563133240e-03 1.066305767744779587e-02
5.471108015626668930e-03 1.050477754324674606e-02
5.039815325289964676e-03 1.090802159160375595e-02
5.352709908038377762e-03 1.087219361215829849e-02
4.983789287507534027e-03 1.079055294394493103e-02
4.882995039224624634e-03 1.106863748282194138e-02
5.191430449485778809e-03 1.081615593284368515e-02
4.894435871392488480e-03 1.059372536838054657e-02
4.765479359775781631e-03 1.039326470345258713e-02
4.783829674124717712e-03 1.022250670939683914e-02
4.860879853367805481e-03 1.029681507498025894e-02
4.985329229384660721e-03 1.018849480897188187e-02
4.859049338847398758e-03 1.002382393926382065e-02
4.875537939369678497e-03 9.885547682642936707e-03
4.719117190688848495e-03 9.706676937639713287e-03
4.586631432175636292e-03 9.759499691426753998e-03
4.550646524876356125e-03 1.016119029372930527e-02
4.738901741802692413e-03 1.068628113716840744e-02
5.350952968001365662e-03 1.115997787564992905e-02
6.161719094961881638e-03 1.136664766818284988e-02
6.208554375916719437e-03 1.031713001430034637e-02
5.288214888423681259e-03 1.141655445098876953e-02
6.358526647090911865e-03 1.075372565537691116e-02
5.331504624336957932e-03 1.064301747828722000e-02
5.053756292909383774e-03 1.098857074975967407e-02
5.668063182383775711e-03 9.985907934606075287e-03
4.630830138921737671e-03 1.078398060053586960e-02
5.437303800135850906e-03 1.078849844634532928e-02
5.616306327283382416e-03 1.017455104738473892e-02
5.004375241696834564e-03 1.057456247508525848e-02
5.305647850036621094e-03 9.704359807074069977e-03
4.686010535806417465e-03 1.045083627104759216e-02
5.042579490691423416e-03 1.099096797406673431e-02
5.578411743044853210e-03 9.891711175441741943e-03
4.552681930363178253e-03 1.030933950096368790e-02
5.242432001978158951e-03 1.022495236247777939e-02
5.055202636867761612e-03 9.907549247145652771e-03
4.435621667653322220e-03 1.102750468999147415e-02
5.301740951836109161e-03 1.106584351509809494e-02
5.650419276207685471e-03 9.789387695491313934e-03
4.688406828790903091e-03 1.011422276496887207e-02
4.902431741356849670e-03 1.048275735229253769e-02
5.048649851232767105e-03 1.007143687456846237e-02
4.410754423588514328e-03 1.066742278635501862e-02
5.180831067264080048e-03 1.139191538095474243e-02
5.886435508728027344e-03 9.965189732611179352e-03
4.665737040340900421e-03 1.069701649248600006e-02
5.334042944014072418e-03 1.042174547910690308e-02
4.998038522899150848e-03 9.965041652321815491e-03
4.513599444180727005e-03 1.100684143602848053e-02
5.749041680246591568e-03 1.134829688817262650e-02
5.853665061295032501e-03 1.000708620995283127e-02
4.771600943058729172e-03 1.104368176311254501e-02
5.756714846938848495e-03 9.842456318438053131e-03
4.543124232441186905e-03 1.075061783194541931e-02
5.196357145905494690e-03 1.026308629661798477e-02
4.792063962668180466e-03 1.033859141170978546e-02
4.806941375136375427e-03 1.041073910892009735e-02
5.071931518614292145e-03 9.998491033911705017e-03
4.609580617398023605e-03 1.019383873790502548e-02
4.816020373255014420e-03 9.548569098114967346e-03
4.313956480473279953e-03 9.728349745273590088e-03
4.583521746098995209e-03 1.021378859877586365e-02
4.833729006350040436e-03 1.029331237077713013e-02
4.931691102683544159e-03 9.857210330665111542e-03
4.528223536908626556e-03 1.032809261232614517e-02
4.930417519062757492e-03 9.683517739176750183e-03
4.559937398880720139e-03 9.760301560163497925e-03
4.425487481057643890e-03 1.033348124474287033e-02
4.819312132894992828e-03 9.795635007321834564e-03
4.533443599939346313e-03 9.611848741769790649e-03
4.458582960069179535e-03 9.475920349359512329e-03
4.399678669869899750e-03 9.506648406386375427e-03
4.374610725790262222e-03 9.648242034018039703e-03
4.270497243851423264e-03 9.486664086580276489e-03
4.117156844586133957e-03 9.336370974779129028e-03
4.189598839730024338e-03 9.817550890147686005e-03
4.603497684001922607e-03 9.494964033365249634e-03
4.497259389609098434e-03 9.098609909415245056e-03
3.915629815310239792e-03 9.915899485349655151e-03
4.684933461248874664e-03 1.183844543993473053e-02
6.710617803037166595e-03 1.055066473782062531e-02
5.724439863115549088e-03 1.057075522840023041e-02
5.969186313450336456e-03 1.051716506481170654e-02
5.439083091914653778e-03 1.101144123822450638e-02
5.561946891248226166e-03 1.090987958014011383e-02
5.109623540192842484e-03 1.035327091813087463e-02
4.479249007999897003e-03 1.126603968441486359e-02
5.344570148736238480e-03 9.707317687571048737e-03
4.532565362751483917e-03 1.010289881378412247e-02
4.977099131792783737e-03 9.960810653865337372e-03
4.772762302309274673e-03 9.561671875417232513e-03
4.427727311849594116e-03 9.605325758457183838e-03
4.790110979229211807e-03 9.315422736108303070e-03
4.307232797145843506e-03 9.339092299342155457e-03
4.262757953256368637e-03 9.715798310935497284e-03
4.501516465097665787e-03 8.987678214907646179e-03
4.089185502380132675e-03 9.019009768962860107e-03
4.154961556196212769e-03 9.566920809447765350e-03
4.335317760705947876e-03 9.428451769053936005e-03
4.299483262002468109e-03 9.448939934372901917e-03
4.168861545622348785e-03 8.820620365440845490e-03
4.062649328261613846e-03 8.805318735539913177e-03
3.895920468494296074e-03 9.494707919657230377e-03
4.118491895496845245e-03 9.291402995586395264e-03
4.207145888358354568e-03 9.002664126455783844e-03
3.862116718664765358e-03 8.766678161919116974e-03
3.811022266745567322e-03 8.869181387126445770e-03
3.835164941847324371e-03 9.155367501080036163e-03
3.888259176164865494e-03 8.980599232017993927e-03
4.113659728318452835e-03 9.050814434885978699e-03
4.321884829550981522e-03 9.723828174173831940e-03
4.903252702206373215e-03 9.422814473509788513e-03
4.316186532378196716e-03 9.569512680172920227e-03
4.482850432395935059e-03 9.668167680501937866e-03
4.807544406503438950e-03 9.049871936440467834e-03
4.063837230205535889e-03 9.419533424079418182e-03
4.073415417224168777e-03 9.759666398167610168e-03
4.757453687489032745e-03 9.381455369293689728e-03
4.635798744857311249e-03 8.748676627874374390e-03
4.178447183221578598e-03 8.956708014011383057e-03
4.318799357861280441e-03 9.512991644442081451e-03
4.436007235199213028e-03 8.832233026623725891e-03
4.014577716588973999e-03 8.509352803230285645e-03
3.801155136898159981e-03 8.640008978545665741e-03
3.984400071203708649e-03 8.711036294698715210e-03
4.108388908207416534e-03 9.289643727242946625e-03
4.145848099142313004e-03 8.963735774159431458e-03
4.070367664098739624e-03 8.593407459557056427e-03
3.731026081368327141e-03 8.792339824140071869e-03
3.856488736346364021e-03 8.812238462269306183e-03
4.037082660943269730e-03 9.175640530884265900e-03
3.991122823208570480e-03 8.526124991476535797e-03
3.719439962878823280e-03 8.639696054160594940e-03
3.781609237194061279e-03 8.786039426922798157e-03
3.630927996709942818e-03 8.897248655557632446e-03
3.665120806545019150e-03 8.586024865508079529e-03
3.579222131520509720e-03 8.554123342037200928e-03
3.666626289486885071e-03 8.616341277956962585e-03
3.560767741873860359e-03 8.718471974134445190e-03
3.667084034532308578e-03 8.176716975867748260e-03
3.582891076803207397e-03 8.262887597084045410e-03
3.758881473913788795e-03 9.004903025925159454e-03
4.427539184689521790e-03 1.098547223955392838e-02
6.231752224266529083e-03 1.444837823510169983e-02
9.266958571970462799e-03 1.106697320938110352e-02
6.454725749790668488e-03 1.130456011742353439e-02
7.155099418014287949e-03 1.159219630062580109e-02
6.805880926549434662e-03 1.103340834379196167e-02
5.582499783486127853e-03 1.341880764812231064e-02
7.198372855782508850e-03 1.139416545629501343e-02
5.390083882957696915e-03 1.275149267166852951e-02
6.899380590766668320e-03 1.101440005004405975e-02
5.046351812779903412e-03 1.261127740144729614e-02
6.297773681581020355e-03 1.110949274152517319e-02
5.311872344464063644e-03 1.077978964895009995e-02
5.881570279598236084e-03 1.009284611791372299e-02
5.555002484470605850e-03 8.943771943449974060e-03
4.462312441319227219e-03 1.018840633332729340e-02
6.302856840193271637e-03 1.081422716379165649e-02
6.478196941316127777e-03 1.096219569444656372e-02
6.673103198409080505e-03 1.143961399793624878e-02
6.963058374822139740e-03 1.149825099855661392e-02
6.713605485856533051e-03 1.026900019496679306e-02
5.272591486573219299e-03 1.098788622766733170e-02
5.691806320101022720e-03 1.085239835083484650e-02
5.905654747039079666e-03 9.675091132521629333e-03
4.270175471901893616e-03 1.093165576457977295e-02
4.963110666722059250e-03 1.097413618117570877e-02
5.188368260860443115e-03 1.000864151865243912e-02
4.414491821080446243e-03 9.802734479308128357e-03
4.511355422437191010e-03 1.093005947768688202e-02
6.640347186475992203e-03 1.032477151602506638e-02
5.427768919616937637e-03 1.082954555749893188e-02
6.313931662589311600e-03 1.106705609709024429e-02
6.508843973278999329e-03 1.166424993425607681e-02
6.868696771562099457e-03 1.070556044578552246e-02
5.853466689586639404e-03 1.066016871482133865e-02
5.666648503392934799e-03 9.551167488098144531e-03
4.423802718520164490e-03 1.082645077258348465e-02
6.059957668185234070e-03 1.031917612999677658e-02
5.450529046356678009e-03 1.007511373609304428e-02
5.299427080899477005e-03 1.095418818295001984e-02
6.115800701081752777e-03 9.081417694687843323e-03
4.382031038403511047e-03 9.601620025932788849e-03
4.880819469690322876e-03 1.017741579562425613e-02
6.167761050164699554e-03 9.061216376721858978e-03
4.380811937153339386e-03 9.990145452320575714e-03
5.393608007580041885e-03 9.687901474535465240e-03
5.213587544858455658e-03 9.770623408257961273e-03
5.252577364444732666e-03 8.847293443977832794e-03
4.230935592204332352e-03 9.231302887201309204e-03
4.441956523805856705e-03 9.896432049572467804e-03
5.778796970844268799e-03 9.929168969392776489e-03
5.259213037788867950e-03 1.031027082353830338e-02
5.657584406435489655e-03 1.129930280148983002e-02
6.479794159531593323e-03 1.054773200303316116e-02
5.695253144949674606e-03 1.028154883533716202e-02
5.378144793212413788e-03 9.496299549937248230e-03
4.616426303982734680e-03 9.681873954832553864e-03
5.157111212611198425e-03 8.908218704164028168e-03
4.035095218569040298e-03 1.004109997302293777e-02
4.635497927665710449e-03 9.933563880622386932e-03
5.081915762275457382e-03 9.577751159667968750e-03
4.549635108560323715e-03 9.500366635620594025e-03
4.430174361914396286e-03 9.633059613406658173e-03
4.330325406044721603e-03 9.420192800462245941e-03
3.971401136368513107e-03 9.588556364178657532e-03
4.317948594689369202e-03 9.202469140291213989e-03
4.379910416901111603e-03 8.392122574150562286e-03
3.907768987119197845e-03 8.531956933438777924e-03
4.172836896032094955e-03 8.341784588992595673e-03
3.857171628624200821e-03 8.550667203962802887e-03
4.021518863737583160e-03 8.948982693254947662e-03
4.696304444223642349e-03 1.025300752371549606e-02
5.711480509489774704e-03 9.629569947719573975e-03
4.916795529425144196e-03 1.018088776618242264e-02
5.567780230194330215e-03 9.638467803597450256e-03
4.846516996622085571e-03 1.011094264686107635e-02
5.086597055196762085e-03 9.460977278649806976e-03
4.252120852470397949e-03 1.032981835305690765e-02
5.076639354228973389e-03 1.160059031099081039e-02
6.327041424810886383e-03 9.222293272614479065e-03
5.017003044486045837e-03 1.054424233734607697e-02
6.875708699226379395e-03 9.767626412212848663e-03
5.656434223055839539e-03 1.027664169669151306e-02
5.349030718207359314e-03 1.009299047291278839e-02
4.808386322110891342e-03 1.040589064359664917e-02
4.915069788694381714e-03 1.013286318629980087e-02
4.765493795275688171e-03 9.900943376123905182e-03
4.919310566037893295e-03 8.458151482045650482e-03
3.917267546057701111e-03 9.009269066154956818e-03
4.660005681216716766e-03 8.861693553626537323e-03
4.512159619480371475e-03 8.746500127017498016e-03
4.359149839729070663e-03 8.384468033909797668e-03
3.731145523488521576e-03 9.496490471065044403e-03
4.604937974363565445e-03 1.052293926477432251e-02
5.406235344707965851e-03 1.047214027494192123e-02
4.960799589753150940e-03 1.090844254940748215e-02
5.664985626935958862e-03 1.076048240065574646e-02
5.644246470183134079e-03 1.089839264750480652e-02
5.708492826670408249e-03 1.007373165339231491e-02
4.791062790900468826e-03 1.011998299509286880e-02
4.604129586368799210e-03 1.022677961736917496e-02
4.449539352208375931e-03 1.088584028184413910e-02
5.225260742008686066e-03 9.739770554006099701e-03
4.967671353369951248e-03 8.814075030386447906e-03
4.592390730977058411e-03 9.044126607477664948e-03
5.121856927871704102e-03 8.819023147225379944e-03
4.697642289102077484e-03 9.011317044496536255e-03
4.432987421751022339e-03 8.381628431379795074e-03
4.100328311324119568e-03 8.869668468832969666e-03
4.922810941934585571e-03 8.569586090743541718e-03
4.140397068113088608e-03 8.308784104883670807e-03
3.860342781990766525e-03 8.846778422594070435e-03
4.361283499747514725e-03 8.753833360970020294e-03
4.018357489258050919e-03 8.695236407220363617e-03
3.773194970563054085e-03 9.136955253779888153e-03
3.958931658416986465e-03 9.310262277722358704e-03
3.996849991381168365e-03 8.933402597904205322e-03
3.640119452029466629e-03 8.717670105397701263e-03
3.711159806698560715e-03 8.516877889633178711e-03
3.707955824211239815e-03 8.235458284616470337e-03
3.676461055874824524e-03 7.891908288002014160e-03
3.490231232717633247e-03 8.135725744068622589e-03
3.570886328816413879e-03 8.192637935280799866e-03
3.531466005370020866e-03 8.101238869130611420e-03
3.408423624932765961e-03 7.897603325545787811e-03
3.447219962254166603e-03 7.898206822574138641e-03
3.450962016358971596e-03 7.918182760477066040e-03
3.388643264770507812e-03 7.983029820024967194e-03
3.399048233404755592e-03 8.227046579122543335e-03
3.519165096804499626e-03 8.193946443498134613e-03
3.757196012884378433e-03 8.248132653534412384e-03
3.998194355517625809e-03 8.227429352700710297e-03
3.904172219336032867e-03 8.029974997043609619e-03
3.494398435577750206e-03 8.529827930033206940e-03
3.877943847328424454e-03 8.548146113753318787e-03
3.853156697005033493e-03 8.047030307352542877e-03
3.392084501683712006e-03 8.031608536839485168e-03
3.351025748997926712e-03 8.136169053614139557e-03
3.652080427855253220e-03 8.073066361248493195e-03
3.462766995653510094e-03 7.712631952017545700e-03
3.196416189894080162e-03 7.804371416568756104e-03
3.307216335088014603e-03 8.699125610291957855e-03
3.954276908189058304e-03 1.102861203253269196e-02
6.726648658514022827e-03 9.683656506240367889e-03
5.409474950283765793e-03 1.001528743654489517e-02
5.962770897895097733e-03 9.827671572566032410e-03
5.341485608369112015e-03 1.072387117892503738e-02
5.742093548178672791e-03 9.843511506915092468e-03
4.530232399702072144e-03 1.097175944596529007e-02
5.387705750763416290e-03 1.018860377371311188e-02
4.368964582681655884e-03 1.049301121383905411e-02
4.672184120863676071e-03 9.008250199258327484e-03
3.922176081687211990e-03 9.080640040338039398e-03
4.345058929175138474e-03 8.698835968971252441e-03
4.122499376535415649e-03 8.229167200624942780e-03
3.989375196397304535e-03 8.549003861844539642e-03
4.523877520114183426e-03 8.466842584311962128e-03
4.375481978058815002e-03 8.509689010679721832e-03
3.864458529278635979e-03 9.069495834410190582e-03
4.259023349732160568e-03 8.602342568337917328e-03
3.770588198676705360e-03 8.748510852456092834e-03
3.807452041655778885e-03 8.665390312671661377e-03
3.657833905890583992e-03 8.745083585381507874e-03
3.687686985358595848e-03 8.629355579614639282e-03
3.761314786970615387e-03 8.331865072250366211e-03
3.690759185701608658e-03 8.163781836628913879e-03
3.648580284789204597e-03 8.103637956082820892e-03
3.606306854635477066e-03 8.099359460175037384e-03
3.359207184985280037e-03 8.191231638193130493e-03
3.476485377177596092e-03 8.233479224145412445e-03
4.053282551467418671e-03 8.606715127825737000e-03
4.791663028299808502e-03 9.352795779705047607e-03
5.468194372951984406e-03 8.095646277070045471e-03
4.115684423595666885e-03 9.091693907976150513e-03
5.005525425076484680e-03 7.930653169751167297e-03
3.481150139123201370e-03 9.635004214942455292e-03
4.986977204680442810e-03 9.031963534653186798e-03
4.464878235012292862e-03 8.587162941694259644e-03
3.976014908403158188e-03 8.998982608318328857e-03
4.219300113618373871e-03 8.884346112608909607e-03
4.061707295477390289e-03 8.565627969801425934e-03
3.921150229871273041e-03 8.151568472385406494e-03
3.522923216223716736e-03 8.767859078943729401e-03
4.503603558987379074e-03 8.855638094246387482e-03
4.655555821955204010e-03 8.144345134496688843e-03
4.044933244585990906e-03 8.454563096165657043e-03
4.279599990695714951e-03 8.497094735503196716e-03
4.032552242279052734e-03 8.365820161998271942e-03
3.697216510772705078e-03 8.847657591104507446e-03
4.018955398350954056e-03 8.803577162325382233e-03
3.714063670486211777e-03 9.009793400764465332e-03
3.977905027568340302e-03 8.596055209636688232e-03
3.595946589484810829e-03 8.661669678986072540e-03
3.816916607320308685e-03 8.255616761744022369e-03
3.584531834349036217e-03 7.939876057207584381e-03
3.362051444128155708e-03 8.293048478662967682e-03
4.186471458524465561e-03 8.896581828594207764e-03
4.744037985801696777e-03 9.377123787999153137e-03
5.224783904850482941e-03 8.447665721178054810e-03
4.167915321886539459e-03 9.078296832740306854e-03
4.933890420943498611e-03 8.561498485505580902e-03
4.133030306547880173e-03 9.091750718653202057e-03
4.133963026106357574e-03 9.242547675967216492e-03
4.173090215772390366e-03 9.524872526526451111e-03
4.783031996339559555e-03 8.320333436131477356e-03
3.458461025729775429e-03 9.154432453215122223e-03
4.269765689969062805e-03 8.172314614057540894e-03
3.498048754408955574e-03 8.523412048816680908e-03
4.063754808157682419e-03 7.687211036682128906e-03
3.208819543942809105e-03 7.819632068276405334e-03
3.620001487433910370e-03 9.053585119545459747e-03
4.890752956271171570e-03 9.379445575177669525e-03
5.315668415278196335e-03 8.457261137664318085e-03
4.165224265307188034e-03 9.135438129305839539e-03
4.903403576463460922e-03 8.625167421996593475e-03
4.169213585555553436e-03 8.832057006657123566e-03
3.884149249643087387e-03 9.685034863650798798e-03
4.444781690835952759e-03 1.017776038497686386e-02
5.116290878504514694e-03 9.314731694757938385e-03
4.191847518086433411e-03 9.867883287370204926e-03
4.635092336684465408e-03 9.608122520148754120e-03
4.444718826562166214e-03 8.824972435832023621e-03
4.076066426932811737e-03 8.403007872402667999e-03
4.007636103779077530e-03 8.801469579339027405e-03
4.827154334634542465e-03 7.852817885577678680e-03
4.181468393653631210e-03 7.374083157628774643e-03
3.693167818710207939e-03 7.748187053948640823e-03
4.108896479010581970e-03 7.634591776877641678e-03
3.653258550912141800e-03 7.783434353768825531e-03
3.618808463215827942e-03 7.979614660143852234e-03
3.630955470725893974e-03 7.946436293423175812e-03
3.357507986947894096e-03 8.041779510676860809e-03
3.283346537500619888e-03 8.339540101587772369e-03
3.513587871566414833e-03 7.884019054472446442e-03
3.340478055179119110e-03 7.752670440822839737e-03
3.267375985160470009e-03 7.870071567595005035e-03
3.281560959294438362e-03 7.872891612350940704e-03
3.267031861469149590e-03 7.662230636924505234e-03
3.126658033579587936e-03 7.412038277834653854e-03
3.060622839257121086e-03 7.276921067386865616e-03
3.110252320766448975e-03 7.313091307878494263e-03
3.167348913848400116e-03 7.231977302581071854e-03
3.153673140332102776e-03 7.349864114075899124e-03
3.217063145712018013e-03 7.392282132059335709e-03
3.507559187710285187e-03 8.157925680279731750e-03
3.972034435719251633e-03 7.448906078934669495e-03
3.436598693951964378e-03 7.386837620288133621e-03
3.284769831225275993e-03 7.995666936039924622e-03
3.522760001942515373e-03 7.478758227080106735e-03
2.983567770570516586e-03 7.876105606555938721e-03
3.349425503984093666e-03 8.808066137135028839e-03
4.206998739391565323e-03 8.111805655062198639e-03
4.024188034236431122e-03 7.677563466131687164e-03
3.538629040122032166e-03 8.129291236400604248e-03
3.892548382282257080e-03 7.718583103269338608e-03
3.248163498938083649e-03 8.093872107565402985e-03
3.541707526892423630e-03 9.222817607223987579e-03
4.810584243386983871e-03 8.958663791418075562e-03
5.066921934485435486e-03 8.831376209855079651e-03
4.138274583965539932e-03 1.016961410641670227e-02
5.195111036300659180e-03 9.030191227793693542e-03
4.178346600383520126e-03 9.124729782342910767e-03
4.273323807865381241e-03 8.859124034643173218e-03
3.981821238994598389e-03 1.047801226377487183e-02
5.518205463886260986e-03 8.787231519818305969e-03
4.218463785946369171e-03 8.860269561409950256e-03
4.503468517214059830e-03 8.899521082639694214e-03
4.391510970890522003e-03 9.330296888947486877e-03
4.689594265073537827e-03 8.542863652110099792e-03
4.412137903273105621e-03 8.146995678544044495e-03
4.167289007455110550e-03 8.443234488368034363e-03
4.770777188241481781e-03 9.507430717349052429e-03
6.228184327483177185e-03 1.557409018278121948e-02
1.139476988464593887e-02 1.117631979286670685e-02
8.459181524813175201e-03 1.382909528911113739e-02
1.148735731840133667e-02 1.247879769653081894e-02
9.999938309192657471e-03 1.290617696940898895e-02
1.021520048379898071e-02 1.386137120425701141e-02
1.053064316511154175e-02 1.437498349696397781e-02
1.013249065726995468e-02 1.505661476403474808e-02
9.749203920364379883e-03 1.612589694559574127e-02
9.830293245613574982e-03 1.672731712460517883e-02
9.870877489447593689e-03 1.635689474642276764e-02
9.496598504483699799e-03 1.550864893943071365e-02
8.938734419643878937e-03 1.449491083621978760e-02
8.196834474802017212e-03 1.360852178186178207e-02
7.511286996304988861e-03 1.346256863325834274e-02
7.632298395037651062e-03 1.321925502270460129e-02
7.696180604398250580e-03 1.271289121359586716e-02
7.479403633624315262e-03 1.137259136885404587e-02
6.430587731301784515e-03 1.081343274563550949e-02
6.138555705547332764e-03 1.063150446861982346e-02
6.148164160549640656e-03 1.022815518081188202e-02
5.816473159939050674e-03 9.979064576327800751e-03
5.551742389798164368e-03 1.021725963801145554e-02
5.635806359350681305e-03 1.037089340388774872e-02
5.530892871320247650e-03 1.005367469042539597e-02
5.281334277242422104e-03 8.994076400995254517e-03
4.899330902844667435e-03 8.002160117030143738e-03
4.789273720234632492e-03 7.856150157749652863e-03
4.667881876230239868e-03 8.105459623038768768e-03
4.335274454206228256e-03 8.658017031848430634e-03
4.331398755311965942e-03 8.897267282009124756e-03
4.551466554403305054e-03 8.516996167600154877e-03
4.336980637162923813e-03 7.930895313620567322e-03
4.242368508130311966e-03 7.544776890426874161e-03
4.192365799099206924e-03 7.366358768194913864e-03
4.031526390463113785e-03 7.437106221914291382e-03
4.006960894912481308e-03 7.369181606918573380e-03
3.903086064383387566e-03 7.386763114482164383e-03
3.905334044247865677e-03 7.228523958474397659e-03
3.865645499899983406e-03 7.125419564545154572e-03
3.678797045722603798e-03 7.171222008764743805e-03
3.717305837199091911e-03 7.086305413395166397e-03
3.718300722539424896e-03 7.007921580225229263e-03
3.658491186797618866e-03 6.999578326940536499e-03
3.650184720754623413e-03 7.081915158778429031e-03
3.558719530701637268e-03 7.258885074406862259e-03
3.612489206716418266e-03 7.172648794949054718e-03
3.643791191279888153e-03 7.215342484414577484e-03
3.864912316203117371e-03 7.360067684203386307e-03
3.996664658188819885e-03 7.270788773894309998e-03
3.777674864977598190e-03 7.061862852424383163e-03
3.464428009465336800e-03 7.122084032744169235e-03
3.575482172891497612e-03 7.515331264585256577e-03
4.020771011710166931e-03 7.714019622653722763e-03
4.493438638746738434e-03 7.447191048413515091e-03
4.372850991785526276e-03 6.863284390419721603e-03
3.693042322993278503e-03 7.713854778558015823e-03
4.508069250732660294e-03 7.998591288924217224e-03
4.608786199241876602e-03 7.348831277340650558e-03
3.667090553790330887e-03 7.675765082240104675e-03
4.003981128334999084e-03 8.086651563644409180e-03
4.531824961304664612e-03 7.426162716001272202e-03
3.795020282268524170e-03 7.223706226795911789e-03
3.575351322069764137e-03 7.369004655629396439e-03
3.883293131366372108e-03 6.931548938155174255e-03
3.345654578879475594e-03 6.993369199335575104e-03
3.399382811039686203e-03 7.790228817611932755e-03
4.114312585443258286e-03 8.167695254087448120e-03
4.743640311062335968e-03 7.264842279255390167e-03
4.000398330390453339e-03 7.495520170778036118e-03
4.222134593874216080e-03 7.763757370412349701e-03
4.096116870641708374e-03 7.472410798072814941e-03
3.491480601951479912e-03 8.248770609498023987e-03
4.305311013013124466e-03 8.213434368371963501e-03
4.535659216344356537e-03 7.311849389225244522e-03
3.778274869546294212e-03 7.096165325492620468e-03
3.602967830374836922e-03 7.798247504979372025e-03
4.146694671362638474e-03 7.245750632137060165e-03
3.427809104323387146e-03 7.255523465573787689e-03
3.456554841250181198e-03 7.636158727109432220e-03
4.032861907035112381e-03 7.484477944672107697e-03
3.625968936830759048e-03 7.122247945517301559e-03
3.276414936408400536e-03 7.207246497273445129e-03
3.622013842687010765e-03 7.005517370998859406e-03
3.434717655181884766e-03 6.768710911273956299e-03
3.134758444502949715e-03 7.333535701036453247e-03
3.615247318521142006e-03 7.979998365044593811e-03
4.275956191122531891e-03 8.548039942979812622e-03
5.070533603429794312e-03 7.260280661284923553e-03
3.900140291079878807e-03 8.235654793679714203e-03
4.967724438756704330e-03 7.387499790638685226e-03
3.670344827696681023e-03 8.514591492712497711e-03
4.620131105184555054e-03 7.709184195846319199e-03
3.613766515627503395e-03 7.745663635432720184e-03
3.684706520289182663e-03 8.557754568755626678e-03
4.543940536677837372e-03 7.347885053604841232e-03
3.616881556808948517e-03 7.581993937492370605e-03
4.006779752671718597e-03 7.439432665705680847e-03
3.729057731106877327e-03 7.206500042229890823e-03
3.469078103080391884e-03 7.652068976312875748e-03
3.818462369963526726e-03 7.042697165161371231e-03
3.226678352802991867e-03 7.229783572256565094e-03
3.538835793733596802e-03 7.620131131261587143e-03
3.739355364814400673e-03 6.928177550435066223e-03
3.205487504601478577e-03 7.354171015322208405e-03
3.656080691143870354e-03 7.059250026941299438e-03
3.178126644343137741e-03 7.136308122426271439e-03
3.006867598742246628e-03 7.791975978761911392e-03
3.916768822818994522e-03 8.550092577934265137e-03
4.882123321294784546e-03 7.786189205944538116e-03
4.056061618030071259e-03 8.665157482028007507e-03
4.918267019093036652e-03 7.634386420249938965e-03
3.881203942000865936e-03 8.354819379746913910e-03
4.491963889449834824e-03 7.433814462274312973e-03
