2.074868083000183105e-01 2.150508314371109009e-01
1.958274602890014704e-01 2.006797045469284058e-01
1.833043187856674139e-01 1.865688264369964600e-01
1.716066703200340160e-01 1.732170134782791138e-01
1.595893472433090321e-01 1.607661843299865723e-01
1.495155617594718933e-01 1.491725891828536987e-01
1.389299571514129583e-01 1.385039985179901123e-01
1.296450287103652899e-01 1.284650266170501709e-01
1.208360493183135986e-01 1.190531030297279358e-01
1.130496218800544767e-01 1.102845445275306702e-01
1.057224243879318210e-01 1.022686436772346497e-01
9.853388518095015924e-02 9.495916217565536499e-02
9.235849678516387662e-02 8.821915090084075928e-02
8.683413267135620117e-02 8.213304728269577026e-02
8.136584460735321600e-02 7.666931301355361938e-02
7.673963904380798340e-02 7.170606404542922974e-02
7.242779955267905634e-02 6.723033636808395386e-02
6.853603273630141934e-02 6.317811459302902222e-02
6.486888080835342962e-02 5.950559675693511963e-02
6.166369467973709106e-02 5.615351721644401550e-02
5.886794179677963534e-02 5.313430726528167725e-02
5.623040422797202786e-02 5.048015341162681580e-02
5.360073298215865811e-02 4.811168834567070007e-02
5.157760232686996182e-02 4.594778269529342651e-02
4.951693266630172868e-02 4.399731010198593140e-02
4.777406379580497603e-02 4.222916066646575928e-02
4.617269933223724226e-02 4.065330326557159424e-02
4.458578526973724226e-02 3.924107551574707031e-02
4.338871203362941464e-02 3.797635436058044434e-02
4.211902096867561202e-02 3.687739372253417969e-02
4.090965911746025085e-02 3.587388992309570312e-02
3.990152329206466536e-02 3.492419049143791199e-02
3.900013789534569064e-02 3.404711931943893433e-02
3.802087306976318498e-02 3.325400128960609436e-02
3.726511038839817186e-02 3.251874819397926331e-02
3.647151850163936337e-02 3.185350820422172546e-02
3.567450046539306918e-02 3.124584257602691650e-02
3.503604680299758634e-02 3.067670203745365143e-02
3.439815491437912126e-02 3.014282137155532837e-02
3.378190957009792605e-02 2.965162321925163269e-02
3.320894688367843905e-02 2.919867634773254395e-02
3.267636261880398074e-02 2.877071499824523926e-02
3.213156908750534196e-02 2.833489142358303070e-02
3.163396269083022794e-02 2.788481488823890686e-02
3.112636134028434753e-02 2.744330465793609619e-02
3.063520714640617301e-02 2.701365947723388672e-02
3.017377406358718803e-02 2.660828828811645508e-02
2.969446480274200509e-02 2.623630687594413757e-02
2.923075705766677718e-02 2.588120661675930023e-02
2.877330482006073067e-02 2.552517689764499664e-02
2.834956124424934526e-02 2.515910565853118896e-02
2.794682197272777696e-02 2.481188997626304626e-02
2.752278707921505113e-02 2.449637092649936676e-02
2.711119726300239424e-02 2.420462667942047119e-02
2.673658691346645494e-02 2.393970079720020294e-02
2.636119499802589555e-02 2.369351498782634735e-02
2.601089812815189292e-02 2.345444820821285248e-02
2.566115334630012651e-02 2.321092598140239716e-02
2.533792629837989738e-02 2.294848114252090454e-02
2.497107386589050154e-02 2.269649133086204529e-02
2.461603581905364921e-02 2.245333790779113770e-02
2.429125495254993300e-02 2.221100777387619019e-02
2.394455336034297804e-02 2.196968905627727509e-02
2.363941036164760728e-02 2.173618413507938385e-02
2.330061458051204543e-02 2.151909470558166504e-02
2.299086824059486459e-02 2.130943909287452698e-02
2.269001007080078194e-02 2.110756747424602509e-02
2.240340784192085266e-02 2.091605588793754578e-02
2.212700396776199480e-02 2.072389796376228333e-02
2.184872590005397866e-02 2.053176052868366241e-02
2.157971411943435808e-02 2.034413069486618042e-02
2.131813429296016554e-02 2.015913650393486023e-02
2.106156162917614122e-02 1.997904293239116669e-02
2.080521546304225922e-02 1.980349794030189514e-02
2.054635174572467735e-02 1.961836777627468109e-02
2.032069116830825806e-02 1.943504996597766876e-02
2.007624059915542533e-02 1.926276832818984985e-02
1.983802821487188478e-02 1.909183338284492493e-02
1.959462240338325639e-02 1.891495101153850555e-02
1.938052698969840865e-02 1.873618550598621368e-02
1.915442459285259316e-02 1.857459172606468201e-02
1.893165484070778032e-02 1.842337474226951599e-02
1.871448345482349535e-02 1.827131584286689758e-02
1.850489638745784690e-02 1.811644807457923889e-02
1.829965263605117659e-02 1.797438040375709534e-02
1.809032447636127472e-02 1.784125529229640961e-02
1.791573632508516173e-02 1.771323010325431824e-02
1.772623490542173455e-02 1.758591271936893463e-02
1.755194589495658736e-02 1.746131107211112976e-02
1.737908106297254493e-02 1.733828336000442505e-02
1.719820722937583785e-02 1.722071319818496704e-02
1.703791394829750130e-02 1.711183413863182068e-02
1.686204373836517473e-02 1.701591722667217255e-02
1.670559756457805703e-02 1.692564412951469421e-02
1.655513215810060570e-02 1.684085093438625336e-02
1.638701520860195299e-02 1.675623282790184021e-02
1.624165438115596910e-02 1.667634211480617523e-02
1.609193421900272439e-02 1.659686304628849030e-02
1.594686508178710938e-02 1.651170477271080017e-02
1.581459566950798104e-02 1.642209291458129883e-02
1.568652614951133659e-02 1.633204892277717590e-02
1.554192490875721047e-02 1.624892652034759521e-02
1.543024573475122382e-02 1.616755314171314240e-02
1.530275382101535867e-02 1.608524844050407410e-02
1.518385838717222283e-02 1.600777544081211090e-02
1.506263148039579426e-02 1.592903584241867065e-02
1.494817417114973138e-02 1.585062034428119659e-02
1.484036371111869743e-02 1.577585190534591675e-02
1.473198235034942592e-02 1.570424623787403107e-02
1.462422385811805794e-02 1.563896238803863525e-02
1.451474986970424652e-02 1.557638123631477356e-02
1.441952679306268692e-02 1.551728509366512299e-02
1.431673876941204002e-02 1.546286046504974365e-02
1.421417221426963737e-02 1.540105603635311127e-02
1.412529740482568706e-02 1.533040497452020645e-02
1.401758417487144505e-02 1.526216696947813034e-02
1.392554044723510673e-02 1.519830152392387390e-02
1.383098512887954643e-02 1.514444313943386078e-02
1.374496053904294968e-02 1.509991753846406937e-02
1.364872418344020844e-02 1.506204809993505478e-02
1.356698349118232692e-02 1.502120681107044220e-02
1.347508188337087631e-02 1.497757248580455780e-02
1.338639147579669987e-02 1.494444999843835831e-02
1.330023836344480445e-02 1.491087023168802261e-02
1.322582960128784214e-02 1.487347390502691269e-02
1.314678415656089783e-02 1.483713835477828979e-02
1.306771114468574524e-02 1.479724422097206116e-02
1.298575848340988159e-02 1.474560517817735672e-02
1.290950104594230582e-02 1.469716336578130722e-02
1.282194554805755546e-02 1.464202441275119781e-02
1.275133304297924007e-02 1.458389312028884888e-02
1.266719773411750793e-02 1.452520862221717834e-02
1.259166225790977513e-02 1.446408871561288834e-02
1.251278780400752987e-02 1.440898701548576355e-02
1.244456171989440953e-02 1.435685157775878906e-02
1.236810814589262009e-02 1.429824717342853546e-02
1.229237522929906880e-02 1.423515938222408295e-02
1.221491657197475503e-02 1.417025271803140640e-02
1.213733628392219509e-02 1.410147547721862793e-02
1.207743193954229424e-02 1.402992568910121918e-02
1.199749410152435233e-02 1.396482996642589569e-02
1.193895880132913624e-02 1.389943249523639679e-02
1.186860483139753376e-02 1.382119022309780121e-02
1.178986635059118236e-02 1.374444551765918732e-02
1.169971376657485962e-02 1.367892418056726456e-02
1.161596700549125637e-02 1.362327300012111664e-02
1.154388710856437718e-02 1.356782577931880951e-02
1.147038340568542515e-02 1.350021641701459885e-02
1.138725839555263485e-02 1.343199145048856735e-02
1.129521206021308864e-02 1.337455119937658310e-02
1.122773941606283223e-02 1.331729721277952194e-02
1.113874893635511364e-02 1.324208360165357590e-02
1.103828549385070870e-02 1.315520331263542175e-02
1.092971935868263314e-02 1.306667923927307129e-02
1.083614155650138890e-02 1.298107951879501343e-02
1.073685921728611062e-02 1.290167495608329773e-02
1.064736247062683140e-02 1.282956264913082123e-02
1.056767273694276740e-02 1.275334134697914124e-02
1.047916635870933463e-02 1.267337054014205933e-02
1.038948576897382771e-02 1.259752456098794937e-02
1.029824204742908408e-02 1.251539401710033417e-02
1.019986663013696705e-02 1.242273300886154175e-02
1.010511536151170731e-02 1.232638675719499588e-02
1.000985447317361866e-02 1.222559995949268341e-02
9.909930080175400127e-03 1.212405972182750702e-02
9.804301150143145821e-03 1.201006025075912476e-02
9.702746011316775582e-03 1.189087517559528351e-02
9.592166915535927513e-03 1.178732607513666153e-02
9.496230259537696491e-03 1.169159822165966034e-02
9.400413930416106831e-03 1.160126831382513046e-02
9.293077141046523701e-03 1.151583995670080185e-02
9.221443533897399555e-03 1.142609212547540665e-02
9.095244947820902218e-03 1.131778489798307419e-02
8.974667824804782174e-03 1.120505575090646744e-02
8.845886960625649192e-03 1.109077967703342438e-02
8.736639842391013752e-03 1.097332965582609177e-02
8.628144580870866082e-03 1.085787080228328705e-02
8.512871526181697152e-03 1.074830722063779831e-02
8.400496002286672939e-03 1.064359396696090698e-02
8.285842183977366188e-03 1.054136082530021667e-02
8.176959119737148285e-03 1.044087484478950500e-02
8.069353643804788589e-03 1.034147012978792191e-02
7.962331082671881069e-03 1.024486031383275986e-02
7.857650145888328205e-03 1.015387475490570068e-02
7.754793297499418606e-03 1.005747728049755096e-02
7.645490206778049122e-03 9.966158308088779449e-03
7.549321651458740581e-03 9.882853366434574127e-03
7.442630827426910400e-03 9.814603254199028015e-03
7.350776437669992100e-03 9.748573414981365204e-03
7.249717134982347488e-03 9.664578363299369812e-03
7.141978666186332876e-03 9.578320197761058807e-03
7.053245604038238352e-03 9.490392170846462250e-03
6.951541174203157425e-03 9.415335953235626221e-03
6.857947632670402700e-03 9.326267987489700317e-03
6.773596815764904196e-03 9.228852577507495880e-03
6.667119357734918941e-03 9.144415147602558136e-03
6.573516130447387869e-03 9.063630364835262299e-03
6.480367854237556458e-03 8.986053057014942169e-03
6.387599930167198355e-03 8.898423984646797180e-03
6.311635766178369349e-03 8.804867975413799286e-03
6.238372717052698309e-03 8.716564625501632690e-03
6.154617760330438614e-03 8.627789095044136047e-03
6.063227448612451900e-03 8.544147014617919922e-03
5.986563116312027151e-03 8.475643582642078400e-03
5.896126572042703802e-03 8.404813706874847412e-03
5.822645220905542547e-03 8.338094688951969147e-03
5.759126972407102585e-03 8.277580142021179199e-03
5.690802913159131657e-03 8.217085152864456177e-03
5.624341219663620342e-03 8.148753084242343903e-03
5.566398240625857960e-03 8.095017634332180023e-03
5.502659082412719900e-03 8.044589310884475708e-03
5.445047188550234188e-03 7.990142330527305603e-03
5.390385026112198483e-03 7.924845442175865173e-03
5.343941878527403225e-03 7.851877249777317047e-03
5.302379745990038265e-03 7.777899969369173050e-03
5.239970423281193126e-03 7.710365112870931625e-03
5.195842962712049831e-03 7.640094961971044540e-03
5.143037904053926815e-03 7.564771454781293869e-03
5.091555602848529989e-03 7.501577027142047882e-03
5.030354764312505549e-03 7.443450391292572021e-03
4.987422470003366123e-03 7.397675421088933945e-03
4.945055302232504064e-03 7.368064951151609421e-03
4.902515094727277756e-03 7.353477645665407181e-03
4.865108430385589947e-03 7.324353791773319244e-03
4.830859182402491396e-03 7.279220037162303925e-03
4.791822191327810634e-03 7.225917186588048935e-03
4.763559345155954708e-03 7.185136433690786362e-03
4.714036639779805964e-03 7.155969273298978806e-03
4.669936187565326517e-03 7.157392334192991257e-03
4.664860107004642834e-03 7.169277872890233994e-03
4.645223170518875469e-03 7.136561442166566849e-03
4.617646522819996054e-03 7.082743104547262192e-03
4.571169335395097906e-03 7.026763167232275009e-03
4.528126772493123661e-03 6.980538833886384964e-03
4.487315192818641663e-03 6.943919230252504349e-03
4.488539230078458613e-03 6.922932341694831848e-03
4.448690358549356808e-03 6.891647353768348694e-03
4.412505310028791428e-03 6.864527706056833267e-03
4.370189411565661777e-03 6.840032991021871567e-03
4.340890282765031034e-03 6.814654450863599777e-03
4.300055652856826435e-03 6.773596163839101791e-03
4.273146484047174107e-03 6.727171130478382111e-03
4.243610426783561707e-03 6.690592970699071884e-03
4.219055268913507115e-03 6.652278359979391098e-03
4.189042653888463801e-03 6.621058098971843719e-03
4.163296706974506205e-03 6.596923805773258209e-03
4.140785336494446148e-03 6.575072649866342545e-03
4.125791182741522616e-03 6.553095299750566483e-03
4.106872482225298882e-03 6.514923647046089172e-03
4.078148119151592428e-03 6.462861783802509308e-03
4.049333976581692696e-03 6.408961489796638489e-03
4.025976220145821398e-03 6.351400632411241531e-03
3.992785606533289303e-03 6.295473314821720123e-03
3.969215787947177887e-03 6.245236378163099289e-03
3.934480436146259481e-03 6.199616938829421997e-03
3.915037075057625597e-03 6.161164958029985428e-03
3.894608374685048970e-03 6.117295008152723312e-03
3.882610891014337713e-03 6.080309860408306122e-03
3.855183906853199179e-03 6.062671076506376266e-03
3.830001316964626399e-03 6.061713211238384247e-03
3.805102547630667686e-03 6.070564500987529755e-03
3.786338306963443583e-03 6.093368399888277054e-03
3.782953182235359972e-03 6.106408778578042984e-03
3.766709007322788239e-03 6.085176020860671997e-03
3.741625137627124700e-03 6.054885219782590866e-03
3.714337758719920939e-03 6.036797538399696350e-03
3.687554970383644104e-03 6.028628442436456680e-03
3.670478612184524449e-03 6.006123963743448257e-03
3.645877190865576441e-03 5.984986666589975357e-03
3.628096356987953013e-03 5.965696647763252258e-03
3.612483013421297160e-03 5.946686491370201111e-03
3.586280811578035528e-03 5.939274094998836517e-03
3.568823635578155691e-03 5.947809200733900070e-03
3.558643627911806107e-03 5.951861850917339325e-03
3.546018525958061132e-03 5.939746741205453873e-03
3.528840839862823486e-03 5.915736313909292221e-03
3.508365154266357335e-03 5.876577924937009811e-03
3.482422139495611017e-03 5.850397516041994095e-03
3.481813380494713697e-03 5.842803977429866791e-03
3.491874085739254951e-03 5.817588884383440018e-03
3.483685338869690808e-03 5.779487546533346176e-03
3.450259938836097631e-03 5.745553411543369293e-03
3.417245484888553533e-03 5.727653857320547104e-03
3.378797811456024560e-03 5.725521594285964966e-03
3.367330227047204798e-03 5.731362849473953247e-03
3.363415319472551519e-03 5.716063547879457474e-03
3.342867037281393918e-03 5.673815496265888214e-03
3.324531717225909233e-03 5.633509717881679535e-03
3.304938040673732931e-03 5.603040102869272232e-03
3.318187454715371045e-03 5.567391403019428253e-03
3.279791167005896742e-03 5.541405640542507172e-03
3.255826095119118604e-03 5.563704762607812881e-03
3.262995043769478798e-03 5.587493535131216049e-03
3.268655575811863119e-03 5.570380482822656631e-03
3.253479627892374906e-03 5.519576370716094971e-03
3.216171986423432827e-03 5.464058835059404373e-03
3.206239920109510335e-03 5.448606330901384354e-03
3.169852728024125273e-03 5.447694566100835800e-03
3.147834818810224446e-03 5.458068102598190308e-03
3.145251935347914522e-03 5.482261069118976593e-03
3.146630385890602979e-03 5.481814499944448471e-03
3.133769659325480288e-03 5.443235859274864197e-03
3.114945115521550265e-03 5.398574285209178925e-03
3.080289252102374944e-03 5.371457897126674652e-03
3.076117020100355148e-03 5.342820193618535995e-03
3.057507704943418416e-03 5.311245564371347427e-03
3.034342173486948100e-03 5.290014669299125671e-03
3.022704785689711397e-03 5.250013899058103561e-03
3.003162145614623850e-03 5.192099604755640030e-03
2.999938651919365016e-03 5.154632497578859329e-03
2.980216639116406441e-03 5.127264652401208878e-03
2.962031308561563405e-03 5.102330353111028671e-03
2.945559099316596985e-03 5.085464566946029663e-03
2.928209421224891966e-03 5.080645903944969177e-03
2.914371015504002398e-03 5.082421470433473587e-03
2.904237713664770126e-03 5.076875910162925720e-03
2.892214339226484299e-03 5.057948175817728043e-03
2.881759591400623148e-03 5.042301956564188004e-03
2.879493357613682920e-03 5.031797569245100021e-03
2.865018742159009153e-03 5.014469847083091736e-03
2.842285996302962390e-03 5.030207801610231400e-03
2.836868772283196363e-03 5.048645660281181335e-03
2.848461689427495176e-03 5.017735995352268219e-03
2.830713940784335310e-03 4.957579076290130615e-03
2.801285474561154842e-03 4.919663537293672562e-03
2.796062640845775518e-03 4.900172818452119827e-03
2.797242533415555781e-03 4.885516129434108734e-03
2.787942159920930949e-03 4.877386149019002914e-03
2.759470418095588511e-03 4.883199464529752731e-03
2.735255518928170204e-03 4.912038333714008331e-03
2.757935039699077780e-03 4.910598509013652802e-03
2.735327649861574346e-03 4.839017055928707123e-03
2.711820788681507024e-03 4.777745343744754791e-03
2.682859776541590691e-03 4.738147836178541183e-03
2.684285398572683334e-03 4.712445195764303207e-03
2.672751899808645248e-03 4.705520812422037125e-03
2.650061575695872480e-03 4.730070475488901138e-03
2.639561472460627382e-03 4.779131151735782623e-03
2.656818274408578786e-03 4.831910133361816406e-03
2.674644486978650006e-03 4.803306888788938522e-03
2.643979061394929799e-03 4.728648345917463303e-03
2.588544972240924835e-03 4.664153791964054108e-03
2.601585770025849516e-03 4.644012078642845154e-03
2.614573622122406786e-03 4.619107581675052643e-03
2.582339895889163104e-03 4.600000567734241486e-03
2.538371039554476651e-03 4.626215435564517975e-03
2.555832476355135528e-03 4.666160792112350464e-03
2.570110978558659467e-03 4.653314128518104553e-03
2.557744900695979422e-03 4.614227451384067535e-03
2.527943556196987716e-03 4.554658196866512299e-03
2.497390657663345163e-03 4.512049723416566849e-03
2.490451559424400330e-03 4.500657320022583008e-03
2.474801708012819377e-03 4.496893845498561859e-03
2.457256987690925685e-03 4.509905818849802017e-03
2.448944607749581337e-03 4.554770421236753464e-03
2.466309769079089338e-03 4.595689941197633743e-03
2.479445561766624364e-03 4.587610717862844467e-03
2.459697006270289248e-03 4.522546660155057907e-03
2.403740631416440097e-03 4.454188514500856400e-03
2.467130403965711680e-03 4.439576994627714157e-03
2.448359923437237913e-03 4.394032061100006104e-03
2.405907586216926661e-03 4.355358891189098358e-03
2.378938579931855288e-03 4.334224388003349304e-03
2.361592510715126905e-03 4.341103136539459229e-03
2.357229031622409734e-03 4.389521665871143341e-03
2.383760828524828131e-03 4.468819126486778259e-03
2.432531816884875211e-03 4.482681863009929657e-03
2.424832573160529050e-03 4.396359436213970184e-03
2.355748252011835402e-03 4.311114549636840820e-03
2.327139629051089200e-03 4.306745249778032303e-03
2.318751765415072441e-03 4.318693187087774277e-03
2.305535459890961734e-03 4.331741016358137131e-03
2.298703650012612343e-03 4.340612329542636871e-03
2.275410620495676821e-03 4.306655377149581909e-03
2.261139033362269228e-03 4.259004723280668259e-03
2.247182233259081667e-03 4.222497809678316116e-03
2.234793081879615610e-03 4.200845491141080856e-03
2.224115608260035688e-03 4.200595896691083908e-03
2.224624017253518191e-03 4.214920569211244583e-03
2.235467126592993563e-03 4.191910848021507263e-03
2.214676281437277620e-03 4.143313039094209671e-03
2.209795871749520302e-03 4.143972881138324738e-03
2.189671434462070292e-03 4.163352306932210922e-03
2.173042483627796260e-03 4.158955533057451248e-03
2.162799658253789122e-03 4.142170306295156479e-03
2.154386718757450581e-03 4.121130332350730896e-03
2.158789848908782179e-03 4.104870371520519257e-03
2.147672465071082115e-03 4.099037498235702515e-03
2.124095195904374209e-03 4.127144813537597656e-03
2.123210136778652581e-03 4.161849617958068848e-03
2.134648989886045369e-03 4.143221303820610046e-03
2.112892642617225820e-03 4.078603349626064301e-03
2.101982338353991595e-03 4.038174171000719070e-03
2.100048400461673563e-03 4.015910904854536057e-03
2.076930087059736425e-03 4.027845337986946106e-03
2.075887005776167089e-03 4.037649370729923248e-03
2.078981557860970671e-03 4.015810322016477585e-03
2.070460096001625148e-03 3.990165889263153076e-03
2.052506152540445501e-03 3.950884100049734116e-03
2.036669757217168808e-03 3.932443913072347641e-03
2.046061865985393698e-03 3.929825965315103531e-03
2.046337863430380648e-03 3.911299630999565125e-03
2.025392302311956709e-03 3.908686339855194092e-03
2.006330434232950124e-03 3.909470979124307632e-03
1.991377677768468857e-03 3.884911304339766502e-03
1.986596360802650538e-03 3.863013116642832756e-03
1.981565356254577723e-03 3.869178006425499916e-03
1.971129653975367633e-03 3.910584375262260437e-03
1.986424322240054607e-03 3.889408428221940994e-03
1.956677064299583435e-03 3.824413754045963287e-03
1.950311497785150918e-03 3.802790772169828415e-03
1.949910400435328570e-03 3.789409529417753220e-03
1.940184715203940955e-03 3.769461531192064285e-03
1.926162000745534853e-03 3.755390644073486328e-03
1.911800389643758622e-03 3.757311729714274406e-03
1.903456775471568021e-03 3.760924097150564194e-03
1.900452421978116035e-03 3.763996530324220657e-03
1.897045224905014081e-03 3.770527662709355354e-03
1.893705641850829081e-03 3.750495845451951027e-03
1.882701087743043813e-03 3.717318642884492874e-03
1.867322018370032310e-03 3.698959015309810638e-03
1.860616635531186971e-03 3.677872940897941589e-03
1.856147684156894597e-03 3.658660920336842537e-03
1.856454042717814532e-03 3.645124379545450211e-03
1.845044968649744944e-03 3.649950725957751274e-03
1.830487838014960376e-03 3.656117711216211319e-03
1.830501016229391098e-03 3.667600918561220169e-03
1.830944092944264412e-03 3.669696394354104996e-03
1.820574328303337141e-03 3.611753927543759346e-03
1.804184215143322988e-03 3.566296305507421494e-03
1.817617332562804222e-03 3.545382758602499962e-03
1.813554135151207490e-03 3.527457825839519501e-03
1.783305872231721965e-03 3.552602836862206459e-03
1.768200471997261091e-03 3.691953606903553009e-03
1.871928246691822919e-03 3.709099488332867622e-03
1.883651921525597659e-03 3.598426468670368195e-03
1.786249619908630891e-03 3.528190543875098228e-03
1.755272410809993657e-03 3.503643907606601715e-03
1.756485644727945414e-03 3.504530061036348343e-03
1.747295283712446603e-03 3.517458448186516762e-03
1.741444924846291542e-03 3.582368837669491768e-03
1.761739188805222555e-03 3.546247957274317741e-03
1.727282605133950667e-03 3.454459365457296371e-03
1.713263010606169614e-03 3.428568597882986069e-03
1.736632874235510913e-03 3.408537013456225395e-03
1.689739618450403300e-03 3.451242344453930855e-03
1.709438534453511151e-03 3.525588661432266235e-03
1.737079513259232088e-03 3.468140726909041405e-03
1.693004602566361514e-03 3.379018045961856842e-03
1.664189249277114955e-03 3.362771589308977127e-03
1.701462874189019290e-03 3.361698240041732788e-03
1.680261013098060998e-03 3.373878076672554016e-03
1.643546577543020205e-03 3.431934397667646408e-03
1.655975123867392540e-03 3.445953363552689552e-03
1.645592274144291878e-03 3.383416682481765747e-03
1.622781506739556789e-03 3.349340753629803658e-03
1.643802947364747611e-03 3.337507601827383041e-03
1.654742821119725661e-03 3.311406355351209641e-03
1.606123242527246432e-03 3.357342444360256195e-03
1.629576226696371945e-03 3.438409417867660522e-03
1.664617564529180527e-03 3.352501662448048592e-03
1.600770954973995772e-03 3.252735594287514687e-03
1.601745374500751495e-03 3.257622942328453064e-03
1.638350076973438263e-03 3.239964367821812630e-03
1.613663346506655173e-03 3.235148265957832336e-03
1.566659705713391347e-03 3.246808191761374474e-03
1.554907043464481917e-03 3.248177701607346535e-03
1.553337834775447889e-03 3.249591914936900139e-03
1.549648423679172949e-03 3.245767671614885330e-03
1.547614135779440316e-03 3.212844021618366241e-03
1.539922924712300214e-03 3.206103574484586716e-03
1.529140141792595473e-03 3.239485435187816620e-03
1.539831957779824820e-03 3.265739884227514267e-03
1.547420746646821499e-03 3.208854701370000839e-03
1.511917915195226669e-03 3.146967384964227676e-03
1.512539281975477934e-03 3.147655865177512169e-03
1.547558000311255455e-03 3.134204540401697159e-03
1.500618946738541083e-03 3.170721465721726418e-03
1.514227711595594883e-03 3.244296647608280182e-03
1.523505803197622212e-03 3.178009297698736191e-03
1.483076135627925396e-03 3.115047933533787727e-03
1.466571446508169261e-03 3.119081957265734673e-03
1.511260611005127517e-03 3.124368609860539436e-03
1.481554144993424329e-03 3.138436237350106239e-03
1.459858124144375411e-03 3.199186408892273903e-03
1.480190223082899961e-03 3.158467588946223259e-03
1.464423770084977193e-03 3.071307670325040817e-03
1.427331264130771073e-03 3.022498218342661858e-03
1.444510789588093671e-03 3.010152373462915421e-03
1.460656221024692102e-03 3.003534628078341484e-03
1.416656421497464180e-03 3.084405791014432907e-03
1.442533498629927679e-03 3.129101591184735298e-03
1.443444401957094669e-03 3.023704979568719864e-03
1.433237921446561813e-03 2.971213078126311302e-03
1.406628172844648361e-03 2.959139412268996239e-03
1.386749302037060348e-03 2.983352169394493103e-03
1.378589798696339044e-03 3.070113481953740120e-03
1.422129524871706919e-03 3.124828450381755829e-03
1.450855890288948926e-03 3.084669588133692741e-03
1.410188362933695403e-03 3.002806799486279488e-03
1.375784585252404170e-03 2.957755932584404945e-03
1.359837758354842706e-03 2.951133530586957932e-03
1.365413144230842547e-03 2.953836927190423012e-03
1.348534342832863418e-03 2.995213260874152184e-03
1.367850741371512456e-03 2.975017530843615532e-03
1.350201619789004282e-03 2.901233732700347900e-03
1.334842317737638864e-03 2.878043334931135178e-03
1.340522780083119869e-03 2.872866345569491386e-03
1.334953506011515943e-03 2.870546653866767883e-03
1.317146397195756479e-03 2.881166059523820877e-03
1.307498943060636564e-03 2.887666225433349609e-03
1.300168992020189719e-03 2.872506622225046158e-03
1.292778807692229791e-03 2.848787233233451843e-03
1.295837317593395797e-03 2.835712162777781487e-03
1.288119773380458312e-03 2.866235561668872833e-03
1.308709080331027551e-03 2.928637200966477394e-03
1.307711238041520119e-03 2.867330797016620636e-03
1.276225154288113074e-03 2.838133601471781731e-03
1.271904516033828215e-03 2.848685951903462410e-03
1.290972251445054921e-03 2.846900373697280884e-03
1.275311945937573823e-03 2.850738819688558578e-03
1.259263022802770138e-03 2.943719504401087761e-03
1.293807546608149919e-03 2.920358441770076752e-03
1.268496108241379218e-03 2.810716163367033005e-03
1.266758306883275509e-03 2.783967880532145500e-03
1.265442627482116266e-03 2.773632993921637535e-03
1.242573373019695282e-03 2.795398235321044922e-03
1.221120625268668023e-03 2.791266189888119698e-03
1.218593516387045340e-03 2.761400071904063225e-03
1.228085486218333244e-03 2.744454890489578247e-03
1.212254166603088379e-03 2.784312237054109573e-03
1.225266652181744619e-03 2.864776179194450378e-03
1.240393333137035327e-03 2.800156828016042709e-03
1.209712214767932979e-03 2.740009222179651260e-03
1.185834140051156196e-03 2.728178398683667183e-03
1.180990156717598352e-03 2.730722306296229362e-03
1.183712063357233914e-03 2.754909917712211609e-03
1.172055723145604134e-03 2.852872945368289948e-03
1.228102948516607285e-03 2.836357802152633667e-03
1.194741949439048680e-03 2.704211277887225151e-03
1.167747005820274396e-03 2.670618239790201187e-03
1.187682151794433594e-03 2.655300544574856758e-03
1.165003073401749047e-03 2.672606380656361580e-03
1.143492455594241662e-03 2.743949415162205696e-03
1.161114778369665146e-03 2.763060154393315315e-03
1.159268175251782027e-03 2.703898819163441658e-03
1.119276229292154269e-03 2.670231973752379417e-03
1.163481594994664279e-03 2.690464491024613380e-03
1.215524901635944887e-03 2.655601827427744865e-03
1.155759138055145784e-03 2.663227729499340057e-03
1.114210928790271282e-03 2.723631681874394417e-03
1.131414622068405108e-03 2.764560980722308159e-03
1.150318747386336413e-03 2.722275676205754280e-03
1.112445141188800335e-03 2.627745736390352249e-03
1.106101321056485176e-03 2.634471282362937927e-03
1.147877378389239268e-03 2.624691231176257133e-03
1.111711072735488458e-03 2.646887674927711487e-03
1.088124443776905623e-03 2.664014929905533791e-03
1.087507710326462941e-03 2.598584396764636040e-03
1.066950522363185796e-03 2.545743482187390327e-03
1.097878324799239635e-03 2.525063231587409973e-03
1.087021385319530921e-03 2.531844191253185272e-03
1.063502277247607708e-03 2.534724073484539986e-03
1.069948682561516675e-03 2.541066147387027740e-03
1.059099775739014235e-03 2.591626020148396492e-03
1.071839267387986096e-03 2.572633326053619385e-03
1.064091199077665893e-03 2.535982523113489151e-03
1.040983619168400678e-03 2.525901887565851212e-03
1.039282791316509160e-03 2.510702703148126602e-03
1.035248977132141590e-03 2.500200178474187851e-03
1.031898800283670339e-03 2.500778995454311371e-03
1.025057095102965875e-03 2.505464944988489151e-03
1.020915224216878414e-03 2.553761238232254982e-03
1.034821872599422845e-03 2.627514535561203957e-03
1.080306153744459065e-03 2.572740195319056511e-03
1.049325754866003947e-03 2.463611308485269547e-03
1.004592445679009004e-03 2.438948722556233406e-03
1.026382332202047066e-03 2.427728148177266121e-03
1.006785035133361773e-03 2.461510477587580681e-03
9.915691916830837727e-04 2.547723473981022835e-03
1.018131175078451547e-03 2.516812877729535103e-03
1.000820507761090907e-03 2.449567196890711784e-03
9.718835004605353095e-04 2.423995174467563629e-03
9.772084071300924692e-04 2.417216775938868523e-03
9.701186791062355042e-04 2.446432597935199738e-03
9.606619365513324954e-04 2.498075598850846291e-03
9.711423190310597420e-04 2.505873329937458038e-03
9.680397459305822416e-04 2.477656351402401924e-03
9.563839877955615954e-04 2.445957623422145844e-03
9.526539943180978298e-04 2.422971185296773911e-03
9.563273517414927916e-04 2.397877164185047150e-03
9.471920086070895629e-04 2.408156404271721840e-03
9.398673893883824782e-04 2.466737059876322746e-03
9.490116615779697461e-04 2.443122211843729019e-03
9.294420713558792634e-04 2.396760508418083191e-03
9.317488758824766116e-04 2.391789108514785767e-03
9.455856634303927422e-04 2.393175382167100906e-03
9.260935243219136975e-04 2.394964452832937241e-03
9.096291265450418212e-04 2.397325821220874786e-03
9.075262118130922101e-04 2.391860354691743851e-03
9.072862449102103710e-04 2.362038707360625267e-03
8.980275946669280312e-04 2.337216399610042572e-03
9.019506396725773811e-04 2.341178013011813164e-03
9.038479765877127647e-04 2.365883905440568924e-03
9.011424728669226603e-04 2.384476829320192337e-03
8.968857116997241540e-04 2.382103586569428444e-03
8.904073154553770585e-04 2.384022343903779984e-03
8.859153953380882523e-04 2.381410449743270874e-03
8.794991532340646007e-04 2.408256055787205696e-03
8.910497883334756331e-04 2.399697899818420410e-03
8.866605814546347098e-04 2.339334692806005478e-03
8.717431686818599484e-04 2.316616708412766457e-03
8.770282845944165750e-04 2.320940140634775162e-03
8.629071060568093820e-04 2.369746100157499313e-03
8.708582725375890298e-04 2.362794009968638420e-03
8.607235737144947269e-04 2.305017784237861633e-03
8.476803079247475104e-04 2.284618094563484192e-03
8.549704682081938224e-04 2.289680764079093933e-03
8.539548609405756430e-04 2.300699707120656967e-03
8.411057526245713668e-04 2.279064385220408440e-03
8.376947720535099290e-04 2.272589597851037979e-03
8.346925489604473548e-04 2.272917656227946281e-03
8.332073572091758468e-04 2.283337991684675217e-03
8.317125961184501431e-04 2.321529900655150414e-03
8.261448936536907716e-04 2.344163134694099426e-03
8.245184551924466653e-04 2.302100649103522301e-03
8.138259989209472699e-04 2.247406169772148132e-03
8.262312156148254438e-04 2.222152426838874817e-03
8.328117546625435352e-04 2.218085573986172676e-03
8.134438307024538300e-04 2.230960177257657051e-03
8.077275706455111504e-04 2.274456433951854706e-03
8.095842087641358809e-04 2.349870512261986732e-03
8.388599148020148060e-04 2.298106439411640167e-03
8.028108626604079983e-04 2.212681109085679054e-03
7.916138158179820018e-04 2.202432835474610329e-03
8.413443807512521961e-04 2.201664261519908905e-03
7.897026604041457393e-04 2.336639910936355591e-03
8.218704489991069274e-04 2.392416587099432945e-03
8.422614890150725408e-04 2.309993375092744827e-03
7.831507595255970738e-04 2.260875888168811798e-03
7.890229928307235675e-04 2.265846589580178261e-03
7.946479134261607690e-04 2.282204106450080872e-03
7.681931485421956019e-04 2.301588421687483788e-03
7.656738976947963455e-04 2.320807194337248802e-03
7.737654959782958031e-04 2.292215824127197266e-03
7.574343588203191324e-04 2.216659253463149071e-03
7.711612153798342185e-04 2.196957822889089584e-03
7.562416256405412717e-04 2.257635584101080894e-03
7.610300905071199157e-04 2.345132408663630486e-03
7.841133512556553321e-04 2.270635915920138359e-03
7.467222516424953721e-04 2.206780249252915382e-03
7.671972038224339268e-04 2.194693777710199356e-03
7.533085532486438968e-04 2.251392463222146034e-03
7.345233578234910531e-04 2.346987137570977211e-03
7.767510600388049863e-04 2.281963126733899117e-03
7.365372497588395856e-04 2.174938796088099480e-03
7.546652923338115215e-04 2.160650445148348808e-03
7.411172380670904680e-04 2.206522272899746895e-03
7.231371011584997611e-04 2.258530352264642715e-03
7.371999963652342558e-04 2.220018301159143448e-03
7.206151727586984851e-04 2.176607027649879456e-03
7.147889118641614914e-04 2.172618173062801361e-03
7.181896013207733848e-04 2.175823552533984184e-03
7.089859806001186588e-04 2.183862728998064995e-03
7.018139818683266857e-04 2.183492528274655342e-03
7.047556689940392537e-04 2.209668513387441635e-03
7.132610538974404118e-04 2.225904725492000580e-03
7.106803124770522551e-04 2.167359925806522369e-03
6.900662672705947919e-04 2.146399579942226410e-03
6.981222657486795945e-04 2.151037100702524185e-03
6.966994842514395714e-04 2.181994263082742691e-03
6.881081557366996787e-04 2.222647191956639290e-03
6.888128235004841848e-04 2.197872614488005638e-03
6.742701050825416608e-04 2.151506720110774040e-03
6.983804167248308225e-04 2.142371609807014465e-03
6.844698684290051894e-04 2.206515287980437279e-03
6.921230000443756364e-04 2.262646099552512169e-03
6.991179776377976158e-04 2.173945773392915726e-03
6.678765523247421221e-04 2.131006680428981781e-03
6.898482330143451908e-04 2.136258641257882118e-03
6.771536311134696440e-04 2.185283694416284561e-03
6.691743037663400173e-04 2.219822024926543236e-03
6.671366514638066509e-04 2.164457459002733231e-03
6.655363249592483044e-04 2.140716649591922760e-03
6.626043468713760376e-04 2.148704370483756065e-03
6.509163067676126957e-04 2.138846088200807571e-03
6.587963551282882257e-04 2.171627013012766838e-03
6.641780375503004031e-04 2.230158075690269470e-03
6.698841345496476130e-04 2.155458787456154823e-03
6.436346680857241371e-04 2.109583932906389236e-03
6.540085189044475989e-04 2.114098286256194115e-03
6.524058757349848530e-04 2.167968079447746277e-03
6.413783994503319263e-04 2.258945954963564873e-03
6.575761712156235955e-04 2.236970700323581696e-03
6.476163107436150312e-04 2.208055229857563972e-03
6.341169937513768673e-04 2.172425622120499611e-03
6.269395234994590282e-04 2.133965259417891502e-03
6.470772321335970922e-04 2.122265053912997246e-03
6.387473433278501467e-04 2.159608295187354088e-03
6.248481979127973752e-04 2.235652646049857140e-03
6.430041394196450710e-04 2.189337508752942085e-03
6.245385040529072718e-04 2.135682385414838791e-03
6.147479405626654191e-04 2.111609559506177902e-03
6.291971309110522487e-04 2.108563203364610672e-03
6.175683811306953430e-04 2.148866886273026466e-03
6.147814332507550500e-04 2.140464261174201965e-03
6.081558763980865695e-04 2.096623880788683891e-03
6.062579923309385777e-04 2.081610960885882378e-03
6.230516009964048862e-04 2.109525259584188461e-03
6.106561282649636485e-04 2.208143239840865135e-03
6.229459831956773996e-04 2.198285423219203949e-03
6.138369557447731278e-04 2.153184264898300171e-03
6.011980934999882958e-04 2.141953213140368462e-03
5.946737248450518088e-04 2.158383838832378387e-03
6.021290319040417671e-04 2.132317749783396721e-03
5.959258414804935455e-04 2.084120409563183784e-03
5.948547972366213582e-04 2.074017422273755074e-03
5.928829777985811234e-04 2.096965676173567772e-03
5.873406189493834972e-04 2.136886119842529297e-03
5.886670667678117318e-04 2.145117148756980896e-03
5.853853770531713529e-04 2.122062956914305687e-03
5.793057847768068097e-04 2.106672618538141251e-03
5.805174354463815472e-04 2.117011230438947678e-03
5.747164832428097725e-04 2.156916074454784393e-03
5.765929818153381348e-04 2.161299576982855797e-03
5.730057600885629654e-04 2.124117454513907433e-03
5.668635014444590049e-04 2.102366648614406586e-03
5.721162771806121306e-04 2.111376961693167686e-03
5.639508366584777615e-04 2.169559011235833168e-03
5.726072995457798243e-04 2.182729309424757957e-03
5.725524853914976554e-04 2.107223030179738998e-03
5.547754699364304543e-04 2.056594705209136009e-03
5.853738635778427341e-04 2.039877232164144516e-03
5.771190277300775268e-04 2.069397829473018646e-03
5.615226924419403293e-04 2.108922461047768593e-03
5.695783183909952641e-04 2.056792844086885452e-03
5.568215798120945909e-04 2.012492157518863678e-03
5.681837617885320945e-04 2.026801696047186852e-03
5.570919951424002431e-04 2.128989435732364655e-03
5.727976793423294587e-04 2.232149941846728325e-03
5.813764873892068863e-04 2.115271985530853271e-03
5.523611907847225666e-04 2.074855612590909004e-03
5.660815862938761494e-04 2.088234992697834969e-03
5.478099687024950764e-04 2.140113152563571930e-03
5.485497764311731079e-04 2.175770467147231102e-03
5.496146623045206070e-04 2.114422153681516647e-03
5.365959019400179603e-04 2.074254676699638367e-03
5.530768656171857877e-04 2.100209705531597137e-03
5.419505527243017933e-04 2.184371463954448700e-03
5.484135355800390677e-04 2.139593474566936493e-03
5.334730376489460468e-04 2.075240248814225197e-03
5.326689919456839345e-04 2.046773908659815788e-03
5.442487425170838399e-04 2.054223557934165001e-03
5.320076015777885914e-04 2.105090999975800514e-03
5.315718008205294609e-04 2.120220102369785309e-03
5.340606207028031132e-04 2.104278653860092163e-03
5.243296036496758461e-04 2.131181303411722183e-03
5.259189172647892995e-04 2.131780143827199936e-03
5.227517278399318890e-04 2.076817676424980164e-03
5.301758879795670726e-04 2.057713456451892853e-03
5.261487793177365823e-04 2.098572673276066780e-03
5.197021644562482400e-04 2.120980527251958847e-03
5.174898076802491708e-04 2.080271020531654358e-03
5.148700962308794477e-04 2.053435426205396652e-03
5.232374998740852313e-04 2.079289173707365990e-03
5.183595989365130446e-04 2.153997775167226791e-03
5.292321322485804991e-04 2.107911277562379837e-03
5.162140703760087056e-04 2.098753349855542183e-03
5.116122774779796600e-04 2.129810629412531853e-03
5.122076370753347440e-04 2.135017421096563339e-03
5.106403492391109683e-04 2.150598913431167603e-03
5.109340185299515507e-04 2.133736154064536095e-03
5.094667663797736385e-04 2.124249702319502831e-03
5.058743525296449228e-04 2.117534866556525230e-03
5.019232747144996686e-04 2.057672245427966118e-03
5.080036586150527217e-04 2.049306407570838928e-03
5.082011863123625734e-04 2.093145856633782387e-03
4.997032927349209352e-04 2.124938881024718285e-03
5.002403748221694989e-04 2.110153902322053909e-03
4.960741382092237906e-04 2.090495312586426735e-03
4.933630581945181327e-04 2.084958832710981369e-03
4.917620215564965768e-04 2.101643476635217667e-03
4.922819323837756677e-04 2.118428936228156090e-03
4.917677841149270101e-04 2.082358114421367645e-03
4.869217053055763353e-04 2.051528077572584152e-03
4.889909527264535210e-04 2.035631099715828896e-03
4.902145068626850627e-04 2.027234528213739395e-03
4.913185955956577821e-04 2.028133254498243332e-03
4.883432295173407035e-04 2.038917271420359612e-03
4.830060992389917157e-04 2.057447563856840134e-03
4.807026823982596506e-04 2.052772790193557739e-03
4.795840592123568275e-04 2.052613534033298492e-03
4.792243416886776686e-04 2.075233263894915581e-03
4.768291371874511350e-04 2.083835192024707794e-03
4.753451386932283531e-04 2.085646148771047592e-03
4.735641297884285342e-04 2.069808775559067726e-03
4.782618605531752218e-04 2.072850475087761879e-03
4.740651347674429417e-04 2.127270679920911789e-03
4.780152812600135803e-04 2.110512927174568176e-03
4.735516384243965257e-04 2.068456728011369705e-03
4.725541104562580477e-04 2.063491148874163628e-03
4.717564908787608038e-04 2.054028213024139404e-03
4.747214377857744802e-04 2.096784068271517754e-03
4.732426721602678407e-04 2.176501555368304253e-03
4.901125910691916509e-04 2.125069731846451759e-03
4.704336519353091500e-04 2.063048537820577621e-03
4.750425345264374993e-04 2.041792264208197594e-03
4.717469681054353822e-04 2.077788813039660454e-03
4.675842006690800407e-04 2.064831322059035301e-03
4.618868173565715335e-04 1.999194966629147530e-03
4.707955638878047575e-04 1.995318336412310600e-03
4.650471848435699831e-04 2.058080164715647697e-03
4.614140780176967382e-04 2.108830027282238007e-03
4.664916428737342574e-04 2.062606858089566231e-03
4.600867978297173977e-04 2.044512890279293060e-03
4.578995110932737697e-04 2.069012727588415146e-03
4.545774834696203579e-04 2.065647626295685768e-03
4.538501671049743891e-04 2.044690307229757309e-03
4.506658005993813276e-04 2.048291498795151711e-03
4.501891497056931366e-04 2.040140563622117043e-03
4.508579499088227532e-04 2.049460308626294136e-03
4.513320222031324885e-04 2.063369145616889000e-03
4.485252080485224941e-04 2.032147720456123352e-03
4.488042672164737961e-04 2.037120517343282700e-03
4.460417199879884937e-04 2.067861845716834068e-03
4.464130295673385371e-04 2.045552711933851242e-03
4.451285698451101563e-04 2.031343290582299232e-03
4.422250494826585054e-04 2.062134910374879837e-03
4.431872337590903152e-04 2.054519020020961761e-03
4.424284503329545476e-04 2.022914122790098190e-03
4.392842412926256548e-04 2.027674810960888863e-03
4.385615000501275171e-04 2.033532597124576569e-03
4.380447790026664734e-04 2.026977716013789177e-03
4.347908252384513617e-04 2.000752370804548264e-03
4.439401207491755594e-04 2.033496042713522911e-03
4.352567368187010180e-04 2.138408366590738297e-03
4.569993936456739794e-04 2.085471991449594498e-03
4.372860363218933561e-04 2.003573812544345856e-03
4.483676864765584577e-04 2.005553804337978363e-03
4.330604802817106464e-04 2.100057899951934814e-03
4.488226957619190324e-04 2.096170559525489807e-03
4.433857509866356958e-04 1.996296690776944160e-03
4.349665483459830501e-04 1.981453271582722664e-03
4.378291370812803398e-04 2.009421354159712791e-03
4.276716033928096403e-04 2.030359581112861633e-03
4.267072537913918387e-04 2.027534181252121925e-03
4.259671608451753638e-04 2.026882255449891090e-03
4.253243736457079432e-04 2.026801696047186852e-03
4.250284750014543316e-04 2.016231417655944824e-03
4.269785713404417038e-04 2.041799947619438171e-03
4.221158567816019167e-04 2.106215106323361397e-03
4.328466282458976020e-04 2.090153051540255547e-03
4.247318021953105818e-04 2.014950150623917580e-03
4.261070222128182866e-04 1.982618123292922974e-03
4.461008822545409094e-04 2.018697327002882957e-03
4.193799453787505410e-04 2.108038868755102158e-03
4.385527805425226905e-04 2.056827535852789879e-03
4.199379356577992331e-04 1.969841308891773224e-03
4.385540261864662062e-04 1.974459504708647728e-03
4.223062656819820621e-04 2.068629721179604530e-03
4.282176843844354044e-04 2.050968818366527557e-03
4.228217585477977991e-04 1.956898951902985573e-03
4.216087982058525085e-04 1.926851458847522736e-03
4.350650822743773569e-04 1.962532522156834602e-03
4.188833991065621376e-04 2.027132548391819000e-03
4.208433558233082186e-04 2.025592839345335960e-03
4.169142455793917288e-04 2.002322813495993614e-03
4.136162693612277725e-04 2.018501516431570053e-03
4.128745524212717902e-04 2.051341580227017403e-03
4.110473906621337154e-04 2.034405944868922234e-03
4.087104229256510518e-04 2.010181313380599022e-03
4.084411659277975451e-04 1.995823578909039497e-03
4.089142894372344017e-04 1.987150870263576508e-03
4.130521730985492359e-04 1.991286408156156540e-03
4.113767587114125707e-04 2.004258800297975540e-03
4.057024954818189036e-04 2.024151151999831200e-03
4.027086601126938841e-04 2.019010717049241066e-03
4.046515328809619167e-04 2.014893339946866035e-03
4.061968356836587191e-04 2.031273441389203072e-03
3.993322781752794873e-04 2.077350160107016563e-03
4.071622213814407695e-04 2.089121378958225250e-03
4.090480390004813563e-04 2.022070344537496567e-03
3.979437286034226526e-04 1.980644883587956429e-03
4.062434891238808632e-04 1.990232151001691818e-03
3.979038912802934538e-04 2.035852521657943726e-03
3.981947316788137176e-04 2.049006754532456398e-03
3.962406306527555097e-04 1.989545067772269249e-03
4.007077892310917594e-04 1.985717099159955978e-03
3.920640097931027629e-04 2.103272592648863792e-03
4.166365950368344892e-04 2.131029497832059860e-03
4.083548323251306794e-04 1.979112857952713966e-03
4.054155142512172461e-04 1.954107778146862984e-03
4.276738967746495984e-04 2.012137090787291527e-03
3.938505018595605872e-04 2.126898849382996559e-03
4.245330695994198105e-04 2.009623218327760696e-03
3.887758881319314458e-04 1.916917623020708561e-03
4.145375511143356779e-04 1.911113155074417591e-03
3.977016021963208914e-04 2.001181012019515038e-03
3.977234824560582855e-04 2.071077469736337662e-03
4.082637082319706462e-04 1.961539266631007195e-03
3.912255924660712481e-04 1.941599417477846146e-03
3.970920864958315871e-04 2.008741721510887146e-03
3.843819256871938814e-04 2.057491801679134369e-03
3.902260708855464838e-04 2.018077298998832703e-03
3.825949563179165016e-04 1.990714343264698982e-03
3.821799415163696029e-04 1.989118289202451706e-03
3.812065464444458268e-04 1.996823353692889214e-03
3.798276011366397142e-04 1.997082727029919624e-03
3.794275107793509960e-04 1.962291775271296501e-03
3.814584750216454376e-04 1.945843105204403400e-03
3.811361151747405312e-04 1.990886405110359192e-03
3.827085718512535204e-04 2.016843995079398155e-03
3.847224463243037354e-04 1.964166527613997459e-03
3.766692068893462528e-04 1.936183776706457138e-03
3.832131973467767022e-04 1.948669087141752243e-03
3.804003936238586903e-04 1.972184050828218460e-03
3.737551451195031404e-04 1.988176489248871803e-03
3.759488696232438304e-04 1.986038172617554665e-03
3.751474199816584370e-04 1.948321354575455189e-03
3.740219457540660880e-04 1.954069826751947403e-03
3.712235717102885463e-04 1.996804261580109596e-03
3.752759308554232337e-04 1.982024405151605606e-03
3.731901117134839188e-04 1.945655443705618382e-03
3.713752492330968488e-04 1.964138587936758995e-03
3.709842043463140509e-04 1.977358246222138405e-03
3.674220643006265163e-04 1.949669444002211094e-03
3.697170934174209725e-04 1.937847700901329517e-03
3.714617807418107878e-04 1.974043669179081917e-03
3.671993385069072030e-04 2.004510955885052681e-03
3.703864291310310581e-04 1.986558781936764717e-03
3.665871394332498095e-04 1.969319069758057594e-03
3.646602737717330347e-04 1.924791722558438778e-03
3.683907503727823713e-04 1.914022257551550865e-03
3.654526954051107168e-04 1.944805961102247238e-03
3.657358698546886661e-04 1.945651252754032612e-03
3.675656014820560921e-04 1.895376248285174370e-03
3.653791442047804811e-04 1.875859452411532402e-03
3.676515421830117919e-04 1.908451435156166553e-03
3.628468781244009950e-04 1.935098087415099144e-03
3.629588172771036625e-04 1.896595000289380550e-03
3.619129362050444105e-04 1.883325399830937386e-03
3.647320671007037271e-04 1.929969992488622665e-03
3.622680669650435448e-04 1.949029392562806606e-03
3.611136984545737288e-04 1.938519650138914585e-03
3.571916255168616989e-04 1.958734355866909027e-03
3.588639548979699503e-04 1.955903368070721626e-03
3.580627497285604585e-04 1.916167209856212139e-03
3.592741908505558751e-04 1.913685235194861889e-03
3.568613377865403674e-04 1.950123929418623447e-03
3.566307714208960533e-04 1.954008825123310089e-03
3.546596504747867801e-04 1.911783358082175255e-03
3.550462890416383635e-04 1.913014217279851437e-03
3.523204126395284913e-04 1.938777510076761246e-03
3.519449906889349439e-04 1.928610960021615028e-03
3.509617992676794421e-04 1.887458027340471745e-03
3.529668960254639170e-04 1.877931179478764534e-03
3.559351374860852740e-04 1.922680647112429142e-03
3.545484796632081270e-04 1.942271366715431213e-03
3.504565102048218250e-04 1.895784516818821430e-03
3.514398413244634867e-04 1.903838710859417915e-03
3.475710691418498755e-04 1.961162080988287926e-03
3.514709824230521917e-04 1.942146918736398220e-03
3.484789223875850331e-04 1.898442045785486698e-03
3.503494837787002217e-04 1.906985300593078136e-03
3.463236207608133554e-04 1.947561278939247131e-03
3.478825732599943659e-04 1.960704335942864418e-03
3.526048385538160801e-04 1.918787718750536442e-03
3.432249708566814444e-04 1.902100979350507259e-03
3.444891190156340599e-04 1.903906231746077538e-03
3.423629212193191160e-04 1.940430258400738239e-03
3.438744926825165640e-04 1.911170547828078270e-03
3.405870462302118757e-04 1.884382800199091434e-03
3.446252492722123970e-04 1.904260483570396900e-03
3.406786825507879366e-04 1.931528910063207150e-03
3.410768287722021233e-04 1.929265796206891537e-03
3.397901949938386462e-04 1.901830313727259636e-03
3.382063470780849348e-04 1.892467495054006577e-03
3.412955615203827403e-04 1.912789884954690933e-03
3.378771012648940303e-04 1.931133447214961052e-03
3.368586185388267040e-04 1.911681029014289379e-03
3.370596503373235573e-04 1.879843766801059246e-03
3.396128828171640851e-04 1.870804349891841412e-03
3.371826634975150119e-04 1.912064966745674610e-03
3.420303721213713180e-04 1.913161249831318855e-03
3.386506694369018186e-04 1.856030081398785114e-03
3.400586952921003320e-04 1.866116886958479881e-03
3.399222448933869709e-04 1.929551130160689354e-03
3.372822015080600760e-04 1.906944671645760536e-03
3.313609224278479706e-04 1.872012158855795860e-03
3.381088958121835969e-04 1.904339180327951908e-03
3.363545052707195499e-04 1.961646834388375282e-03
3.386523050721734654e-04 1.927120960317552090e-03
3.320653690025210164e-04 1.895906054414808750e-03
3.352902334881946228e-04 1.911655650474131107e-03
3.281496581621468176e-04 1.971160992980003357e-03
3.420526569243520715e-04 1.952699269168078899e-03
3.347030491568147919e-04 1.865156926214694977e-03
3.351866180310025811e-04 1.852322602644562721e-03
3.400828980375081409e-04 1.911709434352815151e-03
3.265236911829560887e-04 1.980576431378722191e-03
