0 0.0 -0.065 -0.065 -0.065 -0.065 0.0 0.0 0.0 0.0
1 0.0005 -0.065 -0.065 -0.065 -0.065 0.0 0.0 0.0 0.0
2 0.001 -0.065 -0.065 -0.065 -0.065 0.0 0.0 0.0 0.0
3 0.0015 -0.065 -0.065 -0.065 -0.065 0.0 0.0 0.0 0.0
4 0.002 -0.065 -0.065 -0.065 -0.065 0.0 0.0 0.0 0.0
5 0.0025 -0.065 -0.065 -0.065 -0.065 0.0 0.0 0.0 0.0
6 0.003 -0.065 -0.065 -0.065 -0.065 0.0 0.0 0.0 0.0
7 0.0035 -0.065 -0.065 -0.065 -0.065 0.0 0.0 0.0 0.0
8 0.004 -0.065 -0.065 -0.065 -0.065 0.0 0.0 0.0 0.0
9 0.0045 -0.065 -0.065 -0.065 -0.065 0.0 0.0 0.0 0.0
10 0.005 -0.065 -0.065 -0.065 -0.065 0.0 0.0 0.0 0.0
11 0.0055 -0.065 -0.065 -0.065 -0.065 0.0 0.0 0.0 0.0
12 0.006 -0.065 -0.065 -0.065 -0.065 0.0 0.0 0.0 0.0
13 0.0065 -0.065 -0.065 -0.065 -0.065 0.0 0.0 0.0 0.0
14 0.007 -0.065 -0.065 -0.065 -0.065 0.0 0.0 0.0 0.0
15 0.0075 -0.065 -0.065 -0.065 -0.065 0.0 0.0 0.0 0.0
16 0.008 -0.065 -0.065 -0.065 -0.065 0.0 0.0 0.0 0.0
17 0.0085 -0.065 -0.065 -0.065 -0.065 0.0 0.0 0.0 0.0
18 0.009 -0.065 -0.065 -0.065 -0.065 0.0 0.0 0.0 0.0
19 0.0095 -0.065 -0.065 -0.065 -0.065 0.0 0.0 0.0 0.0
20 0.01 -0.065 -0.065 -0.065 -0.065 0.0 0.0 0.0 0.0
21 0.0105 -0.065 -0.065 -0.065 -0.065 0.0 0.0 0.0 0.0
22 0.011 -0.065 -0.065 -0.065 -0.065 0.0 0.0 0.0 0.0
23 0.0115 -0.065 -0.065 -0.065 -0.065 0.0 0.0 0.0 0.0
24 0.012 -0.065 -0.065 -0.065 -0.065 0.0 0.0 0.0 0.0
25 0.0125 -0.065 -0.065 -0.065 -0.065 0.0 0.0 0.0 0.0
26 0.013 -0.065 -0.065 -0.065 -0.065 0.0 0.0 0.0 0.0
27 0.0135 -0.065 -0.065 -0.065 -0.065 0.0 0.0 0.0 0.0
28 0.014 -0.065 -0.065 -0.065 -0.065 0.0 0.0 0.0 0.0
29 0.0145 -0.065 -0.065 -0.065 -0.065 0.0 0.0 0.0 0.0
30 0.015 -0.065 -0.065 -0.065 -0.065 0.0 0.0 0.0 0.0
31 0.0155 -0.065 -0.065 -0.065 -0.065 0.0 0.0 0.0 0.0
32 0.016 -0.065 -0.065 -0.065 -0.065 0.0 0.0 0.0 0.0
33 0.0165 -0.065 -0.065 -0.065 -0.065 0.0 0.0 0.0 0.0
34 0.017 -0.065 -0.065 -0.065 -0.065 0.0 0.0 0.0 0.0
35 0.0175 -0.065 -0.065 -0.065 -0.065 0.0 0.0 0.0 0.0
36 0.018 -0.065 -0.065 -0.065 -0.065 0.0 0.0 0.0 0.0
37 0.0185 -0.065 -0.065 -0.065 -0.065 0.0 0.0 0.0 0.0
38 0.019 -0.065 -0.065 -0.065 -0.065 0.0 0.0 0.0 0.0
39 0.0195 -0.065 -0.065 -0.065 -0.065 0.0 0.0 0.0 0.0
40 0.02 -0.065 -0.065 -0.065 -0.065 0.0 0.0 0.0 0.0
41 0.0205 -0.065 -0.065 -0.065 -0.065 0.0 0.0 0.0 0.0
42 0.021 -0.065 -0.065 -0.065 -0.065 0.0 0.0 0.0 0.0
43 0.0215 -0.065 -0.065 -0.065 -0.065 0.0 0.0 0.0 0.0
44 0.022 -0.065 -0.065 -0.065 -0.065 0.0 0.0 0.0 0.0
45 0.0225 -0.065 -0.065 -0.065 -0.065 0.0 0.0 0.0 0.0
46 0.023 -0.065 -0.065 -0.065 -0.065 0.0 0.0 0.0 0.0
47 0.0235 -0.065 -0.065 -0.065 -0.065 0.0 0.0 0.0 0.0
48 0.024 -0.065 -0.065 -0.065 -0.065 0.0 0.0 0.0 0.0
49 0.0245 -0.065 -0.065 -0.065 -0.065 0.0 0.0 0.0 0.0
50 0.025 -0.065 -0.065 -0.065 -0.065 0.0 0.0 0.0 0.0
51 0.0255 -0.065 -0.065 -0.065 -0.065 0.0 0.0 0.0 0.0
52 0.026 -0.065 -0.065 -0.065 -0.065 0.0 0.0 0.0 0.0
53 0.0265 -0.065 -0.065 -0.065 -0.065 0.0 0.0 0.0 0.0
54 0.027 -0.065 -0.065 -0.065 -0.065 0.0 0.0 0.0 0.0
55 0.0275 -0.065 -0.065 -0.065 -0.065 0.0 0.0 0.0 0.0
56 0.028 -0.065 -0.065 -0.065 -0.065 0.0 0.0 0.0 0.0
57 0.0285 -0.065 -0.065 -0.065 -0.065 0.0 0.0 0.0 0.0
58 0.029 -0.065 -0.065 -0.065 -0.065 0.0 0.0 0.0 0.0
59 0.0295 -0.065 -0.065 -0.065 -0.065 0.0 0.0 0.0 0.0
60 0.03 -0.065 -0.065 -0.065 -0.065 0.0 0.0 0.0 0.0
61 0.0305 -0.065 -0.065 -0.065 -0.065 0.0 0.0 0.0 0.0
62 0.031 -0.065 -0.065 -0.065 -0.065 0.0 0.0 0.0 0.0
63 0.0315 -0.065 -0.065 -0.065 -0.065 0.0 0.0 0.0 0.0
64 0.032 -0.065 -0.065 -0.065 -0.065 0.0 0.0 0.0 0.0
65 0.0325 -0.065 -0.065 -0.065 -0.065 0.0 0.0 0.0 0.0
66 0.033 -0.065 -0.065 -0.065 -0.065 0.0 0.0 0.0 0.0
67 0.0335 -0.065 -0.065 -0.065 -0.065 0.0 0.0 0.0 0.0
68 0.034 -0.065 -0.065 -0.065 -0.065 0.0 0.0 0.0 0.0
69 0.0345 -0.065 -0.065 -0.065 -0.065 0.0 0.0 0.0 0.0
70 0.035 -0.065 -0.065 -0.065 -0.065 0.0 0.0 0.0 0.0
71 0.0355 -0.065 -0.065 -0.065 -0.065 0.0 0.0 0.0 0.0
72 0.036 -0.065 -0.065 -0.065 -0.065 0.0 0.0 0.0 0.0
73 0.0365 -0.065 -0.065 -0.065 -0.065 0.0 0.0 0.0 0.0
74 0.037 -0.065 -0.065 -0.065 -0.065 0.0 0.0 0.0 0.0
75 0.0375 -0.065 -0.065 -0.065 -0.065 0.0 0.0 0.0 0.0
76 0.038 -0.065 -0.065 -0.065 -0.065 0.0 0.0 0.0 0.0
77 0.0385 -0.065 -0.065 -0.065 -0.065 0.0 0.0 0.0 0.0
78 0.039 -0.065 -0.065 -0.065 -0.065 0.0 0.0 0.0 0.0
79 0.0395 -0.065 -0.065 -0.065 -0.065 0.0 0.0 0.0 0.0
80 0.04 -0.065 -0.065 -0.065 -0.065 0.0 0.0 0.0 0.0
81 0.0405 -0.065 -0.065 -0.065 -0.065 0.0 0.0 0.0 0.0
82 0.041 -0.065 -0.065 -0.065 -0.065 0.0 0.0 0.0 0.0
83 0.0415 -0.065 -0.065 -0.065 -0.065 0.0 0.0 0.0 0.0
84 0.042 -0.065 -0.065 -0.065 -0.065 0.0 0.0 0.0 0.0
85 0.0425 -0.065 -0.065 -0.065 -0.065 0.0 0.0 0.0 0.0
86 0.043 -0.065 -0.065 -0.065 -0.065 0.0 0.0 0.0 0.0
87 0.0435 -0.065 -0.065 -0.065 -0.065 0.0 0.0 0.0 0.0
88 0.044 -0.065 -0.065 -0.065 -0.065 0.0 0.0 0.0 0.0
89 0.0445 -0.065 -0.065 -0.065 -0.065 0.0 0.0 0.0 0.0
90 0.045 -0.065 -0.065 -0.065 -0.065 0.0 0.0 0.0 0.0
91 0.0455 -0.065 -0.065 -0.065 -0.065 0.0 0.0 0.0 0.0
92 0.046 -0.065 -0.065 -0.065 -0.065 0.0 0.0 0.0 0.0
93 0.0465 -0.065 -0.065 -0.065 -0.065 0.0 0.0 0.0 0.0
94 0.047 -0.065 -0.065 -0.065 -0.065 0.0 0.0 0.0 0.0
95 0.0475 -0.065 -0.065 -0.065 -0.065 0.0 0.0 0.0 0.0
96 0.048 -0.065 -0.065 -0.065 -0.065 0.0 0.0 0.0 0.0
97 0.0485 -0.065 -0.065 -0.065 -0.065 0.0 0.0 0.0 0.0
98 0.049 -0.065 -0.065 -0.065 -0.065 0.0 0.0 0.0 0.0
99 0.0495 -0.065 -0.065 -0.065 -0.065 0.0 0.0 0.0 0.0
100 0.05 -0.065 -0.065 -0.065 -0.065 0.0 0.0 0.0 0.0
101 0.0505 -0.065 -0.065 -0.065 -0.065 0.0 0.0 0.0 0.0
102 0.051 -0.065 -0.065 -0.065 -0.065 0.0 0.0 0.0 0.0
103 0.0515 -0.065 -0.065 -0.065 -0.065 0.0 0.0 0.0 0.0
104 0.052 -0.065 -0.065 -0.065 -0.065 0.0 0.0 0.0 0.0
105 0.0525 -0.065 -0.065 -0.065 -0.065 0.0 0.0 0.0 0.0
106 0.053 -0.065 -0.065 -0.065 -0.065 0.0 0.0 0.0 0.0
107 0.0535 -0.065 -0.065 -0.065 -0.065 0.0 0.0 0.0 0.0
108 0.054 -0.065 -0.065 -0.065 -0.065 0.0 0.0 0.0 0.0
109 0.0545 -0.065 -0.065 -0.065 -0.065 0.0 0.0 0.0 0.0
110 0.055 -0.065 -0.065 -0.065 -0.065 0.0 0.0 0.0 0.0
111 0.0555 -0.065 -0.065 -0.065 -0.065 0.0 0.0 0.0 0.0
112 0.056 -0.065 -0.065 -0.065 -0.065 0.0 0.0 0.0 0.0
113 0.0565 -0.065 -0.065 -0.065 -0.065 0.0 0.0 0.0 0.0
114 0.057 -0.065 -0.065 -0.065 -0.065 0.0 0.0 0.0 0.0
115 0.0575 -0.065 -0.065 -0.065 -0.065 0.0 0.0 0.0 0.0
116 0.058 -0.065 -0.065 -0.065 -0.065 0.0 0.0 0.0 0.0
117 0.0585 -0.065 -0.065 -0.065 -0.065 0.0 0.0 0.0 0.0
118 0.059 -0.065 -0.065 -0.065 -0.065 0.0 0.0 0.0 0.0
119 0.0595 -0.065 -0.065 -0.065 -0.065 0.0 0.0 0.0 0.0
120 0.06 -0.065 -0.065 -0.065 -0.065 0.0 0.0 0.0 0.0
121 0.0605 -0.065 -0.065 -0.065 -0.065 0.0 0.0 0.0 0.0
122 0.061 -0.065 -0.065 -0.065 -0.065 0.0 0.0 0.0 0.0
123 0.0615 -0.065 -0.065 -0.065 -0.065 0.0 0.0 0.0 0.0
124 0.062 -0.065 -0.065 -0.065 -0.065 0.0 0.0 0.0 0.0
125 0.0625 -0.065 -0.065 -0.065 -0.065 0.0 0.0 0.0 0.0
126 0.063 -0.065 -0.065 -0.065 -0.065 0.0 0.0 0.0 0.0
127 0.0635 -0.065 -0.065 -0.065 -0.065 0.0 0.0 0.0 0.0
128 0.064 -0.065 -0.065 -0.065 -0.065 0.0 0.0 0.0 0.0
129 0.0645 -0.065 -0.065 -0.065 -0.065 0.0 0.0 0.0 0.0
130 0.065 -0.065 -0.065 -0.065 -0.065 0.0 0.0 0.0 0.0
131 0.0655 -0.065 -0.065 -0.065 -0.065 0.0 0.0 0.0 0.0
132 0.066 -0.065 -0.065 -0.065 -0.065 0.0 0.0 0.0 0.0
133 0.0665 -0.065 -0.065 -0.065 -0.065 0.0 0.0 0.0 0.0
134 0.067 -0.065 -0.065 -0.065 -0.065 0.0 0.0 0.0 0.0
135 0.0675 -0.065 -0.065 -0.065 -0.065 0.0 0.0 0.0 0.0
136 0.068 -0.065 -0.065 -0.065 -0.065 0.0 0.0 0.0 0.0
137 0.0685 -0.065 -0.065 -0.065 -0.065 0.0 0.0 0.0 0.0
138 0.069 -0.065 -0.065 -0.065 -0.065 0.0 0.0 0.0 0.0
139 0.0695 -0.065 -0.065 -0.065 -0.065 0.0 0.0 0.0 0.0
140 0.07 -0.065 -0.065 -0.065 -0.065 0.0 0.0 0.0 0.0
141 0.0705 -0.065 -0.065 -0.065 -0.065 0.0 0.0 0.0 0.0
142 0.071 -0.065 -0.065 -0.065 -0.065 0.0 0.0 0.0 0.0
143 0.0715 -0.065 -0.065 -0.065 -0.065 0.0 0.0 0.0 0.0
144 0.072 -0.065 -0.065 -0.065 -0.065 0.0 0.0 0.0 0.0
145 0.0725 -0.065 -0.065 -0.065 -0.065 0.0 0.0 0.0 0.0
146 0.073 -0.065 -0.065 -0.065 -0.065 0.0 0.0 0.0 0.0
147 0.0735 -0.065 -0.065 -0.065 -0.065 0.0 0.0 0.0 0.0
148 0.074 -0.065 -0.065 -0.065 -0.065 0.0 0.0 0.0 0.0
149 0.0745 -0.065 -0.065 -0.065 -0.065 0.0 0.0 0.0 0.0
150 0.075 -0.065 -0.065 -0.065 -0.065 0.0 0.0 0.0 0.0
151 0.0755 -0.065 -0.065 -0.065 -0.065 0.0 0.0 0.0 0.0
152 0.076 -0.065 -0.065 -0.065 -0.065 0.0 0.0 0.0 0.0
153 0.0765 -0.065 -0.065 -0.065 -0.065 0.0 0.0 0.0 0.0
154 0.077 -0.065 -0.065 -0.065 -0.065 0.0 0.0 0.0 0.0
155 0.0775 -0.065 -0.065 -0.065 -0.065 0.0 0.0 0.0 0.0
156 0.078 -0.065 -0.065 -0.065 -0.065 0.0 0.0 0.0 0.0
157 0.0785 -0.065 -0.065 -0.065 -0.065 0.0 0.0 0.0 0.0
158 0.079 -0.065 -0.065 -0.065 -0.065 0.0 0.0 0.0 0.0
159 0.0795 -0.065 -0.065 -0.065 -0.065 0.0 0.0 0.0 0.0
160 0.08 -0.065 -0.065 -0.065 -0.065 0.0 0.0 0.0 0.0
161 0.0805 -0.065 -0.065 -0.065 -0.065 0.0 0.0 0.0 0.0
162 0.081 -0.065 -0.065 -0.065 -0.065 0.0 0.0 0.0 0.0
163 0.0815 -0.065 -0.065 -0.065 -0.065 0.0 0.0 0.0 0.0
164 0.082 -0.065 -0.065 -0.065 -0.065 0.0 0.0 0.0 0.0
165 0.0825 -0.065 -0.065 -0.065 -0.065 0.0 0.0 0.0 0.0
166 0.083 -0.065 -0.065 -0.065 -0.065 0.0 0.0 0.0 0.0
167 0.0835 -0.065 -0.065 -0.065 -0.065 0.0 0.0 0.0 0.0
168 0.084 -0.065 -0.065 -0.065 -0.065 0.0 0.0 0.0 0.0
169 0.0845 -0.065 -0.065 -0.065 -0.065 0.0 0.0 0.0 0.0
170 0.085 -0.065 -0.065 -0.065 -0.065 0.0 0.0 0.0 0.0
171 0.0855 -0.065 -0.065 -0.065 -0.065 0.0 0.0 0.0 0.0
172 0.086 -0.065 -0.065 -0.065 -0.065 0.0 0.0 0.0 0.0
173 0.0865 -0.065 -0.065 -0.065 -0.065 0.0 0.0 0.0 0.0
174 0.087 -0.065 -0.065 -0.065 -0.065 0.0 0.0 0.0 0.0
175 0.0875 -0.065 -0.065 -0.065 -0.065 0.0 0.0 0.0 0.0
176 0.088 -0.065 -0.065 -0.065 -0.065 0.0 0.0 0.0 0.0
177 0.0885 -0.065 -0.065 -0.065 -0.065 0.0 0.0 0.0 0.0
178 0.089 -0.065 -0.065 -0.065 -0.065 0.0 0.0 0.0 0.0
179 0.0895 -0.065 -0.065 -0.065 -0.065 0.0 0.0 0.0 0.0
180 0.09 -0.065 -0.065 -0.065 -0.065 0.0 0.0 0.0 0.0
181 0.0905 -0.065 -0.065 -0.065 -0.065 0.0 0.0 0.0 0.0
182 0.091 -0.065 -0.065 -0.065 -0.065 0.0 0.0 0.0 0.0
183 0.0915 -0.065 -0.065 -0.065 -0.065 0.0 0.0 0.0 0.0
184 0.092 -0.065 -0.065 -0.065 -0.065 0.0 0.0 0.0 0.0
185 0.0925 -0.065 -0.065 -0.065 -0.065 0.0 0.0 0.0 0.0
186 0.093 -0.065 -0.065 -0.065 -0.065 0.0 0.0 0.0 0.0
187 0.0935 -0.065 -0.065 -0.065 -0.065 0.0 0.0 0.0 0.0
188 0.094 -0.065 -0.065 -0.065 -0.065 0.0 0.0 0.0 0.0
189 0.0945 -0.065 -0.065 -0.065 -0.065 0.0 0.0 0.0 0.0
190 0.095 -0.065 -0.065 -0.065 -0.065 0.0 0.0 0.0 0.0
191 0.0955 -0.065 -0.065 -0.065 -0.065 0.0 0.0 0.0 0.0
192 0.096 -0.065 -0.065 -0.065 -0.065 0.0 0.0 0.0 0.0
193 0.0965 -0.065 -0.065 -0.065 -0.065 0.0 0.0 0.0 0.0
194 0.097 -0.065 -0.065 -0.065 -0.065 0.0 0.0 0.0 0.0
195 0.0975 -0.065 -0.065 -0.065 -0.065 0.0 0.0 0.0 0.0
196 0.098 -0.065 -0.065 -0.065 -0.065 0.0 0.0 0.0 0.0
197 0.0985 -0.065 -0.065 -0.065 -0.065 0.0 0.0 0.0 0.0
198 0.099 -0.065 -0.065 -0.065 -0.065 0.0 0.0 0.0 0.0
199 0.0995 -0.065 -0.065 -0.065 -0.065 0.0 0.0 0.0 0.0
200 0.1 -0.065 -0.065 -0.065 -0.065 0.00028 0.00028 0.00046 0.00046
201 0.1005 -0.06494761 -0.06494695 -0.06492574 -0.06491907 0.01428 0.01428 0.02346 0.02346
202 0.101 -0.06473782 -0.06474562 -0.06466733 -0.06465417 0.02828 0.02828 0.04646 0.04646
203 0.1015 -0.06439992 -0.0643579 -0.06424402 -0.06425154 0.04228 0.04228 0.06946 0.06946
204 0.102 -0.06397623 -0.0637639 -0.06368187 -0.06373664 0.05628 0.05628 0.09246 0.09246
205 0.1025 -0.06349078 -0.06295261 -0.06299515 -0.06311935 0.07028 0.07028 0.11546 0.11546
206 0.103 -0.06295507 -0.06191754 -0.06218999 -0.06240486 0.08428 0.08428 0.13846 0.13846
207 0.1035 -0.06237442 -0.06065487 -0.06126855 -0.06159703 0.09828 0.09828 0.16146 0.16146
208 0.104 -0.06175127 -0.05916249 -0.0602313 -0.06069921 0.11228 0.11228 0.18446 0.18446
209 0.1045 -0.06108685 -0.05743959 -0.0590781 -0.05971452 0.12628 0.12628 0.20746 0.20746
210 0.105 -0.06038183 -0.05548632 -0.05780868 -0.05864589 0.14028 0.14028 0.23046 0.23046
211 0.1055 -0.05963665 -0.05330361 -0.05642278 -0.05749609 0.15428 0.15428 0.25346 0.25346
212 0.106 -0.05884941 -0.05089173 -0.05491642 -0.05626613 0.16828 0.16828 0.27646 0.27646
213 0.1065 -0.05801833 -0.04824965 -0.05328753 -0.0549568 0.18228 0.18228 0.29946 0.29946
214 0.107 -0.05714869 -0.04538144 -0.05154414 -0.0535729 0.19628 0.19628 0.32246 0.32246
215 0.1075 -0.05624245 -0.04229253 -0.0496879 -0.05211864 0.21028 0.21028 0.34546 0.34546
216 0.108 -0.05529956 -0.03898521 -0.04771821 -0.05059696 0.22428 0.22428 0.36846 0.36846
217 0.1085 -0.05431948 -0.03546391 -0.04563431 -0.04900979 0.23828 0.23828 0.39146 0.39146
218 0.109 -0.05330176 -0.03173339 -0.04343586 -0.04735846 0.25228 0.25228 0.41446 0.41446
219 0.1095 -0.05224614 -0.02779765 -0.04112289 -0.04564447 0.26628 0.26628 0.43746 0.43746
220 0.11 -0.05115262 -0.02366031 -0.03869572 -0.04386935 0.28028 0.28028 0.46046 0.46046
221 0.1105 -0.05002133 -0.01932484 -0.0361549 -0.04203469 0.29428 0.29428 0.48346 0.48346
222 0.111 -0.04885252 -0.01479469 -0.03350111 -0.04014205 0.30828 0.30828 0.50646 0.50646
223 0.1115 -0.04764648 -0.01007331 -0.03073509 -0.03819296 0.32228 0.32228 0.52946 0.52946
224 0.112 -0.04640353 -0.005164078 -0.02785343 -0.03618891 0.33628 0.33628 0.55246 0.55246
225 0.1125 -0.04512382 -6.682189e-05 -0.02481538 -0.03413088 0.35028 0.35028 0.57546 0.57546
226 0.113 -0.04380529 0.005206954 -0.02167595 -0.03201833 0.36428 0.36428 0.59846 0.59846
227 0.1135 -0.04244963 0.01063501 -0.01845487 -0.02985454 0.37828 0.37828 0.62146 0.62146
228 0.114 -0.04105945 0.01621321 -0.01514753 -0.02764198 0.39228 0.39228 0.64446 0.64446
229 0.1145 -0.03963534 0.02194665 -0.01174479 -0.02538185 0.40628 0.40628 0.66746 0.66746
230 0.115 -0.03817725 0.0278418 -0.0082401 -0.02307516 0.42028 0.42028 0.69046 0.69046
231 0.1155 -0.03668506 0.03390335 -0.004630106 -0.02072291 0.43428 0.43428 0.71346 0.71346
232 0.116 -0.03515878 0.04013338 -0.0009137782 -0.01832608 0.44828 0.44828 0.73646 0.73646
233 0.1165 -0.03359878 0.04653162 0.002908879 -0.01588652 0.46228 0.46228 0.75946 0.75946
234 0.117 -0.03200773 0.05309608 0.006836239 -0.01340792 0.47628 0.47628 0.78246 0.78246
235 0.1175 -0.0303851 0.05982301 0.01086569 -0.01088857 0.49028 0.49028 0.80546 0.80546
236 0.118 -0.02872922 0.06670753 0.01496727 -0.008328544 0.50428 0.50428 0.82846 0.82846
237 0.1185 -0.02704341 0.07373783 0.01901591 -0.005738481 0.51828 0.51828 0.85146 0.85146
238 0.119 -0.02532789 0.08090812 0.02317874 -0.003113487 0.53228 0.53228 0.87446 0.87446
239 0.1195 -0.0235804 0.08821793 0.02749837 -0.0004481917 0.54628 0.54628 0.89746 0.89746
240 0.12 -0.02180001 0.09566585 0.03195932 0.00225782 0.56028 0.56028 0.92046 0.92046
241 0.1205 -0.0199867 0.1032495 0.03654459 0.005003642 0.57428 0.57428 0.94346 0.94346
242 0.121 -0.01813975 0.1109658 0.04124307 0.007788083 0.58828 0.58828 0.96646 0.96646
243 0.1215 -0.01625946 0.1188116 0.04604633 0.01060986 0.60228 0.60228 0.98946 0.98946
244 0.122 -0.01434701 0.1267835 0.05092425 0.01346683 0.61628 0.61628 1.01246 1.01246
245 0.1225 -0.01240944 0.1348755 0.05580444 0.01634855 0.63028 0.63028 1.03546 1.03546
246 0.123 -0.0104471 0.1430831 0.06078251 0.01925657 0.64428 0.64428 1.05846 1.05846
247 0.1235 -0.008463332 0.1514061 0.06588144 0.02216624 0.65828 0.65828 1.08146 1.08146
248 0.124 -0.006456354 0.1598429 0.07109833 0.02510274 0.67228 0.67228 1.10446 1.10446
249 0.1245 -0.004417142 0.168391 0.07642606 0.02807909 0.68628 0.68628 1.12746 1.12746
250 0.125 -0.002343218 0.1770487 0.08185497 0.03109724 0.70028 0.70028 1.15046 1.15046
251 0.1255 -0.0002425777 0.1858151 0.087374 0.03415369 0.71428 0.71428 1.17346 1.17346
252 0.126 0.001875091 0.1946877 0.09297013 0.03723206 0.72828 0.72828 1.19646 1.19646
253 0.1265 0.004021204 0.2036626 0.0986465 0.04034138 0.74228 0.74228 1.21946 1.21946
254 0.127 0.006203786 0.2127369 0.1044041 0.04348691 0.75628 0.75628 1.24246 1.24246
255 0.1275 0.008423155 0.2218477 0.1102407 0.04666832 0.77028 0.77028 1.26546 1.26546
256 0.128 0.01067145 0.2304316 0.1161384 0.04987928 0.78428 0.78428 1.28846 1.28846
257 0.1285 0.0129432 0.2388491 0.1220888 0.05311902 0.79828 0.79828 1.31146 1.31146
258 0.129 0.01524392 0.2473924 0.1281017 0.0563895 0.81228 0.81228 1.33446 1.33446
259 0.1295 0.01757546 0.256191 0.1341858 0.05969012 0.82628 0.82628 1.35746 1.35746
260 0.13 0.01993689 0.2652846 0.1403459 0.0630197 0.84028 0.84028 1.38046 1.38046
261 0.1305 0.02232646 0.274667 0.1465834 0.06637696 0.85428 0.85428 1.40346 1.40346
262 0.131 0.02474259 0.2843105 0.152898 0.06976076 0.86828 0.86828 1.42646 1.42646
263 0.1315 0.02718407 0.29418 0.1592879 0.07317009 0.88228 0.88228 1.44946 1.44946
264 0.132 0.02965003 0.3042402 0.1657511 0.07660404 0.89628 0.89628 1.47246 1.47246
265 0.1325 0.03213992 0.3144591 0.1722854 0.08006184 0.91028 0.91028 1.49546 1.49546
266 0.133 0.03465353 0.3248091 0.1788885 0.08354304 0.92428 0.92428 1.51846 1.51846
267 0.1335 0.03718376 0.3352684 0.1855574 0.08703485 0.93828 0.93828 1.54146 1.54146
268 0.134 0.0397233 0.3458188 0.1922882 0.09053255 0.95228 0.95228 1.56446 1.56446
269 0.1345 0.0422838 0.356446 0.199082 0.09405211 0.96628 0.96628 1.58746 1.58746
270 0.135 0.04487206 0.3671395 0.2059393 0.09759814 0.98028 0.98028 1.61046 1.61046
271 0.1355 0.04748887 0.3778916 0.2128591 0.1011704 0.99428 0.99428 1.63346 1.63346
272 0.136 0.05013269 0.3886971 0.2198398 0.1047675 1.00828 1.00828 1.65646 1.65646
273 0.1365 0.05280156 0.3995521 0.22688 0.1083882 1.02228 1.02228 1.67946 1.67946
274 0.137 0.05549383 0.4104541 0.2339782 0.1120312 1.03628 1.03628 1.70246 1.70246
275 0.1375 0.05820829 0.4214016 0.2411334 0.1156955 1.05028 1.05028 1.72546 1.72546
276 0.138 0.06094405 0.4323936 0.2483443 0.1193782 1.06428 1.06428 1.74846 1.74846
277 0.1385 0.0637004 0.4434297 0.2556101 0.1230717 1.07828 1.07828 1.77146 1.77146
278 0.139 0.06647679 0.4545098 0.2629299 0.1267849 1.09228 1.09228 1.79446 1.79446
279 0.1395 0.06927262 0.4656336 0.2703027 0.1305187 1.10628 1.10628 1.81746 1.81746
280 0.14 0.07207516 0.476799 0.2777253 0.1342616 1.12028 1.12028 1.84046 1.84046
281 0.1405 0.07488636 0.4880049 0.2851968 0.1380197 1.13428 1.13428 1.86346 1.86346
282 0.141 0.0777195 0.4992515 0.2927192 0.1417981 1.14828 1.14828 1.88646 1.88646
283 0.1415 0.0805789 0.5105395 0.3002925 0.1455972 1.16228 1.16228 1.90946 1.90946
284 0.142 0.08345116 0.5218687 0.3079121 0.1493832 1.17628 1.17628 1.93246 1.93246
285 0.1425 0.0863235 0.5332381 0.3155707 0.1531428 1.19028 1.19028 1.95546 1.95546
286 0.143 0.08921314 0.544649 0.3232754 0.1569216 1.20428 1.20428 1.97846 1.97846
287 0.1435 0.09213138 0.556103 0.3310308 0.1607335 1.21828 1.21828 2.00146 2.00146
288 0.144 0.09507975 0.5676014 0.3388369 0.1645782 1.23228 1.23228 2.02446 2.02446
289 0.1445 0.09805558 0.5791447 0.3466922 0.1684525 1.24628 1.24628 2.04746 2.04746
290 0.145 0.1010554 0.5907332 0.3545947 0.172353 1.26028 1.26028 2.07046 2.07046
291 0.1455 0.1040761 0.6023665 0.3625428 0.1762764 1.27428 1.27428 2.09346 2.09346
292 0.146 0.1071154 0.614044 0.3705349 0.1802202 1.28828 1.28828 2.11646 2.11646
293 0.1465 0.110172 0.6257656 0.37857 0.1841831 1.30228 1.30228 2.13946 2.13946
294 0.147 0.1132381 0.6375298 0.3866456 0.1881467 1.31628 1.31628 2.16246 2.16246
295 0.1475 0.1162957 0.6493342 0.3947549 0.1920923 1.33028 1.33028 2.18546 2.18546
296 0.148 0.1193632 0.6611792 0.4029029 0.1960529 1.34428 1.34428 2.20846 2.20846
297 0.1485 0.1224547 0.6730653 0.4110933 0.2000388 1.35828 1.35828 2.23146 2.23146
298 0.149 0.1255719 0.6849925 0.4193262 0.2039889 1.37228 1.37228 2.25446 2.25446
299 0.1495 0.1286954 0.6969605 0.4275988 0.2077603 1.38628 1.38628 2.27746 2.27746
300 0.15 0.131829 0.7089685 0.4359096 0.211596 1.4 1.4 2.3 2.3
301 0.1505 0.1348813 0.7209097 0.4441106 0.2153302 1.386 1.386 2.277 2.277
302 0.151 0.1376447 0.7325924 0.4519803 0.2185304 1.372 1.372 2.254 2.254
303 0.1515 0.1401745 0.7439383 0.4595551 0.2215277 1.358 1.358 2.231 2.231
304 0.152 0.1425519 0.7549077 0.4668887 0.2244109 1.344 1.344 2.208 2.208
305 0.1525 0.1448223 0.7654785 0.4740096 0.2271883 1.33 1.33 2.185 2.185
306 0.153 0.1470076 0.7756374 0.4809294 0.2298493 1.316 1.316 2.162 2.162
307 0.1535 0.1491178 0.7853762 0.4876516 0.2323837 1.302 1.302 2.139 2.139
308 0.154 0.1511571 0.79469 0.4941761 0.2346885 1.288 1.288 2.116 2.116
309 0.1545 0.1531272 0.803575 0.5005018 0.2366564 1.274 1.274 2.093 2.093
310 0.155 0.1550272 0.8120315 0.5066272 0.238536 1.26 1.26 2.07 2.07
311 0.1555 0.1568554 0.8200591 0.5123601 0.2403443 1.246 1.246 2.047 2.047
312 0.156 0.1585942 0.8276242 0.5170166 0.2420555 1.232 1.232 2.024 2.024
313 0.1565 0.1602565 0.8347275 0.5216411 0.2436693 1.218 1.218 2.001 2.001
314 0.157 0.1618421 0.8413968 0.5264899 0.2451486 1.204 1.204 1.978 1.978
315 0.1575 0.1633532 0.8476571 0.531412 0.246499 1.19 1.19 1.955 1.955
316 0.158 0.1647847 0.8534922 0.5353446 0.2477231 1.176 1.176 1.932 1.932
317 0.1585 0.1661462 0.8588966 0.5391779 0.2488314 1.162 1.162 1.909 1.909
318 0.159 0.1674605 0.8639038 0.5433091 0.2498405 1.148 1.148 1.886 1.886
319 0.1595 0.1687323 0.8685428 0.5476403 0.2507469 1.134 1.134 1.863 1.863
320 0.16 0.1699345 0.8728297 0.5520034 0.2515202 1.12 1.12 1.84 1.84
321 0.1605 0.1710704 0.8767751 0.5562739 0.2521839 1.106 1.106 1.817 1.817
322 0.161 0.1721576 0.8803846 0.560377 0.2527542 1.092 1.092 1.794 1.794
323 0.1615 0.1731995 0.8836612 0.5642707 0.2532337 1.078 1.078 1.771 1.771
324 0.162 0.1741926 0.8866067 0.5679342 0.2536214 1.064 1.064 1.748 1.748
325 0.1625 0.1751326 0.8892233 0.5713604 0.2539167 1.05 1.05 1.725 1.725
326 0.163 0.1760158 0.8915132 0.5745494 0.2541194 1.036 1.036 1.702 1.702
327 0.1635 0.17684 0.8934796 0.5775055 0.2542299 1.022 1.022 1.679 1.679
328 0.164 0.1776039 0.8951254 0.5802347 0.2542492 1.008 1.008 1.656 1.656
329 0.1645 0.1783072 0.8964534 0.5827437 0.2541784 0.994 0.994 1.633 1.633
330 0.165 0.1789498 0.8974705 0.585039 0.2540193 0.98 0.98 1.61 1.61
331 0.1655 0.1795322 0.8981828 0.5871267 0.2537734 0.966 0.966 1.587 1.587
332 0.166 0.1800548 0.8985965 0.5890124 0.2534427 0.952 0.952 1.564 1.564
333 0.1665 0.1805182 0.8987173 0.5907012 0.253029 0.938 0.938 1.541 1.541
334 0.167 0.1809229 0.898551 0.5921974 0.2525339 0.924 0.924 1.518 1.518
335 0.1675 0.1812676 0.8981034 0.5935014 0.251958 0.91 0.91 1.495 1.495
336 0.168 0.1815247 0.8973787 0.594575 0.2512816 0.896 0.896 1.472 1.472
337 0.1685 0.1817145 0.8963814 0.5954601 0.2505189 0.882 0.882 1.449 1.449
338 0.169 0.1818588 0.8951185 0.5961867 0.2496874 0.868 0.868 1.426 1.426
339 0.1695 0.1819616 0.8935968 0.5967572 0.2487919 0.854 0.854 1.403 1.403
340 0.17 0.1820207 0.8918227 0.5971681 0.247833 0.84 0.84 1.38 1.38
341 0.1705 0.1820328 0.8898021 0.5974162 0.2468111 0.826 0.826 1.357 1.357
342 0.171 0.1819951 0.8875404 0.5974998 0.2457263 0.812 0.812 1.334 1.334
343 0.1715 0.181906 0.8850426 0.5974189 0.2445781 0.798 0.798 1.311 1.311
344 0.172 0.1817409 0.8823088 0.5971725 0.2433448 0.784 0.784 1.288 1.288
345 0.1725 0.1813172 0.8793457 0.5967609 0.2420375 0.77 0.77 1.265 1.265
346 0.173 0.1808496 0.8761609 0.5961884 0.240674 0.756 0.756 1.242 1.242
347 0.1735 0.1804269 0.8727607 0.5954592 0.2392594 0.742 0.742 1.219 1.219
348 0.174 0.1800385 0.8691502 0.594576 0.2377942 0.728 0.728 1.196 1.196
349 0.1745 0.1796547 0.865334 0.5935409 0.236278 0.714 0.714 1.173 1.173
350 0.175 0.1792504 0.8613162 0.5923555 0.2347107 0.7 0.7 1.15 1.15
351 0.1755 0.1788088 0.857101 0.5910217 0.2330921 0.686 0.686 1.127 1.127
352 0.176 0.1783198 0.8526924 0.5895412 0.2314226 0.672 0.672 1.104 1.104
353 0.1765 0.1777778 0.8480941 0.5879159 0.2297024 0.658 0.658 1.081 1.081
354 0.177 0.177181 0.84331 0.5861479 0.2279322 0.644 0.644 1.058 1.058
355 0.1775 0.1765301 0.8383439 0.584239 0.2261125 0.63 0.63 1.035 1.035
356 0.178 0.1758264 0.8331994 0.5821914 0.224244 0.616 0.616 1.012 1.012
357 0.1785 0.1750713 0.8278802 0.5800069 0.2223275 0.602 0.602 0.989 0.989
358 0.179 0.174266 0.8223899 0.5776876 0.2203637 0.588 0.588 0.966 0.966
359 0.1795 0.173412 0.8167321 0.5752353 0.2183535 0.574 0.574 0.943 0.943
360 0.18 0.1725103 0.8109102 0.5726521 0.2162976 0.56 0.56 0.92 0.92
361 0.1805 0.1715619 0.8049276 0.5699398 0.2141969 0.546 0.546 0.897 0.897
362 0.181 0.170568 0.7987877 0.5671004 0.2120521 0.532 0.532 0.874 0.874
363 0.1815 0.1695293 0.7924937 0.5641357 0.2098642 0.518 0.518 0.851 0.851
364 0.182 0.1684468 0.7860489 0.5610475 0.2076337 0.504 0.504 0.828 0.828
365 0.1825 0.1673211 0.7794563 0.5578378 0.2053616 0.49 0.49 0.805 0.805
366 0.183 0.166153 0.7727191 0.5545082 0.2030486 0.476 0.476 0.782 0.782
367 0.1835 0.1649432 0.7658402 0.5510606 0.2006953 0.462 0.462 0.759 0.759
368 0.184 0.1636923 0.7588225 0.5474969 0.1983026 0.448 0.448 0.736 0.736
369 0.1845 0.1624009 0.751669 0.5438186 0.1958712 0.434 0.434 0.713 0.713
370 0.185 0.1610696 0.7443824 0.5400276 0.1934016 0.42 0.42 0.69 0.69
371 0.1855 0.159699 0.7369655 0.5361256 0.1908947 0.406 0.406 0.667 0.667
372 0.186 0.1582895 0.7294209 0.5321143 0.1883511 0.392 0.392 0.644 0.644
373 0.1865 0.1568416 0.7217512 0.5279953 0.1857713 0.378 0.378 0.621 0.621
374 0.187 0.155356 0.7139591 0.5237704 0.1831561 0.364 0.364 0.598 0.598
375 0.1875 0.153833 0.706047 0.5194411 0.1805061 0.35 0.35 0.575 0.575
376 0.188 0.1522731 0.6980173 0.5150091 0.1778218 0.336 0.336 0.552 0.552
377 0.1885 0.1506769 0.6898725 0.510476 0.1751038 0.322 0.322 0.529 0.529
378 0.189 0.1490447 0.6816148 0.5058433 0.1723528 0.308 0.308 0.506 0.506
379 0.1895 0.147377 0.6732466 0.5011126 0.1695693 0.294 0.294 0.483 0.483
380 0.19 0.1456744 0.6647702 0.4962855 0.1667538 0.28 0.28 0.46 0.46
381 0.1905 0.1439371 0.6561876 0.4913635 0.1639069 0.266 0.266 0.437 0.437
382 0.191 0.1421658 0.6475011 0.486348 0.161029 0.252 0.252 0.414 0.414
383 0.1915 0.1403607 0.6387127 0.4812407 0.1581208 0.238 0.238 0.391 0.391
384 0.192 0.1385223 0.6298245 0.4760428 0.1551827 0.224 0.224 0.368 0.368
385 0.1925 0.136651 0.6208385 0.4707559 0.1522151 0.21 0.21 0.345 0.345
386 0.193 0.1347474 0.6117566 0.4653814 0.1492187 0.196 0.196 0.322 0.322
387 0.1935 0.1328116 0.6025808 0.4599207 0.1461938 0.182 0.182 0.299 0.299
388 0.194 0.1308443 0.5933129 0.4543751 0.1431409 0.168 0.168 0.276 0.276
389 0.1945 0.1288457 0.5839548 0.4487461 0.1400605 0.154 0.154 0.253 0.253
390 0.195 0.1268164 0.5745082 0.4430351 0.136953 0.14 0.14 0.23 0.23
391 0.1955 0.1247566 0.564975 0.4372432 0.1338189 0.126 0.126 0.207 0.207
392 0.196 0.1226667 0.5553569 0.4313718 0.1306585 0.112 0.112 0.184 0.184
393 0.1965 0.1205472 0.5456554 0.4254223 0.1274723 0.098 0.098 0.161 0.161
394 0.197 0.1183985 0.5358724 0.4193959 0.1242607 0.084 0.084 0.138 0.138
395 0.1975 0.1162209 0.5260093 0.4132938 0.121024 0.07 0.07 0.115 0.115
396 0.198 0.1140147 0.5160678 0.4071173 0.1177628 0.056 0.056 0.092 0.092
397 0.1985 0.1117804 0.5060495 0.4008676 0.1144773 0.042 0.042 0.069 0.069
398 0.199 0.1095184 0.4959557 0.3945459 0.111168 0.028 0.028 0.046 0.046
399 0.1995 0.1072289 0.4857881 0.3881534 0.1078352 0.014 0.014 0.023 0.023
400 0.2 0.1049124 0.475548 0.3816912 0.1044792 0.00028 0.00028 0.00046 0.00046
401 0.2005 0.102674 0.465343 0.3753091 0.1012624 0.01428 0.01428 0.02346 0.02346
402 0.201 0.100724 0.4553649 0.3692278 0.0983911 0.02828 0.02828 0.04646 0.04646
403 0.2015 0.09900424 0.4456913 0.3634101 0.09577316 0.04228 0.04228 0.06946 0.06946
404 0.202 0.09743039 0.4363633 0.3578049 0.09335804 0.05628 0.05628 0.09246 0.09246
405 0.2025 0.09595474 0.4274042 0.3523848 0.0911263 0.07028 0.07028 0.11546 0.11546
406 0.203 0.09455461 0.4188283 0.3471385 0.08906786 0.08428 0.08428 0.13846 0.13846
407 0.2035 0.09321974 0.4106446 0.3420627 0.08717536 0.09828 0.09828 0.16146 0.16146
408 0.204 0.09194552 0.4028583 0.3371577 0.08544237 0.11228 0.11228 0.18446 0.18446
409 0.2045 0.09072982 0.3954723 0.3324246 0.083863 0.12628 0.12628 0.20746 0.20746
410 0.205 0.08957164 0.3884875 0.3278649 0.08243166 0.14028 0.14028 0.23046 0.23046
411 0.2055 0.08847043 0.3819033 0.3234803 0.08114311 0.15428 0.15428 0.25346 0.25346
412 0.206 0.08742586 0.3757175 0.319272 0.07999235 0.16828 0.16828 0.27646 0.27646
413 0.2065 0.0864377 0.3699272 0.3152409 0.07897465 0.18228 0.18228 0.29946 0.29946
414 0.207 0.08550576 0.3645284 0.3113879 0.07808551 0.19628 0.19628 0.32246 0.32246
415 0.2075 0.08462984 0.3595166 0.3077135 0.07732064 0.21028 0.21028 0.34546 0.34546
416 0.208 0.08380975 0.3548866 0.3042182 0.07667596 0.22428 0.22428 0.36846 0.36846
417 0.2085 0.0830453 0.3506329 0.3009019 0.07614761 0.23828 0.23828 0.39146 0.39146
418 0.209 0.08233628 0.3467495 0.2977648 0.07573189 0.25228 0.25228 0.41446 0.41446
419 0.2095 0.08168244 0.3432304 0.2948065 0.07542528 0.26628 0.26628 0.43746 0.43746
420 0.21 0.08108356 0.3400691 0.2920268 0.07522442 0.28028 0.28028 0.46046 0.46046
421 0.2105 0.08053938 0.3372593 0.2894252 0.07512611 0.29428 0.29428 0.48346 0.48346
422 0.211 0.08004962 0.3347942 0.2870011 0.07512729 0.30828 0.30828 0.50646 0.50646
423 0.2115 0.07961402 0.3326674 0.2847537 0.07522504 0.32228 0.32228 0.52946 0.52946
424 0.212 0.07923226 0.3308721 0.2826822 0.07541657 0.33628 0.33628 0.55246 0.55246
425 0.2125 0.07890405 0.3294018 0.2807856 0.07569921 0.35028 0.35028 0.57546 0.57546
426 0.213 0.07862907 0.3282499 0.2790631 0.0760704 0.36428 0.36428 0.59846 0.59846
427 0.2135 0.07840699 0.3274099 0.2775133 0.07652771 0.37828 0.37828 0.62146 0.62146
428 0.214 0.07823746 0.3268753 0.2761353 0.07706878 0.39228 0.39228 0.64446 0.64446
429 0.2145 0.07812014 0.3266397 0.2749277 0.07769137 0.40628 0.40628 0.66746 0.66746
430 0.215 0.07805468 0.3266968 0.2738893 0.07839332 0.42028 0.42028 0.69046 0.69046
431 0.2155 0.0780407 0.3270406 0.2730187 0.07917257 0.43428 0.43428 0.71346 0.71346
432 0.216 0.07807783 0.3276648 0.2723144 0.08002713 0.44828 0.44828 0.73646 0.73646
433 0.2165 0.07816569 0.3285635 0.271775 0.08095509 0.46228 0.46228 0.75946 0.75946
434 0.217 0.07830389 0.3297308 0.2713991 0.08195461 0.47628 0.47628 0.78246 0.78246
435 0.2175 0.07849204 0.331161 0.271185 0.08302393 0.49028 0.49028 0.80546 0.80546
436 0.218 0.07872974 0.3328485 0.2711313 0.08416135 0.50428 0.50428 0.82846 0.82846
437 0.2185 0.07901657 0.3347876 0.2712363 0.08536523 0.51828 0.51828 0.85146 0.85146
438 0.219 0.07935214 0.336973 0.2714983 0.08663399 0.53228 0.53228 0.87446 0.87446
439 0.2195 0.07973603 0.3393994 0.2719158 0.08796612 0.54628 0.54628 0.89746 0.89746
440 0.22 0.08016781 0.3420616 0.272487 0.08936014 0.56028 0.56028 0.92046 0.92046
441 0.2205 0.08064707 0.3449545 0.2732103 0.09081464 0.57428 0.57428 0.94346 0.94346
442 0.221 0.08117337 0.3480732 0.274084 0.09232825 0.58828 0.58828 0.96646 0.96646
443 0.2215 0.0817463 0.3514128 0.2751063 0.09389965 0.60228 0.60228 0.98946 0.98946
444 0.222 0.08236542 0.3549685 0.2762756 0.09552756 0.61628 0.61628 1.01246 1.01246
445 0.2225 0.08303029 0.3587357 0.27759 0.09721074 0.63028 0.63028 1.03546 1.03546
446 0.223 0.08374048 0.3627099 0.2790478 0.09894797 0.64428 0.64428 1.05846 1.05846
447 0.2235 0.08449534 0.3668863 0.2806472 0.1007376 0.65828 0.65828 1.08146 1.08146
448 0.224 0.08529429 0.3712605 0.2823865 0.1025785 0.67228 0.67228 1.10446 1.10446
449 0.2245 0.08613699 0.3758283 0.2842638 0.1044698 0.68628 0.68628 1.12746 1.12746
450 0.225 0.0870232 0.3805857 0.2862776 0.1064108 0.70028 0.70028 1.15046 1.15046
451 0.2255 0.08795263 0.3855288 0.2884259 0.1084006 0.71428 0.71428 1.17346 1.17346
452 0.226 0.0889249 0.3906537 0.2907073 0.1104382 0.72828 0.72828 1.19646 1.19646
453 0.2265 0.08993957 0.3959566 0.2931197 0.1125226 0.74228 0.74228 1.21946 1.21946
454 0.227 0.09099618 0.4014337 0.2956617 0.114653 0.75628 0.75628 1.24246 1.24246
455 0.2275 0.09209427 0.4070815 0.2983313 0.1168283 0.77028 0.77028 1.26546 1.26546
456 0.228 0.09323337 0.4128964 0.3011269 0.1190478 0.78428 0.78428 1.28846 1.28846
457 0.2285 0.09441301 0.4188747 0.3040467 0.1213104 0.79828 0.79828 1.31146 1.31146
458 0.229 0.09563276 0.4250131 0.307089 0.1236154 0.81228 0.81228 1.33446 1.33446
459 0.2295 0.09689215 0.4313082 0.3102522 0.125962 0.82628 0.82628 1.35746 1.35746
460 0.23 0.09819075 0.4377566 0.3135345 0.1283493 0.84028 0.84028 1.38046 1.38046
461 0.2305 0.09952812 0.4443552 0.3169342 0.1307766 0.85428 0.85428 1.40346 1.40346
462 0.231 0.1009038 0.4511007 0.3204496 0.133243 0.86828 0.86828 1.42646 1.42646
463 0.2315 0.1023174 0.4579901 0.3240792 0.1357479 0.88228 0.88228 1.44946 1.44946
464 0.232 0.103768 0.4650204 0.3278211 0.13829 0.89628 0.89628 1.47246 1.47246
465 0.2325 0.1052553 0.4721885 0.3316738 0.1408689 0.91028 0.91028 1.49546 1.49546
466 0.233 0.106779 0.4794917 0.3356356 0.1434835 0.92428 0.92428 1.51846 1.51846
467 0.2335 0.1083382 0.4869269 0.339705 0.1461238 0.93828 0.93828 1.54146 1.54146
468 0.234 0.1099314 0.4944912 0.34388 0.1487916 0.95228 0.95228 1.56446 1.56446
469 0.2345 0.1115443 0.5021805 0.3481566 0.1514714 0.96628 0.96628 1.58746 1.58746
470 0.235 0.1131808 0.5099926 0.352533 0.1541766 0.98028 0.98028 1.61046 1.61046
471 0.2355 0.1148549 0.5179255 0.3570112 0.1569212 0.99428 0.99428 1.63346 1.63346
472 0.236 0.1165711 0.5259638 0.361088 0.1597075 1.00828 1.00828 1.65646 1.65646
473 0.2365 0.1183271 0.5340846 0.3650272 0.1625341 1.02228 1.02228 1.67946 1.67946
474 0.237 0.1201215 0.5423 0.3693338 0.1653991 1.03628 1.03628 1.70246 1.70246
475 0.2375 0.1219531 0.5506248 0.3740139 0.1683009 1.05028 1.05028 1.72546 1.72546
476 0.238 0.1238203 0.5590678 0.3789757 0.1712377 1.06428 1.06428 1.74846 1.74846
477 0.2385 0.1257216 0.5676316 0.3841348 0.1742034 1.07828 1.07828 1.77146 1.77146
478 0.239 0.1276557 0.5763152 0.3894331 0.1772007 1.09228 1.09228 1.79446 1.79446
479 0.2395 0.1296149 0.5851134 0.3948334 0.1802094 1.10628 1.10628 1.81746 1.81746
480 0.24 0.1315733 0.5940204 0.4003097 0.1831973 1.12028 1.12028 1.84046 1.84046
481 0.2405 0.1335374 0.6030336 0.4058547 0.1862019 1.13428 1.13428 1.86346 1.86346
482 0.241 0.1355371 0.6121502 0.4114699 0.1892495 1.14828 1.14828 1.88646 1.88646
483 0.2415 0.1375848 0.6213671 0.4171557 0.1923435 1.16228 1.16228 1.90946 1.90946
484 0.242 0.1396798 0.6306813 0.4229116 0.1954808 1.17628 1.17628 1.93246 1.93246
485 0.2425 0.1418168 0.6400897 0.4287371 0.1986576 1.19028 1.19028 1.95546 1.95546
486 0.243 0.1439907 0.6495894 0.4346319 0.2018705 1.20428 1.20428 1.97846 1.97846
487 0.2435 0.1461976 0.659178 0.4405961 0.2051165 1.21828 1.21828 2.00146 2.00146
488 0.244 0.1484347 0.6688529 0.4466297 0.2083935 1.23228 1.23228 2.02446 2.02446
489 0.2445 0.1507001 0.6786119 0.4527326 0.2116993 1.24628 1.24628 2.04746 2.04746
490 0.245 0.1529926 0.6884529 0.4589048 0.2150325 1.26028 1.26028 2.07046 2.07046
491 0.2455 0.1553115 0.6983741 0.4651461 0.2183917 1.27428 1.27428 2.09346 2.09346
492 0.246 0.1576562 0.7083736 0.4714562 0.2217759 1.28828 1.28828 2.11646 2.11646
493 0.2465 0.1600264 0.7184497 0.4778345 0.2251841 1.30228 1.30228 2.13946 2.13946
494 0.247 0.1624218 0.7286009 0.4842805 0.2286155 1.31628 1.31628 2.16246 2.16246
495 0.2475 0.1648422 0.7388256 0.4907936 0.2320694 1.33028 1.33028 2.18546 2.18546
496 0.248 0.1672872 0.7491223 0.497373 0.2355453 1.34428 1.34428 2.20846 2.20846
497 0.2485 0.1697448 0.7594893 0.503998 0.239032 1.35828 1.35828 2.23146 2.23146
498 0.249 0.1721196 0.7699229 0.5106506 0.2425122 1.37228 1.37228 2.25446 2.25446
499 0.2495 0.1743618 0.7804173 0.5173724 0.2459831 1.38628 1.38628 2.27746 2.27746
500 0.25 0.176684 0.7909737 0.5241728 0.2494613 1.4 1.4 2.3 2.3
501 0.2505 0.1790243 0.8014884 0.5309028 0.2528089 1.386 1.386 2.277 2.277
502 0.251 0.1811549 0.811772 0.5373384 0.2558249 1.372 1.372 2.254 2.254
503 0.2515 0.1831057 0.8217481 0.5435126 0.2586001 1.358 1.358 2.231 2.231
504 0.252 0.1849371 0.8313759 0.5494729 0.2611819 1.344 1.344 2.208 2.208
505 0.2525 0.1866801 0.8406319 0.5552444 0.2635868 1.33 1.33 2.185 2.185
506 0.253 0.1883473 0.8495019 0.5608368 0.2658227 1.316 1.316 2.162 2.162
507 0.2535 0.1899435 0.8579766 0.5662527 0.2678951 1.302 1.302 2.139 2.139
508 0.254 0.1914706 0.8660503 0.5714917 0.2698092 1.288 1.288 2.116 2.116
509 0.2545 0.1929188 0.8737199 0.5765503 0.2715501 1.274 1.274 2.093 2.093
510 0.255 0.1942738 0.8809839 0.5814225 0.2731112 1.26 1.26 2.07 2.07
511 0.2555 0.1955587 0.8878426 0.5861122 0.2745288 1.246 1.246 2.047 2.047
512 0.256 0.1967892 0.8942982 0.590622 0.2758178 1.232 1.232 2.024 2.024
513 0.2565 0.1979689 0.900354 0.5949519 0.2769829 1.218 1.218 2.001 2.001
514 0.257 0.1990959 0.9060139 0.5991007 0.2780255 1.204 1.204 1.978 1.978
515 0.2575 0.2001678 0.9112828 0.6030672 0.2789476 1.19 1.19 1.955 1.955
516 0.258 0.2011828 0.9161658 0.6068507 0.2797522 1.176 1.176 1.932 1.932
517 0.2585 0.20214 0.9206687 0.6104507 0.2804422 1.162 1.162 1.909 1.909
518 0.259 0.2030388 0.9247973 0.6138671 0.2810202 1.148 1.148 1.886 1.886
519 0.2595 0.2038792 0.9285581 0.6171003 0.2814891 1.134 1.134 1.863 1.863
520 0.26 0.2046613 0.9319572 0.6201504 0.2818516 1.12 1.12 1.84 1.84
521 0.2605 0.2053853 0.9349988 0.6230173 0.2821103 1.106 1.106 1.817 1.817
522 0.261 0.2060486 0.9376885 0.6257006 0.2822619 1.092 1.092 1.794 1.794
523 0.2615 0.2066303 0.9400314 0.6281963 0.2822797 1.078 1.078 1.771 1.771
524 0.262 0.2071431 0.9420373 0.6305079 0.282193 1.064 1.064 1.748 1.748
525 0.2625 0.2076063 0.9437153 0.6326419 0.2820217 1.05 1.05 1.725 1.725
526 0.263 0.2080256 0.9450732 0.6346013 0.2817706 1.036 1.036 1.702 1.702
527 0.2635 0.2083999 0.9461179 0.6363869 0.2814402 1.022 1.022 1.679 1.679
528 0.264 0.2087219 0.9468554 0.6379909 0.281028 1.008 1.008 1.656 1.656
529 0.2645 0.2089603 0.947288 0.6393691 0.2805225 0.994 0.994 1.633 1.633
530 0.265 0.2091431 0.9474214 0.6405746 0.2799399 0.98 0.98 1.61 1.61
531 0.2655 0.2092871 0.9472643 0.6416327 0.279285 0.966 0.966 1.587 1.587
532 0.266 0.2093918 0.9468246 0.6425422 0.2785575 0.952 0.952 1.564 1.564
533 0.2665 0.2094528 0.9461092 0.6432973 0.2777585 0.938 0.938 1.541 1.541
534 0.267 0.2094665 0.9451244 0.6438932 0.2768891 0.924 0.924 1.518 1.518
535 0.2675 0.2094307 0.9438759 0.6443276 0.2759506 0.91 0.91 1.495 1.495
536 0.268 0.2093442 0.9423691 0.6445996 0.274944 0.896 0.896 1.472 1.472
537 0.2685 0.2092063 0.9406095 0.6447095 0.2738706 0.882 0.882 1.449 1.449
538 0.269 0.2090171 0.9386021 0.6446585 0.2727315 0.868 0.868 1.426 1.426
539 0.2695 0.2087768 0.936352 0.6444478 0.2715279 0.854 0.854 1.403 1.403
540 0.27 0.2084859 0.9338642 0.6440793 0.2702611 0.84 0.84 1.38 1.38
541 0.2705 0.2081446 0.9311436 0.6435548 0.2689321 0.826 0.826 1.357 1.357
542 0.271 0.2077535 0.9281951 0.6428761 0.267542 0.812 0.812 1.334 1.334
543 0.2715 0.2073058 0.9250232 0.6420318 0.266092 0.798 0.798 1.311 1.311
544 0.272 0.20678 0.9216305 0.6409923 0.2645812 0.784 0.784 1.288 1.288
545 0.2725 0.2062077 0.9180215 0.6398112 0.2630127 0.77 0.77 1.265 1.265
546 0.273 0.2056021 0.914202 0.6385058 0.2613888 0.756 0.756 1.242 1.242
547 0.2735 0.2049622 0.9101775 0.6370738 0.2597108 0.742 0.742 1.219 1.219
548 0.274 0.2042728 0.9059488 0.635506 0.2579508 0.728 0.728 1.196 1.196
549 0.2745 0.2035222 0.9015189 0.6337951 0.2561144 0.714 0.714 1.173 1.173
550 0.275 0.2027285 0.8968958 0.6319473 0.2542333 0.7 0.7 1.15 1.15
551 0.2755 0.2019004 0.8920858 0.6299662 0.2523141 0.686 0.686 1.127 1.127
552 0.276 0.2010381 0.8870938 0.6278526 0.2503566 0.672 0.672 1.104 1.104
553 0.2765 0.2001391 0.8819243 0.625607 0.2483593 0.658 0.658 1.081 1.081
554 0.277 0.1992006 0.8765808 0.62323 0.246321 0.644 0.644 1.058 1.058
555 0.2775 0.1982211 0.8710668 0.6207229 0.2442412 0.63 0.63 1.035 1.035
556 0.278 0.1971996 0.8653856 0.6180869 0.2421193 0.616 0.616 1.012 1.012
557 0.2785 0.1961358 0.8595404 0.6153238 0.2399554 0.602 0.602 0.989 0.989
558 0.279 0.1950297 0.8535344 0.6124353 0.2377496 0.588 0.588 0.966 0.966
559 0.2795 0.1938818 0.8473708 0.6094231 0.2355021 0.574 0.574 0.943 0.943
560 0.28 0.1926925 0.8410525 0.6062891 0.2332136 0.56 0.56 0.92 0.92
561 0.2805 0.1914623 0.8345828 0.6030351 0.2308843 0.546 0.546 0.897 0.897
562 0.281 0.1901918 0.8279646 0.5996629 0.2285149 0.532 0.532 0.874 0.874
563 0.2815 0.1888815 0.821201 0.5961742 0.226106 0.518 0.518 0.851 0.851
564 0.282 0.187532 0.8142949 0.5925707 0.2236582 0.504 0.504 0.828 0.828
565 0.2825 0.1861438 0.8072493 0.5888542 0.2211721 0.49 0.49 0.805 0.805
566 0.283 0.1847174 0.8000669 0.5850264 0.2186483 0.476 0.476 0.782 0.782
567 0.2835 0.1832533 0.7927507 0.5810889 0.2160875 0.462 0.462 0.759 0.759
568 0.284 0.1817521 0.7853033 0.5770434 0.2134902 0.448 0.448 0.736 0.736
569 0.2845 0.180214 0.7777275 0.5728915 0.2108572 0.434 0.434 0.713 0.713
570 0.285 0.1786398 0.7700258 0.5686349 0.2081891 0.42 0.42 0.69 0.69
571 0.2855 0.1770297 0.762201 0.564275 0.2054864 0.406 0.406 0.667 0.667
572 0.286 0.1753842 0.7542555 0.5598135 0.2027498 0.392 0.392 0.644 0.644
573 0.2865 0.1737037 0.7461918 0.5552519 0.1999798 0.378 0.378 0.621 0.621
574 0.287 0.1719888 0.7380124 0.5505917 0.197177 0.364 0.364 0.598 0.598
575 0.2875 0.1702398 0.7297195 0.5458345 0.1943421 0.35 0.35 0.575 0.575
576 0.288 0.1684571 0.7213156 0.5409817 0.1914754 0.336 0.336 0.552 0.552
577 0.2885 0.1666411 0.7128029 0.5360349 0.1885777 0.322 0.322 0.529 0.529
578 0.289 0.1647923 0.7041836 0.5309954 0.1856493 0.308 0.308 0.506 0.506
579 0.2895 0.162911 0.6954599 0.5258648 0.1826909 0.294 0.294 0.483 0.483
580 0.29 0.1609977 0.686634 0.5206444 0.179703 0.28 0.28 0.46 0.46
581 0.2905 0.1590527 0.6777078 0.5153357 0.176686 0.266 0.266 0.437 0.437
582 0.291 0.1570765 0.6686835 0.5099399 0.1736404 0.252 0.252 0.414 0.414
583 0.2915 0.1550694 0.6595629 0.5044586 0.1705667 0.238 0.238 0.391 0.391
584 0.292 0.1530318 0.6503482 0.4988931 0.1674654 0.224 0.224 0.368 0.368
585 0.2925 0.1509641 0.6410411 0.4932446 0.1643369 0.21 0.21 0.345 0.345
586 0.293 0.1488667 0.6316435 0.4875145 0.1611817 0.196 0.196 0.322 0.322
587 0.2935 0.1467399 0.6221573 0.4817042 0.1580003 0.182 0.182 0.299 0.299
588 0.294 0.1445841 0.6125842 0.4758148 0.1547929 0.168 0.168 0.276 0.276
589 0.2945 0.1423998 0.602926 0.4698477 0.1515601 0.154 0.154 0.253 0.253
590 0.295 0.1401871 0.5931843 0.4638041 0.1483023 0.14 0.14 0.23 0.23
591 0.2955 0.1379466 0.5833609 0.4576852 0.1450199 0.126 0.126 0.207 0.207
592 0.296 0.1356785 0.5734574 0.4514923 0.1417132 0.112 0.112 0.184 0.184
593 0.2965 0.1333832 0.5634753 0.4452265 0.1383827 0.098 0.098 0.161 0.161
594 0.297 0.1310611 0.5534163 0.4388891 0.1350287 0.084 0.084 0.138 0.138
595 0.2975 0.1287125 0.5432818 0.4324811 0.1316517 0.07 0.07 0.115 0.115
596 0.298 0.1263378 0.5330734 0.4260037 0.1282519 0.056 0.056 0.092 0.092
597 0.2985 0.1239372 0.5227926 0.4194582 0.1248297 0.042 0.042 0.069 0.069
598 0.299 0.1215111 0.5124406 0.4128455 0.1213855 0.028 0.028 0.046 0.046
599 0.2995 0.1190599 0.5020191 0.4061667 0.1179197 0.014 0.014 0.023 0.023
600 0.3 0.1165838 0.4915292 0.399423 0.1144325 0.00028 0.00028 0.00046 0.00046
601 0.3005 0.1141881 0.4810786 0.392764 0.1110861 0.01428 0.01428 0.02346 0.02346
602 0.301 0.1120829 0.4708589 0.3864104 0.108087 0.02828 0.02828 0.04646 0.04646
603 0.3015 0.1102101 0.4609476 0.3803249 0.105343 0.04228 0.04228 0.06946 0.06946
604 0.302 0.1084853 0.4513858 0.3744562 0.1028035 0.05628 0.05628 0.09246 0.09246
605 0.3025 0.1068608 0.4421969 0.3687769 0.100449 0.07028 0.07028 0.11546 0.11546
606 0.303 0.1053139 0.4333948 0.3632757 0.09826951 0.08428 0.08428 0.13846 0.13846
607 0.3035 0.1038342 0.4249885 0.3579492 0.09625752 0.09828 0.09828 0.16146 0.16146
608 0.304 0.1024171 0.4169833 0.3527975 0.09440664 0.11228 0.11228 0.18446 0.18446
609 0.3045 0.1010606 0.409382 0.3478217 0.09271094 0.12628 0.12628 0.20746 0.20746
610 0.305 0.09976347 0.4021855 0.3430235 0.09116482 0.14028 0.14028 0.23046 0.23046
611 0.3055 0.09852524 0.3953928 0.3384041 0.08976301 0.15428 0.15428 0.25346 0.25346
612 0.306 0.09734552 0.389002 0.3339648 0.0885005 0.16828 0.16828 0.27646 0.27646
613 0.3065 0.09622407 0.38301 0.3297065 0.08737253 0.18228 0.18228 0.29946 0.29946
614 0.307 0.09516066 0.3774128 0.32563 0.08637457 0.19628 0.19628 0.32246 0.32246
615 0.3075 0.09415508 0.3722057 0.3217358 0.08550232 0.21028 0.21028 0.34546 0.34546
616 0.308 0.0932071 0.3673837 0.3180241 0.0847517 0.22428 0.22428 0.36846 0.36846
617 0.3085 0.09231651 0.362941 0.3144951 0.0841188 0.23828 0.23828 0.39146 0.39146
618 0.309 0.09148307 0.3588717 0.3111486 0.08359991 0.25228 0.25228 0.41446 0.41446
619 0.3095 0.09070653 0.3551696 0.3079845 0.08319149 0.26628 0.26628 0.43746 0.43746
620 0.31 0.08998661 0.3518283 0.3050022 0.08289017 0.28028 0.28028 0.46046 0.46046
621 0.3105 0.08932305 0.3488413 0.3022012 0.08269272 0.29428 0.29428 0.48346 0.48346
622 0.311 0.08871556 0.346202 0.2995809 0.08259607 0.30828 0.30828 0.50646 0.50646
623 0.3115 0.08816381 0.3439036 0.2971406 0.08259728 0.32228 0.32228 0.52946 0.52946
624 0.312 0.08766751 0.3419396 0.2948792 0.08269355 0.33628 0.33628 0.55246 0.55246
625 0.3125 0.08722632 0.3403032 0.2927959 0.08288217 0.35028 0.35028 0.57546 0.57546
626 0.313 0.08683989 0.3389878 0.2908896 0.08316059 0.36428 0.36428 0.59846 0.59846
627 0.3135 0.08650789 0.337987 0.2891591 0.08352634 0.37828 0.37828 0.62146 0.62146
628 0.314 0.08622994 0.3372941 0.2876031 0.08397706 0.39228 0.39228 0.64446 0.64446
629 0.3145 0.08600568 0.3369027 0.2862205 0.08451049 0.40628 0.40628 0.66746 0.66746
630 0.315 0.08583473 0.3368066 0.2850098 0.08512445 0.42028 0.42028 0.69046 0.69046
631 0.3155 0.08571671 0.3369994 0.2839697 0.08581686 0.43428 0.43428 0.71346 0.71346
632 0.316 0.08565122 0.3374752 0.2830986 0.08658572 0.44828 0.44828 0.73646 0.73646
633 0.3165 0.08563785 0.3382277 0.2823952 0.0874291 0.46228 0.46228 0.75946 0.75946
634 0.317 0.0856762 0.3392512 0.2818578 0.08834516 0.47628 0.47628 0.78246 0.78246
635 0.3175 0.08576586 0.3405398 0.2814848 0.0893321 0.49028 0.49028 0.80546 0.80546
636 0.318 0.08590641 0.3420879 0.2812747 0.09038823 0.50428 0.50428 0.82846 0.82846
637 0.3185 0.08609742 0.3438899 0.2812258 0.09151188 0.51828 0.51828 0.85146 0.85146
638 0.319 0.08633847 0.3459403 0.2813365 0.09270147 0.53228 0.53228 0.87446 0.87446
639 0.3195 0.08662912 0.3482339 0.2816049 0.09395545 0.54628 0.54628 0.89746 0.89746
640 0.32 0.08696894 0.3507653 0.2820296 0.09527236 0.56028 0.56028 0.92046 0.92046
641 0.3205 0.08735748 0.3535295 0.2826086 0.09665075 0.57428 0.57428 0.94346 0.94346
642 0.321 0.0877943 0.3565214 0.2833402 0.09808924 0.58828 0.58828 0.96646 0.96646
643 0.3215 0.08827896 0.3597362 0.2842228 0.09958651 0.60228 0.60228 0.98946 0.98946
644 0.322 0.08881101 0.3631692 0.2852545 0.1011413 0.61628 0.61628 1.01246 1.01246
645 0.3225 0.08939 0.3668155 0.2864336 0.1027522 0.63028 0.63028 1.03546 1.03546
646 0.323 0.09001548 0.3706708 0.2877582 0.1044182 0.64428 0.64428 1.05846 1.05846
647 0.3235 0.09068699 0.3747304 0.2892266 0.1061381 0.65828 0.65828 1.08146 1.08146
648 0.324 0.09140409 0.37899 0.290837 0.1079106 0.67228 0.67228 1.10446 1.10446
649 0.3245 0.09216631 0.3834454 0.2925876 0.1097348 0.68628 0.68628 1.12746 1.12746
650 0.325 0.0929732 0.3880924 0.2944766 0.1116096 0.70028 0.70028 1.15046 1.15046
651 0.3255 0.09382431 0.3929269 0.2965023 0.1135338 0.71428 0.71428 1.17346 1.17346
652 0.326 0.09471918 0.3979449 0.2986628 0.1155066 0.72828 0.72828 1.19646 1.19646
653 0.3265 0.09565727 0.4031426 0.3009563 0.1175268 0.74228 0.74228 1.21946 1.21946
654 0.327 0.09663785 0.408516 0.303381 0.1195932 0.75628 0.75628 1.24246 1.24246
655 0.3275 0.09766052 0.4140615 0.3059353 0.121705 0.77028 0.77028 1.26546 1.26546
656 0.328 0.09872508 0.4197755 0.3086172 0.1238616 0.78428 0.78428 1.28846 1.28846
657 0.3285 0.09983126 0.4256543 0.3114252 0.1260622 0.79828 0.79828 1.31146 1.31146
658 0.329 0.1009786 0.4316946 0.3143574 0.128306 0.81228 0.81228 1.33446 1.33446
659 0.3295 0.1021668 0.4378929 0.3174122 0.1305921 0.82628 0.82628 1.35746 1.35746
660 0.33 0.1033951 0.4442412 0.3203296 0.1329199 0.84028 0.84028 1.38046 1.38046
661 0.3305 0.1046618 0.4507126 0.3229442 0.1352883 0.85428 0.85428 1.40346 1.40346
662 0.331 0.1059664 0.4573099 0.3258642 0.1376968 0.86828 0.86828 1.42646 1.42646
663 0.3315 0.1073101 0.4640459 0.329162 0.1401445 0.88228 0.88228 1.44946 1.44946
664 0.332 0.1086929 0.4709289 0.3327633 0.1426308 0.89628 0.89628 1.47246 1.47246
665 0.3325 0.1101145 0.4779616 0.3365875 0.1451549 0.91028 0.91028 1.49546 1.49546
666 0.333 0.1115742 0.4851429 0.340576 0.147716 0.92428 0.92428 1.51846 1.51846
667 0.3335 0.1130656 0.4924686 0.3446911 0.1503029 0.93828 0.93828 1.54146 1.54146
668 0.334 0.1145765 0.4999336 0.3489089 0.1529037 0.95228 0.95228 1.56446 1.56446
669 0.3345 0.1161199 0.5075342 0.3532204 0.1555342 0.96628 0.96628 1.58746 1.58746
670 0.335 0.1177048 0.5152659 0.3576223 0.1582005 0.98028 0.98028 1.61046 1.61046
671 0.3355 0.1193298 0.5231236 0.3621109 0.1608904 0.99428 0.99428 1.63346 1.63346
672 0.336 0.1209932 0.5311045 0.3666859 0.1636166 1.00828 1.00828 1.65646 1.65646
673 0.3365 0.1226946 0.5392056 0.3713489 0.1663844 1.02228 1.02228 1.67946 1.67946
674 0.337 0.1244201 0.547424 0.3760989 0.1691825 1.03628 1.03628 1.70246 1.70246
675 0.3375 0.1261735 0.5557567 0.3809361 0.1720169 1.05028 1.05028 1.72546 1.72546
676 0.338 0.1279657 0.5642007 0.3858615 0.1748911 1.06428 1.06428 1.74846 1.74846
677 0.3385 0.1297995 0.5727535 0.3908751 0.1778039 1.07828 1.07828 1.77146 1.77146
678 0.339 0.131673 0.5814125 0.3959766 0.1807532 1.09228 1.09228 1.79446 1.79446
679 0.3395 0.1335835 0.5901754 0.401165 0.1837372 1.10628 1.10628 1.81746 1.81746
680 0.34 0.1355284 0.5990399 0.4064395 0.186754 1.12028 1.12028 1.84046 1.84046
681 0.3405 0.1375061 0.6080037 0.4117992 0.1898022 1.13428 1.13428 1.86346 1.86346
682 0.341 0.1395151 0.6170649 0.4172431 0.1928807 1.14828 1.14828 1.88646 1.88646
683 0.3415 0.1415545 0.6262212 0.4227703 0.1959883 1.16228 1.16228 1.90946 1.90946
684 0.342 0.1436238 0.635471 0.4283797 0.1991241 1.17628 1.17628 1.93246 1.93246
685 0.3425 0.1457223 0.6448121 0.4340703 0.2022873 1.19028 1.19028 1.95546 1.95546
686 0.343 0.1478497 0.6542428 0.439841 0.2054773 1.20428 1.20428 1.97846 1.97846
687 0.3435 0.1500056 0.6637613 0.4456906 0.2086934 1.21828 1.21828 2.00146 2.00146
688 0.344 0.1521898 0.6733658 0.4516181 0.211935 1.23228 1.23228 2.02446 2.02446
689 0.3445 0.1544019 0.6830547 0.4576223 0.2152016 1.24628 1.24628 2.04746 2.04746
690 0.345 0.1566416 0.6928263 0.463702 0.2184925 1.26028 1.26028 2.07046 2.07046
691 0.3455 0.1589084 0.702679 0.4698562 0.2218074 1.27428 1.27428 2.09346 2.09346
692 0.346 0.1612022 0.7126111 0.4760836 0.2251459 1.28828 1.28828 2.11646 2.11646
693 0.3465 0.1635059 0.7226193 0.4823561 0.2284869 1.30228 1.30228 2.13946 2.13946
694 0.347 0.1658065 0.7326961 0.4886678 0.2317969 1.31628 1.31628 2.16246 2.16246
695 0.3475 0.1681301 0.7428435 0.495059 0.235121 1.33028 1.33028 2.18546 2.18546
696 0.348 0.1704905 0.7530635 0.5015385 0.2384814 1.34428 1.34428 2.20846 2.20846
697 0.3485 0.1728903 0.7633566 0.5081022 0.2418807 1.35828 1.35828 2.23146 2.23146
698 0.349 0.1753269 0.7737224 0.5147433 0.2453163 1.37228 1.37228 2.25446 2.25446
699 0.3495 0.1777966 0.7841599 0.5214562 0.2487847 1.38628 1.38628 2.27746 2.27746
700 0.35 0.1802959 0.7946675 0.5282366 0.2522831 1.4 1.4 2.3 2.3
701 0.3505 0.1827176 0.8051376 0.5349329 0.2556472 1.386 1.386 2.277 2.277
702 0.351 0.1848499 0.815378 0.5413234 0.2586691 1.372 1.372 2.254 2.254
703 0.3515 0.1867502 0.8253108 0.5474449 0.2614395 1.358 1.358 2.231 2.231
704 0.352 0.1885022 0.8348949 0.5533484 0.264008 1.344 1.344 2.208 2.208
705 0.3525 0.1901451 0.8441065 0.5590595 0.2663778 1.33 1.33 2.185 2.185
706 0.353 0.1916819 0.852931 0.5645844 0.268539 1.316 1.316 2.162 2.162
707 0.3535 0.1931433 0.8613589 0.569931 0.2705308 1.302 1.302 2.139 2.139
708 0.354 0.1945507 0.869385 0.5751038 0.2723723 1.288 1.288 2.116 2.116
709 0.3545 0.1959097 0.8770067 0.5801026 0.2740696 1.274 1.274 2.093 2.093
710 0.355 0.1972189 0.8842233 0.5849254 0.2756256 1.26 1.26 2.07 2.07
711 0.3555 0.1984757 0.8910357 0.5895703 0.2770433 1.246 1.246 2.047 2.047
712 0.356 0.1996778 0.897446 0.5940353 0.2783268 1.232 1.232 2.024 2.024
713 0.3565 0.2008236 0.9034574 0.5983194 0.2794794 1.218 1.218 2.001 2.001
714 0.357 0.2019124 0.9090738 0.6024214 0.2805048 1.204 1.204 1.978 1.978
715 0.3575 0.2029435 0.9142976 0.6063401 0.2814064 1.19 1.19 1.955 1.955
716 0.358 0.2039146 0.919133 0.6100743 0.2821832 1.176 1.176 1.932 1.932
717 0.3585 0.2048037 0.9235839 0.613619 0.2828066 1.162 1.162 1.909 1.909
718 0.359 0.2056206 0.927659 0.6169759 0.2833047 1.148 1.148 1.886 1.886
719 0.3595 0.206386 0.931367 0.6201514 0.2837006 1.134 1.134 1.863 1.863
720 0.36 0.2071065 0.9347156 0.6231478 0.2840003 1.12 1.12 1.84 1.84
721 0.3605 0.207781 0.9377115 0.6259657 0.2842053 1.106 1.106 1.817 1.817
722 0.361 0.2083925 0.9403602 0.6285796 0.2843085 1.092 1.092 1.794 1.794
723 0.3615 0.2089237 0.9426641 0.6309723 0.2843083 1.078 1.078 1.771 1.771
724 0.362 0.2094071 0.9446312 0.6331993 0.2842198 1.064 1.064 1.748 1.748
725 0.3625 0.2098511 0.9462703 0.6352725 0.2840454 1.05 1.05 1.725 1.725
726 0.363 0.2102526 0.9475897 0.6371874 0.2837854 1.036 1.036 1.702 1.702
727 0.3635 0.210607 0.9485965 0.6389378 0.2834412 1.022 1.022 1.679 1.679
728 0.364 0.2109111 0.9492973 0.6405195 0.2830145 1.008 1.008 1.656 1.656
729 0.3645 0.2111629 0.9496985 0.6419304 0.2825072 0.994 0.994 1.633 1.633
730 0.365 0.2113615 0.9498061 0.6431698 0.2819208 0.98 0.98 1.61 1.61
731 0.3655 0.2115064 0.949626 0.644238 0.2812568 0.966 0.966 1.587 1.587
732 0.366 0.2115977 0.9491641 0.6451361 0.2805163 0.952 0.952 1.564 1.564
733 0.3665 0.2116189 0.9484212 0.6458594 0.2796636 0.938 0.938 1.541 1.541
734 0.367 0.2115664 0.9474026 0.6464074 0.2787162 0.924 0.924 1.518 1.518
735 0.3675 0.2114632 0.9461173 0.6467904 0.2777058 0.91 0.91 1.495 1.495
736 0.368 0.2113194 0.9445732 0.6470133 0.2766388 0.896 0.896 1.472 1.472
737 0.3685 0.2111253 0.9427763 0.6470595 0.2755149 0.882 0.882 1.449 1.449
738 0.369 0.2108601 0.9407303 0.6469059 0.2743287 0.868 0.868 1.426 1.426
739 0.3695 0.2105534 0.9384405 0.6466057 0.2730724 0.854 0.854 1.403 1.403
740 0.37 0.2102135 0.935913 0.6461724 0.2717588 0.84 0.84 1.38 1.38
741 0.3705 0.2098377 0.9331538 0.6456025 0.2703908 0.826 0.826 1.357 1.357
742 0.371 0.2094217 0.9301683 0.6448906 0.2689685 0.812 0.812 1.334 1.334
743 0.3715 0.2089622 0.9269615 0.6440331 0.2674917 0.798 0.798 1.311 1.311
744 0.372 0.2084569 0.9235381 0.6430285 0.2659603 0.784 0.784 1.288 1.288
745 0.3725 0.2079048 0.9199026 0.6418767 0.2643749 0.77 0.77 1.265 1.265
746 0.373 0.2073047 0.9160593 0.6405785 0.2627357 0.756 0.756 1.242 1.242
747 0.3735 0.2066557 0.9120124 0.6391353 0.2610433 0.742 0.742 1.219 1.219
748 0.374 0.2059591 0.907766 0.6375486 0.2592985 0.728 0.728 1.196 1.196
749 0.3745 0.2052164 0.9033244 0.6358205 0.2575021 0.714 0.714 1.173 1.173
750 0.375 0.2044286 0.8986914 0.6339528 0.2556552 0.7 0.7 1.15 1.15
751 0.3755 0.2035965 0.8938711 0.6319475 0.2537584 0.686 0.686 1.127 1.127
752 0.376 0.2027206 0.8888674 0.6298065 0.2518129 0.672 0.672 1.104 1.104
753 0.3765 0.2018013 0.8836841 0.6275317 0.2498174 0.658 0.658 1.081 1.081
754 0.377 0.2008382 0.8783249 0.625125 0.2477594 0.644 0.644 1.058 1.058
755 0.3775 0.1998315 0.8727934 0.6225881 0.2456495 0.63 0.63 1.035 1.035
756 0.378 0.198782 0.8670933 0.6199229 0.2434954 0.616 0.616 1.012 1.012
757 0.3785 0.1976906 0.8612281 0.6171314 0.2412995 0.602 0.602 0.989 0.989
758 0.379 0.196558 0.8552012 0.6142153 0.2390628 0.588 0.588 0.966 0.966
759 0.3795 0.1953847 0.8490161 0.6111764 0.2367859 0.574 0.574 0.943 0.943
760 0.38 0.1941712 0.8426761 0.6080164 0.2344695 0.56 0.56 0.92 0.92
761 0.3805 0.1929179 0.8361845 0.6047372 0.2321142 0.546 0.546 0.897 0.897
762 0.381 0.1916251 0.829541 0.6013403 0.2297203 0.532 0.532 0.874 0.874
763 0.3815 0.1902934 0.8227495 0.5978273 0.2272885 0.518 0.518 0.851 0.851
764 0.382 0.1889231 0.8158153 0.5942 0.2248194 0.504 0.504 0.828 0.828
765 0.3825 0.1875147 0.8087422 0.5904601 0.2223133 0.49 0.49 0.805 0.805
766 0.383 0.1860687 0.8015337 0.5866093 0.219771 0.476 0.476 0.782 0.782
767 0.3835 0.1845855 0.7941927 0.5826494 0.2171928 0.462 0.462 0.759 0.759
768 0.384 0.1830655 0.7867218 0.5785818 0.2145793 0.448 0.448 0.736 0.736
769 0.3845 0.1814919 0.7790988 0.5734771 0.2119219 0.434 0.434 0.713 0.713
770 0.385 0.1798596 0.7712946 0.5680174 0.2092235 0.42 0.42 0.69 0.69
771 0.3855 0.1781983 0.7633377 0.5629396 0.2064943 0.406 0.406 0.667 0.667
772 0.386 0.1765159 0.7552592 0.5582166 0.2037353 0.392 0.392 0.644 0.644
773 0.3865 0.1748108 0.7470785 0.5536856 0.2009464 0.378 0.378 0.621 0.621
774 0.387 0.1730794 0.7388049 0.5492083 0.1981274 0.364 0.364 0.598 0.598
775 0.3875 0.1713184 0.7304417 0.5446951 0.1952782 0.35 0.35 0.575 0.575
776 0.388 0.1695261 0.7219887 0.5400955 0.1923989 0.336 0.336 0.552 0.552
777 0.3885 0.1677012 0.7134444 0.5353842 0.1894896 0.322 0.322 0.529 0.529
778 0.389 0.1658435 0.7048073 0.5305513 0.1865507 0.308 0.308 0.506 0.506
779 0.3895 0.1639528 0.6960758 0.5255955 0.1835823 0.294 0.294 0.483 0.483
780 0.39 0.1620296 0.6872491 0.5205195 0.1805848 0.28 0.28 0.46 0.46
781 0.3905 0.1600741 0.6783269 0.5153282 0.1775587 0.266 0.266 0.437 0.437
782 0.391 0.1580869 0.6693094 0.5100268 0.1745042 0.252 0.252 0.414 0.414
783 0.3915 0.1560685 0.6601971 0.5046207 0.1714218 0.238 0.238 0.391 0.391
784 0.392 0.1540192 0.6509911 0.4991147 0.168312 0.224 0.224 0.368 0.368
785 0.3925 0.1519396 0.6416924 0.4935132 0.1651751 0.21 0.21 0.345 0.345
786 0.393 0.1498302 0.6323026 0.4878201 0.1620115 0.196 0.196 0.322 0.322
787 0.3935 0.1476913 0.6228231 0.4820386 0.1588217 0.182 0.182 0.299 0.299
788 0.394 0.1455234 0.6132556 0.4761718 0.1556061 0.168 0.168 0.276 0.276
789 0.3945 0.143327 0.6036018 0.4702223 0.152365 0.154 0.154 0.253 0.253
790 0.395 0.1411023 0.5938634 0.4641923 0.149099 0.14 0.14 0.23 0.23
791 0.3955 0.1388498 0.584042 0.4580839 0.1458083 0.126 0.126 0.207 0.207
792 0.396 0.1365699 0.5741394 0.451899 0.1424934 0.112 0.112 0.184 0.184
793 0.3965 0.1342629 0.5641573 0.4456394 0.1391547 0.098 0.098 0.161 0.161
794 0.397 0.1319291 0.5540973 0.4393065 0.1357925 0.084 0.084 0.138 0.138
795 0.3975 0.1295691 0.5439611 0.4329018 0.1324072 0.07 0.07 0.115 0.115
796 0.398 0.127183 0.5337502 0.4264269 0.1289993 0.056 0.056 0.092 0.092
797 0.3985 0.1247712 0.5234661 0.4198829 0.125569 0.042 0.042 0.069 0.069
798 0.399 0.1223341 0.5131105 0.4132711 0.1221166 0.028 0.028 0.046 0.046
799 0.3995 0.1198719 0.5026848 0.4065928 0.1186427 0.014 0.014 0.023 0.023
800 0.4 0.1173851 0.4921903 0.3998491 0.1151474 0.0 0.0 0.0 0.0
801 0.4005 0.1149263 0.4816817 0.3931154 0.1117121 0.0 0.0 0.0 0.0
802 0.401 0.1126009 0.4712554 0.3865028 0.1084401 0.0 0.0 0.0 0.0
803 0.4015 0.1103799 0.4609509 0.379993 0.1052855 0.0 0.0 0.0 0.0
804 0.402 0.1082212 0.4507895 0.3735611 0.1022231 0.0 0.0 0.0 0.0
805 0.4025 0.1061012 0.4407833 0.3671938 0.0992435 0.0 0.0 0.0 0.0
806 0.403 0.1040087 0.4309402 0.3608859 0.09634165 0.0 0.0 0.0 0.0
807 0.4035 0.1019385 0.4212651 0.3546364 0.09351405 0.0 0.0 0.0 0.0
808 0.404 0.09988872 0.4117614 0.3484458 0.09075763 0.0 0.0 0.0 0.0
809 0.4045 0.09785825 0.4024309 0.342315 0.08806956 0.0 0.0 0.0 0.0
810 0.405 0.09584675 0.3932748 0.3362454 0.0854472 0.0 0.0 0.0 0.0
811 0.4055 0.09385409 0.3842931 0.3302381 0.08288805 0.0 0.0 0.0 0.0
812 0.406 0.09188022 0.3754854 0.3242942 0.08038973 0.0 0.0 0.0 0.0
813 0.4065 0.08992516 0.3668506 0.3184146 0.07795 0.0 0.0 0.0 0.0
814 0.407 0.08798893 0.3583873 0.3126001 0.07556673 0.0 0.0 0.0 0.0
815 0.4075 0.08607156 0.3500937 0.3068513 0.0732379 0.0 0.0 0.0 0.0
816 0.408 0.08417307 0.3419677 0.301169 0.07096159 0.0 0.0 0.0 0.0
817 0.4085 0.0822935 0.334007 0.2955535 0.06873598 0.0 0.0 0.0 0.0
818 0.409 0.08043284 0.326209 0.2900051 0.06655932 0.0 0.0 0.0 0.0
819 0.4095 0.0785911 0.3185711 0.2845243 0.06442999 0.0 0.0 0.0 0.0
820 0.41 0.07676828 0.3110906 0.2791111 0.06234639 0.0 0.0 0.0 0.0
821 0.4105 0.07496436 0.3037647 0.2737657 0.06030705 0.0 0.0 0.0 0.0
822 0.411 0.07317932 0.2965904 0.2684881 0.05831053 0.0 0.0 0.0 0.0
823 0.4115 0.07141313 0.2895649 0.2632784 0.05635547 0.0 0.0 0.0 0.0
824 0.412 0.06966576 0.2826852 0.2581364 0.05444059 0.0 0.0 0.0 0.0
825 0.4125 0.06793716 0.2759484 0.2530621 0.05256465 0.0 0.0 0.0 0.0
826 0.413 0.06622728 0.2693517 0.2480552 0.05072647 0.0 0.0 0.0 0.0
827 0.4135 0.06453605 0.2628921 0.2431156 0.04892492 0.0 0.0 0.0 0.0
828 0.414 0.06286342 0.2565667 0.238243 0.04715892 0.0 0.0 0.0 0.0
829 0.4145 0.06120932 0.2503727 0.2334371 0.04542745 0.0 0.0 0.0 0.0
830 0.415 0.05957366 0.2443074 0.2286975 0.04372951 0.0 0.0 0.0 0.0
831 0.4155 0.05795637 0.2383679 0.2240238 0.04206417 0.0 0.0 0.0 0.0
832 0.416 0.05635735 0.2325515 0.2194158 0.04043052 0.0 0.0 0.0 0.0
833 0.4165 0.05477652 0.2268557 0.2148729 0.03882768 0.0 0.0 0.0 0.0
834 0.417 0.05321377 0.2212776 0.2103947 0.03725483 0.0 0.0 0.0 0.0
835 0.4175 0.05166902 0.2158149 0.2059807 0.03571117 0.0 0.0 0.0 0.0
836 0.418 0.05014214 0.210465 0.2016304 0.03419594 0.0 0.0 0.0 0.0
837 0.4185 0.04863304 0.2052253 0.1973433 0.03270838 0.0 0.0 0.0 0.0
838 0.419 0.04714159 0.2000936 0.1931188 0.0312478 0.0 0.0 0.0 0.0
839 0.4195 0.04566769 0.1950673 0.1889564 0.02981351 0.0 0.0 0.0 0.0
840 0.42 0.04421121 0.1901443 0.1848555 0.02840486 0.0 0.0 0.0 0.0
841 0.4205 0.04277203 0.1853222 0.1808156 0.02702121 0.0 0.0 0.0 0.0
842 0.421 0.04135003 0.1805989 0.176836 0.02566196 0.0 0.0 0.0 0.0
843 0.4215 0.03994508 0.1759722 0.1729161 0.02432651 0.0 0.0 0.0 0.0
844 0.422 0.03855705 0.1714399 0.1690554 0.02301431 0.0 0.0 0.0 0.0
845 0.4225 0.0371858 0.167 0.1652531 0.02172479 0.0 0.0 0.0 0.0
846 0.423 0.0358312 0.1626504 0.1615087 0.02045745 0.0 0.0 0.0 0.0
847 0.4235 0.03449311 0.1583893 0.1578215 0.01921176 0.0 0.0 0.0 0.0
848 0.424 0.03317141 0.1542146 0.1541908 0.01798723 0.0 0.0 0.0 0.0
849 0.4245 0.03186594 0.1501245 0.1506161 0.01678339 0.0 0.0 0.0 0.0
850 0.425 0.03057657 0.1461171 0.1470966 0.01559978 0.0 0.0 0.0 0.0
851 0.4255 0.02930315 0.1421907 0.1436318 0.01443594 0.0 0.0 0.0 0.0
852 0.426 0.02804555 0.1383434 0.1402208 0.01329146 0.0 0.0 0.0 0.0
853 0.4265 0.02680361 0.1345736 0.1368632 0.0121659 0.0 0.0 0.0 0.0
854 0.427 0.02557719 0.1308796 0.1335582 0.01105887 0.0 0.0 0.0 0.0
855 0.4275 0.02436615 0.1272597 0.1303051 0.009969972 0.0 0.0 0.0 0.0
856 0.428 0.02317034 0.1237124 0.1271033 0.008898825 0.0 0.0 0.0 0.0
857 0.4285 0.02198961 0.1202361 0.1239521 0.00784506 0.0 0.0 0.0 0.0
858 0.429 0.02082381 0.1168291 0.1208509 0.006808318 0.0 0.0 0.0 0.0
859 0.4295 0.0196728 0.1134902 0.1177991 0.00578825 0.0 0.0 0.0 0.0
860 0.43 0.01853643 0.1102177 0.1147958 0.00478452 0.0 0.0 0.0 0.0
861 0.4305 0.01741455 0.1070103 0.1118405 0.003796797 0.0 0.0 0.0 0.0
862 0.431 0.01630701 0.1038665 0.1089326 0.002824763 0.0 0.0 0.0 0.0
863 0.4315 0.01521366 0.1007851 0.1060714 0.001868108 0.0 0.0 0.0 0.0
864 0.432 0.01413436 0.09776465 0.1032561 0.000926529 0.0 0.0 0.0 0.0
865 0.4325 0.01306895 0.09480387 0.1004863 -2.672814e-07 0.0 0.0 0.0 0.0
866 0.433 0.01201729 0.0919015 0.09776125 -0.0009125668 0.0 0.0 0.0 0.0
867 0.4335 0.01097924 0.08905629 0.09508028 -0.001810648 0.0 0.0 0.0 0.0
868 0.434 0.009954629 0.08626703 0.0924428 -0.002694781 0.0 0.0 0.0 0.0
869 0.4345 0.008943329 0.08353253 0.08984818 -0.003565231 0.0 0.0 0.0 0.0
870 0.435 0.007945187 0.08085164 0.08729578 -0.004422254 0.0 0.0 0.0 0.0
871 0.4355 0.006960059 0.07822322 0.084785 -0.005266101 0.0 0.0 0.0 0.0
872 0.436 0.005987798 0.07564617 0.08231523 -0.006097017 0.0 0.0 0.0 0.0
873 0.4365 0.00502826 0.0731194 0.07988585 -0.00691524 0.0 0.0 0.0 0.0
874 0.437 0.004081299 0.07064185 0.07749627 -0.007721001 0.0 0.0 0.0 0.0
875 0.4375 0.003146773 0.0682125 0.07514589 -0.008514528 0.0 0.0 0.0 0.0
876 0.438 0.002224539 0.06583032 0.07283411 -0.009296042 0.0 0.0 0.0 0.0
877 0.4385 0.001314455 0.06349433 0.07056037 -0.01006576 0.0 0.0 0.0 0.0
878 0.439 0.0004163788 0.06120357 0.06832408 -0.01082389 0.0 0.0 0.0 0.0
879 0.4395 -0.0004698295 0.05895709 0.06612466 -0.01157064 0.0 0.0 0.0 0.0
880 0.44 -0.001344309 0.05675396 0.06396156 -0.01230621 0.0 0.0 0.0 0.0
881 0.4405 -0.0022072 0.05459329 0.06183421 -0.0130308 0.0 0.0 0.0 0.0
882 0.441 -0.003058638 0.05247419 0.05974205 -0.0137446 0.0 0.0 0.0 0.0
883 0.4415 -0.003898762 0.05039579 0.05768456 -0.01444779 0.0 0.0 0.0 0.0
884 0.442 -0.004727706 0.04835726 0.05566117 -0.01514056 0.0 0.0 0.0 0.0
885 0.4425 -0.005545606 0.04635777 0.05367136 -0.01582309 0.0 0.0 0.0 0.0
886 0.443 -0.006352596 0.04439651 0.05171461 -0.01649556 0.0 0.0 0.0 0.0
887 0.4435 -0.007148807 0.04247269 0.04979038 -0.01715813 0.0 0.0 0.0 0.0
888 0.444 -0.007934373 0.04058554 0.04789817 -0.01781098 0.0 0.0 0.0 0.0
889 0.4445 -0.008709423 0.03873431 0.04603747 -0.01845426 0.0 0.0 0.0 0.0
890 0.445 -0.009474088 0.03691825 0.04420777 -0.01908815 0.0 0.0 0.0 0.0
891 0.4455 -0.01022849 0.03513665 0.04240859 -0.01971278 0.0 0.0 0.0 0.0
892 0.446 -0.01097277 0.0333888 0.04063942 -0.02032833 0.0 0.0 0.0 0.0
893 0.4465 -0.01170705 0.03167401 0.03889979 -0.02093494 0.0 0.0 0.0 0.0
894 0.447 -0.01243144 0.02999161 0.03718923 -0.02153276 0.0 0.0 0.0 0.0
895 0.4475 -0.01314608 0.02834092 0.03550726 -0.02212193 0.0 0.0 0.0 0.0
896 0.448 -0.01385109 0.02672132 0.03385342 -0.02270259 0.0 0.0 0.0 0.0
897 0.4485 -0.01454659 0.02513216 0.03222726 -0.02327489 0.0 0.0 0.0 0.0
898 0.449 -0.0152327 0.02357282 0.03062832 -0.02383896 0.0 0.0 0.0 0.0
899 0.4495 -0.01590953 0.02204271 0.02905616 -0.02439493 0.0 0.0 0.0 0.0
900 0.45 -0.01657722 0.02054123 0.02751034 -0.02494293 0.0 0.0 0.0 0.0
901 0.4505 -0.01723587 0.0190678 0.02599043 -0.02548309 0.0 0.0 0.0 0.0
902 0.451 -0.0178856 0.01762185 0.02449601 -0.02601554 0.0 0.0 0.0 0.0
903 0.4515 -0.01852653 0.01620284 0.02302666 -0.02654039 0.0 0.0 0.0 0.0
904 0.452 -0.01915877 0.01481021 0.02158195 -0.02705778 0.0 0.0 0.0 0.0
905 0.4525 -0.01978242 0.01344344 0.0201615 -0.02756782 0.0 0.0 0.0 0.0
906 0.453 -0.02039761 0.01210201 0.01876489 -0.02807061 0.0 0.0 0.0 0.0
907 0.4535 -0.02100445 0.01078541 0.01739173 -0.02856629 0.0 0.0 0.0 0.0
908 0.454 -0.02160303 0.009493152 0.01604163 -0.02905496 0.0 0.0 0.0 0.0
909 0.4545 -0.02219347 0.008224738 0.01471421 -0.02953673 0.0 0.0 0.0 0.0
910 0.455 -0.02277588 0.006979696 0.01340908 -0.0300117 0.0 0.0 0.0 0.0
911 0.4555 -0.02335035 0.005757561 0.01212589 -0.03047999 0.0 0.0 0.0 0.0
912 0.456 -0.023917 0.004557877 0.01086426 -0.03094169 0.0 0.0 0.0 0.0
913 0.4565 -0.02447593 0.003380199 0.009623835 -0.03139691 0.0 0.0 0.0 0.0
914 0.457 -0.02502724 0.00222409 0.008404255 -0.03184575 0.0 0.0 0.0 0.0
915 0.4575 -0.02557103 0.001089122 0.007205173 -0.0322883 0.0 0.0 0.0 0.0
916 0.458 -0.02610739 -2.512189e-05 0.006026245 -0.03272467 0.0 0.0 0.0 0.0
917 0.4585 -0.02663643 -0.001119051 0.004867132 -0.03315494 0.0 0.0 0.0 0.0
918 0.459 -0.02715825 -0.002193067 0.003727501 -0.03357921 0.0 0.0 0.0 0.0
919 0.4595 -0.02767294 -0.003247561 0.002607025 -0.03399758 0.0 0.0 0.0 0.0
920 0.46 -0.02818059 -0.004282916 0.001505381 -0.03441012 0.0 0.0 0.0 0.0
921 0.4605 -0.02868131 -0.005299509 0.0004222497 -0.03481693 0.0 0.0 0.0 0.0
922 0.461 -0.02917517 -0.006297707 -0.0006426799 -0.03521809 0.0 0.0 0.0 0.0
923 0.4615 -0.02966228 -0.00727787 -0.001689716 -0.0356137 0.0 0.0 0.0 0.0
924 0.462 -0.03014272 -0.00824035 -0.002719161 -0.03600383 0.0 0.0 0.0 0.0
925 0.4625 -0.03061659 -0.009185493 -0.003731312 -0.03638856 0.0 0.0 0.0 0.0
926 0.463 -0.03108396 -0.01011364 -0.004726464 -0.03676798 0.0 0.0 0.0 0.0
927 0.4635 -0.03154494 -0.01102511 -0.005704903 -0.03714216 0.0 0.0 0.0 0.0
928 0.464 -0.0319996 -0.01192024 -0.006666913 -0.03751118 0.0 0.0 0.0 0.0
929 0.4645 -0.03244804 -0.01279934 -0.007612774 -0.03787513 0.0 0.0 0.0 0.0
930 0.465 -0.03289032 -0.01366272 -0.00854276 -0.03823407 0.0 0.0 0.0 0.0
931 0.4655 -0.03332655 -0.01451069 -0.00945714 -0.03858807 0.0 0.0 0.0 0.0
932 0.466 -0.03375679 -0.01534354 -0.01035618 -0.03893722 0.0 0.0 0.0 0.0
933 0.4665 -0.03418114 -0.01616157 -0.01124014 -0.03928158 0.0 0.0 0.0 0.0
934 0.467 -0.03459966 -0.01696506 -0.01210928 -0.03962122 0.0 0.0 0.0 0.0
935 0.4675 -0.03501244 -0.01775429 -0.01296385 -0.03995622 0.0 0.0 0.0 0.0
936 0.468 -0.03541957 -0.01852953 -0.0138041 -0.04028663 0.0 0.0 0.0 0.0
937 0.4685 -0.0358211 -0.01929105 -0.01463027 -0.04061253 0.0 0.0 0.0 0.0
938 0.469 -0.03621713 -0.02003911 -0.0154426 -0.04093398 0.0 0.0 0.0 0.0
939 0.4695 -0.03660772 -0.02077398 -0.01624133 -0.04125105 0.0 0.0 0.0 0.0
940 0.47 -0.03699295 -0.0214959 -0.01702669 -0.04156381 0.0 0.0 0.0 0.0
941 0.4705 -0.0373729 -0.02220512 -0.01779891 -0.0418723 0.0 0.0 0.0 0.0
942 0.471 -0.03774763 -0.02290188 -0.01855822 -0.0421766 0.0 0.0 0.0 0.0
943 0.4715 -0.03811721 -0.02358642 -0.01930483 -0.04247676 0.0 0.0 0.0 0.0
944 0.472 -0.03848172 -0.02425897 -0.02003896 -0.04277285 0.0 0.0 0.0 0.0
945 0.4725 -0.03884123 -0.02491975 -0.02076082 -0.04306492 0.0 0.0 0.0 0.0
946 0.473 -0.0391958 -0.025569 -0.02147063 -0.04335304 0.0 0.0 0.0 0.0
947 0.4735 -0.0395455 -0.02620692 -0.02216859 -0.04363725 0.0 0.0 0.0 0.0
948 0.474 -0.03989041 -0.02683373 -0.0228549 -0.04391762 0.0 0.0 0.0 0.0
949 0.4745 -0.04023057 -0.02744964 -0.02352977 -0.04419419 0.0 0.0 0.0 0.0
950 0.475 -0.04056607 -0.02805485 -0.02419338 -0.04446703 0.0 0.0 0.0 0.0
951 0.4755 -0.04089696 -0.02864957 -0.02484593 -0.04473619 0.0 0.0 0.0 0.0
952 0.476 -0.04122331 -0.02923399 -0.02548761 -0.04500171 0.0 0.0 0.0 0.0
953 0.4765 -0.04154517 -0.0298083 -0.02611861 -0.04526366 0.0 0.0 0.0 0.0
954 0.477 -0.04186262 -0.0303727 -0.02673911 -0.04552207 0.0 0.0 0.0 0.0
955 0.4775 -0.04217571 -0.03092737 -0.02734928 -0.04577701 0.0 0.0 0.0 0.0
956 0.478 -0.0424845 -0.03147248 -0.02794931 -0.04602852 0.0 0.0 0.0 0.0
957 0.4785 -0.04278906 -0.03200822 -0.02853937 -0.04627665 0.0 0.0 0.0 0.0
958 0.479 -0.04308943 -0.03253477 -0.02911962 -0.04652144 0.0 0.0 0.0 0.0
959 0.4795 -0.04338568 -0.03305228 -0.02969024 -0.04676295 0.0 0.0 0.0 0.0
960 0.48 -0.04367786 -0.03356093 -0.0302514 -0.04700121 0.0 0.0 0.0 0.0
961 0.4805 -0.04396604 -0.03406089 -0.03080324 -0.04723629 0.0 0.0 0.0 0.0
962 0.481 -0.04425026 -0.03455231 -0.03134594 -0.04746821 0.0 0.0 0.0 0.0
963 0.4815 -0.04453058 -0.03503535 -0.03187965 -0.04769703 0.0 0.0 0.0 0.0
964 0.482 -0.04480705 -0.03551016 -0.03240452 -0.04792279 0.0 0.0 0.0 0.0
965 0.4825 -0.04507973 -0.0359769 -0.0329207 -0.04814552 0.0 0.0 0.0 0.0
966 0.483 -0.04534867 -0.03643572 -0.03342835 -0.04836528 0.0 0.0 0.0 0.0
967 0.4835 -0.04561393 -0.03688675 -0.0339276 -0.04858211 0.0 0.0 0.0 0.0
968 0.484 -0.04587554 -0.03733014 -0.0344186 -0.04879604 0.0 0.0 0.0 0.0
969 0.4845 -0.04613357 -0.03776604 -0.0349015 -0.04900711 0.0 0.0 0.0 0.0
970 0.485 -0.04638806 -0.03819457 -0.03537643 -0.04921538 0.0 0.0 0.0 0.0
971 0.4855 -0.04663906 -0.03861588 -0.03584352 -0.04942086 0.0 0.0 0.0 0.0
972 0.486 -0.04688662 -0.03903009 -0.03630292 -0.04962361 0.0 0.0 0.0 0.0
973 0.4865 -0.04713078 -0.03943734 -0.03675475 -0.04982366 0.0 0.0 0.0 0.0
974 0.487 -0.0473716 -0.03983774 -0.03719914 -0.05002105 0.0 0.0 0.0 0.0
975 0.4875 -0.04760912 -0.04023142 -0.03763621 -0.05021582 0.0 0.0 0.0 0.0
976 0.488 -0.04784339 -0.04061851 -0.0380661 -0.05040799 0.0 0.0 0.0 0.0
977 0.4885 -0.04807445 -0.04099912 -0.03848893 -0.05059762 0.0 0.0 0.0 0.0
978 0.489 -0.04830234 -0.04137338 -0.03890481 -0.05078472 0.0 0.0 0.0 0.0
979 0.4895 -0.04852712 -0.04174139 -0.03931386 -0.05096935 0.0 0.0 0.0 0.0
980 0.49 -0.04874881 -0.04210326 -0.03971621 -0.05115152 0.0 0.0 0.0 0.0
981 0.4905 -0.04896748 -0.04245911 -0.04011196 -0.05133128 0.0 0.0 0.0 0.0
982 0.491 -0.04918315 -0.04280905 -0.04050122 -0.05150866 0.0 0.0 0.0 0.0
983 0.4915 -0.04939586 -0.04315318 -0.04088412 -0.05168369 0.0 0.0 0.0 0.0
984 0.492 -0.04960567 -0.0434916 -0.04126075 -0.0518564 0.0 0.0 0.0 0.0
985 0.4925 -0.04981261 -0.04382443 -0.04163122 -0.05202683 0.0 0.0 0.0 0.0
986 0.493 -0.05001672 -0.04415174 -0.04199564 -0.052195 0.0 0.0 0.0 0.0
987 0.4935 -0.05021803 -0.04447366 -0.0423541 -0.05236095 0.0 0.0 0.0 0.0
988 0.494 -0.0504166 -0.04479026 -0.04270672 -0.05252471 0.0 0.0 0.0 0.0
989 0.4945 -0.05061245 -0.04510165 -0.04305359 -0.05268631 0.0 0.0 0.0 0.0
990 0.495 -0.05080562 -0.04540791 -0.04339481 -0.05284577 0.0 0.0 0.0 0.0
991 0.4955 -0.05099616 -0.04570914 -0.04373046 -0.05300313 0.0 0.0 0.0 0.0
992 0.496 -0.05118409 -0.04600544 -0.04406066 -0.05315841 0.0 0.0 0.0 0.0
993 0.4965 -0.05136946 -0.04629687 -0.04438549 -0.05331165 0.0 0.0 0.0 0.0
994 0.497 -0.05155229 -0.04658354 -0.04470503 -0.05346287 0.0 0.0 0.0 0.0
995 0.4975 -0.05173263 -0.04686551 -0.04501939 -0.05361209 0.0 0.0 0.0 0.0
996 0.498 -0.05191051 -0.04714289 -0.04532865 -0.05375935 0.0 0.0 0.0 0.0
997 0.4985 -0.05208596 -0.04741574 -0.04563289 -0.05390468 0.0 0.0 0.0 0.0
998 0.499 -0.05225902 -0.04768415 -0.0459322 -0.05404809 0.0 0.0 0.0 0.0
999 0.4995 -0.05242971 -0.04794819 -0.04622666 -0.05418961 0.0 0.0 0.0 0.0
