0 0.0 -0.065 -0.065 -0.065 -0.065 0.0 1.4 0.0 0.00023
1 0.0005 -0.06495461 -0.0645654 -0.0507669 -0.06496744 0.0 1.4 0.0 0.01173
2 0.001 -0.06479367 -0.06345533 -0.03644968 -0.06489166 0.0 1.4 0.0 0.02323
3 0.0015 -0.06456662 -0.06189117 -0.02442458 -0.06479228 0.0 1.4 0.0 0.03473
4 0.002 -0.06430806 -0.06002812 -0.01386177 -0.06467245 0.0 1.4 0.0 0.04623
5 0.0025 -0.06403049 -0.05795346 -0.004001519 -0.06453257 0.0 1.4 0.0 0.05773
6 0.003 -0.06373535 -0.0557189 0.005531879 -0.06437183 0.0 1.4 0.0 0.06923
7 0.0035 -0.06341515 -0.05335708 0.01494143 -0.06418503 0.0 1.4 0.0 0.08073
8 0.004 -0.06307673 -0.05088954 0.02431317 -0.06397759 0.0 1.4 0.0 0.09223
9 0.0045 -0.06272516 -0.04833209 0.03368033 -0.06375337 0.0 1.4 0.0 0.10373
10 0.005 -0.06236124 -0.04569712 0.0430518 -0.06351345 0.0 1.4 0.0 0.11523
11 0.0055 -0.06198133 -0.0429952 0.05237791 -0.06325602 0.0 1.4 0.0 0.12673
12 0.006 -0.06157465 -0.04023774 0.06161859 -0.06297696 0.0 1.4 0.0 0.13823
13 0.0065 -0.06115002 -0.03743424 0.07085551 -0.06268183 0.0 1.4 0.0 0.14973
14 0.007 -0.0607141 -0.03459085 0.08010386 -0.06237279 0.0 1.4 0.0 0.16123
15 0.0075 -0.06026823 -0.03171254 0.08935405 -0.06205031 0.0 1.4 0.0 0.17273
16 0.008 -0.05981169 -0.028804 0.09859024 -0.06171443 0.0 1.4 0.0 0.18423
17 0.0085 -0.05934337 -0.02586985 0.1077968 -0.06136513 0.0 1.4 0.0 0.19573
18 0.009 -0.05886242 -0.02291464 0.1169603 -0.06100247 0.0 1.4 0.0 0.20723
19 0.0095 -0.05836828 -0.01994279 0.1260699 -0.06062653 0.0 1.4 0.0 0.21873
20 0.01 -0.05786071 -0.0169585 0.135117 -0.06023746 0.0 1.4 0.0 0.23023
21 0.0105 -0.05733965 -0.01396572 0.1440947 -0.05983545 0.0 1.4 0.0 0.24173
22 0.011 -0.05680521 -0.0109681 0.1529979 -0.05942073 0.0 1.4 0.0 0.25323
23 0.0115 -0.05625755 -0.007968991 0.1618222 -0.05899352 0.0 1.4 0.0 0.26473
24 0.012 -0.0556969 -0.004971464 0.1705642 -0.05855408 0.0 1.4 0.0 0.27623
25 0.0125 -0.05512351 -0.001978286 0.1792211 -0.05810267 0.0 1.4 0.0 0.28773
26 0.013 -0.05453764 0.001008143 0.1877906 -0.05763956 0.0 1.4 0.0 0.29923
27 0.0135 -0.05393937 0.003987402 0.1962708 -0.05716472 0.0 1.4 0.0 0.31073
28 0.014 -0.05332882 0.006956777 0.2046602 -0.05667851 0.0 1.4 0.0 0.32223
29 0.0145 -0.05270636 0.009914792 0.2129573 -0.05618019 0.0 1.4 0.0 0.33373
30 0.015 -0.05207207 0.01285931 0.221161 -0.05567003 0.0 1.4 0.0 0.34523
31 0.0155 -0.0514263 0.01578741 0.2292697 -0.05514944 0.0 1.4 0.0 0.35673
32 0.016 -0.05076949 0.01869718 0.2372826 -0.05461899 0.0 1.4 0.0 0.36823
33 0.0165 -0.05010206 0.0215872 0.2451991 -0.05407915 0.0 1.4 0.0 0.37973
34 0.017 -0.04942434 0.02445643 0.2530185 -0.05353016 0.0 1.4 0.0 0.39123
35 0.0175 -0.04873658 0.02730404 0.2607405 -0.0529722 0.0 1.4 0.0 0.40273
36 0.018 -0.04803897 0.03012933 0.2683647 -0.05240542 0.0 1.4 0.0 0.41423
37 0.0185 -0.04733168 0.0329317 0.2758909 -0.05182996 0.0 1.4 0.0 0.42573
38 0.019 -0.04661488 0.0357106 0.2833188 -0.05124599 0.0 1.4 0.0 0.43723
39 0.0195 -0.04588873 0.03846554 0.2906485 -0.05065368 0.0 1.4 0.0 0.44873
40 0.02 -0.0451534 0.04119606 0.2978799 -0.05005321 0.0 1.4 0.0 0.46023
41 0.0205 -0.04440908 0.04390175 0.3050109 -0.04944475 0.0 1.4 0.0 0.47173
42 0.021 -0.04365773 0.04656355 0.3114014 -0.04883113 0.0 1.4 0.0 0.48323
43 0.0215 -0.04290162 0.04916315 0.3175793 -0.04821215 0.0 1.4 0.0 0.49473
44 0.022 -0.04213821 0.05171735 0.3239573 -0.04758547 0.0 1.4 0.0 0.50623
45 0.0225 -0.04136557 0.05424373 0.3305201 -0.04695076 0.0 1.4 0.0 0.51773
46 0.023 -0.04058317 0.05675301 0.3371729 -0.04630819 0.0 1.4 0.0 0.52923
47 0.0235 -0.03979132 0.05924985 0.3438332 -0.04565802 0.0 1.4 0.0 0.54073
48 0.024 -0.03899055 0.06173502 0.3504451 -0.04500055 0.0 1.4 0.0 0.55223
49 0.0245 -0.03818142 0.0642072 0.3569753 -0.04433605 0.0 1.4 0.0 0.56373
50 0.025 -0.03736442 0.06666416 0.363406 -0.04366478 0.0 1.4 0.0 0.57523
51 0.0255 -0.03653992 0.06910346 0.3697287 -0.04298698 0.0 1.4 0.0 0.58673
52 0.026 -0.03570827 0.07152276 0.3759392 -0.04230287 0.0 1.4 0.0 0.59823
53 0.0265 -0.03487133 0.07391805 0.3819717 -0.04161311 0.0 1.4 0.0 0.60973
54 0.027 -0.0340289 0.0762834 0.3878023 -0.04091772 0.0 1.4 0.0 0.62123
55 0.0275 -0.03317986 0.07861571 0.3934804 -0.04021653 0.0 1.4 0.0 0.63273
56 0.028 -0.03232398 0.08091459 0.3990518 -0.03950968 0.0 1.4 0.0 0.64423
57 0.0285 -0.03146137 0.08318124 0.4045453 -0.03879734 0.0 1.4 0.0 0.65573
58 0.029 -0.03059221 0.08541753 0.4099754 -0.03807965 0.0 1.4 0.0 0.66723
59 0.0295 -0.02971674 0.08762537 0.4153474 -0.03735679 0.0 1.4 0.0 0.67873
60 0.03 -0.02883516 0.08980643 0.4206615 -0.03662889 0.0 1.4 0.0 0.69023
61 0.0305 -0.02794767 0.09196204 0.4259155 -0.03589605 0.0 1.4 0.0 0.70173
62 0.031 -0.02705436 0.09409317 0.4311062 -0.03515825 0.0 1.4 0.0 0.71323
63 0.0315 -0.02615543 0.09620038 0.4362303 -0.03441564 0.0 1.4 0.0 0.72473
64 0.032 -0.0252511 0.09828373 0.4412845 -0.03366866 0.0 1.4 0.0 0.73623
65 0.0325 -0.02434161 0.1003436 0.4462669 -0.03291742 0.0 1.4 0.0 0.74773
66 0.033 -0.02342707 0.1023804 0.4511762 -0.03216198 0.0 1.4 0.0 0.75923
67 0.0335 -0.02250765 0.1043938 0.4560108 -0.03140281 0.0 1.4 0.0 0.77073
68 0.034 -0.02158353 0.1063836 0.46077 -0.03063982 0.0 1.4 0.0 0.78223
69 0.0345 -0.02065474 0.1083502 0.465454 -0.02987276 0.0 1.4 0.0 0.79373
70 0.035 -0.01972133 0.1102935 0.4700631 -0.02910173 0.0 1.4 0.0 0.80523
71 0.0355 -0.01878345 0.1122138 0.4745976 -0.02832685 0.0 1.4 0.0 0.81673
72 0.036 -0.01784119 0.1141108 0.479058 -0.02754825 0.0 1.4 0.0 0.82823
73 0.0365 -0.01689468 0.1159847 0.483445 -0.02676604 0.0 1.4 0.0 0.83973
74 0.037 -0.01594402 0.1178355 0.4877592 -0.02598033 0.0 1.4 0.0 0.85123
75 0.0375 -0.01498932 0.1196631 0.4920016 -0.02519121 0.0 1.4 0.0 0.86273
76 0.038 -0.01403306 0.121468 0.4961687 -0.02437968 0.0 1.4 0.0 0.87423
77 0.0385 -0.01307874 0.12325 0.500258 -0.02355934 0.0 1.4 0.0 0.88573
78 0.039 -0.01212038 0.1250088 0.50428 -0.02274545 0.0 1.4 0.0 0.89723
79 0.0395 -0.01115556 0.1267445 0.5082379 -0.02193579 0.0 1.4 0.0 0.90873
80 0.04 -0.01018448 0.1284574 0.5121324 -0.021128 0.0 1.4 0.0 0.92023
81 0.0405 -0.009208024 0.1301478 0.5159632 -0.0203205 0.0 1.4 0.0 0.93173
82 0.041 -0.008227044 0.1318161 0.5197307 -0.01951222 0.0 1.4 0.0 0.94323
83 0.0415 -0.007242188 0.1334625 0.5234352 -0.01870244 0.0 1.4 0.0 0.95473
84 0.042 -0.006253907 0.1350873 0.5270773 -0.01789074 0.0 1.4 0.0 0.96623
85 0.0425 -0.005262485 0.1366908 0.530658 -0.01707681 0.0 1.4 0.0 0.97773
86 0.043 -0.004268104 0.1382731 0.5341782 -0.01626047 0.0 1.4 0.0 0.98923
87 0.0435 -0.003270895 0.1398346 0.5376387 -0.01544161 0.0 1.4 0.0 1.00073
88 0.044 -0.002270952 0.1413754 0.5410407 -0.01462019 0.0 1.4 0.0 1.01223
89 0.0445 -0.001270376 0.1428961 0.5443849 -0.01379746 0.0 1.4 0.0 1.02373
90 0.045 -0.0002732208 0.1443974 0.5476719 -0.01297502 0.0 1.4 0.0 1.03523
91 0.0455 0.000725702 0.1458789 0.5509031 -0.01215041 0.0 1.4 0.0 1.04673
92 0.046 0.001729637 0.1473406 0.55408 -0.0113227 0.0 1.4 0.0 1.05823
93 0.0465 0.002738934 0.1487827 0.5572035 -0.01049185 0.0 1.4 0.0 1.06973
94 0.047 0.00375285 0.1502054 0.5602744 -0.009658007 0.0 1.4 0.0 1.08123
95 0.0475 0.004770511 0.151609 0.5632938 -0.008821344 0.0 1.4 0.0 1.09273
96 0.048 0.005791211 0.1529939 0.5662624 -0.00798204 0.0 1.4 0.0 1.10423
97 0.0485 0.006812387 0.1543606 0.5691808 -0.007141718 0.0 1.4 0.0 1.11573
98 0.049 0.007828864 0.1557096 0.5720493 -0.006302217 0.0 1.4 0.0 1.12723
99 0.0495 0.008846362 0.1570408 0.5748694 -0.00546055 0.0 1.4 0.0 1.13873
100 0.05 0.009866111 0.1583535 0.5775901 -0.004618086 0.0 1.4 0.0 1.15023
101 0.0505 0.01087517 0.1592555 0.5792105 -0.003777209 0.0 1.4 0.0 1.16173
102 0.051 0.01187975 0.1598253 0.5807623 -0.002934079 0.0 1.4 0.0 1.17323
103 0.0515 0.01289258 0.1603589 0.5827476 -0.002087201 0.0 1.4 0.0 1.18473
104 0.052 0.0139165 0.1609926 0.5851071 -0.001236854 0.0 1.4 0.0 1.19623
105 0.0525 0.01494985 0.1617743 0.5876908 -0.0003834501 0.0 1.4 0.0 1.20773
106 0.053 0.01598868 0.1627052 0.5903728 0.000472612 0.0 1.4 0.0 1.21923
107 0.0535 0.01702309 0.1637643 0.5930608 0.001330539 0.0 1.4 0.0 1.23073
108 0.054 0.01806003 0.1649235 0.5957224 0.002190522 0.0 1.4 0.0 1.24223
109 0.0545 0.01910314 0.1661549 0.5983393 0.003052665 0.0 1.4 0.0 1.25373
110 0.055 0.02015169 0.1674336 0.6008995 0.003916812 0.0 1.4 0.0 1.26523
111 0.0555 0.02120405 0.1687386 0.603398 0.004782781 0.0 1.4 0.0 1.27673
112 0.056 0.02225883 0.1700535 0.6058338 0.005650408 0.0 1.4 0.0 1.28823
113 0.0565 0.02331508 0.1713656 0.6082088 0.006519554 0.0 1.4 0.0 1.29973
114 0.057 0.02436848 0.1723815 0.6105149 0.007389304 0.0 1.4 0.0 1.31123
115 0.0575 0.02541323 0.1730133 0.6127369 0.008258748 0.0 1.4 0.0 1.32273
116 0.058 0.02645987 0.1735925 0.6149008 0.009129523 0.0 1.4 0.0 1.33423
117 0.0585 0.0275117 0.1742574 0.617022 0.01000193 0.0 1.4 0.0 1.34573
118 0.059 0.02856822 0.1750536 0.6191076 0.0108759 0.0 1.4 0.0 1.35723
119 0.0595 0.02962816 0.1759806 0.6211604 0.01175128 0.0 1.4 0.0 1.36873
120 0.06 0.03069041 0.1770177 0.6231817 0.01262798 0.0 1.4 0.0 1.38023
121 0.0605 0.0317542 0.1781379 0.6251719 0.01350587 0.0 1.4 0.0 1.39173
122 0.061 0.03281908 0.1793146 0.6271309 0.01438487 0.0 1.4 0.0 1.40323
123 0.0615 0.03388476 0.1805244 0.6290589 0.01526492 0.0 1.4 0.0 1.41473
124 0.062 0.03495113 0.1817482 0.630956 0.01614594 0.0 1.4 0.0 1.42623
125 0.0625 0.03601812 0.1829714 0.6328223 0.0170279 0.0 1.4 0.0 1.43773
126 0.063 0.03708547 0.184183 0.6346583 0.01791082 0.0 1.4 0.0 1.44923
127 0.0635 0.03814592 0.1853755 0.6364635 0.01879474 0.0 1.4 0.0 1.46073
128 0.064 0.03920174 0.1865437 0.6382383 0.01967752 0.0 1.4 0.0 1.47223
129 0.0645 0.04026068 0.1876843 0.6399842 0.02056035 0.0 1.4 0.0 1.48373
130 0.065 0.04132484 0.1887958 0.6417019 0.02144401 0.0 1.4 0.0 1.49523
131 0.0655 0.04239343 0.1898776 0.6433921 0.02232864 0.0 1.4 0.0 1.50673
132 0.066 0.04346505 0.1909298 0.6450552 0.02321424 0.0 1.4 0.0 1.51823
133 0.0665 0.0445386 0.1919534 0.6466916 0.0241008 0.0 1.4 0.0 1.52973
134 0.067 0.04561306 0.1929495 0.6483018 0.02498795 0.0 1.4 0.0 1.54123
135 0.0675 0.04667896 0.1939191 0.6498841 0.02586896 0.0 1.4 0.0 1.55273
136 0.068 0.04773779 0.1948635 0.6514392 0.02674781 0.0 1.4 0.0 1.56423
137 0.0685 0.0487992 0.1957849 0.6529696 0.02762867 0.0 1.4 0.0 1.57573
138 0.069 0.04986612 0.1966849 0.6544764 0.02850997 0.0 1.4 0.0 1.58723
139 0.0695 0.05093731 0.1975643 0.6559585 0.02939029 0.0 1.4 0.0 1.59873
140 0.07 0.05201186 0.1984251 0.6574179 0.03027304 0.0 1.4 0.0 1.61023
141 0.0705 0.05308899 0.199269 0.6588555 0.03115861 0.0 1.4 0.0 1.62173
142 0.071 0.05416794 0.2000975 0.6602718 0.03204662 0.0 1.4 0.0 1.63323
143 0.0715 0.05524806 0.2009117 0.6616672 0.03293667 0.0 1.4 0.0 1.64473
144 0.072 0.05632892 0.2017124 0.6630419 0.03382839 0.0 1.4 0.0 1.65623
145 0.0725 0.05741025 0.2025007 0.6643961 0.03472149 0.0 1.4 0.0 1.66773
146 0.073 0.05849189 0.203277 0.6657301 0.03561574 0.0 1.4 0.0 1.67923
147 0.0735 0.05957375 0.2040422 0.6670444 0.03651097 0.0 1.4 0.0 1.69073
148 0.074 0.06065582 0.2047966 0.6683392 0.03740704 0.0 1.4 0.0 1.70223
149 0.0745 0.06173808 0.2055409 0.669615 0.03830381 0.0 1.4 0.0 1.71373
150 0.075 0.06282055 0.2062754 0.670872 0.03920122 0.0 1.4 0.0 1.72523
151 0.0755 0.06390296 0.2070006 0.6721104 0.04009907 0.0 1.4 0.0 1.73673
152 0.076 0.06496412 0.2077159 0.6733098 0.04099013 0.0 1.4 0.0 1.74823
153 0.0765 0.0660093 0.2084208 0.6744826 0.04187592 0.0 1.4 0.0 1.75973
154 0.077 0.06706161 0.2091164 0.6756472 0.04276306 0.0 1.4 0.0 1.77123
155 0.0775 0.06812691 0.2098037 0.6768053 0.04365312 0.0 1.4 0.0 1.78273
156 0.078 0.06920327 0.2104834 0.6779543 0.04454596 0.0 1.4 0.0 1.79423
157 0.0785 0.0702871 0.2111561 0.6790916 0.04544114 0.0 1.4 0.0 1.80573
158 0.079 0.07137531 0.2118221 0.6802153 0.0463382 0.0 1.4 0.0 1.81723
159 0.0795 0.07246574 0.2124815 0.6813243 0.04723677 0.0 1.4 0.0 1.82873
160 0.08 0.07355706 0.2131344 0.6824181 0.04813655 0.0 1.4 0.0 1.84023
161 0.0805 0.07464849 0.213781 0.6834968 0.04903729 0.0 1.4 0.0 1.85173
162 0.081 0.07573966 0.2144214 0.6845603 0.04993882 0.0 1.4 0.0 1.86323
163 0.0815 0.07683039 0.2150556 0.6856089 0.05084098 0.0 1.4 0.0 1.87473
164 0.082 0.07792066 0.2156838 0.6866429 0.05174366 0.0 1.4 0.0 1.88623
165 0.0825 0.07901049 0.2163059 0.6876627 0.05264676 0.0 1.4 0.0 1.89773
166 0.083 0.08009995 0.2169221 0.6886685 0.05355021 0.0 1.4 0.0 1.90923
167 0.0835 0.08118911 0.2175325 0.6896608 0.05445396 0.0 1.4 0.0 1.92073
168 0.084 0.08227792 0.2181371 0.6906397 0.05535779 0.0 1.4 0.0 1.93223
169 0.0845 0.08336626 0.2187356 0.6916056 0.05626152 0.0 1.4 0.0 1.94373
170 0.085 0.08445426 0.2193283 0.6925586 0.05716527 0.0 1.4 0.0 1.95523
171 0.0855 0.08554211 0.2199154 0.6934993 0.05806911 0.0 1.4 0.0 1.96673
172 0.086 0.08662993 0.2204969 0.6944278 0.05895301 0.0 1.4 0.0 1.97823
173 0.0865 0.08771773 0.2210733 0.6953444 0.05978428 0.0 1.4 0.0 1.98973
174 0.087 0.08880549 0.2216445 0.6962493 0.060631 0.0 1.4 0.0 2.00123
175 0.0875 0.08989329 0.2222109 0.6971429 0.06149709 0.0 1.4 0.0 2.01273
176 0.088 0.09098116 0.2227724 0.6980253 0.06237817 0.0 1.4 0.0 2.02423
177 0.0885 0.09206913 0.2233293 0.6988968 0.0632703 0.0 1.4 0.0 2.03573
178 0.089 0.09315718 0.2238815 0.6997576 0.06417049 0.0 1.4 0.0 2.04723
179 0.0895 0.0942453 0.2244293 0.7006079 0.06507645 0.0 1.4 0.0 2.05873
180 0.09 0.09533355 0.2249726 0.701448 0.06598653 0.0 1.4 0.0 2.07023
181 0.0905 0.09642195 0.2255116 0.702278 0.06689951 0.0 1.4 0.0 2.08173
182 0.091 0.09750758 0.2260459 0.7030976 0.06781079 0.0 1.4 0.0 2.09323
183 0.0915 0.098576 0.2265738 0.7039034 0.06870936 0.0 1.4 0.0 2.10473
184 0.092 0.09963895 0.227096 0.7046979 0.06960706 0.0 1.4 0.0 2.11623
185 0.0925 0.100708 0.2276138 0.705484 0.0705086 0.0 1.4 0.0 2.12773
186 0.093 0.1017854 0.2281278 0.7062627 0.07141407 0.0 1.4 0.0 2.13923
187 0.0935 0.1028696 0.2286384 0.7070339 0.07232265 0.0 1.4 0.0 2.15073
188 0.094 0.1039583 0.2291457 0.7077974 0.0732335 0.0 1.4 0.0 2.16223
189 0.0945 0.1050495 0.2296498 0.7085529 0.07414591 0.0 1.4 0.0 2.17373
190 0.095 0.1061421 0.2301508 0.7093004 0.07505936 0.0 1.4 0.0 2.18523
191 0.0955 0.107235 0.2306485 0.7100399 0.07597343 0.0 1.4 0.0 2.19673
192 0.096 0.1083279 0.2311431 0.7107714 0.07688784 0.0 1.4 0.0 2.20823
193 0.0965 0.1094205 0.2316344 0.711495 0.07780235 0.0 1.4 0.0 2.21973
194 0.097 0.1105127 0.2321225 0.7122109 0.07871681 0.0 1.4 0.0 2.23123
195 0.0975 0.1116044 0.2326073 0.7129191 0.07961824 0.0 1.4 0.0 2.24273
196 0.098 0.112695 0.2330878 0.7136198 0.08042603 0.0 1.4 0.0 2.25423
197 0.0985 0.1137845 0.2335644 0.714313 0.08124325 0.0 1.4 0.0 2.26573
198 0.099 0.1148731 0.2340377 0.714999 0.08208042 0.0 1.4 0.0 2.27723
199 0.0995 0.1159609 0.234508 0.7156779 0.08293609 0.0 1.4 0.0 2.28873
200 0.1 0.1170481 0.2349754 0.7163499 0.0838111 1.4 1.4 0.00046 0.0
201 0.1005 0.1067766 0.2467437 0.7162767 0.07921696 1.4 1.4 0.02346 0.0
202 0.101 0.09579506 0.2627882 0.7161537 0.07543315 1.4 1.4 0.04646 0.0
203 0.1015 0.08930013 0.2808396 0.7167198 0.07287906 1.4 1.4 0.06946 0.0
204 0.102 0.08549803 0.2999076 0.7177298 0.07079179 1.4 1.4 0.09246 0.0
205 0.1025 0.08297392 0.319519 0.7189699 0.06893695 1.4 1.4 0.11546 0.0
206 0.103 0.08103284 0.3394128 0.7203324 0.06725038 1.4 1.4 0.13846 0.0
207 0.1035 0.07936781 0.3594233 0.7217671 0.06571028 1.4 1.4 0.16146 0.0
208 0.104 0.07784648 0.3794328 0.72325 0.06430569 1.4 1.4 0.18446 0.0
209 0.1045 0.0764114 0.3993519 0.7247685 0.063029 1.4 1.4 0.20746 0.0
210 0.105 0.07503696 0.4191107 0.7263149 0.06187391 1.4 1.4 0.23046 0.0
211 0.1055 0.07370937 0.4386534 0.7278838 0.06083469 1.4 1.4 0.25346 0.0
212 0.106 0.07242319 0.4579357 0.729471 0.05990612 1.4 1.4 0.27646 0.0
213 0.1065 0.07117738 0.4769227 0.7310733 0.05908353 1.4 1.4 0.29946 0.0
214 0.107 0.06997096 0.4955869 0.7326877 0.05836254 1.4 1.4 0.32246 0.0
215 0.1075 0.06880295 0.5139076 0.7343119 0.05773895 1.4 1.4 0.34546 0.0
216 0.108 0.06767256 0.5318692 0.7359436 0.05720879 1.4 1.4 0.36846 0.0
217 0.1085 0.06657913 0.5494605 0.7375811 0.05676831 1.4 1.4 0.39146 0.0
218 0.109 0.06552215 0.5666741 0.7392227 0.05641395 1.4 1.4 0.41446 0.0
219 0.1095 0.0645012 0.5835057 0.7408669 0.05614232 1.4 1.4 0.43746 0.0
220 0.11 0.06351591 0.5999534 0.7425124 0.05595021 1.4 1.4 0.46046 0.0
221 0.1105 0.06256594 0.6160175 0.7441581 0.05583458 1.4 1.4 0.48346 0.0
222 0.111 0.061651 0.6316999 0.7458029 0.05579253 1.4 1.4 0.50646 0.0
223 0.1115 0.06077079 0.6470039 0.7474461 0.05582129 1.4 1.4 0.52946 0.0
224 0.112 0.05992501 0.661934 0.7490867 0.05591826 1.4 1.4 0.55246 0.0
225 0.1125 0.0591134 0.6764956 0.750724 0.05608093 1.4 1.4 0.57546 0.0
226 0.113 0.05833565 0.6906947 0.7523573 0.05630694 1.4 1.4 0.59846 0.0
227 0.1135 0.05759148 0.7045378 0.7539862 0.05659401 1.4 1.4 0.62146 0.0
228 0.114 0.0568805 0.718032 0.75561 0.05694 1.4 1.4 0.64446 0.0
229 0.1145 0.0562024 0.7311846 0.7572283 0.05734284 1.4 1.4 0.66746 0.0
230 0.115 0.05555697 0.7440031 0.7588406 0.05780058 1.4 1.4 0.69046 0.0
231 0.1155 0.05494394 0.7564952 0.7604466 0.05831134 1.4 1.4 0.71346 0.0
232 0.116 0.05436302 0.7686686 0.7620459 0.05887334 1.4 1.4 0.73646 0.0
233 0.1165 0.05381391 0.7805311 0.7636382 0.05948488 1.4 1.4 0.75946 0.0
234 0.117 0.05329629 0.7920905 0.7652232 0.06014433 1.4 1.4 0.78246 0.0
235 0.1175 0.05280984 0.8033545 0.7668006 0.06085012 1.4 1.4 0.80546 0.0
236 0.118 0.05235424 0.8143307 0.7683703 0.06160064 1.4 1.4 0.82846 0.0
237 0.1185 0.05192907 0.8250268 0.769932 0.06238657 1.4 1.4 0.85146 0.0
238 0.119 0.05153383 0.83545 0.7714854 0.06321218 1.4 1.4 0.87446 0.0
239 0.1195 0.05116825 0.8456078 0.7730306 0.06408101 1.4 1.4 0.89746 0.0
240 0.12 0.05083213 0.8555072 0.7745672 0.06499172 1.4 1.4 0.92046 0.0
241 0.1205 0.05052521 0.8651552 0.7760951 0.06594256 1.4 1.4 0.94346 0.0
242 0.121 0.05024722 0.8745588 0.7776144 0.06693193 1.4 1.4 0.96646 0.0
243 0.1215 0.04999782 0.8837246 0.7791247 0.06795838 1.4 1.4 0.98946 0.0
244 0.122 0.04977642 0.8926588 0.780626 0.06901919 1.4 1.4 1.01246 0.0
245 0.1225 0.0495789 0.9013655 0.7821155 0.07010231 1.4 1.4 1.03546 0.0
246 0.123 0.04940559 0.909852 0.7835938 0.07121472 1.4 1.4 1.05846 0.0
247 0.1235 0.04925977 0.9181254 0.7850632 0.07236195 1.4 1.4 1.08146 0.0
248 0.124 0.04914265 0.9261923 0.7865244 0.07354413 1.4 1.4 1.10446 0.0
249 0.1245 0.04905386 0.9340589 0.7879776 0.0747599 1.4 1.4 1.12746 0.0
250 0.125 0.04899266 0.9417307 0.7894223 0.07600772 1.4 1.4 1.15046 0.0
251 0.1255 0.04895829 0.9492131 0.7908584 0.07728618 1.4 1.4 1.17346 0.0
252 0.126 0.04895003 0.9565113 0.7922855 0.07859402 1.4 1.4 1.19646 0.0
253 0.1265 0.04896729 0.9636302 0.7937036 0.0799301 1.4 1.4 1.21946 0.0
254 0.127 0.04900955 0.9705748 0.7951124 0.0812934 1.4 1.4 1.24246 0.0
255 0.1275 0.04907635 0.9773497 0.7965121 0.08268299 1.4 1.4 1.26546 0.0
256 0.128 0.04916729 0.9839596 0.7979026 0.08409802 1.4 1.4 1.28846 0.0
257 0.1285 0.04928199 0.9904089 0.7992838 0.08553769 1.4 1.4 1.31146 0.0
258 0.129 0.0494201 0.996702 0.8006557 0.08700127 1.4 1.4 1.33446 0.0
259 0.1295 0.04958128 1.002843 0.8020185 0.08848807 1.4 1.4 1.35746 0.0
260 0.13 0.04976521 1.008837 0.8033722 0.08999745 1.4 1.4 1.38046 0.0
261 0.1305 0.04997156 1.014686 0.8047167 0.09152878 1.4 1.4 1.40346 0.0
262 0.131 0.05020011 1.020396 0.8060521 0.0930815 1.4 1.4 1.42646 0.0
263 0.1315 0.05045052 1.02597 0.8073785 0.09465506 1.4 1.4 1.44946 0.0
264 0.132 0.05072247 1.031412 0.8086959 0.09624892 1.4 1.4 1.47246 0.0
265 0.1325 0.05101565 1.036724 0.8100043 0.09786259 1.4 1.4 1.49546 0.0
266 0.133 0.05132977 1.041912 0.8113039 0.09949558 1.4 1.4 1.51846 0.0
267 0.1335 0.05166445 1.046978 0.8125947 0.1011474 1.4 1.4 1.54146 0.0
268 0.134 0.05201937 1.051925 0.8138767 0.1028176 1.4 1.4 1.56446 0.0
269 0.1345 0.05239419 1.056757 0.81515 0.1045057 1.4 1.4 1.58746 0.0
270 0.135 0.05278862 1.061477 0.8164147 0.1062113 1.4 1.4 1.61046 0.0
271 0.1355 0.05320237 1.066088 0.8176709 0.107934 1.4 1.4 1.63346 0.0
272 0.136 0.05363514 1.070593 0.8189186 0.1096734 1.4 1.4 1.65646 0.0
273 0.1365 0.05408607 1.074994 0.8201578 0.111429 1.4 1.4 1.67946 0.0
274 0.137 0.0545537 1.079295 0.8213887 0.1132004 1.4 1.4 1.70246 0.0
275 0.1375 0.05503927 1.083499 0.8226114 0.1149874 1.4 1.4 1.72546 0.0
276 0.138 0.05554317 1.087607 0.8238258 0.1167895 1.4 1.4 1.74846 0.0
277 0.1385 0.05606523 1.091622 0.8250321 0.1186065 1.4 1.4 1.77146 0.0
278 0.139 0.05660515 1.095548 0.8262305 0.120438 1.4 1.4 1.79446 0.0
279 0.1395 0.05716256 1.099386 0.8274208 0.1222837 1.4 1.4 1.81746 0.0
280 0.14 0.05773712 1.103138 0.8286033 0.1241431 1.4 1.4 1.84046 0.0
281 0.1405 0.05832848 1.106807 0.829778 0.1260161 1.4 1.4 1.86346 0.0
282 0.141 0.0589361 1.110396 0.830945 0.1279024 1.4 1.4 1.88646 0.0
283 0.1415 0.05955807 1.113897 0.8315923 0.1297956 1.4 1.4 1.90946 0.0
284 0.142 0.06017781 1.11725 0.8309871 0.1316678 1.4 1.4 1.93246 0.0
285 0.1425 0.0608015 1.120463 0.8308039 0.1334255 1.4 1.4 1.95546 0.0
286 0.143 0.06144361 1.123582 0.831311 0.1351697 1.4 1.4 1.97846 0.0
287 0.1435 0.06210873 1.126641 0.832325 0.1369659 1.4 1.4 2.00146 0.0
288 0.144 0.06279064 1.129656 0.833629 0.1388001 1.4 1.4 2.02446 0.0
289 0.1445 0.06348553 1.132636 0.8350663 0.1406731 1.4 1.4 2.04746 0.0
290 0.145 0.06419774 1.135582 0.836544 0.1425902 1.4 1.4 2.07046 0.0
291 0.1455 0.06492932 1.138492 0.8380108 0.1445468 1.4 1.4 2.09346 0.0
292 0.146 0.06567978 1.141364 0.8394411 0.1465338 1.4 1.4 2.11646 0.0
293 0.1465 0.06644535 1.144193 0.8408244 0.1483873 1.4 1.4 2.13946 0.0
294 0.147 0.06722332 1.146978 0.8421587 0.1502607 1.4 1.4 2.16246 0.0
295 0.1475 0.06801601 1.149714 0.843447 0.1522027 1.4 1.4 2.18546 0.0
296 0.148 0.06882407 1.152401 0.8446941 0.1542017 1.4 1.4 2.20846 0.0
297 0.1485 0.06964696 1.155038 0.8459053 0.156245 1.4 1.4 2.23146 0.0
298 0.149 0.07048381 1.157623 0.8470854 0.1583226 1.4 1.4 2.25446 0.0
299 0.1495 0.07133379 1.160159 0.848239 0.1604269 1.4 1.4 2.27746 0.0
300 0.15 0.07219627 1.162643 0.8493697 0.1625522 1.4 1.4 2.3 0.0
301 0.1505 0.07306059 1.165078 0.8504731 0.1645851 1.4 1.4 2.277 0.0
302 0.151 0.07387808 1.167462 0.8515277 0.1663832 1.4 1.4 2.254 0.0
303 0.1515 0.07456437 1.169795 0.8525384 0.1680064 1.4 1.4 2.231 0.0
304 0.152 0.07520713 1.172071 0.8535127 0.1694752 1.4 1.4 2.208 0.0
305 0.1525 0.07585648 1.174294 0.8544593 0.1708179 1.4 1.4 2.185 0.0
306 0.153 0.07651971 1.176465 0.8553854 0.1720465 1.4 1.4 2.162 0.0
307 0.1535 0.077189 1.178587 0.8562934 0.1731659 1.4 1.4 2.139 0.0
308 0.154 0.07785462 1.180662 0.8571841 0.1741798 1.4 1.4 2.116 0.0
309 0.1545 0.07850893 1.182691 0.8580576 0.1750919 1.4 1.4 2.093 0.0
310 0.155 0.07914692 1.184676 0.8589142 0.1759059 1.4 1.4 2.07 0.0
311 0.1555 0.07976561 1.186616 0.859754 0.1766255 1.4 1.4 2.047 0.0
312 0.156 0.08036156 1.188512 0.8605734 0.1772525 1.4 1.4 2.024 0.0
313 0.1565 0.08090849 1.190362 0.8613314 0.177774 1.4 1.4 2.001 0.0
314 0.157 0.08142326 1.192162 0.8620638 0.1781891 1.4 1.4 1.978 0.0
315 0.1575 0.08192096 1.193916 0.8627964 0.1785108 1.4 1.4 1.955 0.0
316 0.158 0.08239969 1.195628 0.8635287 0.1787416 1.4 1.4 1.932 0.0
317 0.1585 0.08286415 1.1973 0.8642581 0.1789069 1.4 1.4 1.909 0.0
318 0.159 0.08331733 1.198936 0.8649816 0.1790163 1.4 1.4 1.886 0.0
319 0.1595 0.08375812 1.200537 0.8656956 0.1790709 1.4 1.4 1.863 0.0
320 0.16 0.08418394 1.202104 0.8663973 0.17907 1.4 1.4 1.84 0.0
321 0.1605 0.08459243 1.203637 0.8670506 0.1790134 1.4 1.4 1.817 0.0
322 0.161 0.08498007 1.205091 0.8661686 0.1789011 1.4 1.4 1.794 0.0
323 0.1615 0.08534284 1.206435 0.8651725 0.1787334 1.4 1.4 1.771 0.0
324 0.162 0.08568346 1.207707 0.8648788 0.1785114 1.4 1.4 1.748 0.0
325 0.1625 0.08600461 1.208947 0.8651998 0.1782363 1.4 1.4 1.725 0.0
326 0.163 0.08630704 1.210179 0.8659021 0.1779096 1.4 1.4 1.702 0.0
327 0.1635 0.08659052 1.21141 0.8667955 0.1775325 1.4 1.4 1.679 0.0
328 0.164 0.08685447 1.212643 0.8677565 0.1771064 1.4 1.4 1.656 0.0
329 0.1645 0.08709846 1.213874 0.8687145 0.1766326 1.4 1.4 1.633 0.0
330 0.165 0.08732224 1.2151 0.8696334 0.1761125 1.4 1.4 1.61 0.0
331 0.1655 0.0875257 1.216313 0.8704973 0.1755475 1.4 1.4 1.587 0.0
332 0.166 0.08770885 1.217512 0.8713022 0.174939 1.4 1.4 1.564 0.0
333 0.1665 0.08787174 1.218691 0.8720499 0.1742881 1.4 1.4 1.541 0.0
334 0.167 0.08800068 1.21982 0.8715816 0.1735871 1.4 1.4 1.518 0.0
335 0.1675 0.08808063 1.220839 0.8703934 0.1728358 1.4 1.4 1.495 0.0
336 0.168 0.08814336 1.221781 0.8698354 0.1720489 1.4 1.4 1.472 0.0
337 0.1685 0.08820048 1.222688 0.8699437 0.1712288 1.4 1.4 1.449 0.0
338 0.169 0.08825146 1.223587 0.8704893 0.1703758 1.4 1.4 1.426 0.0
339 0.1695 0.08829248 1.224492 0.8712628 0.1694903 1.4 1.4 1.403 0.0
340 0.17 0.08831986 1.225404 0.8721231 0.1685724 1.4 1.4 1.38 0.0
341 0.1705 0.0883309 1.226322 0.8729876 0.1676228 1.4 1.4 1.357 0.0
342 0.171 0.08832387 1.227239 0.8738134 0.1666416 1.4 1.4 1.334 0.0
343 0.1715 0.08829779 1.228152 0.8745813 0.1656295 1.4 1.4 1.311 0.0
344 0.172 0.0882523 1.229055 0.8752859 0.1645872 1.4 1.4 1.288 0.0
345 0.1725 0.0881874 1.229945 0.8759286 0.1635154 1.4 1.4 1.265 0.0
346 0.173 0.08810321 1.230817 0.8765145 0.162415 1.4 1.4 1.242 0.0
347 0.1735 0.08799993 1.231671 0.8770497 0.1612865 1.4 1.4 1.219 0.0
348 0.174 0.08787779 1.232503 0.8775402 0.1601306 1.4 1.4 1.196 0.0
349 0.1745 0.08773701 1.233313 0.8779918 0.1589479 1.4 1.4 1.173 0.0
350 0.175 0.08757783 1.2341 0.8784094 0.1577391 1.4 1.4 1.15 0.0
351 0.1755 0.08740047 1.234865 0.8787972 0.1565048 1.4 1.4 1.127 0.0
352 0.176 0.08720516 1.235606 0.8791587 0.1552456 1.4 1.4 1.104 0.0
353 0.1765 0.08699211 1.236325 0.8794968 0.1539621 1.4 1.4 1.081 0.0
354 0.177 0.08676152 1.237021 0.8798139 0.1526548 1.4 1.4 1.058 0.0
355 0.1775 0.0865136 1.237695 0.8801118 0.1513244 1.4 1.4 1.035 0.0
356 0.178 0.08624853 1.238347 0.8803921 0.1499713 1.4 1.4 1.012 0.0
357 0.1785 0.08596651 1.238978 0.8806561 0.1485961 1.4 1.4 0.989 0.0
358 0.179 0.08566768 1.239589 0.8809047 0.1471993 1.4 1.4 0.966 0.0
359 0.1795 0.08535214 1.240179 0.8811389 0.1457814 1.4 1.4 0.943 0.0
360 0.18 0.08502013 1.240749 0.8813593 0.1443429 1.4 1.4 0.92 0.0
361 0.1805 0.08467185 1.241301 0.8815664 0.1428842 1.4 1.4 0.897 0.0
362 0.181 0.08430752 1.241833 0.8817607 0.1414059 1.4 1.4 0.874 0.0
363 0.1815 0.0839273 1.242347 0.8819427 0.1399083 1.4 1.4 0.851 0.0
364 0.182 0.08353137 1.242844 0.8821126 0.1383918 1.4 1.4 0.828 0.0
365 0.1825 0.0831199 1.243323 0.8822709 0.1368569 1.4 1.4 0.805 0.0
366 0.183 0.08269306 1.243785 0.8824176 0.135304 1.4 1.4 0.782 0.0
367 0.1835 0.08225101 1.24423 0.8825532 0.1337335 1.4 1.4 0.759 0.0
368 0.184 0.08179392 1.244659 0.8826777 0.1321457 1.4 1.4 0.736 0.0
369 0.1845 0.08132196 1.245072 0.8827913 0.130541 1.4 1.4 0.713 0.0
370 0.185 0.0808353 1.24547 0.8828944 0.1289198 1.4 1.4 0.69 0.0
371 0.1855 0.0803341 1.245852 0.8829869 0.1272823 1.4 1.4 0.667 0.0
372 0.186 0.07981853 1.246219 0.8830691 0.1256291 1.4 1.4 0.644 0.0
373 0.1865 0.07928876 1.246571 0.8831411 0.1239602 1.4 1.4 0.621 0.0
374 0.187 0.07874494 1.246909 0.883203 0.1222762 1.4 1.4 0.598 0.0
375 0.1875 0.07818725 1.247233 0.8832551 0.1205773 1.4 1.4 0.575 0.0
376 0.188 0.07761584 1.247543 0.8832973 0.1188637 1.4 1.4 0.552 0.0
377 0.1885 0.07703089 1.247839 0.8833299 0.1171358 1.4 1.4 0.529 0.0
378 0.189 0.07643255 1.248122 0.883353 0.1153939 1.4 1.4 0.506 0.0
379 0.1895 0.07582098 1.248392 0.8833667 0.1136382 1.4 1.4 0.483 0.0
380 0.19 0.07519635 1.248648 0.8833711 0.1118691 1.4 1.4 0.46 0.0
381 0.1905 0.07455881 1.248893 0.8833663 0.1100867 1.4 1.4 0.437 0.0
382 0.191 0.07390853 1.249124 0.8833525 0.1082913 1.4 1.4 0.414 0.0
383 0.1915 0.07324565 1.249344 0.8833297 0.1064832 1.4 1.4 0.391 0.0
384 0.192 0.07257034 1.249551 0.8832981 0.1046626 1.4 1.4 0.368 0.0
385 0.1925 0.07188275 1.249747 0.8832578 0.1028297 1.4 1.4 0.345 0.0
386 0.193 0.07118304 1.249931 0.8832089 0.1009849 1.4 1.4 0.322 0.0
387 0.1935 0.07047135 1.250103 0.8831515 0.09912824 1.4 1.4 0.299 0.0
388 0.194 0.06974785 1.250264 0.8830857 0.09726002 1.4 1.4 0.276 0.0
389 0.1945 0.06901267 1.250414 0.8830117 0.09538043 1.4 1.4 0.253 0.0
390 0.195 0.06826598 1.250554 0.8829294 0.0934897 1.4 1.4 0.23 0.0
391 0.1955 0.06750792 1.250682 0.8828391 0.09158802 1.4 1.4 0.207 0.0
392 0.196 0.06673863 1.250801 0.8827407 0.08967559 1.4 1.4 0.184 0.0
393 0.1965 0.06595826 1.250908 0.8826345 0.0877526 1.4 1.4 0.161 0.0
394 0.197 0.06516696 1.251006 0.8825206 0.08581926 1.4 1.4 0.138 0.0
395 0.1975 0.06436487 1.251093 0.8823989 0.08387573 1.4 1.4 0.115 0.0
396 0.198 0.06355213 1.251171 0.8822697 0.08192222 1.4 1.4 0.092 0.0
397 0.1985 0.06272889 1.251239 0.882133 0.07995888 1.4 1.4 0.069 0.0
398 0.199 0.06189527 1.251298 0.8819888 0.0779859 1.4 1.4 0.046 0.0
399 0.1995 0.06105142 1.251347 0.8818374 0.07600344 1.4 1.4 0.023 0.0
400 0.2 0.06019747 1.251387 0.8816788 0.07401168 1.4 0.0 0.00046 0.0
401 0.2005 0.05932487 1.250985 0.8672946 0.07210202 1.4 0.0 0.02346 0.0
402 0.201 0.0584489 1.249904 0.8528647 0.07041914 1.4 0.0 0.04646 0.0
403 0.2015 0.0576041 1.248365 0.8407521 0.06890918 1.4 0.0 0.06946 0.0
404 0.202 0.05679388 1.246526 0.8301158 0.06753512 1.4 0.0 0.09246 0.0
405 0.2025 0.05601211 1.244475 0.8202003 0.06628197 1.4 0.0 0.11546 0.0
406 0.203 0.05525293 1.242263 0.810591 0.06514174 1.4 0.0 0.13846 0.0
407 0.2035 0.05451263 1.239923 0.8010971 0.06410858 1.4 0.0 0.16146 0.0
408 0.204 0.05378925 1.237474 0.7916415 0.06317744 1.4 0.0 0.18446 0.0
409 0.2045 0.05308193 1.234933 0.7821987 0.06234372 1.4 0.0 0.20746 0.0
410 0.205 0.05239039 1.232313 0.7727646 0.06160311 1.4 0.0 0.23046 0.0
411 0.2055 0.05171467 1.229626 0.7633437 0.06095157 1.4 0.0 0.25346 0.0
412 0.206 0.05105492 1.226881 0.7539433 0.0603853 1.4 0.0 0.27646 0.0
413 0.2065 0.05041137 1.224087 0.7445714 0.05990071 1.4 0.0 0.29946 0.0
414 0.207 0.04978427 1.221252 0.7352358 0.05949442 1.4 0.0 0.32246 0.0
415 0.2075 0.04917385 1.218384 0.7259438 0.05916324 1.4 0.0 0.34546 0.0
416 0.208 0.04858034 1.215488 0.7167021 0.05890413 1.4 0.0 0.36846 0.0
417 0.2085 0.04800396 1.212571 0.7075168 0.05871426 1.4 0.0 0.39146 0.0
418 0.209 0.0474449 1.209638 0.6983938 0.05859093 1.4 0.0 0.41446 0.0
419 0.2095 0.04690335 1.206692 0.6893379 0.05853158 1.4 0.0 0.43746 0.0
420 0.21 0.04637947 1.20374 0.680354 0.0585338 1.4 0.0 0.46046 0.0
421 0.2105 0.0458734 1.200784 0.6714461 0.0585953 1.4 0.0 0.48346 0.0
422 0.211 0.04538529 1.197827 0.6626183 0.05871391 1.4 0.0 0.50646 0.0
423 0.2115 0.04491524 1.194874 0.6538738 0.05888758 1.4 0.0 0.52946 0.0
424 0.212 0.04446338 1.191928 0.6452158 0.05911436 1.4 0.0 0.55246 0.0
425 0.2125 0.04402978 1.18899 0.6366471 0.05939239 1.4 0.0 0.57546 0.0
426 0.213 0.04361452 1.186063 0.6281701 0.05971992 1.4 0.0 0.59846 0.0
427 0.2135 0.04321768 1.183149 0.6197872 0.06009527 1.4 0.0 0.62146 0.0
428 0.214 0.04283931 1.18025 0.6115003 0.06051686 1.4 0.0 0.64446 0.0
429 0.2145 0.04247944 1.177369 0.6033111 0.06098318 1.4 0.0 0.66746 0.0
430 0.215 0.04213792 1.174506 0.5952212 0.06149264 1.4 0.0 0.69046 0.0
431 0.2155 0.04181345 1.171662 0.5872315 0.06204325 1.4 0.0 0.71346 0.0
432 0.216 0.04150713 1.168838 0.5793434 0.06263428 1.4 0.0 0.73646 0.0
433 0.2165 0.04122002 1.166037 0.571558 0.06326486 1.4 0.0 0.75946 0.0
434 0.217 0.04095229 1.163262 0.5638761 0.06393383 1.4 0.0 0.78246 0.0
435 0.2175 0.04070372 1.160511 0.5562985 0.06464003 1.4 0.0 0.80546 0.0
436 0.218 0.04047404 1.157788 0.5488255 0.06538233 1.4 0.0 0.82846 0.0
437 0.2185 0.04026258 1.155091 0.5414573 0.06615741 1.4 0.0 0.85146 0.0
438 0.219 0.04006605 1.15242 0.534192 0.06695618 1.4 0.0 0.87446 0.0
439 0.2195 0.03988567 1.149776 0.5270308 0.06778592 1.4 0.0 0.89746 0.0
440 0.22 0.03972411 1.147161 0.5199755 0.06865017 1.4 0.0 0.92046 0.0
441 0.2205 0.03958242 1.144576 0.5130264 0.06954865 1.4 0.0 0.94346 0.0
442 0.221 0.03946053 1.142022 0.5061834 0.07048011 1.4 0.0 0.96646 0.0
443 0.2215 0.039358 1.1395 0.4994461 0.07144324 1.4 0.0 0.98946 0.0
444 0.222 0.03927443 1.137009 0.4928139 0.07243679 1.4 0.0 1.01246 0.0
445 0.2225 0.03920946 1.13455 0.4862862 0.07345968 1.4 0.0 1.03546 0.0
446 0.223 0.03916276 1.132123 0.4798626 0.07451089 1.4 0.0 1.05846 0.0
447 0.2235 0.03913405 1.129729 0.4735424 0.07558951 1.4 0.0 1.08146 0.0
448 0.224 0.03912314 1.127366 0.467325 0.07669467 1.4 0.0 1.10446 0.0
449 0.2245 0.03912987 1.125036 0.4612098 0.07782561 1.4 0.0 1.12746 0.0
450 0.225 0.03915412 1.122738 0.455196 0.07898161 1.4 0.0 1.15046 0.0
451 0.2255 0.03919577 1.120472 0.449283 0.08016198 1.4 0.0 1.17346 0.0
452 0.226 0.03925474 1.118239 0.44347 0.0813661 1.4 0.0 1.19646 0.0
453 0.2265 0.03933091 1.116038 0.4377562 0.08259337 1.4 0.0 1.21946 0.0
454 0.227 0.03942418 1.11387 0.4321408 0.08384323 1.4 0.0 1.24246 0.0
455 0.2275 0.03953446 1.111734 0.4266228 0.08511514 1.4 0.0 1.26546 0.0
456 0.228 0.03966162 1.109631 0.4212015 0.08640858 1.4 0.0 1.28846 0.0
457 0.2285 0.03980557 1.10756 0.4158759 0.08772306 1.4 0.0 1.31146 0.0
458 0.229 0.03996617 1.105522 0.410645 0.08905812 1.4 0.0 1.33446 0.0
459 0.2295 0.04014331 1.103515 0.405508 0.09041331 1.4 0.0 1.35746 0.0
460 0.23 0.04033687 1.101541 0.4004637 0.09178818 1.4 0.0 1.38046 0.0
461 0.2305 0.04054676 1.099599 0.3955113 0.09318234 1.4 0.0 1.40346 0.0
462 0.231 0.0407729 1.097689 0.3906496 0.0945954 1.4 0.0 1.42646 0.0
463 0.2315 0.04101513 1.09581 0.3858777 0.09602696 1.4 0.0 1.44946 0.0
464 0.232 0.04127329 1.093963 0.3811946 0.09747665 1.4 0.0 1.47246 0.0
465 0.2325 0.0415472 1.092148 0.3765991 0.09894409 1.4 0.0 1.49546 0.0
466 0.233 0.04183672 1.090364 0.3720903 0.1004289 1.4 0.0 1.51846 0.0
467 0.2335 0.04214171 1.08861 0.367667 0.1019308 1.4 0.0 1.54146 0.0
468 0.234 0.04246203 1.086888 0.3633282 0.1034494 1.4 0.0 1.56446 0.0
469 0.2345 0.04279754 1.085196 0.3590728 0.1049843 1.4 0.0 1.58746 0.0
470 0.235 0.04314814 1.083535 0.3548998 0.1065353 1.4 0.0 1.61046 0.0
471 0.2355 0.04351373 1.081904 0.3508079 0.108102 1.4 0.0 1.63346 0.0
472 0.236 0.04389414 1.080303 0.3467963 0.1096842 1.4 0.0 1.65646 0.0
473 0.2365 0.04428921 1.078732 0.3428637 0.1112816 1.4 0.0 1.67946 0.0
474 0.237 0.04469879 1.07719 0.3390092 0.1128939 1.4 0.0 1.70246 0.0
475 0.2375 0.04512271 1.075677 0.3352315 0.1145209 1.4 0.0 1.72546 0.0
476 0.238 0.04556084 1.074193 0.3315298 0.1161622 1.4 0.0 1.74846 0.0
477 0.2385 0.04601296 1.072738 0.3279027 0.1178177 1.4 0.0 1.77146 0.0
478 0.239 0.04647875 1.071311 0.3243494 0.1194869 1.4 0.0 1.79446 0.0
479 0.2395 0.04695813 1.069912 0.3208686 0.1211694 1.4 0.0 1.81746 0.0
480 0.24 0.04745114 1.068542 0.3174594 0.1228652 1.4 0.0 1.84046 0.0
481 0.2405 0.04795775 1.067198 0.3141207 0.1245741 1.4 0.0 1.86346 0.0
482 0.241 0.04847788 1.065882 0.3108516 0.1262959 1.4 0.0 1.88646 0.0
483 0.2415 0.04901136 1.064593 0.3076509 0.1280305 1.4 0.0 1.90946 0.0
484 0.242 0.04955803 1.063331 0.3045176 0.1297776 1.4 0.0 1.93246 0.0
485 0.2425 0.05011773 1.062095 0.3014507 0.131537 1.4 0.0 1.95546 0.0
486 0.243 0.05069027 1.060885 0.2984492 0.1333085 1.4 0.0 1.97846 0.0
487 0.2435 0.05127551 1.059701 0.295512 0.1350919 1.4 0.0 2.00146 0.0
488 0.244 0.0518733 1.058542 0.2926382 0.1368869 1.4 0.0 2.02446 0.0
489 0.2445 0.05248348 1.057409 0.2898267 0.1386934 1.4 0.0 2.04746 0.0
490 0.245 0.05310592 1.056301 0.2870767 0.1405111 1.4 0.0 2.07046 0.0
491 0.2455 0.05374049 1.055217 0.284387 0.1423399 1.4 0.0 2.09346 0.0
492 0.246 0.05438704 1.054158 0.2817567 0.1441797 1.4 0.0 2.11646 0.0
493 0.2465 0.05504544 1.053122 0.279185 0.1460301 1.4 0.0 2.13946 0.0
494 0.247 0.05571555 1.052111 0.2766708 0.147891 1.4 0.0 2.16246 0.0
495 0.2475 0.05639705 1.051123 0.2742132 0.1497293 1.4 0.0 2.18546 0.0
496 0.248 0.05708624 1.050157 0.2718109 0.1513373 1.4 0.0 2.20846 0.0
497 0.2485 0.05778274 1.049213 0.2694628 0.1528707 1.4 0.0 2.23146 0.0
498 0.249 0.05848971 1.04829 0.2671683 0.1545134 1.4 0.0 2.25446 0.0
499 0.2495 0.0592089 1.047389 0.264927 0.1562573 1.4 0.0 2.27746 0.0
500 0.25 0.05994073 1.04651 0.2627379 0.1580797 1.4 0.0 2.3 0.0
501 0.2505 0.06067483 1.045653 0.2605925 0.159853 1.4 0.0 2.277 0.0
502 0.251 0.06136447 1.044815 0.258464 0.1614059 1.4 0.0 2.254 0.0
503 0.2515 0.06199756 1.043994 0.2563528 0.1627936 1.4 0.0 2.231 0.0
504 0.252 0.06259217 1.043188 0.2542706 0.1640637 1.4 0.0 2.208 0.0
505 0.2525 0.06316229 1.042398 0.2522237 0.1652296 1.4 0.0 2.185 0.0
506 0.253 0.06371398 1.041623 0.250214 0.1662941 1.4 0.0 2.162 0.0
507 0.2535 0.06424892 1.040863 0.2482411 0.1672583 1.4 0.0 2.139 0.0
508 0.254 0.06476699 1.040117 0.2463043 0.1681234 1.4 0.0 2.116 0.0
509 0.2545 0.06526758 1.039385 0.2444024 0.1688912 1.4 0.0 2.093 0.0
510 0.255 0.06575003 1.038666 0.2425345 0.1695641 1.4 0.0 2.07 0.0
511 0.2555 0.06621383 1.037959 0.2406997 0.1701446 1.4 0.0 2.047 0.0
512 0.256 0.06665859 1.037265 0.2388972 0.1706356 1.4 0.0 2.024 0.0
513 0.2565 0.067084 1.036582 0.2371261 0.17104 1.4 0.0 2.001 0.0
514 0.257 0.06748988 1.035911 0.2353857 0.171361 1.4 0.0 1.978 0.0
515 0.2575 0.06787606 1.03525 0.2336753 0.1716015 1.4 0.0 1.955 0.0
516 0.258 0.06824243 1.0346 0.2319941 0.1717644 1.4 0.0 1.932 0.0
517 0.2585 0.06858891 1.03396 0.2303415 0.1718527 1.4 0.0 1.909 0.0
518 0.259 0.06891543 1.033329 0.2287168 0.1718691 1.4 0.0 1.886 0.0
519 0.2595 0.06922194 1.032708 0.2271193 0.1718165 1.4 0.0 1.863 0.0
520 0.26 0.06950842 1.032097 0.2255484 0.1716974 1.4 0.0 1.84 0.0
521 0.2605 0.06977483 1.031494 0.2240034 0.1715144 1.4 0.0 1.817 0.0
522 0.261 0.07002118 1.030899 0.2224837 0.1712697 1.4 0.0 1.794 0.0
523 0.2615 0.07024747 1.030313 0.2209887 0.1709659 1.4 0.0 1.771 0.0
524 0.262 0.07045369 1.029735 0.2195177 0.1706049 1.4 0.0 1.748 0.0
525 0.2625 0.07063989 1.029164 0.2180703 0.1701889 1.4 0.0 1.725 0.0
526 0.263 0.07080609 1.028601 0.2166458 0.16972 1.4 0.0 1.702 0.0
527 0.2635 0.07095232 1.028046 0.2152437 0.1691999 1.4 0.0 1.679 0.0
528 0.264 0.07107865 1.027497 0.2138634 0.1686305 1.4 0.0 1.656 0.0
529 0.2645 0.07118512 1.026955 0.2125043 0.1680135 1.4 0.0 1.633 0.0
530 0.265 0.0712718 1.026419 0.211166 0.1673505 1.4 0.0 1.61 0.0
531 0.2655 0.07133758 1.025889 0.209847 0.1666311 1.4 0.0 1.587 0.0
532 0.266 0.07137956 1.025361 0.2085451 0.1658541 1.4 0.0 1.564 0.0
533 0.2665 0.0714001 1.024838 0.207262 0.1650372 1.4 0.0 1.541 0.0
534 0.267 0.07140199 1.024321 0.2059986 0.1641862 1.4 0.0 1.518 0.0
535 0.2675 0.07138629 1.023807 0.2046053 0.1633022 1.4 0.0 1.495 0.0
536 0.268 0.07135219 1.023282 0.2029514 0.162385 1.4 0.0 1.472 0.0
537 0.2685 0.07129948 1.02275 0.2014373 0.1614347 1.4 0.0 1.449 0.0
538 0.269 0.0712287 1.022219 0.2001113 0.1604516 1.4 0.0 1.426 0.0
539 0.2695 0.07114002 1.021697 0.1989234 0.1594361 1.4 0.0 1.403 0.0
540 0.27 0.07103336 1.021188 0.1978199 0.1583886 1.4 0.0 1.38 0.0
541 0.2705 0.07090857 1.020691 0.1967632 0.1573098 1.4 0.0 1.357 0.0
542 0.271 0.07076557 1.020205 0.1957304 0.1562004 1.4 0.0 1.334 0.0
543 0.2715 0.07060434 1.019731 0.1947092 0.1550609 1.4 0.0 1.311 0.0
544 0.272 0.07042494 1.019265 0.1936936 0.1538922 1.4 0.0 1.288 0.0
545 0.2725 0.07022746 1.018807 0.1926813 0.1526949 1.4 0.0 1.265 0.0
546 0.273 0.07001204 1.018355 0.191672 0.1514698 1.4 0.0 1.242 0.0
547 0.2735 0.06977883 1.017907 0.1906662 0.1502175 1.4 0.0 1.219 0.0
548 0.274 0.06952798 1.017465 0.1896649 0.1489386 1.4 0.0 1.196 0.0
549 0.2745 0.06925966 1.017025 0.1886691 0.147634 1.4 0.0 1.173 0.0
550 0.275 0.06897405 1.016589 0.1876797 0.1463042 1.4 0.0 1.15 0.0
551 0.2755 0.06867131 1.016156 0.1866975 0.1449499 1.4 0.0 1.127 0.0
552 0.276 0.06835161 1.015724 0.185723 0.1435717 1.4 0.0 1.104 0.0
553 0.2765 0.06801514 1.015295 0.1847568 0.1421703 1.4 0.0 1.081 0.0
554 0.277 0.06766205 1.014868 0.1837992 0.140746 1.4 0.0 1.058 0.0
555 0.2775 0.06729252 1.014443 0.1828502 0.1392997 1.4 0.0 1.035 0.0
556 0.278 0.06690672 1.014019 0.1819102 0.1378317 1.4 0.0 1.012 0.0
557 0.2785 0.06650483 1.013597 0.180979 0.1363427 1.4 0.0 0.989 0.0
558 0.279 0.06608702 1.013176 0.1800568 0.1348331 1.4 0.0 0.966 0.0
559 0.2795 0.06565345 1.012756 0.1791433 0.1333034 1.4 0.0 0.943 0.0
560 0.28 0.06520431 1.012338 0.1782385 0.1317541 1.4 0.0 0.92 0.0
561 0.2805 0.06473975 1.011922 0.1773422 0.1301857 1.4 0.0 0.897 0.0
562 0.281 0.06425997 1.011506 0.1764544 0.1285987 1.4 0.0 0.874 0.0
563 0.2815 0.06376512 1.011092 0.1755748 0.1269933 1.4 0.0 0.851 0.0
564 0.282 0.06325538 1.010679 0.1747032 0.1253702 1.4 0.0 0.828 0.0
565 0.2825 0.06273092 1.010267 0.1738395 0.1237296 1.4 0.0 0.805 0.0
566 0.283 0.06219191 1.009855 0.1729835 0.122072 1.4 0.0 0.782 0.0
567 0.2835 0.06163852 1.009445 0.172135 0.1203977 1.4 0.0 0.759 0.0
568 0.284 0.06107093 1.009036 0.1712937 0.1187072 1.4 0.0 0.736 0.0
569 0.2845 0.0604893 1.008627 0.1704596 0.1170007 1.4 0.0 0.713 0.0
570 0.285 0.05989381 1.008219 0.1696323 0.1152787 1.4 0.0 0.69 0.0
571 0.2855 0.05928461 1.007812 0.1688117 0.1135415 1.4 0.0 0.667 0.0
572 0.286 0.05866189 1.007406 0.1679977 0.1117894 1.4 0.0 0.644 0.0
573 0.2865 0.0580258 1.007 0.16719 0.1100227 1.4 0.0 0.621 0.0
574 0.287 0.05737652 1.006595 0.1663885 0.1082417 1.4 0.0 0.598 0.0
575 0.2875 0.0567142 1.00619 0.1655929 0.1064468 1.4 0.0 0.575 0.0
576 0.288 0.05603902 1.005785 0.1648032 0.1046381 1.4 0.0 0.552 0.0
577 0.2885 0.05535114 1.005381 0.1640191 0.1028161 1.4 0.0 0.529 0.0
578 0.289 0.05465071 1.004977 0.1632404 0.100981 1.4 0.0 0.506 0.0
579 0.2895 0.05393791 1.004574 0.1624671 0.09913305 1.4 0.0 0.483 0.0
580 0.29 0.05321288 1.00417 0.1616989 0.0972725 1.4 0.0 0.46 0.0
581 0.2905 0.0524758 1.003767 0.1609358 0.09539964 1.4 0.0 0.437 0.0
582 0.291 0.05172681 1.003364 0.1601774 0.0935147 1.4 0.0 0.414 0.0
583 0.2915 0.05096608 1.00296 0.1594238 0.09161792 1.4 0.0 0.391 0.0
584 0.292 0.05019376 1.002557 0.1586747 0.08970954 1.4 0.0 0.368 0.0
585 0.2925 0.04941001 1.002154 0.15793 0.0877898 1.4 0.0 0.345 0.0
586 0.293 0.04861497 1.001751 0.1571896 0.08585891 1.4 0.0 0.322 0.0
587 0.2935 0.0478088 1.001347 0.1564534 0.0839171 1.4 0.0 0.299 0.0
588 0.294 0.04699164 1.000944 0.1557211 0.08196457 1.4 0.0 0.276 0.0
589 0.2945 0.04616366 1.00054 0.1549928 0.08000153 1.4 0.0 0.253 0.0
590 0.295 0.04532499 1.000136 0.1542682 0.07802819 1.4 0.0 0.23 0.0
591 0.2955 0.04447578 0.9997315 0.1535472 0.07604475 1.4 0.0 0.207 0.0
592 0.296 0.04361618 0.9993268 0.1528298 0.07405139 1.4 0.0 0.184 0.0
593 0.2965 0.04274633 0.9989217 0.1521157 0.07204831 1.4 0.0 0.161 0.0
594 0.297 0.04186636 0.9985161 0.151405 0.07003568 1.4 0.0 0.138 0.0
595 0.2975 0.04097643 0.9981102 0.1506974 0.0680137 1.4 0.0 0.115 0.0
596 0.298 0.04007666 0.9977038 0.1499929 0.06598252 1.4 0.0 0.092 0.0
597 0.2985 0.0391672 0.9972969 0.1492914 0.06394233 1.4 0.0 0.069 0.0
598 0.299 0.03824818 0.9968894 0.1485928 0.06189329 1.4 0.0 0.046 0.0
599 0.2995 0.03731974 0.9964814 0.1478969 0.05983557 1.4 0.0 0.023 0.0
600 0.3 0.036382 0.9960728 0.1472037 0.05776931 0.0 0.0 0.00046 0.0
601 0.3005 0.03542863 0.9843172 0.1462701 0.05564714 0.0 0.0 0.02346 0.0
602 0.301 0.03449672 0.9681714 0.1449983 0.05373777 0.0 0.0 0.04646 0.0
603 0.3015 0.03361281 0.9499452 0.1435312 0.05200936 0.0 0.0 0.06946 0.0
604 0.302 0.03276734 0.9306624 0.1419434 0.0504149 0.0 0.0 0.09246 0.0
605 0.3025 0.03194987 0.9108125 0.1402759 0.04893648 0.0 0.0 0.11546 0.0
606 0.303 0.0311543 0.8906649 0.1385521 0.04756565 0.0 0.0 0.13846 0.0
607 0.3035 0.03037766 0.8703899 0.136786 0.04629694 0.0 0.0 0.16146 0.0
608 0.304 0.02961869 0.8501081 0.1349874 0.04512589 0.0 0.0 0.18446 0.0
609 0.3045 0.02887696 0.8299108 0.1331633 0.04404858 0.0 0.0 0.20746 0.0
610 0.305 0.02815243 0.8098696 0.1313194 0.04306134 0.0 0.0 0.23046 0.0
611 0.3055 0.02744519 0.7900418 0.1294604 0.04216074 0.0 0.0 0.25346 0.0
612 0.306 0.02675544 0.7704728 0.1275903 0.04134353 0.0 0.0 0.27646 0.0
613 0.3065 0.02608337 0.7511985 0.1257126 0.04060663 0.0 0.0 0.29946 0.0
614 0.307 0.02542918 0.7322472 0.1238303 0.03994713 0.0 0.0 0.32246 0.0
615 0.3075 0.02479306 0.7136406 0.1219463 0.03936226 0.0 0.0 0.34546 0.0
616 0.308 0.02417518 0.6953948 0.1200627 0.03884938 0.0 0.0 0.36846 0.0
617 0.3085 0.02357571 0.6775217 0.1181819 0.038406 0.0 0.0 0.39146 0.0
618 0.309 0.0229948 0.6600292 0.1163056 0.03802974 0.0 0.0 0.41446 0.0
619 0.3095 0.02243257 0.6429221 0.1144356 0.03771835 0.0 0.0 0.43746 0.0
620 0.31 0.02188914 0.6262029 0.1125733 0.03746966 0.0 0.0 0.46046 0.0
621 0.3105 0.02136462 0.6098716 0.1107201 0.03728163 0.0 0.0 0.48346 0.0
622 0.311 0.02085908 0.5939268 0.1088772 0.03715231 0.0 0.0 0.50646 0.0
623 0.3115 0.02037262 0.5783653 0.1070457 0.03707983 0.0 0.0 0.52946 0.0
624 0.312 0.01990528 0.5631831 0.1052265 0.03706243 0.0 0.0 0.55246 0.0
625 0.3125 0.01945712 0.5483752 0.1034206 0.03709841 0.0 0.0 0.57546 0.0
626 0.313 0.01902818 0.5339357 0.1016287 0.03718615 0.0 0.0 0.59846 0.0
627 0.3135 0.01861848 0.5198584 0.09985165 0.0373241 0.0 0.0 0.62146 0.0
628 0.314 0.01822804 0.5061364 0.09808999 0.03751079 0.0 0.0 0.64446 0.0
629 0.3145 0.01785687 0.4927627 0.09634436 0.03774481 0.0 0.0 0.66746 0.0
630 0.315 0.01750496 0.47973 0.09461531 0.0380248 0.0 0.0 0.69046 0.0
631 0.3155 0.01717231 0.4670307 0.09290332 0.03834946 0.0 0.0 0.71346 0.0
632 0.316 0.01685888 0.4546572 0.09120883 0.03871757 0.0 0.0 0.73646 0.0
633 0.3165 0.01656466 0.4426021 0.08953227 0.03912792 0.0 0.0 0.75946 0.0
634 0.317 0.01628961 0.4308576 0.08787398 0.03957937 0.0 0.0 0.78246 0.0
635 0.3175 0.01603369 0.4194161 0.08623431 0.04007084 0.0 0.0 0.80546 0.0
636 0.318 0.01579683 0.4082703 0.08461356 0.04060126 0.0 0.0 0.82846 0.0
637 0.3185 0.01557899 0.3974127 0.08301199 0.04116962 0.0 0.0 0.85146 0.0
638 0.319 0.0153801 0.386836 0.08142985 0.04177497 0.0 0.0 0.87446 0.0
639 0.3195 0.01520009 0.3765329 0.07986735 0.04241634 0.0 0.0 0.89746 0.0
640 0.32 0.01503889 0.3664966 0.07832469 0.04309286 0.0 0.0 0.92046 0.0
641 0.3205 0.01489641 0.35672 0.07680205 0.04380365 0.0 0.0 0.94346 0.0
642 0.321 0.01477257 0.3471964 0.07529956 0.04454788 0.0 0.0 0.96646 0.0
643 0.3215 0.01466727 0.3379193 0.07381737 0.04532473 0.0 0.0 0.98946 0.0
644 0.322 0.01458043 0.3288821 0.07235558 0.04613344 0.0 0.0 1.01246 0.0
645 0.3225 0.01451194 0.3200786 0.0709143 0.04697325 0.0 0.0 1.03546 0.0
646 0.323 0.0144617 0.3115028 0.06949359 0.04784344 0.0 0.0 1.05846 0.0
647 0.3235 0.0144296 0.3031485 0.06809354 0.04874332 0.0 0.0 1.08146 0.0
648 0.324 0.01441553 0.29501 0.06671418 0.04967219 0.0 0.0 1.10446 0.0
649 0.3245 0.01441938 0.2870816 0.06535555 0.05062942 0.0 0.0 1.12746 0.0
650 0.325 0.01444102 0.2793579 0.06401768 0.05161437 0.0 0.0 1.15046 0.0
651 0.3255 0.01447962 0.2718333 0.06270025 0.05262211 0.0 0.0 1.17346 0.0
652 0.326 0.01453208 0.2645025 0.06140191 0.05364622 0.0 0.0 1.19646 0.0
653 0.3265 0.01459975 0.2573605 0.06012356 0.05469556 0.0 0.0 1.21946 0.0
654 0.327 0.01468563 0.2504024 0.0588664 0.05577289 0.0 0.0 1.24246 0.0
655 0.3275 0.01479065 0.2436236 0.05763076 0.05687818 0.0 0.0 1.26546 0.0
656 0.328 0.01491448 0.2370194 0.05641648 0.05801051 0.0 0.0 1.28846 0.0
657 0.3285 0.01505642 0.2305854 0.05522332 0.05916885 0.0 0.0 1.31146 0.0
658 0.329 0.01521584 0.2243171 0.05405103 0.06035223 0.0 0.0 1.33446 0.0
659 0.3295 0.01539224 0.2182101 0.05289941 0.06155977 0.0 0.0 1.35746 0.0
660 0.33 0.01558527 0.2122604 0.05176829 0.06279071 0.0 0.0 1.38046 0.0
661 0.3305 0.01579468 0.2064639 0.05065757 0.06404434 0.0 0.0 1.40346 0.0
662 0.331 0.01602025 0.2008167 0.04956712 0.06532002 0.0 0.0 1.42646 0.0
663 0.3315 0.01626181 0.1953148 0.04849684 0.06661193 0.0 0.0 1.44946 0.0
664 0.332 0.01651901 0.1899546 0.04744663 0.06791908 0.0 0.0 1.47246 0.0
665 0.3325 0.01679172 0.1847324 0.04641639 0.06924874 0.0 0.0 1.49546 0.0
666 0.333 0.01707993 0.1796447 0.045406 0.0706009 0.0 0.0 1.51846 0.0
667 0.3335 0.0173836 0.1746882 0.04441538 0.07197462 0.0 0.0 1.54146 0.0
668 0.334 0.01770267 0.1698594 0.04344442 0.073369 0.0 0.0 1.56446 0.0
669 0.3345 0.01803701 0.1651551 0.04249299 0.07478326 0.0 0.0 1.58746 0.0
670 0.335 0.01838642 0.1605722 0.04156098 0.07621675 0.0 0.0 1.61046 0.0
671 0.3355 0.01875067 0.1561076 0.04064826 0.07766885 0.0 0.0 1.63346 0.0
672 0.336 0.01912966 0.1517584 0.03975471 0.07913903 0.0 0.0 1.65646 0.0
673 0.3365 0.0195233 0.1475217 0.03888019 0.08062684 0.0 0.0 1.67946 0.0
674 0.337 0.0199315 0.1433945 0.03802457 0.08213186 0.0 0.0 1.70246 0.0
675 0.3375 0.02035415 0.1393743 0.03718771 0.08365373 0.0 0.0 1.72546 0.0
676 0.338 0.02079119 0.1354584 0.03636948 0.08519211 0.0 0.0 1.74846 0.0
677 0.3385 0.02124243 0.1316441 0.03556973 0.08674668 0.0 0.0 1.77146 0.0
678 0.339 0.02170765 0.127929 0.03478831 0.08831709 0.0 0.0 1.79446 0.0
679 0.3395 0.02218665 0.1243105 0.03402509 0.08990304 0.0 0.0 1.81746 0.0
680 0.34 0.02267924 0.1207864 0.0332799 0.09150422 0.0 0.0 1.84046 0.0
681 0.3405 0.02318529 0.1173542 0.0325526 0.09312034 0.0 0.0 1.86346 0.0
682 0.341 0.02370472 0.1140117 0.03184303 0.09475116 0.0 0.0 1.88646 0.0
683 0.3415 0.02423735 0.1107567 0.03115103 0.09639641 0.0 0.0 1.90946 0.0
684 0.342 0.02478298 0.107587 0.03047647 0.09805582 0.0 0.0 1.93246 0.0
685 0.3425 0.02534144 0.1045006 0.02981916 0.09972915 0.0 0.0 1.95546 0.0
686 0.343 0.02591257 0.1014954 0.02917896 0.1014161 0.0 0.0 1.97846 0.0
687 0.3435 0.02649623 0.09856951 0.02855571 0.1031165 0.0 0.0 2.00146 0.0
688 0.344 0.02709229 0.0957209 0.02794925 0.1048301 0.0 0.0 2.02446 0.0
689 0.3445 0.02770062 0.09294773 0.02735942 0.1065567 0.0 0.0 2.04746 0.0
690 0.345 0.02832109 0.09024819 0.02678605 0.108296 0.0 0.0 2.07046 0.0
691 0.3455 0.02895358 0.08762048 0.02622899 0.1100478 0.0 0.0 2.09346 0.0
692 0.346 0.02959794 0.08506289 0.02568808 0.111812 0.0 0.0 2.11646 0.0
693 0.3465 0.03025406 0.08257373 0.02516315 0.1135882 0.0 0.0 2.13946 0.0
694 0.347 0.0309218 0.08015136 0.02465405 0.1153764 0.0 0.0 2.16246 0.0
695 0.3475 0.03160102 0.07779418 0.0241606 0.1171763 0.0 0.0 2.18546 0.0
696 0.348 0.03229161 0.07550063 0.02368266 0.1189878 0.0 0.0 2.20846 0.0
697 0.3485 0.03299341 0.0732692 0.02322005 0.1208105 0.0 0.0 2.23146 0.0
698 0.349 0.03370631 0.07109842 0.02277263 0.1226445 0.0 0.0 2.25446 0.0
699 0.3495 0.03443017 0.06898683 0.02234022 0.1244894 0.0 0.0 2.27746 0.0
700 0.35 0.03516487 0.06693304 0.02192266 0.1263451 0.0 0.0 2.3 0.0
701 0.3505 0.03590008 0.06493546 0.02151199 0.1281024 0.0 0.0 2.277 0.0
702 0.351 0.03659359 0.06299107 0.02108386 0.1296217 0.0 0.0 2.254 0.0
703 0.3515 0.03723743 0.06109664 0.02064107 0.1309667 0.0 0.0 2.231 0.0
704 0.352 0.03784325 0.05924977 0.02019295 0.132174 0.0 0.0 2.208 0.0
705 0.3525 0.03842087 0.05744862 0.01974485 0.1332582 0.0 0.0 2.185 0.0
706 0.353 0.03897565 0.05569163 0.01929904 0.1342273 0.0 0.0 2.162 0.0
707 0.3535 0.0395101 0.05397737 0.01885634 0.1350869 0.0 0.0 2.139 0.0
708 0.354 0.04002524 0.05230452 0.01841696 0.1358423 0.0 0.0 2.116 0.0
709 0.3545 0.04052139 0.05067181 0.01798084 0.1364981 0.0 0.0 2.093 0.0
710 0.355 0.04099858 0.04907795 0.01754786 0.1370586 0.0 0.0 2.07 0.0
711 0.3555 0.04145663 0.04752131 0.01711782 0.1375279 0.0 0.0 2.047 0.0
712 0.356 0.04189539 0.04600041 0.01669053 0.1379098 0.0 0.0 2.024 0.0
713 0.3565 0.04231473 0.04451412 0.01626581 0.1382079 0.0 0.0 2.001 0.0
714 0.357 0.04271266 0.04306148 0.01584199 0.138409 0.0 0.0 1.978 0.0
715 0.3575 0.04308609 0.04164145 0.01541765 0.1385191 0.0 0.0 1.955 0.0
716 0.358 0.04343811 0.04025316 0.01499528 0.1385584 0.0 0.0 1.932 0.0
717 0.3585 0.04377156 0.03889592 0.01457613 0.1385339 0.0 0.0 1.909 0.0
718 0.359 0.04408725 0.03756904 0.01416013 0.1384479 0.0 0.0 1.886 0.0
719 0.3595 0.04438492 0.03627177 0.01374678 0.1383015 0.0 0.0 1.863 0.0
720 0.36 0.04466397 0.03500335 0.01333556 0.138096 0.0 0.0 1.84 0.0
721 0.3605 0.04492388 0.03376298 0.01292603 0.1378328 0.0 0.0 1.817 0.0
722 0.361 0.04516424 0.03254987 0.01251788 0.1375133 0.0 0.0 1.794 0.0
723 0.3615 0.04538479 0.03136321 0.01211088 0.137139 0.0 0.0 1.771 0.0
724 0.362 0.04558538 0.03020219 0.01170486 0.1367117 0.0 0.0 1.748 0.0
725 0.3625 0.04576594 0.02906602 0.01129967 0.1362329 0.0 0.0 1.725 0.0
726 0.363 0.04592645 0.02795394 0.0108952 0.1357041 0.0 0.0 1.702 0.0
727 0.3635 0.04606692 0.02686519 0.01049132 0.1351271 0.0 0.0 1.679 0.0
728 0.364 0.0461874 0.02579904 0.01008794 0.1345031 0.0 0.0 1.656 0.0
729 0.3645 0.04628794 0.02475476 0.009684963 0.1338339 0.0 0.0 1.633 0.0
730 0.365 0.04636861 0.02373167 0.009282297 0.1331207 0.0 0.0 1.61 0.0
731 0.3655 0.04642949 0.02272909 0.008879851 0.132365 0.0 0.0 1.587 0.0
732 0.366 0.04647068 0.02174637 0.008477535 0.1315681 0.0 0.0 1.564 0.0
733 0.3665 0.04649225 0.02078287 0.008075264 0.1307313 0.0 0.0 1.541 0.0
734 0.367 0.04649432 0.01983797 0.007672954 0.1298558 0.0 0.0 1.518 0.0
735 0.3675 0.04647699 0.01891109 0.007270526 0.1289428 0.0 0.0 1.495 0.0
736 0.368 0.04644038 0.01800164 0.006867899 0.1279935 0.0 0.0 1.472 0.0
737 0.3685 0.04638459 0.01710906 0.006464997 0.1270088 0.0 0.0 1.449 0.0
738 0.369 0.04630976 0.01623281 0.006061747 0.12599 0.0 0.0 1.426 0.0
739 0.3695 0.04621601 0.01537235 0.005658077 0.1249379 0.0 0.0 1.403 0.0
740 0.37 0.04610346 0.01452718 0.005253919 0.1238536 0.0 0.0 1.38 0.0
741 0.3705 0.04597226 0.0136968 0.004849205 0.122738 0.0 0.0 1.357 0.0
742 0.371 0.04582255 0.01288073 0.004443872 0.1215919 0.0 0.0 1.334 0.0
743 0.3715 0.04565447 0.0120785 0.004037859 0.1204163 0.0 0.0 1.311 0.0
744 0.372 0.04546815 0.01128965 0.003631105 0.1192119 0.0 0.0 1.288 0.0
745 0.3725 0.04526376 0.01051375 0.003223554 0.1179795 0.0 0.0 1.265 0.0
746 0.373 0.04504145 0.009750373 0.002815151 0.1167199 0.0 0.0 1.242 0.0
747 0.3735 0.04480137 0.008999097 0.002405844 0.1154338 0.0 0.0 1.219 0.0
748 0.374 0.04454368 0.008259523 0.001995581 0.114122 0.0 0.0 1.196 0.0
749 0.3745 0.04426853 0.00753126 0.001584314 0.112785 0.0 0.0 1.173 0.0
750 0.375 0.0439761 0.006813929 0.001171997 0.1114236 0.0 0.0 1.15 0.0
751 0.3755 0.04366654 0.006107162 0.0007585855 0.1100384 0.0 0.0 1.127 0.0
752 0.376 0.04334001 0.005410601 0.0003440365 0.10863 0.0 0.0 1.104 0.0
753 0.3765 0.0429967 0.004723899 -7.169071e-05 0.107199 0.0 0.0 1.081 0.0
754 0.377 0.04263676 0.00404672 -0.0004886352 0.1057459 0.0 0.0 1.058 0.0
755 0.3775 0.04226036 0.003378736 -0.0009068341 0.1042713 0.0 0.0 1.035 0.0
756 0.378 0.04186768 0.002719631 -0.001326323 0.1027757 0.0 0.0 1.012 0.0
757 0.3785 0.04145889 0.002069096 -0.001747136 0.1012596 0.0 0.0 0.989 0.0
758 0.379 0.04103415 0.001426832 -0.002169306 0.09972358 0.0 0.0 0.966 0.0
759 0.3795 0.04059365 0.0007925487 -0.002592863 0.09816802 0.0 0.0 0.943 0.0
760 0.38 0.04013754 0.0001659642 -0.003017837 0.09659341 0.0 0.0 0.92 0.0
761 0.3805 0.03966602 -0.0004531949 -0.003444256 0.09500019 0.0 0.0 0.897 0.0
762 0.381 0.03917924 -0.001065194 -0.003872146 0.09338881 0.0 0.0 0.874 0.0
763 0.3815 0.03867739 -0.001670292 -0.004301532 0.09175967 0.0 0.0 0.851 0.0
764 0.382 0.03816063 -0.002268737 -0.004732439 0.09011318 0.0 0.0 0.828 0.0
765 0.3825 0.03762914 -0.002860774 -0.005164889 0.08844973 0.0 0.0 0.805 0.0
766 0.383 0.0370831 -0.003446637 -0.005598904 0.08676971 0.0 0.0 0.782 0.0
767 0.3835 0.03652267 -0.004026555 -0.006034503 0.08507347 0.0 0.0 0.759 0.0
768 0.384 0.03594802 -0.00460075 -0.006471706 0.08336139 0.0 0.0 0.736 0.0
769 0.3845 0.03535934 -0.005169438 -0.00691053 0.08163381 0.0 0.0 0.713 0.0
770 0.385 0.03475678 -0.005732828 -0.007350993 0.07989105 0.0 0.0 0.69 0.0
771 0.3855 0.03414052 -0.006291122 -0.007793111 0.07813346 0.0 0.0 0.667 0.0
772 0.386 0.03351074 -0.006844516 -0.008236897 0.07636135 0.0 0.0 0.644 0.0
773 0.3865 0.03286759 -0.007393203 -0.008682367 0.07457503 0.0 0.0 0.621 0.0
774 0.387 0.03221124 -0.007937366 -0.009129532 0.0727748 0.0 0.0 0.598 0.0
775 0.3875 0.03154187 -0.008477186 -0.009578405 0.07096094 0.0 0.0 0.575 0.0
776 0.388 0.03085964 -0.009012837 -0.010029 0.06913375 0.0 0.0 0.552 0.0
777 0.3885 0.03016471 -0.009544487 -0.01048132 0.0672935 0.0 0.0 0.529 0.0
778 0.389 0.02945725 -0.0100723 -0.01093538 0.06544046 0.0 0.0 0.506 0.0
779 0.3895 0.02873742 -0.01059644 -0.01139118 0.06357489 0.0 0.0 0.483 0.0
780 0.39 0.02800538 -0.01111705 -0.01184874 0.06169705 0.0 0.0 0.46 0.0
781 0.3905 0.02726129 -0.01163429 -0.01230806 0.05980718 0.0 0.0 0.437 0.0
782 0.391 0.02650531 -0.0121483 -0.01276915 0.05790552 0.0 0.0 0.414 0.0
783 0.3915 0.0257376 -0.01265922 -0.01323202 0.05599231 0.0 0.0 0.391 0.0
784 0.392 0.02495832 -0.01316719 -0.01369666 0.05406779 0.0 0.0 0.368 0.0
785 0.3925 0.02416762 -0.01367233 -0.01416308 0.05213216 0.0 0.0 0.345 0.0
786 0.393 0.02336565 -0.01417479 -0.01463129 0.05018565 0.0 0.0 0.322 0.0
787 0.3935 0.02255257 -0.01467467 -0.01510129 0.04822848 0.0 0.0 0.299 0.0
788 0.394 0.02172852 -0.01517211 -0.01557308 0.04626085 0.0 0.0 0.276 0.0
789 0.3945 0.02089367 -0.01566722 -0.01604667 0.04428295 0.0 0.0 0.253 0.0
790 0.395 0.02004815 -0.0161601 -0.01652204 0.042295 0.0 0.0 0.23 0.0
791 0.3955 0.01919211 -0.01665088 -0.01699922 0.04029718 0.0 0.0 0.207 0.0
792 0.396 0.0183257 -0.01713965 -0.01747819 0.03828967 0.0 0.0 0.184 0.0
793 0.3965 0.01744906 -0.01762652 -0.01795895 0.03627267 0.0 0.0 0.161 0.0
794 0.397 0.01656234 -0.01811158 -0.01844151 0.03424635 0.0 0.0 0.138 0.0
795 0.3975 0.01566567 -0.01859494 -0.01892586 0.03221088 0.0 0.0 0.115 0.0
796 0.398 0.0147592 -0.01907669 -0.019412 0.03016644 0.0 0.0 0.092 0.0
797 0.3985 0.01384305 -0.01955691 -0.01989993 0.0281132 0.0 0.0 0.069 0.0
798 0.399 0.01291738 -0.0200357 -0.02038965 0.02605131 0.0 0.0 0.046 0.0
799 0.3995 0.01198231 -0.02051314 -0.02088116 0.02398093 0.0 0.0 0.023 0.0
800 0.4 0.01103798 -0.0209893 -0.02137444 0.02190222 0.0 0.0 0.0 0.0
801 0.4005 0.01008961 -0.02146416 -0.02186559 0.01986984 0.0 0.0 0.0 0.0
802 0.401 0.009158257 -0.02193695 -0.02234252 0.01795359 0.0 0.0 0.0 0.0
803 0.4015 0.008247976 -0.02240679 -0.02280672 0.01612165 0.0 0.0 0.0 0.0
804 0.402 0.007353064 -0.02287316 -0.02326292 0.01435586 0.0 0.0 0.0 0.0
805 0.4025 0.006468747 -0.02333584 -0.02371385 0.01264898 0.0 0.0 0.0 0.0
806 0.403 0.005592429 -0.02379471 -0.02416072 0.01099715 0.0 0.0 0.0 0.0
807 0.4035 0.004722935 -0.02424971 -0.02460402 0.009397509 0.0 0.0 0.0 0.0
808 0.404 0.00385981 -0.02470081 -0.02504392 0.007847588 0.0 0.0 0.0 0.0
809 0.4045 0.003002941 -0.02514798 -0.02548047 0.0063451 0.0 0.0 0.0 0.0
810 0.405 0.002152366 -0.02559122 -0.02591368 0.00488791 0.0 0.0 0.0 0.0
811 0.4055 0.001308182 -0.02603052 -0.02634352 0.003474008 0.0 0.0 0.0 0.0
812 0.406 0.0004705125 -0.02646588 -0.02676999 0.002101502 0.0 0.0 0.0 0.0
813 0.4065 -0.0003605165 -0.0268973 -0.02719305 0.0007686064 0.0 0.0 0.0 0.0
814 0.407 -0.001184781 -0.02732477 -0.02761271 -0.0005263655 0.0 0.0 0.0 0.0
815 0.4075 -0.002002162 -0.02774832 -0.02802893 -0.001785006 0.0 0.0 0.0 0.0
816 0.408 -0.002812551 -0.02816793 -0.02844171 -0.003008819 0.0 0.0 0.0 0.0
817 0.4085 -0.003615848 -0.02858364 -0.02885103 -0.004199228 0.0 0.0 0.0 0.0
818 0.409 -0.004411959 -0.02899543 -0.02925689 -0.005357579 0.0 0.0 0.0 0.0
819 0.4095 -0.005200802 -0.02940334 -0.02965926 -0.006485145 0.0 0.0 0.0 0.0
820 0.41 -0.005982302 -0.02980737 -0.03005815 -0.007583133 0.0 0.0 0.0 0.0
821 0.4105 -0.006756391 -0.03020753 -0.03045355 -0.008652686 0.0 0.0 0.0 0.0
822 0.411 -0.007523011 -0.03060384 -0.03084546 -0.009694887 0.0 0.0 0.0 0.0
823 0.4115 -0.008282108 -0.03099633 -0.03123387 -0.01071076 0.0 0.0 0.0 0.0
824 0.412 -0.00903364 -0.031385 -0.03161878 -0.01170129 0.0 0.0 0.0 0.0
825 0.4125 -0.009777566 -0.03176987 -0.03200019 -0.0126674 0.0 0.0 0.0 0.0
826 0.413 -0.01051386 -0.03215096 -0.03237811 -0.01360996 0.0 0.0 0.0 0.0
827 0.4135 -0.01124248 -0.0325283 -0.03275253 -0.01452982 0.0 0.0 0.0 0.0
828 0.414 -0.01196343 -0.0329019 -0.03312347 -0.01542777 0.0 0.0 0.0 0.0
829 0.4145 -0.01267668 -0.03327178 -0.03349092 -0.01630456 0.0 0.0 0.0 0.0
830 0.415 -0.01338222 -0.03363797 -0.0338549 -0.01716092 0.0 0.0 0.0 0.0
831 0.4155 -0.01408005 -0.03400048 -0.0342154 -0.01799754 0.0 0.0 0.0 0.0
832 0.416 -0.01477018 -0.03435933 -0.03457244 -0.01881507 0.0 0.0 0.0 0.0
833 0.4165 -0.01545259 -0.03471455 -0.03492604 -0.01961413 0.0 0.0 0.0 0.0
834 0.417 -0.01612732 -0.03506616 -0.03527619 -0.02039532 0.0 0.0 0.0 0.0
835 0.4175 -0.01679435 -0.03541419 -0.03562291 -0.02115922 0.0 0.0 0.0 0.0
836 0.418 -0.01745373 -0.03575865 -0.03596621 -0.02190636 0.0 0.0 0.0 0.0
837 0.4185 -0.01810545 -0.03609957 -0.03630611 -0.02263726 0.0 0.0 0.0 0.0
838 0.419 -0.01874956 -0.03643698 -0.03664262 -0.02335243 0.0 0.0 0.0 0.0
839 0.4195 -0.01938607 -0.03677089 -0.03697575 -0.02405233 0.0 0.0 0.0 0.0
840 0.42 -0.02001502 -0.03710133 -0.03730552 -0.02473743 0.0 0.0 0.0 0.0
841 0.4205 -0.02063643 -0.03742832 -0.03763195 -0.02540817 0.0 0.0 0.0 0.0
842 0.421 -0.02125035 -0.0377519 -0.03795505 -0.02606495 0.0 0.0 0.0 0.0
843 0.4215 -0.02185681 -0.03807208 -0.03827483 -0.02670819 0.0 0.0 0.0 0.0
844 0.422 -0.02245586 -0.03838889 -0.03859132 -0.02733826 0.0 0.0 0.0 0.0
845 0.4225 -0.02304752 -0.03870235 -0.03890454 -0.02795554 0.0 0.0 0.0 0.0
846 0.423 -0.02363186 -0.03901249 -0.0392145 -0.02856039 0.0 0.0 0.0 0.0
847 0.4235 -0.02420892 -0.03931933 -0.03952122 -0.02915314 0.0 0.0 0.0 0.0
848 0.424 -0.02477874 -0.0396229 -0.03982472 -0.02973413 0.0 0.0 0.0 0.0
849 0.4245 -0.02534138 -0.03992323 -0.04012502 -0.03030366 0.0 0.0 0.0 0.0
850 0.425 -0.02589689 -0.04022033 -0.04042214 -0.03086205 0.0 0.0 0.0 0.0
851 0.4255 -0.02644531 -0.04051424 -0.0407161 -0.03140958 0.0 0.0 0.0 0.0
852 0.426 -0.02698671 -0.04080499 -0.04100693 -0.03194655 0.0 0.0 0.0 0.0
853 0.4265 -0.02752115 -0.04109258 -0.04129464 -0.03247321 0.0 0.0 0.0 0.0
854 0.427 -0.02804867 -0.04137706 -0.04157926 -0.03298984 0.0 0.0 0.0 0.0
855 0.4275 -0.02856934 -0.04165845 -0.04186081 -0.03349668 0.0 0.0 0.0 0.0
856 0.428 -0.02908322 -0.04193677 -0.0421393 -0.03399398 0.0 0.0 0.0 0.0
857 0.4285 -0.02959036 -0.04221205 -0.04241477 -0.03448198 0.0 0.0 0.0 0.0
858 0.429 -0.03009083 -0.04248431 -0.04268723 -0.0349609 0.0 0.0 0.0 0.0
859 0.4295 -0.03058469 -0.04275358 -0.04295671 -0.03543096 0.0 0.0 0.0 0.0
860 0.43 -0.031072 -0.04301989 -0.04322323 -0.03589237 0.0 0.0 0.0 0.0
861 0.4305 -0.03155283 -0.04328326 -0.04348682 -0.03634535 0.0 0.0 0.0 0.0
862 0.431 -0.03202723 -0.04354372 -0.04374749 -0.03679009 0.0 0.0 0.0 0.0
863 0.4315 -0.03249527 -0.0438013 -0.04400527 -0.03722678 0.0 0.0 0.0 0.0
864 0.432 -0.03295702 -0.04405601 -0.04426018 -0.0376556 0.0 0.0 0.0 0.0
865 0.4325 -0.03341254 -0.04430788 -0.04451226 -0.03807675 0.0 0.0 0.0 0.0
866 0.433 -0.03386189 -0.04455695 -0.04476151 -0.03849038 0.0 0.0 0.0 0.0
867 0.4335 -0.03430514 -0.04480323 -0.04500797 -0.03889668 0.0 0.0 0.0 0.0
868 0.434 -0.03474236 -0.04504675 -0.04525166 -0.03929581 0.0 0.0 0.0 0.0
869 0.4345 -0.03517361 -0.04528753 -0.0454926 -0.03968792 0.0 0.0 0.0 0.0
870 0.435 -0.03559895 -0.04552561 -0.04573082 -0.04007317 0.0 0.0 0.0 0.0
871 0.4355 -0.03601845 -0.045761 -0.04596633 -0.04045171 0.0 0.0 0.0 0.0
872 0.436 -0.03643218 -0.04599374 -0.04619918 -0.04082369 0.0 0.0 0.0 0.0
873 0.4365 -0.03684021 -0.04622384 -0.04642937 -0.04118924 0.0 0.0 0.0 0.0
874 0.437 -0.03724259 -0.04645133 -0.04665693 -0.04154851 0.0 0.0 0.0 0.0
875 0.4375 -0.03763939 -0.04667624 -0.04688189 -0.04190162 0.0 0.0 0.0 0.0
876 0.438 -0.03803068 -0.04689859 -0.04710428 -0.04224871 0.0 0.0 0.0 0.0
877 0.4385 -0.03841653 -0.04711841 -0.0473241 -0.04258991 0.0 0.0 0.0 0.0
878 0.439 -0.03879699 -0.04733571 -0.0475414 -0.04292532 0.0 0.0 0.0 0.0
879 0.4395 -0.03917213 -0.04755053 -0.04775618 -0.04325509 0.0 0.0 0.0 0.0
880 0.44 -0.03954202 -0.04776289 -0.04796849 -0.04357931 0.0 0.0 0.0 0.0
881 0.4405 -0.03990671 -0.04797281 -0.04817833 -0.0438981 0.0 0.0 0.0 0.0
882 0.441 -0.04026629 -0.04818032 -0.04838574 -0.04421158 0.0 0.0 0.0 0.0
883 0.4415 -0.04062079 -0.04838543 -0.04859073 -0.04451985 0.0 0.0 0.0 0.0
884 0.442 -0.0409703 -0.04858818 -0.04879333 -0.04482301 0.0 0.0 0.0 0.0
885 0.4425 -0.04131487 -0.04878859 -0.04899357 -0.04512116 0.0 0.0 0.0 0.0
886 0.443 -0.04165456 -0.04898669 -0.04919147 -0.04541441 0.0 0.0 0.0 0.0
887 0.4435 -0.04198944 -0.04918248 -0.04938705 -0.04570285 0.0 0.0 0.0 0.0
888 0.444 -0.04231957 -0.04937601 -0.04958033 -0.04598658 0.0 0.0 0.0 0.0
889 0.4445 -0.042645 -0.04956728 -0.04977134 -0.04626567 0.0 0.0 0.0 0.0
890 0.445 -0.04296581 -0.04975633 -0.0499601 -0.04654024 0.0 0.0 0.0 0.0
891 0.4455 -0.04328204 -0.04994318 -0.05014663 -0.04681035 0.0 0.0 0.0 0.0
892 0.446 -0.04359376 -0.05012784 -0.05033096 -0.0470761 0.0 0.0 0.0 0.0
893 0.4465 -0.04390103 -0.05031035 -0.0505131 -0.04733757 0.0 0.0 0.0 0.0
894 0.447 -0.0442039 -0.05049072 -0.05069309 -0.04759484 0.0 0.0 0.0 0.0
895 0.4475 -0.04450243 -0.05066898 -0.05087094 -0.04784799 0.0 0.0 0.0 0.0
896 0.448 -0.04479669 -0.05084515 -0.05104668 -0.0480971 0.0 0.0 0.0 0.0
897 0.4485 -0.04508673 -0.05101925 -0.05122032 -0.04834224 0.0 0.0 0.0 0.0
898 0.449 -0.0453726 -0.05119129 -0.05139189 -0.04858348 0.0 0.0 0.0 0.0
899 0.4495 -0.04565436 -0.05136132 -0.05156142 -0.0488209 0.0 0.0 0.0 0.0
900 0.45 -0.04593206 -0.05152934 -0.05172892 -0.04905457 0.0 0.0 0.0 0.0
901 0.4505 -0.04620577 -0.05169537 -0.05189441 -0.04928455 0.0 0.0 0.0 0.0
902 0.451 -0.04647553 -0.05185944 -0.05205792 -0.04951091 0.0 0.0 0.0 0.0
903 0.4515 -0.0467414 -0.05202158 -0.05221946 -0.04973373 0.0 0.0 0.0 0.0
904 0.452 -0.04700343 -0.05218179 -0.05237907 -0.04995305 0.0 0.0 0.0 0.0
905 0.4525 -0.04726168 -0.0523401 -0.05253675 -0.05016895 0.0 0.0 0.0 0.0
906 0.453 -0.04751619 -0.05249653 -0.05269254 -0.05038149 0.0 0.0 0.0 0.0
907 0.4535 -0.04776702 -0.0526511 -0.05284645 -0.05059072 0.0 0.0 0.0 0.0
908 0.454 -0.04801422 -0.05280383 -0.05299849 -0.05079671 0.0 0.0 0.0 0.0
909 0.4545 -0.04825784 -0.05295474 -0.0531487 -0.05099951 0.0 0.0 0.0 0.0
910 0.455 -0.04849793 -0.05310385 -0.05329709 -0.05119918 0.0 0.0 0.0 0.0
911 0.4555 -0.04873454 -0.05325118 -0.05344369 -0.05139577 0.0 0.0 0.0 0.0
912 0.456 -0.04896772 -0.05339676 -0.05358851 -0.05158934 0.0 0.0 0.0 0.0
913 0.4565 -0.04919751 -0.05354059 -0.05373156 -0.05177993 0.0 0.0 0.0 0.0
914 0.457 -0.04942396 -0.0536827 -0.05387288 -0.05196761 0.0 0.0 0.0 0.0
915 0.4575 -0.04964713 -0.0538231 -0.05401248 -0.05215242 0.0 0.0 0.0 0.0
916 0.458 -0.04986705 -0.05396182 -0.05415038 -0.05233441 0.0 0.0 0.0 0.0
917 0.4585 -0.05008377 -0.05409888 -0.0542866 -0.05251363 0.0 0.0 0.0 0.0
918 0.459 -0.05029734 -0.05423429 -0.05442116 -0.05269012 0.0 0.0 0.0 0.0
919 0.4595 -0.05050781 -0.05436807 -0.05455407 -0.05286394 0.0 0.0 0.0 0.0
920 0.46 -0.05071521 -0.05450024 -0.05468536 -0.05303513 0.0 0.0 0.0 0.0
921 0.4605 -0.05091959 -0.05463082 -0.05481504 -0.05320373 0.0 0.0 0.0 0.0
922 0.461 -0.05112099 -0.05475982 -0.05494314 -0.05336978 0.0 0.0 0.0 0.0
923 0.4615 -0.05131947 -0.05488726 -0.05506966 -0.05353334 0.0 0.0 0.0 0.0
924 0.462 -0.05151505 -0.05501317 -0.05519464 -0.05369443 0.0 0.0 0.0 0.0
925 0.4625 -0.05170778 -0.05513755 -0.05531807 -0.05385311 0.0 0.0 0.0 0.0
926 0.463 -0.0518977 -0.05526043 -0.05544 -0.05400941 0.0 0.0 0.0 0.0
927 0.4635 -0.05208485 -0.05538182 -0.05556042 -0.05416338 0.0 0.0 0.0 0.0
928 0.464 -0.05226927 -0.05550174 -0.05567936 -0.05431504 0.0 0.0 0.0 0.0
929 0.4645 -0.05245101 -0.0556202 -0.05579683 -0.05446445 0.0 0.0 0.0 0.0
930 0.465 -0.05263009 -0.05573723 -0.05591286 -0.05461163 0.0 0.0 0.0 0.0
931 0.4655 -0.05280657 -0.05585283 -0.05602746 -0.05475662 0.0 0.0 0.0 0.0
932 0.466 -0.05298047 -0.05596703 -0.05614064 -0.05489946 0.0 0.0 0.0 0.0
933 0.4665 -0.05315183 -0.05607984 -0.05625242 -0.05504019 0.0 0.0 0.0 0.0
934 0.467 -0.05332069 -0.05619128 -0.05636283 -0.05517883 0.0 0.0 0.0 0.0
935 0.4675 -0.05348709 -0.05630136 -0.05647186 -0.05531543 0.0 0.0 0.0 0.0
936 0.468 -0.05365107 -0.05641009 -0.05657955 -0.05545001 0.0 0.0 0.0 0.0
937 0.4685 -0.05381265 -0.0565175 -0.0566859 -0.05558261 0.0 0.0 0.0 0.0
938 0.469 -0.05397187 -0.0566236 -0.05679094 -0.05571326 0.0 0.0 0.0 0.0
939 0.4695 -0.05412877 -0.0567284 -0.05689467 -0.05584199 0.0 0.0 0.0 0.0
940 0.47 -0.05428339 -0.05683192 -0.05699712 -0.05596883 0.0 0.0 0.0 0.0
941 0.4705 -0.05443574 -0.05693418 -0.05709829 -0.05609382 0.0 0.0 0.0 0.0
942 0.471 -0.05458588 -0.05703518 -0.05719821 -0.05621697 0.0 0.0 0.0 0.0
943 0.4715 -0.05473383 -0.05713495 -0.05729688 -0.05633833 0.0 0.0 0.0 0.0
944 0.472 -0.05487962 -0.05723349 -0.05739433 -0.05645792 0.0 0.0 0.0 0.0
945 0.4725 -0.05502328 -0.05733083 -0.05749056 -0.05657577 0.0 0.0 0.0 0.0
946 0.473 -0.05516485 -0.05742697 -0.0575856 -0.0566919 0.0 0.0 0.0 0.0
947 0.4735 -0.05530436 -0.05752193 -0.05767945 -0.05680634 0.0 0.0 0.0 0.0
948 0.474 -0.05544183 -0.05761572 -0.05777213 -0.05691913 0.0 0.0 0.0 0.0
949 0.4745 -0.0555773 -0.05770836 -0.05786365 -0.05703028 0.0 0.0 0.0 0.0
950 0.475 -0.0557108 -0.05779986 -0.05795404 -0.05713982 0.0 0.0 0.0 0.0
951 0.4755 -0.05584235 -0.05789023 -0.05804329 -0.05724778 0.0 0.0 0.0 0.0
952 0.476 -0.05597199 -0.0579795 -0.05813143 -0.05735418 0.0 0.0 0.0 0.0
953 0.4765 -0.05609974 -0.05806766 -0.05821847 -0.05745904 0.0 0.0 0.0 0.0
954 0.477 -0.05622563 -0.05815474 -0.05830442 -0.05756239 0.0 0.0 0.0 0.0
955 0.4775 -0.05634969 -0.05824074 -0.05838929 -0.05766426 0.0 0.0 0.0 0.0
956 0.478 -0.05647194 -0.05832568 -0.0584731 -0.05776466 0.0 0.0 0.0 0.0
957 0.4785 -0.05659241 -0.05840957 -0.05855586 -0.05786362 0.0 0.0 0.0 0.0
958 0.479 -0.05671113 -0.05849243 -0.05863759 -0.05796116 0.0 0.0 0.0 0.0
959 0.4795 -0.05682813 -0.05857426 -0.05871829 -0.05805731 0.0 0.0 0.0 0.0
960 0.48 -0.05694343 -0.05865508 -0.05879798 -0.05815207 0.0 0.0 0.0 0.0
961 0.4805 -0.05705705 -0.0587349 -0.05887667 -0.05824549 0.0 0.0 0.0 0.0
962 0.481 -0.05716902 -0.05881373 -0.05895437 -0.05833757 0.0 0.0 0.0 0.0
963 0.4815 -0.05727936 -0.05889159 -0.0590311 -0.05842834 0.0 0.0 0.0 0.0
964 0.482 -0.0573881 -0.05896848 -0.05910686 -0.05851781 0.0 0.0 0.0 0.0
965 0.4825 -0.05749526 -0.05904442 -0.05918167 -0.05860601 0.0 0.0 0.0 0.0
966 0.483 -0.05760087 -0.05911941 -0.05925554 -0.05869295 0.0 0.0 0.0 0.0
967 0.4835 -0.05770495 -0.05919348 -0.05932848 -0.05877867 0.0 0.0 0.0 0.0
968 0.484 -0.05780752 -0.05926663 -0.05940051 -0.05886316 0.0 0.0 0.0 0.0
969 0.4845 -0.0579086 -0.05933887 -0.05947163 -0.05894646 0.0 0.0 0.0 0.0
970 0.485 -0.05800821 -0.05941021 -0.05954185 -0.05902857 0.0 0.0 0.0 0.0
971 0.4855 -0.05810639 -0.05948067 -0.05961119 -0.05910953 0.0 0.0 0.0 0.0
972 0.486 -0.05820314 -0.05955025 -0.05967965 -0.05918934 0.0 0.0 0.0 0.0
973 0.4865 -0.05829849 -0.05961896 -0.05974726 -0.05926802 0.0 0.0 0.0 0.0
974 0.487 -0.05839246 -0.05968682 -0.05981401 -0.0593456 0.0 0.0 0.0 0.0
975 0.4875 -0.05848507 -0.05975384 -0.05987992 -0.05942208 0.0 0.0 0.0 0.0
976 0.488 -0.05857634 -0.05982002 -0.059945 -0.05949748 0.0 0.0 0.0 0.0
977 0.4885 -0.0586663 -0.05988538 -0.06000925 -0.05957182 0.0 0.0 0.0 0.0
978 0.489 -0.05875495 -0.05994992 -0.0600727 -0.05964512 0.0 0.0 0.0 0.0
979 0.4895 -0.05884233 -0.06001366 -0.06013534 -0.05971739 0.0 0.0 0.0 0.0
980 0.49 -0.05892844 -0.0600766 -0.0601972 -0.05978864 0.0 0.0 0.0 0.0
981 0.4905 -0.05901331 -0.06013876 -0.06025827 -0.0598589 0.0 0.0 0.0 0.0
982 0.491 -0.05909695 -0.06020015 -0.06031857 -0.05992817 0.0 0.0 0.0 0.0
983 0.4915 -0.05917939 -0.06026076 -0.06037811 -0.05999647 0.0 0.0 0.0 0.0
984 0.492 -0.05926064 -0.06032062 -0.0604369 -0.06006381 0.0 0.0 0.0 0.0
985 0.4925 -0.05934072 -0.06037973 -0.06049494 -0.06013022 0.0 0.0 0.0 0.0
986 0.493 -0.05941965 -0.06043811 -0.06055225 -0.0601957 0.0 0.0 0.0 0.0
987 0.4935 -0.05949744 -0.06049575 -0.06060884 -0.06026026 0.0 0.0 0.0 0.0
988 0.494 -0.05957411 -0.06055268 -0.06066471 -0.06032393 0.0 0.0 0.0 0.0
989 0.4945 -0.05964968 -0.06060889 -0.06071987 -0.0603867 0.0 0.0 0.0 0.0
990 0.495 -0.05972416 -0.0606644 -0.06077433 -0.06044861 0.0 0.0 0.0 0.0
991 0.4955 -0.05979758 -0.06071921 -0.0608281 -0.06050965 0.0 0.0 0.0 0.0
992 0.496 -0.05986993 -0.06077334 -0.0608812 -0.06056985 0.0 0.0 0.0 0.0
993 0.4965 -0.05994125 -0.06082679 -0.06093361 -0.06062921 0.0 0.0 0.0 0.0
994 0.497 -0.06001155 -0.06087957 -0.06098537 -0.06068774 0.0 0.0 0.0 0.0
995 0.4975 -0.06008084 -0.06093168 -0.06103647 -0.06074547 0.0 0.0 0.0 0.0
996 0.498 -0.06014913 -0.06098315 -0.06108692 -0.06080239 0.0 0.0 0.0 0.0
997 0.4985 -0.06021644 -0.06103397 -0.06113673 -0.06085853 0.0 0.0 0.0 0.0
998 0.499 -0.06028279 -0.06108415 -0.06118591 -0.06091389 0.0 0.0 0.0 0.0
999 0.4995 -0.06034819 -0.06113371 -0.06123447 -0.06096848 0.0 0.0 0.0 0.0
