0 0.0 -0.065 -0.065 -0.065 -0.065 0.0 0.0 0.0 0.0
1 0.0005 -0.065 -0.065 -0.065 -0.065 0.0 0.0 0.0 0.0
2 0.001 -0.065 -0.065 -0.065 -0.065 0.0 0.0 0.0 0.0
3 0.0015 -0.065 -0.065 -0.065 -0.065 0.0 0.0 0.0 0.0
4 0.002 -0.065 -0.065 -0.065 -0.065 0.0 0.0 0.0 0.0
5 0.0025 -0.065 -0.065 -0.065 -0.065 0.0 0.0 0.0 0.0
6 0.003 -0.065 -0.065 -0.065 -0.065 0.0 0.0 0.0 0.0
7 0.0035 -0.065 -0.065 -0.065 -0.065 0.0 0.0 0.0 0.0
8 0.004 -0.065 -0.065 -0.065 -0.065 0.0 0.0 0.0 0.0
9 0.0045 -0.065 -0.065 -0.065 -0.065 0.0 0.0 0.0 0.0
10 0.005 -0.065 -0.065 -0.065 -0.065 0.0 0.0 0.0 0.0
11 0.0055 -0.065 -0.065 -0.065 -0.065 0.0 0.0 0.0 0.0
12 0.006 -0.065 -0.065 -0.065 -0.065 0.0 0.0 0.0 0.0
13 0.0065 -0.065 -0.065 -0.065 -0.065 0.0 0.0 0.0 0.0
14 0.007 -0.065 -0.065 -0.065 -0.065 0.0 0.0 0.0 0.0
15 0.0075 -0.065 -0.065 -0.065 -0.065 0.0 0.0 0.0 0.0
16 0.008 -0.065 -0.065 -0.065 -0.065 0.0 0.0 0.0 0.0
17 0.0085 -0.065 -0.065 -0.065 -0.065 0.0 0.0 0.0 0.0
18 0.009 -0.065 -0.065 -0.065 -0.065 0.0 0.0 0.0 0.0
19 0.0095 -0.065 -0.065 -0.065 -0.065 0.0 0.0 0.0 0.0
20 0.01 -0.065 -0.065 -0.065 -0.065 0.0 0.0 0.0 0.0
21 0.0105 -0.065 -0.065 -0.065 -0.065 0.0 0.0 0.0 0.0
22 0.011 -0.065 -0.065 -0.065 -0.065 0.0 0.0 0.0 0.0
23 0.0115 -0.065 -0.065 -0.065 -0.065 0.0 0.0 0.0 0.0
24 0.012 -0.065 -0.065 -0.065 -0.065 0.0 0.0 0.0 0.0
25 0.0125 -0.065 -0.065 -0.065 -0.065 0.0 0.0 0.0 0.0
26 0.013 -0.065 -0.065 -0.065 -0.065 0.0 0.0 0.0 0.0
27 0.0135 -0.065 -0.065 -0.065 -0.065 0.0 0.0 0.0 0.0
28 0.014 -0.065 -0.065 -0.065 -0.065 0.0 0.0 0.0 0.0
29 0.0145 -0.065 -0.065 -0.065 -0.065 0.0 0.0 0.0 0.0
30 0.015 -0.065 -0.065 -0.065 -0.065 0.0 0.0 0.0 0.0
31 0.0155 -0.065 -0.065 -0.065 -0.065 0.0 0.0 0.0 0.0
32 0.016 -0.065 -0.065 -0.065 -0.065 0.0 0.0 0.0 0.0
33 0.0165 -0.065 -0.065 -0.065 -0.065 0.0 0.0 0.0 0.0
34 0.017 -0.065 -0.065 -0.065 -0.065 0.0 0.0 0.0 0.0
35 0.0175 -0.065 -0.065 -0.065 -0.065 0.0 0.0 0.0 0.0
36 0.018 -0.065 -0.065 -0.065 -0.065 0.0 0.0 0.0 0.0
37 0.0185 -0.065 -0.065 -0.065 -0.065 0.0 0.0 0.0 0.0
38 0.019 -0.065 -0.065 -0.065 -0.065 0.0 0.0 0.0 0.0
39 0.0195 -0.065 -0.065 -0.065 -0.065 0.0 0.0 0.0 0.0
40 0.02 -0.065 -0.065 -0.065 -0.065 0.0 0.0 0.0 0.0
41 0.0205 -0.065 -0.065 -0.065 -0.065 0.0 0.0 0.0 0.0
42 0.021 -0.065 -0.065 -0.065 -0.065 0.0 0.0 0.0 0.0
43 0.0215 -0.065 -0.065 -0.065 -0.065 0.0 0.0 0.0 0.0
44 0.022 -0.065 -0.065 -0.065 -0.065 0.0 0.0 0.0 0.0
45 0.0225 -0.065 -0.065 -0.065 -0.065 0.0 0.0 0.0 0.0
46 0.023 -0.065 -0.065 -0.065 -0.065 0.0 0.0 0.0 0.0
47 0.0235 -0.065 -0.065 -0.065 -0.065 0.0 0.0 0.0 0.0
48 0.024 -0.065 -0.065 -0.065 -0.065 0.0 0.0 0.0 0.0
49 0.0245 -0.065 -0.065 -0.065 -0.065 0.0 0.0 0.0 0.0
50 0.025 -0.065 -0.065 -0.065 -0.065 0.0 0.0 0.0 0.0
51 0.0255 -0.065 -0.065 -0.065 -0.065 0.0 0.0 0.0 0.0
52 0.026 -0.065 -0.065 -0.065 -0.065 0.0 0.0 0.0 0.0
53 0.0265 -0.065 -0.065 -0.065 -0.065 0.0 0.0 0.0 0.0
54 0.027 -0.065 -0.065 -0.065 -0.065 0.0 0.0 0.0 0.0
55 0.0275 -0.065 -0.065 -0.065 -0.065 0.0 0.0 0.0 0.0
56 0.028 -0.065 -0.065 -0.065 -0.065 0.0 0.0 0.0 0.0
57 0.0285 -0.065 -0.065 -0.065 -0.065 0.0 0.0 0.0 0.0
58 0.029 -0.065 -0.065 -0.065 -0.065 0.0 0.0 0.0 0.0
59 0.0295 -0.065 -0.065 -0.065 -0.065 0.0 0.0 0.0 0.0
60 0.03 -0.065 -0.065 -0.065 -0.065 0.0 0.0 0.0 0.0
61 0.0305 -0.065 -0.065 -0.065 -0.065 0.0 0.0 0.0 0.0
62 0.031 -0.065 -0.065 -0.065 -0.065 0.0 0.0 0.0 0.0
63 0.0315 -0.065 -0.065 -0.065 -0.065 0.0 0.0 0.0 0.0
64 0.032 -0.065 -0.065 -0.065 -0.065 0.0 0.0 0.0 0.0
65 0.0325 -0.065 -0.065 -0.065 -0.065 0.0 0.0 0.0 0.0
66 0.033 -0.065 -0.065 -0.065 -0.065 0.0 0.0 0.0 0.0
67 0.0335 -0.065 -0.065 -0.065 -0.065 0.0 0.0 0.0 0.0
68 0.034 -0.065 -0.065 -0.065 -0.065 0.0 0.0 0.0 0.0
69 0.0345 -0.065 -0.065 -0.065 -0.065 0.0 0.0 0.0 0.0
70 0.035 -0.065 -0.065 -0.065 -0.065 0.0 0.0 0.0 0.0
71 0.0355 -0.065 -0.065 -0.065 -0.065 0.0 0.0 0.0 0.0
72 0.036 -0.065 -0.065 -0.065 -0.065 0.0 0.0 0.0 0.0
73 0.0365 -0.065 -0.065 -0.065 -0.065 0.0 0.0 0.0 0.0
74 0.037 -0.065 -0.065 -0.065 -0.065 0.0 0.0 0.0 0.0
75 0.0375 -0.065 -0.065 -0.065 -0.065 0.0 0.0 0.0 0.0
76 0.038 -0.065 -0.065 -0.065 -0.065 0.0 0.0 0.0 0.0
77 0.0385 -0.065 -0.065 -0.065 -0.065 0.0 0.0 0.0 0.0
78 0.039 -0.065 -0.065 -0.065 -0.065 0.0 0.0 0.0 0.0
79 0.0395 -0.065 -0.065 -0.065 -0.065 0.0 0.0 0.0 0.0
80 0.04 -0.065 -0.065 -0.065 -0.065 0.0 0.0 0.0 0.0
81 0.0405 -0.065 -0.065 -0.065 -0.065 0.0 0.0 0.0 0.0
82 0.041 -0.065 -0.065 -0.065 -0.065 0.0 0.0 0.0 0.0
83 0.0415 -0.065 -0.065 -0.065 -0.065 0.0 0.0 0.0 0.0
84 0.042 -0.065 -0.065 -0.065 -0.065 0.0 0.0 0.0 0.0
85 0.0425 -0.065 -0.065 -0.065 -0.065 0.0 0.0 0.0 0.0
86 0.043 -0.065 -0.065 -0.065 -0.065 0.0 0.0 0.0 0.0
87 0.0435 -0.065 -0.065 -0.065 -0.065 0.0 0.0 0.0 0.0
88 0.044 -0.065 -0.065 -0.065 -0.065 0.0 0.0 0.0 0.0
89 0.0445 -0.065 -0.065 -0.065 -0.065 0.0 0.0 0.0 0.0
90 0.045 -0.065 -0.065 -0.065 -0.065 0.0 0.0 0.0 0.0
91 0.0455 -0.065 -0.065 -0.065 -0.065 0.0 0.0 0.0 0.0
92 0.046 -0.065 -0.065 -0.065 -0.065 0.0 0.0 0.0 0.0
93 0.0465 -0.065 -0.065 -0.065 -0.065 0.0 0.0 0.0 0.0
94 0.047 -0.065 -0.065 -0.065 -0.065 0.0 0.0 0.0 0.0
95 0.0475 -0.065 -0.065 -0.065 -0.065 0.0 0.0 0.0 0.0
96 0.048 -0.065 -0.065 -0.065 -0.065 0.0 0.0 0.0 0.0
97 0.0485 -0.065 -0.065 -0.065 -0.065 0.0 0.0 0.0 0.0
98 0.049 -0.065 -0.065 -0.065 -0.065 0.0 0.0 0.0 0.0
99 0.0495 -0.065 -0.065 -0.065 -0.065 0.0 0.0 0.0 0.0
100 0.05 -0.065 -0.065 -0.065 -0.065 0.0 0.0 0.0 0.0
101 0.0505 -0.065 -0.065 -0.065 -0.065 0.0 0.0 0.0 0.0
102 0.051 -0.065 -0.065 -0.065 -0.065 0.0 0.0 0.0 0.0
103 0.0515 -0.065 -0.065 -0.065 -0.065 0.0 0.0 0.0 0.0
104 0.052 -0.065 -0.065 -0.065 -0.065 0.0 0.0 0.0 0.0
105 0.0525 -0.065 -0.065 -0.065 -0.065 0.0 0.0 0.0 0.0
106 0.053 -0.065 -0.065 -0.065 -0.065 0.0 0.0 0.0 0.0
107 0.0535 -0.065 -0.065 -0.065 -0.065 0.0 0.0 0.0 0.0
108 0.054 -0.065 -0.065 -0.065 -0.065 0.0 0.0 0.0 0.0
109 0.0545 -0.065 -0.065 -0.065 -0.065 0.0 0.0 0.0 0.0
110 0.055 -0.065 -0.065 -0.065 -0.065 0.0 0.0 0.0 0.0
111 0.0555 -0.065 -0.065 -0.065 -0.065 0.0 0.0 0.0 0.0
112 0.056 -0.065 -0.065 -0.065 -0.065 0.0 0.0 0.0 0.0
113 0.0565 -0.065 -0.065 -0.065 -0.065 0.0 0.0 0.0 0.0
114 0.057 -0.065 -0.065 -0.065 -0.065 0.0 0.0 0.0 0.0
115 0.0575 -0.065 -0.065 -0.065 -0.065 0.0 0.0 0.0 0.0
116 0.058 -0.065 -0.065 -0.065 -0.065 0.0 0.0 0.0 0.0
117 0.0585 -0.065 -0.065 -0.065 -0.065 0.0 0.0 0.0 0.0
118 0.059 -0.065 -0.065 -0.065 -0.065 0.0 0.0 0.0 0.0
119 0.0595 -0.065 -0.065 -0.065 -0.065 0.0 0.0 0.0 0.0
120 0.06 -0.065 -0.065 -0.065 -0.065 0.0 0.0 0.0 0.0
121 0.0605 -0.065 -0.065 -0.065 -0.065 0.0 0.0 0.0 0.0
122 0.061 -0.065 -0.065 -0.065 -0.065 0.0 0.0 0.0 0.0
123 0.0615 -0.065 -0.065 -0.065 -0.065 0.0 0.0 0.0 0.0
124 0.062 -0.065 -0.065 -0.065 -0.065 0.0 0.0 0.0 0.0
125 0.0625 -0.065 -0.065 -0.065 -0.065 0.0 0.0 0.0 0.0
126 0.063 -0.065 -0.065 -0.065 -0.065 0.0 0.0 0.0 0.0
127 0.0635 -0.065 -0.065 -0.065 -0.065 0.0 0.0 0.0 0.0
128 0.064 -0.065 -0.065 -0.065 -0.065 0.0 0.0 0.0 0.0
129 0.0645 -0.065 -0.065 -0.065 -0.065 0.0 0.0 0.0 0.0
130 0.065 -0.065 -0.065 -0.065 -0.065 0.0 0.0 0.0 0.0
131 0.0655 -0.065 -0.065 -0.065 -0.065 0.0 0.0 0.0 0.0
132 0.066 -0.065 -0.065 -0.065 -0.065 0.0 0.0 0.0 0.0
133 0.0665 -0.065 -0.065 -0.065 -0.065 0.0 0.0 0.0 0.0
134 0.067 -0.065 -0.065 -0.065 -0.065 0.0 0.0 0.0 0.0
135 0.0675 -0.065 -0.065 -0.065 -0.065 0.0 0.0 0.0 0.0
136 0.068 -0.065 -0.065 -0.065 -0.065 0.0 0.0 0.0 0.0
137 0.0685 -0.065 -0.065 -0.065 -0.065 0.0 0.0 0.0 0.0
138 0.069 -0.065 -0.065 -0.065 -0.065 0.0 0.0 0.0 0.0
139 0.0695 -0.065 -0.065 -0.065 -0.065 0.0 0.0 0.0 0.0
140 0.07 -0.065 -0.065 -0.065 -0.065 0.0 0.0 0.0 0.0
141 0.0705 -0.065 -0.065 -0.065 -0.065 0.0 0.0 0.0 0.0
142 0.071 -0.065 -0.065 -0.065 -0.065 0.0 0.0 0.0 0.0
143 0.0715 -0.065 -0.065 -0.065 -0.065 0.0 0.0 0.0 0.0
144 0.072 -0.065 -0.065 -0.065 -0.065 0.0 0.0 0.0 0.0
145 0.0725 -0.065 -0.065 -0.065 -0.065 0.0 0.0 0.0 0.0
146 0.073 -0.065 -0.065 -0.065 -0.065 0.0 0.0 0.0 0.0
147 0.0735 -0.065 -0.065 -0.065 -0.065 0.0 0.0 0.0 0.0
148 0.074 -0.065 -0.065 -0.065 -0.065 0.0 0.0 0.0 0.0
149 0.0745 -0.065 -0.065 -0.065 -0.065 0.0 0.0 0.0 0.0
150 0.075 -0.065 -0.065 -0.065 -0.065 0.0 0.0 0.0 0.0
151 0.0755 -0.065 -0.065 -0.065 -0.065 0.0 0.0 0.0 0.0
152 0.076 -0.065 -0.065 -0.065 -0.065 0.0 0.0 0.0 0.0
153 0.0765 -0.065 -0.065 -0.065 -0.065 0.0 0.0 0.0 0.0
154 0.077 -0.065 -0.065 -0.065 -0.065 0.0 0.0 0.0 0.0
155 0.0775 -0.065 -0.065 -0.065 -0.065 0.0 0.0 0.0 0.0
156 0.078 -0.065 -0.065 -0.065 -0.065 0.0 0.0 0.0 0.0
157 0.0785 -0.065 -0.065 -0.065 -0.065 0.0 0.0 0.0 0.0
158 0.079 -0.065 -0.065 -0.065 -0.065 0.0 0.0 0.0 0.0
159 0.0795 -0.065 -0.065 -0.065 -0.065 0.0 0.0 0.0 0.0
160 0.08 -0.065 -0.065 -0.065 -0.065 0.0 0.0 0.0 0.0
161 0.0805 -0.065 -0.065 -0.065 -0.065 0.0 0.0 0.0 0.0
162 0.081 -0.065 -0.065 -0.065 -0.065 0.0 0.0 0.0 0.0
163 0.0815 -0.065 -0.065 -0.065 -0.065 0.0 0.0 0.0 0.0
164 0.082 -0.065 -0.065 -0.065 -0.065 0.0 0.0 0.0 0.0
165 0.0825 -0.065 -0.065 -0.065 -0.065 0.0 0.0 0.0 0.0
166 0.083 -0.065 -0.065 -0.065 -0.065 0.0 0.0 0.0 0.0
167 0.0835 -0.065 -0.065 -0.065 -0.065 0.0 0.0 0.0 0.0
168 0.084 -0.065 -0.065 -0.065 -0.065 0.0 0.0 0.0 0.0
169 0.0845 -0.065 -0.065 -0.065 -0.065 0.0 0.0 0.0 0.0
170 0.085 -0.065 -0.065 -0.065 -0.065 0.0 0.0 0.0 0.0
171 0.0855 -0.065 -0.065 -0.065 -0.065 0.0 0.0 0.0 0.0
172 0.086 -0.065 -0.065 -0.065 -0.065 0.0 0.0 0.0 0.0
173 0.0865 -0.065 -0.065 -0.065 -0.065 0.0 0.0 0.0 0.0
174 0.087 -0.065 -0.065 -0.065 -0.065 0.0 0.0 0.0 0.0
175 0.0875 -0.065 -0.065 -0.065 -0.065 0.0 0.0 0.0 0.0
176 0.088 -0.065 -0.065 -0.065 -0.065 0.0 0.0 0.0 0.0
177 0.0885 -0.065 -0.065 -0.065 -0.065 0.0 0.0 0.0 0.0
178 0.089 -0.065 -0.065 -0.065 -0.065 0.0 0.0 0.0 0.0
179 0.0895 -0.065 -0.065 -0.065 -0.065 0.0 0.0 0.0 0.0
180 0.09 -0.065 -0.065 -0.065 -0.065 0.0 0.0 0.0 0.0
181 0.0905 -0.065 -0.065 -0.065 -0.065 0.0 0.0 0.0 0.0
182 0.091 -0.065 -0.065 -0.065 -0.065 0.0 0.0 0.0 0.0
183 0.0915 -0.065 -0.065 -0.065 -0.065 0.0 0.0 0.0 0.0
184 0.092 -0.065 -0.065 -0.065 -0.065 0.0 0.0 0.0 0.0
185 0.0925 -0.065 -0.065 -0.065 -0.065 0.0 0.0 0.0 0.0
186 0.093 -0.065 -0.065 -0.065 -0.065 0.0 0.0 0.0 0.0
187 0.0935 -0.065 -0.065 -0.065 -0.065 0.0 0.0 0.0 0.0
188 0.094 -0.065 -0.065 -0.065 -0.065 0.0 0.0 0.0 0.0
189 0.0945 -0.065 -0.065 -0.065 -0.065 0.0 0.0 0.0 0.0
190 0.095 -0.065 -0.065 -0.065 -0.065 0.0 0.0 0.0 0.0
191 0.0955 -0.065 -0.065 -0.065 -0.065 0.0 0.0 0.0 0.0
192 0.096 -0.065 -0.065 -0.065 -0.065 0.0 0.0 0.0 0.0
193 0.0965 -0.065 -0.065 -0.065 -0.065 0.0 0.0 0.0 0.0
194 0.097 -0.065 -0.065 -0.065 -0.065 0.0 0.0 0.0 0.0
195 0.0975 -0.065 -0.065 -0.065 -0.065 0.0 0.0 0.0 0.0
196 0.098 -0.065 -0.065 -0.065 -0.065 0.0 0.0 0.0 0.0
197 0.0985 -0.065 -0.065 -0.065 -0.065 0.0 0.0 0.0 0.0
198 0.099 -0.065 -0.065 -0.065 -0.065 0.0 0.0 0.0 0.0
199 0.0995 -0.065 -0.065 -0.065 -0.065 0.0 0.0 0.0 0.0
200 0.1 -0.065 -0.065 -0.065 -0.065 0.00028 0.00028 0.00046 0.00046
201 0.1005 -0.06496807 -0.06494705 -0.06492865 -0.06495047 0.01428 0.01428 0.02346 0.02346
202 0.101 -0.06484004 -0.06474657 -0.06468482 -0.06478811 0.02828 0.02828 0.04646 0.04646
203 0.1015 -0.06463358 -0.06436123 -0.0642864 -0.0645411 0.04228 0.04228 0.06946 0.06946
204 0.102 -0.0643744 -0.06377159 -0.06375604 -0.06422491 0.05628 0.05628 0.09246 0.09246
205 0.1025 -0.06407712 -0.06296687 -0.06310612 -0.06384549 0.07028 0.07028 0.11546 0.11546
206 0.103 -0.06374872 -0.06194076 -0.06234194 -0.06340598 0.08428 0.08428 0.13846 0.13846
207 0.1035 -0.06339242 -0.06068954 -0.06146532 -0.06290864 0.09828 0.09828 0.16146 0.16146
208 0.104 -0.06300969 -0.05921121 -0.06047662 -0.0623555 0.11228 0.11228 0.18446 0.18446
209 0.1045 -0.06260124 -0.05750502 -0.05937567 -0.06174837 0.12628 0.12628 0.20746 0.20746
210 0.105 -0.06216747 -0.05557118 -0.05816219 -0.06108902 0.14028 0.14028 0.23046 0.23046
211 0.1055 -0.06170859 -0.05341069 -0.05683593 -0.06037909 0.15428 0.15428 0.25346 0.25346
212 0.106 -0.06122241 -0.05102386 -0.05539265 -0.05961847 0.16828 0.16828 0.27646 0.27646
213 0.1065 -0.06070707 -0.04841123 -0.05383008 -0.05880849 0.18228 0.18228 0.29946 0.29946
214 0.107 -0.06016815 -0.04557716 -0.05215697 -0.05795307 0.19628 0.19628 0.32246 0.32246
215 0.1075 -0.05960715 -0.04252575 -0.05037505 -0.05705375 0.21028 0.21028 0.34546 0.34546
216 0.108 -0.05902374 -0.03926069 -0.04848365 -0.05611164 0.22428 0.22428 0.36846 0.36846
217 0.1085 -0.05841731 -0.0357855 -0.04648196 -0.05512781 0.23828 0.23828 0.39146 0.39146
218 0.109 -0.05778738 -0.03210363 -0.04436958 -0.05410331 0.25228 0.25228 0.41446 0.41446
219 0.1095 -0.05713345 -0.0282172 -0.04214647 -0.05303787 0.26628 0.26628 0.43746 0.43746
220 0.11 -0.0564552 -0.02412916 -0.03981281 -0.051932 0.28028 0.28028 0.46046 0.46046
221 0.1105 -0.05575312 -0.01984459 -0.03736922 -0.05078848 0.29428 0.29428 0.48346 0.48346
222 0.111 -0.05502752 -0.0153679 -0.03481644 -0.0496087 0.30828 0.30828 0.50646 0.50646
223 0.1115 -0.05427849 -0.01070206 -0.03215525 -0.0483938 0.32228 0.32228 0.52946 0.52946
224 0.112 -0.05350616 -0.005849447 -0.02938435 -0.04714509 0.33628 0.33628 0.55246 0.55246
225 0.1125 -0.05271049 -0.0008116034 -0.02645805 -0.04586256 0.35028 0.35028 0.57546 0.57546
226 0.113 -0.05188836 0.004401929 -0.02342834 -0.04454461 0.36428 0.36428 0.59846 0.59846
227 0.1135 -0.05104118 0.009767591 -0.02032067 -0.04319361 0.37828 0.37828 0.62146 0.62146
228 0.114 -0.05017247 0.0152794 -0.01713278 -0.04181171 0.39228 0.39228 0.64446 0.64446
229 0.1145 -0.04928298 0.02094166 -0.01385537 -0.04039965 0.40628 0.40628 0.66746 0.66746
230 0.115 -0.04837247 0.02676074 -0.01048121 -0.03895796 0.42028 0.42028 0.69046 0.69046
231 0.1155 -0.04744061 0.03274146 -0.007006338 -0.03748716 0.43428 0.43428 0.71346 0.71346
232 0.116 -0.04648716 0.03888617 -0.003429311 -0.0359878 0.44828 0.44828 0.73646 0.73646
233 0.1165 -0.04551202 0.04519479 0.0002497665 -0.03446044 0.46228 0.46228 0.75946 0.75946
234 0.117 -0.04451356 0.05166551 0.004032266 -0.0329052 0.47628 0.47628 0.78246 0.78246
235 0.1175 -0.04349266 0.05829532 0.007915682 -0.03132282 0.49028 0.49028 0.80546 0.80546
236 0.118 -0.0424514 0.06507982 0.01189557 -0.02971422 0.50428 0.50428 0.82846 0.82846
237 0.1185 -0.04138998 0.07201419 0.01597039 -0.02808003 0.51828 0.51828 0.85146 0.85146
238 0.119 -0.04030824 0.07909362 0.02013924 -0.02642076 0.53228 0.53228 0.87446 0.87446
239 0.1195 -0.03920523 0.0863133 0.02439765 -0.02473681 0.54628 0.54628 0.89746 0.89746
240 0.12 -0.03808108 0.09366811 0.02873701 -0.02302859 0.56028 0.56028 0.92046 0.92046
241 0.1205 -0.03693714 0.1011532 0.03315749 -0.02129666 0.57428 0.57428 0.94346 0.94346
242 0.121 -0.03577362 0.1087644 0.03766286 -0.01954147 0.58828 0.58828 0.96646 0.96646
243 0.1215 -0.0345904 0.1164981 0.04225611 -0.01776343 0.60228 0.60228 0.98946 0.98946
244 0.122 -0.0333874 0.1243513 0.04693864 -0.01596295 0.61628 0.61628 1.01246 1.01246
245 0.1225 -0.03216465 0.1323212 0.05171053 -0.01414045 0.63028 0.63028 1.03546 1.03546
246 0.123 -0.03092275 0.1404019 0.05639097 -0.01230093 0.64428 0.64428 1.05846 1.05846
247 0.1235 -0.02966661 0.1485774 0.06093552 -0.01045517 0.65828 0.65828 1.08146 1.08146
248 0.124 -0.02839516 0.1568487 0.06566512 -0.008590947 0.67228 0.67228 1.10446 1.10446
249 0.1245 -0.02710469 0.165222 0.07062109 -0.006703016 0.68628 0.68628 1.12746 1.12746
250 0.125 -0.02579402 0.1737027 0.07576784 -0.00478903 0.70028 0.70028 1.15046 1.15046
251 0.1255 -0.0244653 0.1822928 0.08106256 -0.002858827 0.71428 0.71428 1.17346 1.17346
252 0.126 -0.02311766 0.1909905 0.08647489 -0.0009108134 0.72828 0.72828 1.19646 1.19646
253 0.1265 -0.02175018 0.1997933 0.09198352 0.001057812 0.74228 0.74228 1.21946 1.21946
254 0.127 -0.02036417 0.2086983 0.09757231 0.003047795 0.75628 0.75628 1.24246 1.24246
255 0.1275 -0.01895866 0.2177025 0.1032347 0.005059105 0.77028 0.77028 1.26546 1.26546
256 0.128 -0.01753335 0.2268032 0.1089667 0.007091232 0.78428 0.78428 1.28846 1.28846
257 0.1285 -0.01608883 0.2359975 0.1147654 0.009143502 0.79828 0.79828 1.31146 1.31146
258 0.129 -0.01462588 0.2452828 0.1206289 0.01121522 0.81228 0.81228 1.33446 1.33446
259 0.1295 -0.0131452 0.2546567 0.1265558 0.01330574 0.82628 0.82628 1.35746 1.35746
260 0.13 -0.01164734 0.2641166 0.1325455 0.01541446 0.84028 0.84028 1.38046 1.38046
261 0.1305 -0.01013274 0.2736605 0.1385973 0.01754082 0.85428 0.85428 1.40346 1.40346
262 0.131 -0.008601705 0.2832864 0.1447108 0.01968436 0.86828 0.86828 1.42646 1.42646
263 0.1315 -0.007054477 0.2929921 0.1508857 0.0218446 0.88228 0.88228 1.44946 1.44946
264 0.132 -0.00549126 0.3027759 0.1571215 0.02402103 0.89628 0.89628 1.47246 1.47246
265 0.1325 -0.003912237 0.3126361 0.1634179 0.02621321 0.91028 0.91028 1.49546 1.49546
266 0.133 -0.002317572 0.3225708 0.1697744 0.02842078 0.92428 0.92428 1.51846 1.51846
267 0.1335 -0.0007074105 0.3325785 0.1761903 0.03064339 0.93828 0.93828 1.54146 1.54146
268 0.134 0.0009181714 0.3426576 0.1826648 0.03288088 0.95228 0.95228 1.56446 1.56446
269 0.1345 0.002550018 0.3528072 0.1891897 0.03512423 0.96628 0.96628 1.58746 1.58746
270 0.135 0.004186734 0.3629828 0.1957663 0.03737341 0.98028 0.98028 1.61046 1.61046
271 0.1355 0.005837241 0.3722393 0.2023811 0.03963575 0.99428 0.99428 1.63346 1.63346
272 0.136 0.007502173 0.3810889 0.2090214 0.04191404 1.00828 1.00828 1.65646 1.65646
273 0.1365 0.009186974 0.3900467 0.2157035 0.0442081 1.02228 1.02228 1.67946 1.67946
274 0.137 0.01089304 0.3993377 0.2224423 0.04651808 1.03628 1.03628 1.70246 1.70246
275 0.1375 0.01261881 0.40903 0.2292461 0.04884359 1.05028 1.05028 1.72546 1.72546
276 0.138 0.01436192 0.4191129 0.2361177 0.05118365 1.06428 1.06428 1.74846 1.74846
277 0.1385 0.01611409 0.4295407 0.2430551 0.05353194 1.07828 1.07828 1.77146 1.77146
278 0.139 0.01787578 0.4402554 0.2500564 0.05589237 1.09228 1.09228 1.79446 1.79446
279 0.1395 0.01965305 0.4511996 0.2571198 0.05826744 1.10628 1.10628 1.81746 1.81746
280 0.14 0.02144751 0.4623223 0.2642427 0.06065707 1.12028 1.12028 1.84046 1.84046
281 0.1405 0.02325847 0.4735809 0.271422 0.06306068 1.13428 1.13428 1.86346 1.86346
282 0.141 0.02508465 0.484941 0.278655 0.06547766 1.14828 1.14828 1.88646 1.88646
283 0.1415 0.02692494 0.4963759 0.2859392 0.06790747 1.16228 1.16228 1.90946 1.90946
284 0.142 0.02877852 0.5078656 0.2932726 0.07034964 1.17628 1.17628 1.93246 1.93246
285 0.1425 0.03064478 0.5193954 0.3006534 0.07280377 1.19028 1.19028 1.95546 1.95546
286 0.143 0.03252328 0.5309549 0.3080802 0.07526949 1.20428 1.20428 1.97846 1.97846
287 0.1435 0.0344138 0.5425373 0.3155516 0.07774648 1.21828 1.21828 2.00146 2.00146
288 0.144 0.03631623 0.5541381 0.3230665 0.08023448 1.23228 1.23228 2.02446 2.02446
289 0.1445 0.03823045 0.5657548 0.3306241 0.08273319 1.24628 1.24628 2.04746 2.04746
290 0.145 0.04014893 0.5773858 0.3382211 0.08522554 1.26028 1.26028 2.07046 2.07046
291 0.1455 0.04206713 0.5890303 0.3458548 0.08771405 1.27428 1.27428 2.09346 2.09346
292 0.146 0.04399514 0.6006892 0.3535283 0.09021242 1.28828 1.28828 2.11646 2.11646
293 0.1465 0.0459182 0.6123627 0.3612374 0.09269906 1.30228 1.30228 2.13946 2.13946
294 0.147 0.0478442 0.6240522 0.368983 0.0951923 1.31628 1.31628 2.16246 2.16246
295 0.1475 0.04979087 0.6357598 0.376769 0.09770569 1.33028 1.33028 2.18546 2.18546
296 0.148 0.05176275 0.6474877 0.3845963 0.1002404 1.34428 1.34428 2.20846 2.20846
297 0.1485 0.05375751 0.6592373 0.3924638 0.1027945 1.35828 1.35828 2.23146 2.23146
298 0.149 0.05577121 0.67101 0.4003699 0.1053658 1.37228 1.37228 2.25446 2.25446
299 0.1495 0.05780031 0.6828047 0.4083132 0.107952 1.38628 1.38628 2.27746 2.27746
300 0.15 0.05983892 0.6946202 0.4162915 0.1105326 1.4 1.4 2.3 2.3
301 0.1505 0.06180605 0.7063474 0.424153 0.1129785 1.386 1.386 2.277 2.277
302 0.151 0.0635821 0.7177985 0.4316988 0.1152042 1.372 1.372 2.254 2.254
303 0.1515 0.06521557 0.728902 0.4389712 0.1172856 1.358 1.358 2.231 2.231
304 0.152 0.06676123 0.7396207 0.4460152 0.119248 1.344 1.344 2.208 2.208
305 0.1525 0.06824688 0.7499345 0.452854 0.1211047 1.33 1.33 2.185 2.185
306 0.153 0.06968528 0.7598328 0.459499 0.1228624 1.316 1.316 2.162 2.162
307 0.1535 0.07108109 0.7693097 0.4659532 0.1245229 1.302 1.302 2.139 2.139
308 0.154 0.07243563 0.7783621 0.4722159 0.1260872 1.288 1.288 2.116 2.116
309 0.1545 0.07374905 0.7869887 0.4782859 0.1275571 1.274 1.274 2.093 2.093
310 0.155 0.07502129 0.7951902 0.4841616 0.1289343 1.26 1.26 2.07 2.07
311 0.1555 0.07625229 0.8029684 0.4898418 0.1302209 1.246 1.246 2.047 2.047
312 0.156 0.0774421 0.8103261 0.4953254 0.1314189 1.232 1.232 2.024 2.024
313 0.1565 0.07859079 0.8172672 0.5006121 0.1325307 1.218 1.218 2.001 2.001
314 0.157 0.07969853 0.8237963 0.5057013 0.1335583 1.204 1.204 1.978 1.978
315 0.1575 0.08076549 0.8299186 0.5105929 0.1345042 1.19 1.19 1.955 1.955
316 0.158 0.0817918 0.8356399 0.5152872 0.1353703 1.176 1.176 1.932 1.932
317 0.1585 0.08277748 0.8409662 0.5197844 0.1361588 1.162 1.162 1.909 1.909
318 0.159 0.08372276 0.8459039 0.524085 0.1368718 1.148 1.148 1.886 1.886
319 0.1595 0.08462799 0.8504596 0.5281895 0.1375092 1.134 1.134 1.863 1.863
320 0.16 0.0854934 0.8546403 0.5320988 0.1379269 1.12 1.12 1.84 1.84
321 0.1605 0.08631906 0.8584527 0.5358138 0.1382768 1.106 1.106 1.817 1.817
322 0.161 0.08710525 0.8619039 0.5393354 0.1386078 1.092 1.092 1.794 1.794
323 0.1615 0.08784614 0.8649894 0.5421067 0.138912 1.078 1.078 1.771 1.771
324 0.162 0.08852795 0.8676766 0.5440703 0.1391798 1.064 1.064 1.748 1.748
325 0.1625 0.08917099 0.8699872 0.5462139 0.1394051 1.05 1.05 1.725 1.725
326 0.163 0.08978444 0.8719558 0.548621 0.139584 1.036 1.036 1.702 1.702
327 0.1635 0.09036864 0.8736081 0.5511577 0.1397137 1.022 1.022 1.679 1.679
328 0.164 0.09092136 0.8749601 0.5536885 0.1397925 1.008 1.008 1.656 1.656
329 0.1645 0.09144031 0.8760208 0.5561192 0.1398194 0.994 0.994 1.633 1.633
330 0.165 0.09192384 0.8767957 0.5583931 0.139794 0.98 0.98 1.61 1.61
331 0.1655 0.09237095 0.8772883 0.5604801 0.1397164 0.966 0.966 1.587 1.587
332 0.166 0.09278117 0.8775016 0.5623666 0.1395868 0.952 0.952 1.564 1.564
333 0.1665 0.09315434 0.8774385 0.5640485 0.1394059 0.938 0.938 1.541 1.541
334 0.167 0.09349055 0.8771023 0.5655271 0.1391744 0.924 0.924 1.518 1.518
335 0.1675 0.09378985 0.8764966 0.5668063 0.1388928 0.91 0.91 1.495 1.495
336 0.168 0.09405236 0.8756256 0.5678909 0.1385621 0.896 0.896 1.472 1.472
337 0.1685 0.09427852 0.8744935 0.5687864 0.1381832 0.882 0.882 1.449 1.449
338 0.169 0.09446882 0.8731051 0.5694977 0.137757 0.868 0.868 1.426 1.426
339 0.1695 0.09462366 0.871465 0.5700297 0.1372847 0.854 0.854 1.403 1.403
340 0.17 0.09474345 0.8695783 0.5703869 0.1367674 0.84 0.84 1.38 1.38
341 0.1705 0.09482854 0.8674499 0.5705732 0.1362062 0.826 0.826 1.357 1.357
342 0.171 0.09487924 0.8650849 0.5705924 0.135602 0.812 0.812 1.334 1.334
343 0.1715 0.09489564 0.8624882 0.5704477 0.1349321 0.798 0.798 1.311 1.311
344 0.172 0.09486856 0.8596644 0.5701415 0.134011 0.784 0.784 1.288 1.288
345 0.1725 0.09479935 0.856617 0.5696764 0.1329835 0.77 0.77 1.265 1.265
346 0.173 0.09469868 0.8533518 0.5690561 0.1320021 0.756 0.756 1.242 1.242
347 0.1735 0.09456964 0.8498743 0.5682834 0.1310509 0.742 0.742 1.219 1.219
348 0.174 0.09441183 0.8461892 0.5673609 0.1301219 0.728 0.728 1.196 1.196
349 0.1745 0.09422464 0.8423015 0.5662907 0.1292008 0.714 0.714 1.173 1.173
350 0.175 0.09400761 0.8382155 0.5650752 0.1282755 0.7 0.7 1.15 1.15
351 0.1755 0.09376049 0.8339357 0.5637162 0.127337 0.686 0.686 1.127 1.127
352 0.176 0.09348317 0.8294664 0.5622161 0.126379 0.672 0.672 1.104 1.104
353 0.1765 0.09317562 0.8248116 0.5605767 0.1253966 0.658 0.658 1.081 1.081
354 0.177 0.09283792 0.8199754 0.5588001 0.1243868 0.644 0.644 1.058 1.058
355 0.1775 0.09247019 0.8149617 0.5568882 0.1233474 0.63 0.63 1.035 1.035
356 0.178 0.09207129 0.8097742 0.5548431 0.122277 0.616 0.616 1.012 1.012
357 0.1785 0.09163979 0.8044167 0.5526667 0.1211746 0.602 0.602 0.989 0.989
358 0.179 0.09117865 0.7988928 0.5503609 0.1200401 0.588 0.588 0.966 0.966
359 0.1795 0.09068914 0.7932061 0.5479276 0.1188731 0.574 0.574 0.943 0.943
360 0.18 0.09017168 0.7873601 0.5453688 0.1176741 0.56 0.56 0.92 0.92
361 0.1805 0.08962641 0.7813581 0.5426862 0.1164431 0.546 0.546 0.897 0.897
362 0.181 0.08905341 0.7752034 0.5398817 0.1151808 0.532 0.532 0.874 0.874
363 0.1815 0.08845278 0.7688994 0.5369573 0.1138874 0.518 0.518 0.851 0.851
364 0.182 0.08782467 0.7624492 0.5339146 0.1125636 0.504 0.504 0.828 0.828
365 0.1825 0.08716925 0.7558558 0.5307555 0.1112099 0.49 0.49 0.805 0.805
366 0.183 0.08648676 0.7491224 0.5274817 0.109827 0.476 0.476 0.782 0.782
367 0.1835 0.08577742 0.7422519 0.524095 0.1084153 0.462 0.462 0.759 0.759
368 0.184 0.0850415 0.7352472 0.5205971 0.1069754 0.448 0.448 0.736 0.736
369 0.1845 0.08427927 0.728111 0.5169897 0.1055081 0.434 0.434 0.713 0.713
370 0.185 0.08349101 0.7208463 0.5132746 0.1040137 0.42 0.42 0.69 0.69
371 0.1855 0.08267699 0.7134556 0.5094534 0.1024928 0.406 0.406 0.667 0.667
372 0.186 0.0818375 0.7059417 0.5055277 0.1009461 0.392 0.392 0.644 0.644
373 0.1865 0.08097283 0.698307 0.5014993 0.09937396 0.378 0.378 0.621 0.621
374 0.187 0.08008325 0.6905543 0.4973696 0.09777694 0.364 0.364 0.598 0.598
375 0.1875 0.07916904 0.6826858 0.4931404 0.09615552 0.35 0.35 0.575 0.575
376 0.188 0.07823049 0.6747041 0.4888131 0.09451018 0.336 0.336 0.552 0.552
377 0.1885 0.07726787 0.6666114 0.4843895 0.09284137 0.322 0.322 0.529 0.529
378 0.189 0.07628146 0.6584102 0.4798709 0.09114954 0.308 0.308 0.506 0.506
379 0.1895 0.07527153 0.6501026 0.4752589 0.08943511 0.294 0.294 0.483 0.483
380 0.19 0.07423835 0.6416908 0.470555 0.0876985 0.28 0.28 0.46 0.46
381 0.1905 0.07318219 0.6331771 0.4657607 0.08594012 0.266 0.266 0.437 0.437
382 0.191 0.07210331 0.6245635 0.4608775 0.08416034 0.252 0.252 0.414 0.414
383 0.1915 0.07100199 0.6158521 0.4559068 0.08235956 0.238 0.238 0.391 0.391
384 0.192 0.06987847 0.6070449 0.45085 0.08053812 0.224 0.224 0.368 0.368
385 0.1925 0.06873303 0.5981439 0.4457085 0.0786964 0.21 0.21 0.345 0.345
386 0.193 0.06756592 0.5891509 0.4404837 0.07683474 0.196 0.196 0.322 0.322
387 0.1935 0.06637739 0.580068 0.435177 0.07495347 0.182 0.182 0.299 0.299
388 0.194 0.0651677 0.5708969 0.4297898 0.07305292 0.168 0.168 0.276 0.276
389 0.1945 0.0639371 0.5616395 0.4243232 0.0711334 0.154 0.154 0.253 0.253
390 0.195 0.06268584 0.5522974 0.4187788 0.06919524 0.14 0.14 0.23 0.23
391 0.1955 0.06141416 0.5428725 0.4131576 0.06723872 0.126 0.126 0.207 0.207
392 0.196 0.06012231 0.5333664 0.4074611 0.06526415 0.112 0.112 0.184 0.184
393 0.1965 0.05881054 0.5237808 0.4016905 0.06327181 0.098 0.098 0.161 0.161
394 0.197 0.05747907 0.5141173 0.3958469 0.06126198 0.084 0.084 0.138 0.138
395 0.1975 0.05612815 0.5043775 0.3899317 0.05923494 0.07 0.07 0.115 0.115
396 0.198 0.05475802 0.4945629 0.3839459 0.05719096 0.056 0.056 0.092 0.092
397 0.1985 0.0533689 0.484675 0.3778909 0.05513029 0.042 0.042 0.069 0.069
398 0.199 0.05196103 0.4747154 0.3717677 0.0530532 0.028 0.028 0.046 0.046
399 0.1995 0.05053465 0.4646854 0.3655775 0.05095993 0.014 0.014 0.023 0.023
400 0.2 0.04908996 0.4545864 0.3593214 0.04885074 0.0 0.0 0.0 0.0
401 0.2005 0.04765913 0.444473 0.3530719 0.04677538 0.0 0.0 0.0 0.0
402 0.201 0.04630656 0.4344408 0.3469312 0.0447974 0.0 0.0 0.0 0.0
403 0.2015 0.04501478 0.4245287 0.3408825 0.04288885 0.0 0.0 0.0 0.0
404 0.202 0.04375832 0.4147573 0.3349042 0.04103449 0.0 0.0 0.0 0.0
405 0.2025 0.04252276 0.4051388 0.3289849 0.03922857 0.0 0.0 0.0 0.0
406 0.203 0.04130134 0.3956806 0.3231205 0.0374682 0.0 0.0 0.0 0.0
407 0.2035 0.04009105 0.3863877 0.31731 0.0357513 0.0 0.0 0.0 0.0
408 0.204 0.03889062 0.3772633 0.3115541 0.03407609 0.0 0.0 0.0 0.0
409 0.2045 0.03769955 0.3683093 0.3058539 0.03244092 0.0 0.0 0.0 0.0
410 0.205 0.03651767 0.3595266 0.3002108 0.03084426 0.0 0.0 0.0 0.0
411 0.2055 0.03534493 0.3509154 0.2946258 0.02928465 0.0 0.0 0.0 0.0
412 0.206 0.03418139 0.3424752 0.2891001 0.02776073 0.0 0.0 0.0 0.0
413 0.2065 0.03302709 0.3342048 0.2836345 0.02627118 0.0 0.0 0.0 0.0
414 0.207 0.03188212 0.3261028 0.27823 0.02481477 0.0 0.0 0.0 0.0
415 0.2075 0.03074654 0.3181675 0.2728872 0.02339033 0.0 0.0 0.0 0.0
416 0.208 0.02962043 0.3103966 0.2676067 0.02199675 0.0 0.0 0.0 0.0
417 0.2085 0.02850384 0.3027878 0.262389 0.02063297 0.0 0.0 0.0 0.0
418 0.209 0.02739684 0.2953387 0.2572344 0.01929798 0.0 0.0 0.0 0.0
419 0.2095 0.02629949 0.2880466 0.2521433 0.01799083 0.0 0.0 0.0 0.0
420 0.21 0.02521182 0.2809087 0.2471158 0.01671061 0.0 0.0 0.0 0.0
421 0.2105 0.02413389 0.2739222 0.2421522 0.01545646 0.0 0.0 0.0 0.0
422 0.211 0.02306572 0.2670843 0.2372524 0.01422754 0.0 0.0 0.0 0.0
423 0.2115 0.02200735 0.2603921 0.2324165 0.01302307 0.0 0.0 0.0 0.0
424 0.212 0.0209588 0.2538425 0.2276445 0.01184231 0.0 0.0 0.0 0.0
425 0.2125 0.01992009 0.2474328 0.2229362 0.01068454 0.0 0.0 0.0 0.0
426 0.213 0.01889124 0.24116 0.2182915 0.009549067 0.0 0.0 0.0 0.0
427 0.2135 0.01787225 0.2350212 0.2137102 0.008435252 0.0 0.0 0.0 0.0
428 0.214 0.01686313 0.2290136 0.2091921 0.007342467 0.0 0.0 0.0 0.0
429 0.2145 0.01586387 0.2231344 0.2047369 0.006270116 0.0 0.0 0.0 0.0
430 0.215 0.01487448 0.2173807 0.2003442 0.005217628 0.0 0.0 0.0 0.0
431 0.2155 0.01389494 0.2117498 0.1960137 0.004184458 0.0 0.0 0.0 0.0
432 0.216 0.01292524 0.2062391 0.1917451 0.003170083 0.0 0.0 0.0 0.0
433 0.2165 0.01196537 0.2008458 0.1875379 0.002173999 0.0 0.0 0.0 0.0
434 0.217 0.0110153 0.1955674 0.1833918 0.001195727 0.0 0.0 0.0 0.0
435 0.2175 0.01007501 0.1904012 0.1793062 0.0002348039 0.0 0.0 0.0 0.0
436 0.218 0.009144477 0.1853449 0.1752807 -0.0007092133 0.0 0.0 0.0 0.0
437 0.2185 0.008223665 0.180396 0.1713148 -0.001636751 0.0 0.0 0.0 0.0
438 0.219 0.007312543 0.175552 0.167408 -0.002548219 0.0 0.0 0.0 0.0
439 0.2195 0.006411076 0.1708106 0.1635597 -0.003444012 0.0 0.0 0.0 0.0
440 0.22 0.005519224 0.1661695 0.1597694 -0.004324509 0.0 0.0 0.0 0.0
441 0.2205 0.004636947 0.1616266 0.1560366 -0.005190076 0.0 0.0 0.0 0.0
442 0.221 0.0037642 0.1571794 0.1523607 -0.006041064 0.0 0.0 0.0 0.0
443 0.2215 0.002900939 0.1528261 0.1487411 -0.006877814 0.0 0.0 0.0 0.0
444 0.222 0.002047114 0.1485643 0.1451772 -0.007700654 0.0 0.0 0.0 0.0
445 0.2225 0.001202677 0.1443921 0.1416684 -0.008509898 0.0 0.0 0.0 0.0
446 0.223 0.0003675741 0.1403075 0.1382142 -0.009305853 0.0 0.0 0.0 0.0
447 0.2235 -0.0004582478 0.1363086 0.1348138 -0.01008881 0.0 0.0 0.0 0.0
448 0.224 -0.001274844 0.1323933 0.1314668 -0.01085906 0.0 0.0 0.0 0.0
449 0.2245 -0.002082272 0.1285599 0.1281724 -0.01161688 0.0 0.0 0.0 0.0
450 0.225 -0.002880591 0.1248066 0.12493 -0.01236253 0.0 0.0 0.0 0.0
451 0.2255 -0.003669861 0.1211315 0.1217391 -0.01309627 0.0 0.0 0.0 0.0
452 0.226 -0.004450142 0.1175328 0.1185989 -0.01381836 0.0 0.0 0.0 0.0
453 0.2265 -0.005221499 0.114009 0.1155089 -0.01452903 0.0 0.0 0.0 0.0
454 0.227 -0.005983994 0.1105584 0.1124684 -0.01522851 0.0 0.0 0.0 0.0
455 0.2275 -0.006737693 0.1071793 0.1094768 -0.01591705 0.0 0.0 0.0 0.0
456 0.228 -0.007482661 0.1038701 0.1065334 -0.01659485 0.0 0.0 0.0 0.0
457 0.2285 -0.008218966 0.1006293 0.1036376 -0.01726213 0.0 0.0 0.0 0.0
458 0.229 -0.008946674 0.09745548 0.1007888 -0.0179191 0.0 0.0 0.0 0.0
459 0.2295 -0.009665856 0.09434704 0.0979864 -0.01856597 0.0 0.0 0.0 0.0
460 0.23 -0.01037658 0.09130258 0.09522968 -0.01920292 0.0 0.0 0.0 0.0
461 0.2305 -0.01107891 0.08832071 0.09251803 -0.01983016 0.0 0.0 0.0 0.0
462 0.231 -0.01177293 0.08540004 0.08985086 -0.02044786 0.0 0.0 0.0 0.0
463 0.2315 -0.0124587 0.08253923 0.08722752 -0.02105621 0.0 0.0 0.0 0.0
464 0.232 -0.01313629 0.07973698 0.08464739 -0.02165538 0.0 0.0 0.0 0.0
465 0.2325 -0.01380578 0.076992 0.08210988 -0.02224554 0.0 0.0 0.0 0.0
466 0.233 -0.01446724 0.07430305 0.07961435 -0.02282687 0.0 0.0 0.0 0.0
467 0.2335 -0.01512074 0.0716689 0.07716021 -0.02339952 0.0 0.0 0.0 0.0
468 0.234 -0.01576635 0.06908836 0.07474684 -0.02396364 0.0 0.0 0.0 0.0
469 0.2345 -0.01640415 0.06656027 0.07237366 -0.02451941 0.0 0.0 0.0 0.0
470 0.235 -0.01703421 0.06408348 0.07004006 -0.02506695 0.0 0.0 0.0 0.0
471 0.2355 -0.01765661 0.06165689 0.06774546 -0.02560643 0.0 0.0 0.0 0.0
472 0.236 -0.01827141 0.0592794 0.06548928 -0.02613799 0.0 0.0 0.0 0.0
473 0.2365 -0.01887869 0.05694996 0.06327092 -0.02666176 0.0 0.0 0.0 0.0
474 0.237 -0.01947852 0.05466753 0.06108982 -0.02717788 0.0 0.0 0.0 0.0
475 0.2375 -0.02007098 0.05243109 0.05894542 -0.02768648 0.0 0.0 0.0 0.0
476 0.238 -0.02065615 0.05023966 0.05683714 -0.02818769 0.0 0.0 0.0 0.0
477 0.2385 -0.02123408 0.04809226 0.05476443 -0.02868165 0.0 0.0 0.0 0.0
478 0.239 -0.02180487 0.04598795 0.05272674 -0.02916847 0.0 0.0 0.0 0.0
479 0.2395 -0.02236857 0.0439258 0.05072352 -0.02964827 0.0 0.0 0.0 0.0
480 0.24 -0.02292527 0.04190492 0.04875424 -0.03012118 0.0 0.0 0.0 0.0
481 0.2405 -0.02347503 0.03992442 0.04681835 -0.03058731 0.0 0.0 0.0 0.0
482 0.241 -0.02401793 0.03798343 0.04491534 -0.03104676 0.0 0.0 0.0 0.0
483 0.2415 -0.02455405 0.03608111 0.04304468 -0.03149966 0.0 0.0 0.0 0.0
484 0.242 -0.02508344 0.03421665 0.04120586 -0.03194611 0.0 0.0 0.0 0.0
485 0.2425 -0.0256062 0.03238922 0.03939837 -0.03238622 0.0 0.0 0.0 0.0
486 0.243 -0.02612238 0.03059806 0.0376217 -0.03282009 0.0 0.0 0.0 0.0
487 0.2435 -0.02663205 0.02884237 0.03587536 -0.03324782 0.0 0.0 0.0 0.0
488 0.244 -0.0271353 0.02712143 0.03415885 -0.03366951 0.0 0.0 0.0 0.0
489 0.2445 -0.02763219 0.02543447 0.0324717 -0.03408526 0.0 0.0 0.0 0.0
490 0.245 -0.02812278 0.0237808 0.03081343 -0.03449516 0.0 0.0 0.0 0.0
491 0.2455 -0.02860716 0.02215971 0.02918357 -0.03489931 0.0 0.0 0.0 0.0
492 0.246 -0.02908538 0.0205705 0.02758164 -0.0352978 0.0 0.0 0.0 0.0
493 0.2465 -0.02955752 0.01901252 0.0260072 -0.03569072 0.0 0.0 0.0 0.0
494 0.247 -0.03002365 0.01748509 0.02445979 -0.03607815 0.0 0.0 0.0 0.0
495 0.2475 -0.03048383 0.01598758 0.02293896 -0.03646018 0.0 0.0 0.0 0.0
496 0.248 -0.03093813 0.01451937 0.02144427 -0.0368369 0.0 0.0 0.0 0.0
497 0.2485 -0.03138662 0.01307983 0.0199753 -0.03720839 0.0 0.0 0.0 0.0
498 0.249 -0.03182937 0.01166837 0.0185316 -0.03757473 0.0 0.0 0.0 0.0
499 0.2495 -0.03226644 0.0102844 0.01711277 -0.037936 0.0 0.0 0.0 0.0
500 0.25 -0.0326979 0.008927344 0.01571838 -0.03829228 0.0 0.0 0.0 0.0
501 0.2505 -0.03312381 0.007596648 0.01434802 -0.03864364 0.0 0.0 0.0 0.0
502 0.251 -0.03354424 0.006291759 0.01300129 -0.03899016 0.0 0.0 0.0 0.0
503 0.2515 -0.03395925 0.005012141 0.0116778 -0.03933191 0.0 0.0 0.0 0.0
504 0.252 -0.03436891 0.00375727 0.01037715 -0.03966897 0.0 0.0 0.0 0.0
505 0.2525 -0.03477328 0.002526632 0.009098956 -0.04000141 0.0 0.0 0.0 0.0
506 0.253 -0.03517242 0.001319726 0.007842837 -0.04032929 0.0 0.0 0.0 0.0
507 0.2535 -0.03556639 0.0001360605 0.00660842 -0.04065269 0.0 0.0 0.0 0.0
508 0.254 -0.03595526 -0.001024843 0.005395336 -0.04097167 0.0 0.0 0.0 0.0
509 0.2545 -0.03633909 -0.002163456 0.004203221 -0.0412863 0.0 0.0 0.0 0.0
510 0.255 -0.03671793 -0.003280235 0.00303172 -0.04159664 0.0 0.0 0.0 0.0
511 0.2555 -0.03709185 -0.004375631 0.001880479 -0.04190275 0.0 0.0 0.0 0.0
512 0.256 -0.03746091 -0.005450083 0.0007491523 -0.04220471 0.0 0.0 0.0 0.0
513 0.2565 -0.03782517 -0.006504019 -0.0003626006 -0.04250257 0.0 0.0 0.0 0.0
514 0.257 -0.03818468 -0.007537862 -0.001455115 -0.04279639 0.0 0.0 0.0 0.0
515 0.2575 -0.0385395 -0.00855202 -0.002528723 -0.04308622 0.0 0.0 0.0 0.0
516 0.258 -0.03888969 -0.009546898 -0.003583747 -0.04337214 0.0 0.0 0.0 0.0
517 0.2585 -0.03923531 -0.01052289 -0.004620508 -0.0436542 0.0 0.0 0.0 0.0
518 0.259 -0.03957642 -0.01148037 -0.005639321 -0.04393244 0.0 0.0 0.0 0.0
519 0.2595 -0.03991306 -0.01241973 -0.006640495 -0.04420694 0.0 0.0 0.0 0.0
520 0.26 -0.04024529 -0.01334134 -0.007624335 -0.04447773 0.0 0.0 0.0 0.0
521 0.2605 -0.04057317 -0.01424554 -0.008591141 -0.04474488 0.0 0.0 0.0 0.0
522 0.261 -0.04089676 -0.0151327 -0.009541207 -0.04500845 0.0 0.0 0.0 0.0
523 0.2615 -0.0412161 -0.01600316 -0.01047482 -0.04526847 0.0 0.0 0.0 0.0
524 0.262 -0.04153125 -0.01685725 -0.01139228 -0.045525 0.0 0.0 0.0 0.0
525 0.2625 -0.04184226 -0.01769531 -0.01229384 -0.04577809 0.0 0.0 0.0 0.0
526 0.263 -0.04214918 -0.01851767 -0.0131798 -0.04602779 0.0 0.0 0.0 0.0
527 0.2635 -0.04245207 -0.01932463 -0.01405043 -0.04627416 0.0 0.0 0.0 0.0
528 0.264 -0.04275098 -0.02011651 -0.01490598 -0.04651722 0.0 0.0 0.0 0.0
529 0.2645 -0.04304594 -0.0208936 -0.01574673 -0.04675705 0.0 0.0 0.0 0.0
530 0.265 -0.04333703 -0.02165621 -0.01657293 -0.04699367 0.0 0.0 0.0 0.0
531 0.2655 -0.04362427 -0.02240463 -0.01738483 -0.04722713 0.0 0.0 0.0 0.0
532 0.266 -0.04390773 -0.02313914 -0.01818268 -0.04745749 0.0 0.0 0.0 0.0
533 0.2665 -0.04418745 -0.02386001 -0.01896674 -0.04768478 0.0 0.0 0.0 0.0
534 0.267 -0.04446348 -0.02456752 -0.01973723 -0.04790904 0.0 0.0 0.0 0.0
535 0.2675 -0.04473587 -0.02526194 -0.02049441 -0.04813032 0.0 0.0 0.0 0.0
536 0.268 -0.04500465 -0.02594352 -0.02123849 -0.04834867 0.0 0.0 0.0 0.0
537 0.2685 -0.04526989 -0.02661252 -0.02196971 -0.04856412 0.0 0.0 0.0 0.0
538 0.269 -0.04553161 -0.02726919 -0.0226883 -0.0487767 0.0 0.0 0.0 0.0
539 0.2695 -0.04578988 -0.02791378 -0.02339447 -0.04898648 0.0 0.0 0.0 0.0
540 0.27 -0.04604472 -0.02854652 -0.02408844 -0.04919347 0.0 0.0 0.0 0.0
541 0.2705 -0.0462962 -0.02916764 -0.02477044 -0.04939772 0.0 0.0 0.0 0.0
542 0.271 -0.04654434 -0.02977738 -0.02544066 -0.04959928 0.0 0.0 0.0 0.0
543 0.2715 -0.04678919 -0.03037596 -0.02609931 -0.04979817 0.0 0.0 0.0 0.0
544 0.272 -0.0470308 -0.0309636 -0.0267466 -0.04999443 0.0 0.0 0.0 0.0
545 0.2725 -0.04726921 -0.03154052 -0.02738273 -0.0501881 0.0 0.0 0.0 0.0
546 0.273 -0.04750446 -0.03210692 -0.02800789 -0.05037922 0.0 0.0 0.0 0.0
547 0.2735 -0.04773658 -0.03266301 -0.02862227 -0.05056781 0.0 0.0 0.0 0.0
548 0.274 -0.04796563 -0.03320899 -0.02922607 -0.05075393 0.0 0.0 0.0 0.0
549 0.2745 -0.04819163 -0.03374506 -0.02981947 -0.05093759 0.0 0.0 0.0 0.0
550 0.275 -0.04841463 -0.03427142 -0.03040265 -0.05111883 0.0 0.0 0.0 0.0
551 0.2755 -0.04863468 -0.03478824 -0.0309758 -0.0512977 0.0 0.0 0.0 0.0
552 0.276 -0.0488518 -0.03529573 -0.03153908 -0.05147421 0.0 0.0 0.0 0.0
553 0.2765 -0.04906603 -0.03579405 -0.03209268 -0.0516484 0.0 0.0 0.0 0.0
554 0.277 -0.04927742 -0.0362834 -0.03263676 -0.0518203 0.0 0.0 0.0 0.0
555 0.2775 -0.04948599 -0.03676393 -0.03317149 -0.05198995 0.0 0.0 0.0 0.0
556 0.278 -0.0496918 -0.03723582 -0.03369703 -0.05215738 0.0 0.0 0.0 0.0
557 0.2785 -0.04989486 -0.03769925 -0.03421356 -0.05232261 0.0 0.0 0.0 0.0
558 0.279 -0.05009523 -0.03815436 -0.03472121 -0.05248567 0.0 0.0 0.0 0.0
559 0.2795 -0.05029292 -0.03860133 -0.03522016 -0.0526466 0.0 0.0 0.0 0.0
560 0.28 -0.05048799 -0.0390403 -0.03571056 -0.05280542 0.0 0.0 0.0 0.0
561 0.2805 -0.05068046 -0.03947144 -0.03619254 -0.05296217 0.0 0.0 0.0 0.0
562 0.281 -0.05087037 -0.03989489 -0.03666628 -0.05311686 0.0 0.0 0.0 0.0
563 0.2815 -0.05105775 -0.0403108 -0.0371319 -0.05326953 0.0 0.0 0.0 0.0
564 0.282 -0.05124264 -0.04071931 -0.03758955 -0.05342021 0.0 0.0 0.0 0.0
565 0.2825 -0.05142506 -0.04112057 -0.03803937 -0.05356892 0.0 0.0 0.0 0.0
566 0.283 -0.05160505 -0.04151471 -0.0384815 -0.05371569 0.0 0.0 0.0 0.0
567 0.2835 -0.05178264 -0.04190187 -0.03891607 -0.05386055 0.0 0.0 0.0 0.0
568 0.284 -0.05195787 -0.04228219 -0.03934322 -0.05400351 0.0 0.0 0.0 0.0
569 0.2845 -0.05213076 -0.04265579 -0.03976308 -0.05414462 0.0 0.0 0.0 0.0
570 0.285 -0.05230135 -0.04302279 -0.04017578 -0.05428388 0.0 0.0 0.0 0.0
571 0.2855 -0.05246967 -0.04338334 -0.04058143 -0.05442133 0.0 0.0 0.0 0.0
572 0.286 -0.05263574 -0.04373754 -0.04098017 -0.05455699 0.0 0.0 0.0 0.0
573 0.2865 -0.05279959 -0.04408551 -0.04137212 -0.05469088 0.0 0.0 0.0 0.0
574 0.287 -0.05296127 -0.04442738 -0.0417574 -0.05482304 0.0 0.0 0.0 0.0
575 0.2875 -0.05312078 -0.04476326 -0.04213612 -0.05495347 0.0 0.0 0.0 0.0
576 0.288 -0.05327817 -0.04509327 -0.04250839 -0.05508221 0.0 0.0 0.0 0.0
577 0.2885 -0.05343346 -0.0454175 -0.04287434 -0.05520927 0.0 0.0 0.0 0.0
578 0.289 -0.05358668 -0.04573608 -0.04323408 -0.05533469 0.0 0.0 0.0 0.0
579 0.2895 -0.05373786 -0.0460491 -0.0435877 -0.05545847 0.0 0.0 0.0 0.0
580 0.29 -0.05388702 -0.04635668 -0.04393532 -0.05558065 0.0 0.0 0.0 0.0
581 0.2905 -0.05403419 -0.04665891 -0.04427705 -0.05570125 0.0 0.0 0.0 0.0
582 0.291 -0.05417939 -0.04695589 -0.04461299 -0.05582028 0.0 0.0 0.0 0.0
583 0.2915 -0.05432266 -0.04724772 -0.04494323 -0.05593776 0.0 0.0 0.0 0.0
584 0.292 -0.05446402 -0.0475345 -0.04526789 -0.05605373 0.0 0.0 0.0 0.0
585 0.2925 -0.0546035 -0.04781632 -0.04558705 -0.05616819 0.0 0.0 0.0 0.0
586 0.293 -0.05474111 -0.04809327 -0.04590082 -0.05628117 0.0 0.0 0.0 0.0
587 0.2935 -0.05487688 -0.04836545 -0.04620928 -0.05639268 0.0 0.0 0.0 0.0
588 0.294 -0.05501085 -0.04863293 -0.04651253 -0.05650275 0.0 0.0 0.0 0.0
589 0.2945 -0.05514303 -0.04889582 -0.04681067 -0.0566114 0.0 0.0 0.0 0.0
590 0.295 -0.05527344 -0.04915418 -0.04710378 -0.05671864 0.0 0.0 0.0 0.0
591 0.2955 -0.05540211 -0.04940812 -0.04739194 -0.05682449 0.0 0.0 0.0 0.0
592 0.296 -0.05552907 -0.0496577 -0.04767526 -0.05692898 0.0 0.0 0.0 0.0
593 0.2965 -0.05565434 -0.04990301 -0.0479538 -0.05703211 0.0 0.0 0.0 0.0
594 0.297 -0.05577793 -0.05014413 -0.04822766 -0.05713391 0.0 0.0 0.0 0.0
595 0.2975 -0.05589987 -0.05038113 -0.04849691 -0.0572344 0.0 0.0 0.0 0.0
596 0.298 -0.05602019 -0.05061408 -0.04876164 -0.05733359 0.0 0.0 0.0 0.0
597 0.2985 -0.0561389 -0.05084308 -0.04902192 -0.05743149 0.0 0.0 0.0 0.0
598 0.299 -0.05625603 -0.05106817 -0.04927784 -0.05752814 0.0 0.0 0.0 0.0
599 0.2995 -0.0563716 -0.05128944 -0.04952947 -0.05762353 0.0 0.0 0.0 0.0
600 0.3 -0.05648562 -0.05150696 -0.04977688 -0.0577177 0.0 0.0 0.0 0.0
601 0.3005 -0.05659813 -0.0517208 -0.05002014 -0.05781065 0.0 0.0 0.0 0.0
602 0.301 -0.05670913 -0.05193101 -0.05025934 -0.0579024 0.0 0.0 0.0 0.0
603 0.3015 -0.05681865 -0.05213767 -0.05049453 -0.05799297 0.0 0.0 0.0 0.0
604 0.302 -0.05692671 -0.05234085 -0.0507258 -0.05808237 0.0 0.0 0.0 0.0
605 0.3025 -0.05703334 -0.05254059 -0.0509532 -0.05817062 0.0 0.0 0.0 0.0
606 0.303 -0.05713854 -0.05273698 -0.05117681 -0.05825773 0.0 0.0 0.0 0.0
607 0.3035 -0.05724233 -0.05293006 -0.05139669 -0.05834372 0.0 0.0 0.0 0.0
608 0.304 -0.05734475 -0.0531199 -0.0516129 -0.05842861 0.0 0.0 0.0 0.0
609 0.3045 -0.05744579 -0.05330655 -0.05182551 -0.0585124 0.0 0.0 0.0 0.0
610 0.305 -0.05754549 -0.05349008 -0.05203459 -0.05859511 0.0 0.0 0.0 0.0
611 0.3055 -0.05764387 -0.05367053 -0.05224018 -0.05867676 0.0 0.0 0.0 0.0
612 0.306 -0.05774093 -0.05384797 -0.05244236 -0.05875735 0.0 0.0 0.0 0.0
613 0.3065 -0.05783669 -0.05402244 -0.05264119 -0.05883691 0.0 0.0 0.0 0.0
614 0.307 -0.05793118 -0.05419401 -0.05283671 -0.05891545 0.0 0.0 0.0 0.0
615 0.3075 -0.05802441 -0.05436272 -0.05302899 -0.05899298 0.0 0.0 0.0 0.0
616 0.308 -0.0581164 -0.05452862 -0.05321809 -0.05906951 0.0 0.0 0.0 0.0
617 0.3085 -0.05820717 -0.05469176 -0.05340405 -0.05914506 0.0 0.0 0.0 0.0
618 0.309 -0.05829672 -0.0548522 -0.05358694 -0.05921963 0.0 0.0 0.0 0.0
619 0.3095 -0.05838508 -0.05500998 -0.0537668 -0.05929325 0.0 0.0 0.0 0.0
620 0.31 -0.05847226 -0.05516515 -0.05394369 -0.05936592 0.0 0.0 0.0 0.0
621 0.3105 -0.05855829 -0.05531775 -0.05411766 -0.05943766 0.0 0.0 0.0 0.0
622 0.311 -0.05864317 -0.05546783 -0.05428876 -0.05950848 0.0 0.0 0.0 0.0
623 0.3115 -0.05872691 -0.05561543 -0.05445703 -0.05957839 0.0 0.0 0.0 0.0
624 0.312 -0.05880954 -0.05576061 -0.05462254 -0.0596474 0.0 0.0 0.0 0.0
625 0.3125 -0.05889108 -0.05590339 -0.05478532 -0.05971553 0.0 0.0 0.0 0.0
626 0.313 -0.05897152 -0.05604383 -0.05494542 -0.05978278 0.0 0.0 0.0 0.0
627 0.3135 -0.0590509 -0.05618196 -0.05510289 -0.05984917 0.0 0.0 0.0 0.0
628 0.314 -0.05912922 -0.05631782 -0.05525778 -0.05991471 0.0 0.0 0.0 0.0
629 0.3145 -0.0592065 -0.05645146 -0.05541012 -0.05997941 0.0 0.0 0.0 0.0
630 0.315 -0.05928274 -0.05658291 -0.05555996 -0.06004328 0.0 0.0 0.0 0.0
631 0.3155 -0.05935798 -0.05671222 -0.05570735 -0.06010633 0.0 0.0 0.0 0.0
632 0.316 -0.05943221 -0.05683941 -0.05585232 -0.06016857 0.0 0.0 0.0 0.0
633 0.3165 -0.05950546 -0.05696453 -0.05599492 -0.06023001 0.0 0.0 0.0 0.0
634 0.317 -0.05957773 -0.05708762 -0.05613519 -0.06029067 0.0 0.0 0.0 0.0
635 0.3175 -0.05964904 -0.0572087 -0.05627317 -0.06035055 0.0 0.0 0.0 0.0
636 0.318 -0.0597194 -0.05732781 -0.05640889 -0.06040966 0.0 0.0 0.0 0.0
637 0.3185 -0.05978883 -0.05744499 -0.0565424 -0.06046802 0.0 0.0 0.0 0.0
638 0.319 -0.05985734 -0.05756027 -0.05667373 -0.06052563 0.0 0.0 0.0 0.0
639 0.3195 -0.05992493 -0.05767368 -0.05680293 -0.0605825 0.0 0.0 0.0 0.0
640 0.32 -0.05999163 -0.05778526 -0.05693002 -0.06063864 0.0 0.0 0.0 0.0
641 0.3205 -0.06005744 -0.05789503 -0.05705504 -0.06069407 0.0 0.0 0.0 0.0
642 0.321 -0.06012237 -0.05800303 -0.05717803 -0.06074878 0.0 0.0 0.0 0.0
643 0.3215 -0.06018644 -0.0581093 -0.05729902 -0.0608028 0.0 0.0 0.0 0.0
644 0.322 -0.06024966 -0.05821385 -0.05741805 -0.06085612 0.0 0.0 0.0 0.0
645 0.3225 -0.06031205 -0.05831671 -0.05753515 -0.06090877 0.0 0.0 0.0 0.0
646 0.323 -0.0603736 -0.05841793 -0.05765035 -0.06096074 0.0 0.0 0.0 0.0
647 0.3235 -0.06043434 -0.05851752 -0.05776369 -0.06101204 0.0 0.0 0.0 0.0
648 0.324 -0.06049427 -0.05861552 -0.05787519 -0.06106269 0.0 0.0 0.0 0.0
649 0.3245 -0.0605534 -0.05871194 -0.05798489 -0.06111269 0.0 0.0 0.0 0.0
650 0.325 -0.06061175 -0.05880682 -0.05809282 -0.06116205 0.0 0.0 0.0 0.0
651 0.3255 -0.06066932 -0.05890019 -0.05819901 -0.06121079 0.0 0.0 0.0 0.0
652 0.326 -0.06072614 -0.05899206 -0.05830348 -0.0612589 0.0 0.0 0.0 0.0
653 0.3265 -0.06078219 -0.05908247 -0.05840627 -0.06130639 0.0 0.0 0.0 0.0
654 0.327 -0.06083751 -0.05917144 -0.05850741 -0.06135328 0.0 0.0 0.0 0.0
655 0.3275 -0.06089209 -0.059259 -0.05860691 -0.06139957 0.0 0.0 0.0 0.0
656 0.328 -0.06094594 -0.05934516 -0.05870482 -0.06144526 0.0 0.0 0.0 0.0
657 0.3285 -0.06099909 -0.05942995 -0.05880116 -0.06149038 0.0 0.0 0.0 0.0
658 0.329 -0.06105153 -0.0595134 -0.05889594 -0.06153491 0.0 0.0 0.0 0.0
659 0.3295 -0.06110327 -0.05959553 -0.05898921 -0.06157888 0.0 0.0 0.0 0.0
660 0.33 -0.06115433 -0.05967636 -0.05908098 -0.06162229 0.0 0.0 0.0 0.0
661 0.3305 -0.06120471 -0.05975591 -0.05917129 -0.06166515 0.0 0.0 0.0 0.0
662 0.331 -0.06125442 -0.0598342 -0.05926014 -0.06170745 0.0 0.0 0.0 0.0
663 0.3315 -0.06130348 -0.05991126 -0.05934758 -0.06174922 0.0 0.0 0.0 0.0
664 0.332 -0.06135188 -0.0599871 -0.05943362 -0.06179046 0.0 0.0 0.0 0.0
665 0.3325 -0.06139965 -0.06006175 -0.05951829 -0.06183116 0.0 0.0 0.0 0.0
666 0.333 -0.06144678 -0.06013522 -0.0596016 -0.06187135 0.0 0.0 0.0 0.0
667 0.3335 -0.06149329 -0.06020754 -0.05968359 -0.06191103 0.0 0.0 0.0 0.0
668 0.334 -0.06153918 -0.06027873 -0.05976427 -0.0619502 0.0 0.0 0.0 0.0
669 0.3345 -0.06158446 -0.0603488 -0.05984367 -0.06198887 0.0 0.0 0.0 0.0
670 0.335 -0.06162915 -0.06041777 -0.0599218 -0.06202705 0.0 0.0 0.0 0.0
671 0.3355 -0.06167324 -0.06048566 -0.05999869 -0.06206474 0.0 0.0 0.0 0.0
672 0.336 -0.06171675 -0.06055249 -0.06007436 -0.06210195 0.0 0.0 0.0 0.0
673 0.3365 -0.06175969 -0.06061827 -0.06014884 -0.06213869 0.0 0.0 0.0 0.0
674 0.337 -0.06180206 -0.06068303 -0.06022213 -0.06217496 0.0 0.0 0.0 0.0
675 0.3375 -0.06184387 -0.06074679 -0.06029426 -0.06221076 0.0 0.0 0.0 0.0
676 0.338 -0.06188512 -0.06080954 -0.06036524 -0.06224611 0.0 0.0 0.0 0.0
677 0.3385 -0.06192583 -0.06087133 -0.06043511 -0.06228101 0.0 0.0 0.0 0.0
678 0.339 -0.061966 -0.06093215 -0.06050387 -0.06231547 0.0 0.0 0.0 0.0
679 0.3395 -0.06200564 -0.06099202 -0.06057154 -0.06234948 0.0 0.0 0.0 0.0
680 0.34 -0.06204476 -0.06105097 -0.06063815 -0.06238306 0.0 0.0 0.0 0.0
681 0.3405 -0.06208336 -0.06110901 -0.06070371 -0.06241622 0.0 0.0 0.0 0.0
682 0.341 -0.06212145 -0.06116615 -0.06076823 -0.06244895 0.0 0.0 0.0 0.0
683 0.3415 -0.06215904 -0.0612224 -0.06083174 -0.06248127 0.0 0.0 0.0 0.0
684 0.342 -0.06219613 -0.06127778 -0.06089425 -0.06251317 0.0 0.0 0.0 0.0
685 0.3425 -0.06223273 -0.06133231 -0.06095578 -0.06254467 0.0 0.0 0.0 0.0
686 0.343 -0.06226885 -0.061386 -0.06101634 -0.06257577 0.0 0.0 0.0 0.0
687 0.3435 -0.06230449 -0.06143886 -0.06107595 -0.06260647 0.0 0.0 0.0 0.0
688 0.344 -0.06233967 -0.06149091 -0.06113463 -0.06263678 0.0 0.0 0.0 0.0
689 0.3445 -0.06237437 -0.06154216 -0.06119238 -0.06266671 0.0 0.0 0.0 0.0
690 0.345 -0.06240862 -0.06159262 -0.06124924 -0.06269625 0.0 0.0 0.0 0.0
691 0.3455 -0.06244242 -0.06164231 -0.0613052 -0.06272542 0.0 0.0 0.0 0.0
692 0.346 -0.06247577 -0.06169123 -0.06136029 -0.06275422 0.0 0.0 0.0 0.0
693 0.3465 -0.06250869 -0.06173941 -0.06141451 -0.06278265 0.0 0.0 0.0 0.0
694 0.347 -0.06254117 -0.06178685 -0.0614679 -0.06281072 0.0 0.0 0.0 0.0
695 0.3475 -0.06257322 -0.06183356 -0.06152044 -0.06283843 0.0 0.0 0.0 0.0
696 0.348 -0.06260485 -0.06187956 -0.06157218 -0.06286579 0.0 0.0 0.0 0.0
697 0.3485 -0.06263606 -0.06192486 -0.0616231 -0.0628928 0.0 0.0 0.0 0.0
698 0.349 -0.06266686 -0.06196946 -0.06167323 -0.06291947 0.0 0.0 0.0 0.0
699 0.3495 -0.06269725 -0.06201339 -0.06172259 -0.0629458 0.0 0.0 0.0 0.0
700 0.35 -0.06272725 -0.06205665 -0.06177117 -0.0629718 0.0 0.0 0.0 0.0
701 0.3505 -0.06275685 -0.06209925 -0.061819 -0.06299746 0.0 0.0 0.0 0.0
702 0.351 -0.06278606 -0.06214121 -0.0618661 -0.0630228 0.0 0.0 0.0 0.0
703 0.3515 -0.06281488 -0.06218252 -0.06191246 -0.06304782 0.0 0.0 0.0 0.0
704 0.352 -0.06284333 -0.06222322 -0.0619581 -0.06307252 0.0 0.0 0.0 0.0
705 0.3525 -0.0628714 -0.06226329 -0.06200304 -0.0630969 0.0 0.0 0.0 0.0
706 0.353 -0.0628991 -0.06230276 -0.06204728 -0.06312097 0.0 0.0 0.0 0.0
707 0.3535 -0.06292644 -0.06234163 -0.06209084 -0.06314474 0.0 0.0 0.0 0.0
708 0.354 -0.06295342 -0.06237991 -0.06213372 -0.06316821 0.0 0.0 0.0 0.0
709 0.3545 -0.06298005 -0.06241762 -0.06217595 -0.06319138 0.0 0.0 0.0 0.0
710 0.355 -0.06300632 -0.06245476 -0.06221752 -0.06321425 0.0 0.0 0.0 0.0
711 0.3555 -0.06303225 -0.06249133 -0.06225845 -0.06323684 0.0 0.0 0.0 0.0
712 0.356 -0.06305784 -0.06252736 -0.06229876 -0.06325913 0.0 0.0 0.0 0.0
713 0.3565 -0.06308309 -0.06256285 -0.06233844 -0.06328115 0.0 0.0 0.0 0.0
714 0.357 -0.06310801 -0.0625978 -0.06237751 -0.06330288 0.0 0.0 0.0 0.0
715 0.3575 -0.0631326 -0.06263223 -0.06241599 -0.06332434 0.0 0.0 0.0 0.0
716 0.358 -0.06315687 -0.06266614 -0.06245387 -0.06334553 0.0 0.0 0.0 0.0
717 0.3585 -0.06318082 -0.06269954 -0.06249117 -0.06336644 0.0 0.0 0.0 0.0
718 0.359 -0.06320446 -0.06273244 -0.06252791 -0.06338709 0.0 0.0 0.0 0.0
719 0.3595 -0.06322778 -0.06276485 -0.06256407 -0.06340748 0.0 0.0 0.0 0.0
720 0.36 -0.0632508 -0.06279677 -0.06259969 -0.06342761 0.0 0.0 0.0 0.0
721 0.3605 -0.06327352 -0.06282822 -0.06263476 -0.06344749 0.0 0.0 0.0 0.0
722 0.361 -0.06329594 -0.0628592 -0.0626693 -0.06346711 0.0 0.0 0.0 0.0
723 0.3615 -0.06331806 -0.06288972 -0.06270331 -0.06348649 0.0 0.0 0.0 0.0
724 0.362 -0.0633399 -0.06291978 -0.0627368 -0.06350561 0.0 0.0 0.0 0.0
725 0.3625 -0.06336145 -0.06294939 -0.06276978 -0.0635245 0.0 0.0 0.0 0.0
726 0.363 -0.06338271 -0.06297856 -0.06280225 -0.06354314 0.0 0.0 0.0 0.0
727 0.3635 -0.0634037 -0.0630073 -0.06283424 -0.06356155 0.0 0.0 0.0 0.0
728 0.364 -0.06342441 -0.06303562 -0.06286574 -0.06357973 0.0 0.0 0.0 0.0
729 0.3645 -0.06344485 -0.06306351 -0.06289675 -0.06359767 0.0 0.0 0.0 0.0
730 0.365 -0.06346502 -0.06309099 -0.0629273 -0.06361539 0.0 0.0 0.0 0.0
731 0.3655 -0.06348493 -0.06311806 -0.06295739 -0.06363288 0.0 0.0 0.0 0.0
732 0.366 -0.06350458 -0.06314473 -0.06298702 -0.06365015 0.0 0.0 0.0 0.0
733 0.3665 -0.06352397 -0.06317101 -0.0630162 -0.0636672 0.0 0.0 0.0 0.0
734 0.367 -0.06354311 -0.0631969 -0.06304493 -0.06368404 0.0 0.0 0.0 0.0
735 0.3675 -0.06356199 -0.0632224 -0.06307324 -0.06370066 0.0 0.0 0.0 0.0
736 0.368 -0.06358063 -0.06324753 -0.06310111 -0.06371707 0.0 0.0 0.0 0.0
737 0.3685 -0.06359902 -0.06327229 -0.06312857 -0.06373328 0.0 0.0 0.0 0.0
738 0.369 -0.06361718 -0.06329668 -0.06315561 -0.06374927 0.0 0.0 0.0 0.0
739 0.3695 -0.06363509 -0.06332072 -0.06318224 -0.06376507 0.0 0.0 0.0 0.0
740 0.37 -0.06365277 -0.0633444 -0.06320847 -0.06378066 0.0 0.0 0.0 0.0
741 0.3705 -0.06367022 -0.06336773 -0.06323431 -0.06379606 0.0 0.0 0.0 0.0
742 0.371 -0.06368745 -0.06339072 -0.06325976 -0.06381126 0.0 0.0 0.0 0.0
743 0.3715 -0.06370444 -0.06341337 -0.06328482 -0.06382627 0.0 0.0 0.0 0.0
744 0.372 -0.06372122 -0.0634357 -0.06330951 -0.06384109 0.0 0.0 0.0 0.0
745 0.3725 -0.06373777 -0.06345769 -0.06333383 -0.06385572 0.0 0.0 0.0 0.0
746 0.373 -0.06375411 -0.06347936 -0.06335778 -0.06387017 0.0 0.0 0.0 0.0
747 0.3735 -0.06377024 -0.06350071 -0.06338138 -0.06388443 0.0 0.0 0.0 0.0
748 0.374 -0.06378615 -0.06352176 -0.06340462 -0.06389851 0.0 0.0 0.0 0.0
749 0.3745 -0.06380186 -0.06354249 -0.06342751 -0.06391242 0.0 0.0 0.0 0.0
750 0.375 -0.06381736 -0.06356292 -0.06345006 -0.06392614 0.0 0.0 0.0 0.0
751 0.3755 -0.06383266 -0.06358306 -0.06347227 -0.0639397 0.0 0.0 0.0 0.0
752 0.376 -0.06384776 -0.0636029 -0.06349415 -0.06395308 0.0 0.0 0.0 0.0
753 0.3765 -0.06386266 -0.06362245 -0.06351571 -0.06396629 0.0 0.0 0.0 0.0
754 0.377 -0.06387736 -0.06364171 -0.06353694 -0.06397934 0.0 0.0 0.0 0.0
755 0.3775 -0.06389188 -0.0636607 -0.06355786 -0.06399222 0.0 0.0 0.0 0.0
756 0.378 -0.0639062 -0.06367941 -0.06357847 -0.06400494 0.0 0.0 0.0 0.0
757 0.3785 -0.06392034 -0.06369785 -0.06359876 -0.06401749 0.0 0.0 0.0 0.0
758 0.379 -0.0639343 -0.06371602 -0.06361876 -0.06402989 0.0 0.0 0.0 0.0
759 0.3795 -0.06394807 -0.06373393 -0.06363846 -0.06404213 0.0 0.0 0.0 0.0
760 0.38 -0.06396166 -0.06375158 -0.06365787 -0.06405421 0.0 0.0 0.0 0.0
761 0.3805 -0.06397508 -0.06376897 -0.06367699 -0.06406615 0.0 0.0 0.0 0.0
762 0.381 -0.06398832 -0.06378611 -0.06369582 -0.06407793 0.0 0.0 0.0 0.0
763 0.3815 -0.06400139 -0.063803 -0.06371438 -0.06408956 0.0 0.0 0.0 0.0
764 0.382 -0.06401428 -0.06381965 -0.06373266 -0.06410104 0.0 0.0 0.0 0.0
765 0.3825 -0.06402701 -0.06383606 -0.06375067 -0.06411238 0.0 0.0 0.0 0.0
766 0.383 -0.06403957 -0.06385223 -0.06376842 -0.06412358 0.0 0.0 0.0 0.0
767 0.3835 -0.06405197 -0.06386817 -0.0637859 -0.06413463 0.0 0.0 0.0 0.0
768 0.384 -0.06406421 -0.06388388 -0.06380312 -0.06414555 0.0 0.0 0.0 0.0
769 0.3845 -0.06407629 -0.06389936 -0.06382009 -0.06415632 0.0 0.0 0.0 0.0
770 0.385 -0.06408821 -0.06391462 -0.06383681 -0.06416696 0.0 0.0 0.0 0.0
771 0.3855 -0.06409998 -0.06392966 -0.06385329 -0.06417747 0.0 0.0 0.0 0.0
772 0.386 -0.06411159 -0.06394448 -0.06386952 -0.06418784 0.0 0.0 0.0 0.0
773 0.3865 -0.06412305 -0.06395909 -0.06388551 -0.06419808 0.0 0.0 0.0 0.0
774 0.387 -0.06413436 -0.0639735 -0.06390127 -0.06420819 0.0 0.0 0.0 0.0
775 0.3875 -0.06414553 -0.06398769 -0.06391679 -0.06421818 0.0 0.0 0.0 0.0
776 0.388 -0.06415655 -0.06400168 -0.06393209 -0.06422803 0.0 0.0 0.0 0.0
777 0.3885 -0.06416742 -0.06401547 -0.06394716 -0.06423777 0.0 0.0 0.0 0.0
778 0.389 -0.06417816 -0.06402907 -0.06396201 -0.06424737 0.0 0.0 0.0 0.0
779 0.3895 -0.06418875 -0.06404247 -0.06397665 -0.06425686 0.0 0.0 0.0 0.0
780 0.39 -0.06419921 -0.06405567 -0.06399107 -0.06426623 0.0 0.0 0.0 0.0
781 0.3905 -0.06420953 -0.06406869 -0.06400528 -0.06427548 0.0 0.0 0.0 0.0
782 0.391 -0.06421972 -0.06408152 -0.06401928 -0.06428461 0.0 0.0 0.0 0.0
783 0.3915 -0.06422977 -0.06409417 -0.06403307 -0.06429363 0.0 0.0 0.0 0.0
784 0.392 -0.0642397 -0.06410664 -0.06404667 -0.06430253 0.0 0.0 0.0 0.0
785 0.3925 -0.06424949 -0.06411893 -0.06406006 -0.06431132 0.0 0.0 0.0 0.0
786 0.393 -0.06425916 -0.06413105 -0.06407326 -0.06432 0.0 0.0 0.0 0.0
787 0.3935 -0.0642687 -0.064143 -0.06408627 -0.06432857 0.0 0.0 0.0 0.0
788 0.394 -0.06427812 -0.06415477 -0.06409909 -0.06433703 0.0 0.0 0.0 0.0
789 0.3945 -0.06428742 -0.06416638 -0.06411172 -0.06434539 0.0 0.0 0.0 0.0
790 0.395 -0.06429659 -0.06417782 -0.06412417 -0.06435364 0.0 0.0 0.0 0.0
791 0.3955 -0.06430565 -0.0641891 -0.06413644 -0.06436178 0.0 0.0 0.0 0.0
792 0.396 -0.06431459 -0.06420022 -0.06414853 -0.06436982 0.0 0.0 0.0 0.0
793 0.3965 -0.06432341 -0.06421118 -0.06416044 -0.06437776 0.0 0.0 0.0 0.0
794 0.397 -0.06433212 -0.06422199 -0.06417218 -0.0643856 0.0 0.0 0.0 0.0
795 0.3975 -0.06434071 -0.06423264 -0.06418375 -0.06439334 0.0 0.0 0.0 0.0
796 0.398 -0.06434919 -0.06424314 -0.06419515 -0.06440099 0.0 0.0 0.0 0.0
797 0.3985 -0.06435757 -0.0642535 -0.06420639 -0.06440853 0.0 0.0 0.0 0.0
798 0.399 -0.06436583 -0.06426371 -0.06421747 -0.06441598 0.0 0.0 0.0 0.0
799 0.3995 -0.06437399 -0.06427377 -0.06422838 -0.06442334 0.0 0.0 0.0 0.0
800 0.4 -0.06438204 -0.06428369 -0.06423914 -0.0644306 0.0 0.0 0.0 0.0
801 0.4005 -0.06438999 -0.06429347 -0.06424974 -0.06443778 0.0 0.0 0.0 0.0
802 0.401 -0.06439783 -0.06430312 -0.06426019 -0.06444486 0.0 0.0 0.0 0.0
803 0.4015 -0.06440557 -0.06431263 -0.06427048 -0.06445185 0.0 0.0 0.0 0.0
804 0.402 -0.06441321 -0.064322 -0.06428063 -0.06445875 0.0 0.0 0.0 0.0
805 0.4025 -0.06442076 -0.06433124 -0.06429064 -0.06446557 0.0 0.0 0.0 0.0
806 0.403 -0.0644282 -0.06434036 -0.06430049 -0.0644723 0.0 0.0 0.0 0.0
807 0.4035 -0.06443555 -0.06434934 -0.06431021 -0.06447894 0.0 0.0 0.0 0.0
808 0.404 -0.0644428 -0.0643582 -0.06431979 -0.06448551 0.0 0.0 0.0 0.0
809 0.4045 -0.06444996 -0.06436693 -0.06432923 -0.06449198 0.0 0.0 0.0 0.0
810 0.405 -0.06445703 -0.06437554 -0.06433853 -0.06449838 0.0 0.0 0.0 0.0
811 0.4055 -0.064464 -0.06438403 -0.0643477 -0.0645047 0.0 0.0 0.0 0.0
812 0.406 -0.06447089 -0.0643924 -0.06435674 -0.06451093 0.0 0.0 0.0 0.0
813 0.4065 -0.06447769 -0.06440066 -0.06436565 -0.06451709 0.0 0.0 0.0 0.0
814 0.407 -0.06448439 -0.06440879 -0.06437443 -0.06452317 0.0 0.0 0.0 0.0
815 0.4075 -0.06449101 -0.06441682 -0.06438309 -0.06452917 0.0 0.0 0.0 0.0
816 0.408 -0.06449755 -0.06442473 -0.06439162 -0.0645351 0.0 0.0 0.0 0.0
817 0.4085 -0.064504 -0.06443253 -0.06440003 -0.06454095 0.0 0.0 0.0 0.0
818 0.409 -0.06451037 -0.06444022 -0.06440832 -0.06454673 0.0 0.0 0.0 0.0
819 0.4095 -0.06451665 -0.06444781 -0.06441649 -0.06455244 0.0 0.0 0.0 0.0
820 0.41 -0.06452285 -0.06445529 -0.06442454 -0.06455807 0.0 0.0 0.0 0.0
821 0.4105 -0.06452898 -0.06446266 -0.06443248 -0.06456363 0.0 0.0 0.0 0.0
822 0.411 -0.06453502 -0.06446994 -0.06444031 -0.06456912 0.0 0.0 0.0 0.0
823 0.4115 -0.06454099 -0.06447711 -0.06444802 -0.06457455 0.0 0.0 0.0 0.0
824 0.412 -0.06454688 -0.06448418 -0.06445563 -0.0645799 0.0 0.0 0.0 0.0
825 0.4125 -0.06455269 -0.06449115 -0.06446312 -0.06458519 0.0 0.0 0.0 0.0
826 0.413 -0.06455843 -0.06449803 -0.06447051 -0.06459041 0.0 0.0 0.0 0.0
827 0.4135 -0.06456409 -0.06450481 -0.0644778 -0.06459556 0.0 0.0 0.0 0.0
828 0.414 -0.06456968 -0.06451149 -0.06448498 -0.06460065 0.0 0.0 0.0 0.0
829 0.4145 -0.0645752 -0.06451808 -0.06449206 -0.06460568 0.0 0.0 0.0 0.0
830 0.415 -0.06458064 -0.06452459 -0.06449904 -0.06461064 0.0 0.0 0.0 0.0
831 0.4155 -0.06458602 -0.064531 -0.06450592 -0.06461554 0.0 0.0 0.0 0.0
832 0.416 -0.06459133 -0.06453732 -0.0645127 -0.06462038 0.0 0.0 0.0 0.0
833 0.4165 -0.06459656 -0.06454355 -0.06451939 -0.06462515 0.0 0.0 0.0 0.0
834 0.417 -0.06460173 -0.0645497 -0.06452598 -0.06462987 0.0 0.0 0.0 0.0
835 0.4175 -0.06460684 -0.06455576 -0.06453248 -0.06463452 0.0 0.0 0.0 0.0
836 0.418 -0.06461188 -0.06456174 -0.06453888 -0.06463912 0.0 0.0 0.0 0.0
837 0.4185 -0.06461685 -0.06456764 -0.0645452 -0.06464366 0.0 0.0 0.0 0.0
838 0.419 -0.06462176 -0.06457346 -0.06455142 -0.06464815 0.0 0.0 0.0 0.0
839 0.4195 -0.0646266 -0.06457919 -0.06455756 -0.06465257 0.0 0.0 0.0 0.0
840 0.42 -0.06463139 -0.06458485 -0.06456361 -0.06465694 0.0 0.0 0.0 0.0
841 0.4205 -0.06463611 -0.06459042 -0.06456958 -0.06466126 0.0 0.0 0.0 0.0
842 0.421 -0.06464077 -0.06459592 -0.06457546 -0.06466552 0.0 0.0 0.0 0.0
843 0.4215 -0.06464537 -0.06460135 -0.06458126 -0.06466972 0.0 0.0 0.0 0.0
844 0.422 -0.06464991 -0.0646067 -0.06458698 -0.06467388 0.0 0.0 0.0 0.0
845 0.4225 -0.06465439 -0.06461197 -0.06459262 -0.06467798 0.0 0.0 0.0 0.0
846 0.423 -0.06465881 -0.06461718 -0.06459817 -0.06468203 0.0 0.0 0.0 0.0
847 0.4235 -0.06466318 -0.06462231 -0.06460365 -0.06468603 0.0 0.0 0.0 0.0
848 0.424 -0.06466749 -0.06462737 -0.06460906 -0.06468998 0.0 0.0 0.0 0.0
849 0.4245 -0.06467175 -0.06463236 -0.06461438 -0.06469387 0.0 0.0 0.0 0.0
850 0.425 -0.06467595 -0.06463728 -0.06461964 -0.06469772 0.0 0.0 0.0 0.0
851 0.4255 -0.06468009 -0.06464214 -0.06462481 -0.06470152 0.0 0.0 0.0 0.0
852 0.426 -0.06468419 -0.06464693 -0.06462992 -0.06470528 0.0 0.0 0.0 0.0
853 0.4265 -0.06468823 -0.06465165 -0.06463495 -0.06470898 0.0 0.0 0.0 0.0
854 0.427 -0.06469222 -0.06465631 -0.06463992 -0.06471264 0.0 0.0 0.0 0.0
855 0.4275 -0.06469615 -0.0646609 -0.06464481 -0.06471626 0.0 0.0 0.0 0.0
856 0.428 -0.06470004 -0.06466544 -0.06464964 -0.06471982 0.0 0.0 0.0 0.0
857 0.4285 -0.06470387 -0.06466991 -0.0646544 -0.06472335 0.0 0.0 0.0 0.0
858 0.429 -0.06470766 -0.06467431 -0.06465909 -0.06472682 0.0 0.0 0.0 0.0
859 0.4295 -0.0647114 -0.06467866 -0.06466371 -0.06473026 0.0 0.0 0.0 0.0
860 0.43 -0.06471509 -0.06468295 -0.06466827 -0.06473365 0.0 0.0 0.0 0.0
861 0.4305 -0.06471873 -0.06468718 -0.06467277 -0.064737 0.0 0.0 0.0 0.0
862 0.431 -0.06472233 -0.06469135 -0.06467721 -0.0647403 0.0 0.0 0.0 0.0
863 0.4315 -0.06472588 -0.06469547 -0.06468158 -0.06474357 0.0 0.0 0.0 0.0
864 0.432 -0.06472938 -0.06469952 -0.06468589 -0.06474679 0.0 0.0 0.0 0.0
865 0.4325 -0.06473284 -0.06470353 -0.06469015 -0.06474997 0.0 0.0 0.0 0.0
866 0.433 -0.06473625 -0.06470748 -0.06469434 -0.06475311 0.0 0.0 0.0 0.0
867 0.4335 -0.06473962 -0.06471137 -0.06469847 -0.06475622 0.0 0.0 0.0 0.0
868 0.434 -0.06474295 -0.06471521 -0.06470255 -0.06475928 0.0 0.0 0.0 0.0
869 0.4345 -0.06474623 -0.064719 -0.06470657 -0.06476231 0.0 0.0 0.0 0.0
870 0.435 -0.06474947 -0.06472274 -0.06471054 -0.06476529 0.0 0.0 0.0 0.0
871 0.4355 -0.06475267 -0.06472643 -0.06471445 -0.06476824 0.0 0.0 0.0 0.0
872 0.436 -0.06475583 -0.06473006 -0.0647183 -0.06477116 0.0 0.0 0.0 0.0
873 0.4365 -0.06475895 -0.06473365 -0.0647221 -0.06477403 0.0 0.0 0.0 0.0
874 0.437 -0.06476203 -0.06473719 -0.06472585 -0.06477687 0.0 0.0 0.0 0.0
875 0.4375 -0.06476507 -0.06474068 -0.06472955 -0.06477967 0.0 0.0 0.0 0.0
876 0.438 -0.06476807 -0.06474412 -0.06473319 -0.06478244 0.0 0.0 0.0 0.0
877 0.4385 -0.06477103 -0.06474752 -0.06473679 -0.06478518 0.0 0.0 0.0 0.0
878 0.439 -0.06477395 -0.06475087 -0.06474034 -0.06478787 0.0 0.0 0.0 0.0
879 0.4395 -0.06477683 -0.06475417 -0.06474383 -0.06479054 0.0 0.0 0.0 0.0
880 0.44 -0.06477968 -0.06475743 -0.06474728 -0.06479317 0.0 0.0 0.0 0.0
881 0.4405 -0.06478249 -0.06476065 -0.06475068 -0.06479577 0.0 0.0 0.0 0.0
882 0.441 -0.06478527 -0.06476382 -0.06475404 -0.06479834 0.0 0.0 0.0 0.0
883 0.4415 -0.06478801 -0.06476695 -0.06475734 -0.06480087 0.0 0.0 0.0 0.0
884 0.442 -0.06479071 -0.06477004 -0.0647606 -0.06480337 0.0 0.0 0.0 0.0
885 0.4425 -0.06479338 -0.06477308 -0.06476382 -0.06480584 0.0 0.0 0.0 0.0
886 0.443 -0.06479602 -0.06477608 -0.06476699 -0.06480828 0.0 0.0 0.0 0.0
887 0.4435 -0.06479862 -0.06477905 -0.06477012 -0.06481069 0.0 0.0 0.0 0.0
888 0.444 -0.06480119 -0.06478197 -0.06477321 -0.06481306 0.0 0.0 0.0 0.0
889 0.4445 -0.06480373 -0.06478485 -0.06477625 -0.06481541 0.0 0.0 0.0 0.0
890 0.445 -0.06480623 -0.0647877 -0.06477925 -0.06481773 0.0 0.0 0.0 0.0
891 0.4455 -0.0648087 -0.06479051 -0.06478221 -0.06482002 0.0 0.0 0.0 0.0
892 0.446 -0.06481114 -0.06479327 -0.06478513 -0.06482228 0.0 0.0 0.0 0.0
893 0.4465 -0.06481355 -0.064796 -0.06478801 -0.06482451 0.0 0.0 0.0 0.0
894 0.447 -0.06481592 -0.0647987 -0.06479085 -0.06482672 0.0 0.0 0.0 0.0
895 0.4475 -0.06481827 -0.06480136 -0.06479365 -0.06482889 0.0 0.0 0.0 0.0
896 0.448 -0.06482059 -0.06480398 -0.06479641 -0.06483104 0.0 0.0 0.0 0.0
897 0.4485 -0.06482287 -0.06480657 -0.06479914 -0.06483316 0.0 0.0 0.0 0.0
898 0.449 -0.06482513 -0.06480912 -0.06480182 -0.06483526 0.0 0.0 0.0 0.0
899 0.4495 -0.06482736 -0.06481163 -0.06480447 -0.06483733 0.0 0.0 0.0 0.0
900 0.45 -0.06482956 -0.06481412 -0.06480709 -0.06483937 0.0 0.0 0.0 0.0
901 0.4505 -0.06483173 -0.06481657 -0.06480967 -0.06484139 0.0 0.0 0.0 0.0
902 0.451 -0.06483387 -0.06481899 -0.06481221 -0.06484338 0.0 0.0 0.0 0.0
903 0.4515 -0.06483599 -0.06482137 -0.06481472 -0.06484534 0.0 0.0 0.0 0.0
904 0.452 -0.06483808 -0.06482372 -0.06481719 -0.06484729 0.0 0.0 0.0 0.0
905 0.4525 -0.06484014 -0.06482604 -0.06481963 -0.0648492 0.0 0.0 0.0 0.0
906 0.453 -0.06484218 -0.06482833 -0.06482204 -0.0648511 0.0 0.0 0.0 0.0
907 0.4535 -0.06484419 -0.06483059 -0.06482441 -0.06485297 0.0 0.0 0.0 0.0
908 0.454 -0.06484617 -0.06483282 -0.06482675 -0.06485481 0.0 0.0 0.0 0.0
909 0.4545 -0.06484813 -0.06483502 -0.06482906 -0.06485663 0.0 0.0 0.0 0.0
910 0.455 -0.06485006 -0.06483719 -0.06483134 -0.06485843 0.0 0.0 0.0 0.0
911 0.4555 -0.06485197 -0.06483933 -0.06483358 -0.06486021 0.0 0.0 0.0 0.0
912 0.456 -0.06485386 -0.06484144 -0.0648358 -0.06486197 0.0 0.0 0.0 0.0
913 0.4565 -0.06485572 -0.06484353 -0.06483799 -0.0648637 0.0 0.0 0.0 0.0
914 0.457 -0.06485755 -0.06484558 -0.06484014 -0.06486541 0.0 0.0 0.0 0.0
915 0.4575 -0.06485937 -0.06484761 -0.06484227 -0.0648671 0.0 0.0 0.0 0.0
916 0.458 -0.06486116 -0.06484961 -0.06484437 -0.06486877 0.0 0.0 0.0 0.0
917 0.4585 -0.06486292 -0.06485158 -0.06484644 -0.06487041 0.0 0.0 0.0 0.0
918 0.459 -0.06486467 -0.06485353 -0.06484848 -0.06487204 0.0 0.0 0.0 0.0
919 0.4595 -0.06486639 -0.06485545 -0.06485049 -0.06487365 0.0 0.0 0.0 0.0
920 0.46 -0.06486809 -0.06485735 -0.06485248 -0.06487523 0.0 0.0 0.0 0.0
921 0.4605 -0.06486977 -0.06485922 -0.06485444 -0.0648768 0.0 0.0 0.0 0.0
922 0.461 -0.06487142 -0.06486107 -0.06485637 -0.06487834 0.0 0.0 0.0 0.0
923 0.4615 -0.06487306 -0.06486289 -0.06485827 -0.06487987 0.0 0.0 0.0 0.0
924 0.462 -0.06487467 -0.06486468 -0.06486015 -0.06488138 0.0 0.0 0.0 0.0
925 0.4625 -0.06487627 -0.06486646 -0.06486201 -0.06488287 0.0 0.0 0.0 0.0
926 0.463 -0.06487784 -0.06486821 -0.06486384 -0.06488434 0.0 0.0 0.0 0.0
927 0.4635 -0.0648794 -0.06486993 -0.06486564 -0.06488579 0.0 0.0 0.0 0.0
928 0.464 -0.06488093 -0.06487163 -0.06486742 -0.06488722 0.0 0.0 0.0 0.0
929 0.4645 -0.06488244 -0.06487331 -0.06486918 -0.06488863 0.0 0.0 0.0 0.0
930 0.465 -0.06488394 -0.06487497 -0.06487091 -0.06489003 0.0 0.0 0.0 0.0
931 0.4655 -0.06488541 -0.06487661 -0.06487262 -0.06489141 0.0 0.0 0.0 0.0
932 0.466 -0.06488687 -0.06487822 -0.06487431 -0.06489277 0.0 0.0 0.0 0.0
933 0.4665 -0.06488831 -0.06487981 -0.06487597 -0.06489412 0.0 0.0 0.0 0.0
934 0.467 -0.06488973 -0.06488139 -0.06487761 -0.06489545 0.0 0.0 0.0 0.0
935 0.4675 -0.06489113 -0.06488294 -0.06487923 -0.06489676 0.0 0.0 0.0 0.0
936 0.468 -0.06489251 -0.06488447 -0.06488083 -0.06489805 0.0 0.0 0.0 0.0
937 0.4685 -0.06489388 -0.06488597 -0.0648824 -0.06489933 0.0 0.0 0.0 0.0
938 0.469 -0.06489523 -0.06488746 -0.06488396 -0.0649006 0.0 0.0 0.0 0.0
939 0.4695 -0.06489656 -0.06488893 -0.06488549 -0.06490184 0.0 0.0 0.0 0.0
940 0.47 -0.06489787 -0.06489038 -0.064887 -0.06490307 0.0 0.0 0.0 0.0
941 0.4705 -0.06489917 -0.06489181 -0.0648885 -0.06490429 0.0 0.0 0.0 0.0
942 0.471 -0.06490045 -0.06489323 -0.06488997 -0.06490549 0.0 0.0 0.0 0.0
943 0.4715 -0.06490171 -0.06489462 -0.06489142 -0.06490668 0.0 0.0 0.0 0.0
944 0.472 -0.06490296 -0.06489599 -0.06489285 -0.06490785 0.0 0.0 0.0 0.0
945 0.4725 -0.0649042 -0.06489735 -0.06489427 -0.064909 0.0 0.0 0.0 0.0
946 0.473 -0.06490541 -0.06489869 -0.06489566 -0.06491014 0.0 0.0 0.0 0.0
947 0.4735 -0.06490661 -0.06490001 -0.06489703 -0.06491127 0.0 0.0 0.0 0.0
948 0.474 -0.0649078 -0.06490131 -0.06489839 -0.06491238 0.0 0.0 0.0 0.0
949 0.4745 -0.06490897 -0.0649026 -0.06489973 -0.06491348 0.0 0.0 0.0 0.0
950 0.475 -0.06491013 -0.06490387 -0.06490105 -0.06491457 0.0 0.0 0.0 0.0
951 0.4755 -0.06491127 -0.06490512 -0.06490235 -0.06491564 0.0 0.0 0.0 0.0
952 0.476 -0.06491239 -0.06490636 -0.06490364 -0.0649167 0.0 0.0 0.0 0.0
953 0.4765 -0.06491351 -0.06490757 -0.06490491 -0.06491774 0.0 0.0 0.0 0.0
954 0.477 -0.0649146 -0.06490878 -0.06490616 -0.06491877 0.0 0.0 0.0 0.0
955 0.4775 -0.06491569 -0.06490997 -0.06490739 -0.06491979 0.0 0.0 0.0 0.0
956 0.478 -0.06491676 -0.06491114 -0.06490861 -0.0649208 0.0 0.0 0.0 0.0
957 0.4785 -0.06491781 -0.06491229 -0.06490981 -0.06492179 0.0 0.0 0.0 0.0
958 0.479 -0.06491886 -0.06491343 -0.064911 -0.06492277 0.0 0.0 0.0 0.0
959 0.4795 -0.06491989 -0.06491456 -0.06491217 -0.06492374 0.0 0.0 0.0 0.0
960 0.48 -0.0649209 -0.06491567 -0.06491332 -0.06492469 0.0 0.0 0.0 0.0
961 0.4805 -0.06492191 -0.06491677 -0.06491446 -0.06492564 0.0 0.0 0.0 0.0
962 0.481 -0.0649229 -0.06491785 -0.06491558 -0.06492657 0.0 0.0 0.0 0.0
963 0.4815 -0.06492387 -0.06491892 -0.06491669 -0.06492749 0.0 0.0 0.0 0.0
964 0.482 -0.06492484 -0.06491997 -0.06491779 -0.0649284 0.0 0.0 0.0 0.0
965 0.4825 -0.06492579 -0.06492101 -0.06491887 -0.0649293 0.0 0.0 0.0 0.0
966 0.483 -0.06492673 -0.06492203 -0.06491993 -0.06493018 0.0 0.0 0.0 0.0
967 0.4835 -0.06492766 -0.06492305 -0.06492098 -0.06493106 0.0 0.0 0.0 0.0
968 0.484 -0.06492858 -0.06492405 -0.06492202 -0.06493192 0.0 0.0 0.0 0.0
969 0.4845 -0.06492949 -0.06492503 -0.06492304 -0.06493278 0.0 0.0 0.0 0.0
970 0.485 -0.06493038 -0.064926 -0.06492405 -0.06493362 0.0 0.0 0.0 0.0
971 0.4855 -0.06493126 -0.06492696 -0.06492504 -0.06493445 0.0 0.0 0.0 0.0
972 0.486 -0.06493214 -0.06492791 -0.06492602 -0.06493527 0.0 0.0 0.0 0.0
973 0.4865 -0.064933 -0.06492885 -0.06492699 -0.06493608 0.0 0.0 0.0 0.0
974 0.487 -0.06493385 -0.06492977 -0.06492795 -0.06493689 0.0 0.0 0.0 0.0
975 0.4875 -0.06493468 -0.06493068 -0.06492889 -0.06493768 0.0 0.0 0.0 0.0
976 0.488 -0.06493551 -0.06493158 -0.06492982 -0.06493846 0.0 0.0 0.0 0.0
977 0.4885 -0.06493633 -0.06493246 -0.06493074 -0.06493923 0.0 0.0 0.0 0.0
978 0.489 -0.06493714 -0.06493334 -0.06493165 -0.06493999 0.0 0.0 0.0 0.0
979 0.4895 -0.06493793 -0.0649342 -0.06493254 -0.06494074 0.0 0.0 0.0 0.0
980 0.49 -0.06493872 -0.06493506 -0.06493342 -0.06494149 0.0 0.0 0.0 0.0
981 0.4905 -0.0649395 -0.0649359 -0.06493429 -0.06494222 0.0 0.0 0.0 0.0
982 0.491 -0.06494026 -0.06493673 -0.06493515 -0.06494294 0.0 0.0 0.0 0.0
983 0.4915 -0.06494102 -0.06493755 -0.064936 -0.06494366 0.0 0.0 0.0 0.0
984 0.492 -0.06494177 -0.06493835 -0.06493684 -0.06494436 0.0 0.0 0.0 0.0
985 0.4925 -0.0649425 -0.06493915 -0.06493766 -0.06494506 0.0 0.0 0.0 0.0
986 0.493 -0.06494323 -0.06493994 -0.06493848 -0.06494575 0.0 0.0 0.0 0.0
987 0.4935 -0.06494395 -0.06494072 -0.06493928 -0.06494643 0.0 0.0 0.0 0.0
988 0.494 -0.06494466 -0.06494148 -0.06494007 -0.0649471 0.0 0.0 0.0 0.0
989 0.4945 -0.06494536 -0.06494224 -0.06494085 -0.06494776 0.0 0.0 0.0 0.0
990 0.495 -0.06494605 -0.06494299 -0.06494163 -0.06494842 0.0 0.0 0.0 0.0
991 0.4955 -0.06494674 -0.06494372 -0.06494239 -0.06494906 0.0 0.0 0.0 0.0
992 0.496 -0.06494741 -0.06494445 -0.06494314 -0.0649497 0.0 0.0 0.0 0.0
993 0.4965 -0.06494808 -0.06494517 -0.06494388 -0.06495033 0.0 0.0 0.0 0.0
994 0.497 -0.06494874 -0.06494588 -0.06494461 -0.06495095 0.0 0.0 0.0 0.0
995 0.4975 -0.06494938 -0.06494658 -0.06494533 -0.06495157 0.0 0.0 0.0 0.0
996 0.498 -0.06495003 -0.06494727 -0.06494605 -0.06495218 0.0 0.0 0.0 0.0
997 0.4985 -0.06495066 -0.06494795 -0.06494675 -0.06495277 0.0 0.0 0.0 0.0
998 0.499 -0.06495128 -0.06494862 -0.06494744 -0.06495337 0.0 0.0 0.0 0.0
999 0.4995 -0.0649519 -0.06494928 -0.06494813 -0.06495395 0.0 0.0 0.0 0.0
