3.130154311656951904e-01 3.046613633632659912e-01
2.745341956615447998e-01 2.624804973602294922e-01
2.359511703252792358e-01 2.230129837989807129e-01
2.001796215772628784e-01 1.876272410154342651e-01
1.684676110744476318e-01 1.569035649299621582e-01
1.413318663835525513e-01 1.310017406940460205e-01
1.187644153833389282e-01 1.098180413246154785e-01
1.005705967545509338e-01 9.279881417751312256e-02
8.607622236013412476e-02 7.937164604663848877e-02
7.464164495468139648e-02 6.899465620517730713e-02
6.569670885801315308e-02 6.105430796742439270e-02
5.867842957377433777e-02 5.493552237749099731e-02
5.307027697563171387e-02 5.031434819102287292e-02
4.865518957376480103e-02 4.788804799318313599e-02
4.625326395034790039e-02 4.772224277257919312e-02
4.598220065236091614e-02 4.763936623930931091e-02
4.565447941422462463e-02 4.680635035037994385e-02
4.447554796934127808e-02 4.582932591438293457e-02
4.311720654368400574e-02 4.502511769533157349e-02
4.192595183849334717e-02 4.405522346496582031e-02
4.054916277527809143e-02 4.269560426473617554e-02
3.874637559056282043e-02 4.113612696528434753e-02
3.670937567949295044e-02 3.970684111118316650e-02
3.477755561470985413e-02 3.859455510973930359e-02
3.314370289444923401e-02 3.777021914720535278e-02
3.178446739912033081e-02 3.709919005632400513e-02
3.057724609971046448e-02 3.647801652550697327e-02
2.943868935108184814e-02 3.588829934597015381e-02
2.837652340531349182e-02 3.536748513579368591e-02
2.745531685650348663e-02 3.494724631309509277e-02
2.672909572720527649e-02 3.460403904318809509e-02
2.618802152574062347e-02 3.425025939941406250e-02
2.574859000742435455e-02 3.377699106931686401e-02
2.529673092067241669e-02 3.312304615974426270e-02
2.475763484835624695e-02 3.231606259942054749e-02
2.413874305784702301e-02 3.145411983132362366e-02
2.351381815969944000e-02 3.064626827836036682e-02
2.296589873731136322e-02 2.995604276657104492e-02
2.253299579024314880e-02 2.938185818493366241e-02
2.219097316265106201e-02 2.888023667037487030e-02
2.187919244170188904e-02 2.840791642665863037e-02
2.154416032135486603e-02 2.794631011784076691e-02
2.116428315639495850e-02 2.748572081327438354e-02
2.073380164802074432e-02 2.696715481579303741e-02
2.020458132028579712e-02 2.617098391056060791e-02
1.937076635658740997e-02 4.259477928280830383e-02
3.471976518630981445e-02 4.052840545773506165e-02
3.286789357662200928e-02 2.567857690155506134e-02
1.901754550635814667e-02 2.640939317643642426e-02
1.982056349515914917e-02 2.671077288687229156e-02
2.016695775091648102e-02 2.656940370798110962e-02
2.007324807345867157e-02 2.614882774651050568e-02
1.971721090376377106e-02 2.566702291369438171e-02
1.932009495794773102e-02 2.519418112933635712e-02
1.894978247582912445e-02 2.447270601987838745e-02
1.835262775421142578e-02 3.483102470636367798e-02
2.829459868371486664e-02 3.395987674593925476e-02
2.759157121181488037e-02 2.344532124698162079e-02
1.772106066346168518e-02 2.395569533109664917e-02
1.838342845439910889e-02 2.420384809374809265e-02
1.876303181052207947e-02 2.421106025576591492e-02
1.888918131589889526e-02 2.399779111146926880e-02
1.877897419035434723e-02 2.357091754674911499e-02
1.844299398362636566e-02 2.284700796008110046e-02
1.781126484274864197e-02 2.949862368404865265e-02
2.426641806960105896e-02 2.961094304919242859e-02
2.440927363932132721e-02 2.888544835150241852e-02
2.378451637923717499e-02 2.782717533409595490e-02
2.285996451973915100e-02 2.688641659915447235e-02
2.205012738704681396e-02 2.384639345109462738e-02
1.914764754474163055e-02 2.425581589341163635e-02
1.960796117782592773e-02 2.410506457090377808e-02
1.954222656786441803e-02 2.368359081447124481e-02
1.923611946403980255e-02 2.313438802957534790e-02
1.883403398096561432e-02 2.265691757202148438e-02
1.847665943205356598e-02 2.364397980272769928e-02
1.956903003156185150e-02 2.417426556348800659e-02
2.016943134367465973e-02 2.416532300412654877e-02
2.020287141203880310e-02 2.387155406177043915e-02
1.991546899080276489e-02 2.359401620924472809e-02
1.961538940668106079e-02 2.352450229227542877e-02
1.950215548276901245e-02 2.365606650710105896e-02
1.957219466567039490e-02 2.383988536894321442e-02
1.967663317918777466e-02 2.392432093620300293e-02
1.966399885714054108e-02 2.386248670518398285e-02
1.949067600071430206e-02 2.372102066874504089e-02
1.923000812530517578e-02 2.360817976295948029e-02
1.899857260286808014e-02 2.358657494187355042e-02
1.886639744043350220e-02 2.363082952797412872e-02
1.881254278123378754e-02 2.365327440202236176e-02
1.875000633299350739e-02 2.357201650738716125e-02
1.859444566071033478e-02 2.336346730589866638e-02
1.831842400133609772e-02 2.305393666028976440e-02
1.794522814452648163e-02 2.264368161559104919e-02
1.747642271220684052e-02 2.201480977237224579e-02
1.678641885519027710e-02 3.030342981219291687e-02
2.459455840289592743e-02 3.056051023304462433e-02
2.475193329155445099e-02 3.005350939929485321e-02
2.425899915397167206e-02 2.943050488829612732e-02
2.370594255626201630e-02 2.898803725838661194e-02
2.334736473858356476e-02 2.866287901997566223e-02
2.310519479215145111e-02 2.824416570365428925e-02
2.277380041778087616e-02 2.759664878249168396e-02
2.223128825426101685e-02 2.502101100981235504e-02
1.974167861044406891e-02 2.408855594694614410e-02
1.905445195734500885e-02 2.379012480378150940e-02
1.894308999180793762e-02 2.401553280651569366e-02
1.937901228666305542e-02 2.445057593286037445e-02
2.002009935677051544e-02 2.465500868856906891e-02
2.040303871035575867e-02 2.445139549672603607e-02
2.033603563904762268e-02 2.399854175746440887e-02
1.997245848178863525e-02 2.359835617244243622e-02
1.961517520248889923e-02 2.345756441354751587e-02
1.947544328868389130e-02 2.357734553515911102e-02
1.956120692193508148e-02 2.380332350730895996e-02
1.972661539912223816e-02 2.395905740559101105e-02
1.980469748377799988e-02 2.395756356418132782e-02
1.971739716827869415e-02 2.382981032133102417e-02
1.950266957283020020e-02 2.367726527154445648e-02
1.926639303565025330e-02 2.359537594020366669e-02
1.910618133842945099e-02 2.361608110368251801e-02
1.905448548495769501e-02 2.369724214076995850e-02
1.906851120293140411e-02 2.375952154397964478e-02
1.906727813184261322e-02 2.374379336833953857e-02
1.898913271725177765e-02 2.364944107830524445e-02
1.883046329021453857e-02 2.352879010140895844e-02
1.864075101912021637e-02 2.344595640897750854e-02
1.848195306956768036e-02 2.343242429196834564e-02
1.838428713381290436e-02 2.347012609243392944e-02
1.832894049584865570e-02 2.350989915430545807e-02
1.826593279838562012e-02 2.350804395973682404e-02
1.815026812255382538e-02 2.345304191112518311e-02
1.796876825392246246e-02 2.336431294679641724e-02
1.773961260914802551e-02 2.326498366892337799e-02
1.748603768646717072e-02 2.314518392086029053e-02
1.719973236322402954e-02 2.292855829000473022e-02
1.680378429591655731e-02 2.244719304144382477e-02
1.609457843005657196e-02 3.232416883111000061e-02
2.594027109444141388e-02 3.170221298933029175e-02
2.525779977440834045e-02 2.258416637778282166e-02
1.598349399864673615e-02 2.324064634740352631e-02
1.679313369095325470e-02 2.354639954864978790e-02
1.711954735219478607e-02 2.339527942240238190e-02
1.693903841078281403e-02 2.293440885841846466e-02
1.635706797242164612e-02 2.265333011746406555e-02
1.555622275918722153e-02 3.045574389398097992e-02
2.348157763481140137e-02 2.301432192325592041e-02
1.555046718567609787e-02 2.322489582002162933e-02
1.662067696452140808e-02 2.358648926019668579e-02
1.716138608753681183e-02 2.366560697555541992e-02
1.732902601361274719e-02 2.363174222409725189e-02
1.734847947955131531e-02 2.358328551054000854e-02
1.732633449137210846e-02 2.355219982564449310e-02
1.729845441877841949e-02 2.352718822658061981e-02
1.725541613996028900e-02 2.348355017602443695e-02
1.717257127165794373e-02 2.340473234653472900e-02
1.703152060508728027e-02 2.328807301819324493e-02
1.682263426482677460e-02 2.323675714433193207e-02
1.652712561190128326e-02 2.301202528178691864e-02
1.607610844075679779e-02 2.265240810811519623e-02
1.537268795073032379e-02 3.154027834534645081e-02
2.474439702928066254e-02 3.020120784640312195e-02
2.352651022374629974e-02 2.267473377287387848e-02
1.597080565989017487e-02 2.312356606125831604e-02
1.684728637337684631e-02 2.346423082053661346e-02
1.737606897950172424e-02 2.359315752983093262e-02
1.761890016496181488e-02 2.352398447692394257e-02
1.763086766004562378e-02 2.336180582642555237e-02
1.752124913036823273e-02 2.322637848556041718e-02
1.740559376776218414e-02 2.318609133362770081e-02
1.734882034361362457e-02 2.323129400610923767e-02
1.734356768429279327e-02 2.329773455858230591e-02
1.733382605016231537e-02 2.331832051277160645e-02
1.726304553449153900e-02 2.326512709259986877e-02
1.711080968379974365e-02 2.315749041736125946e-02
1.689419336616992950e-02 2.304275520145893097e-02
1.663835905492305756e-02 2.290686033666133881e-02
1.633926294744014740e-02 2.268463931977748871e-02
1.593491807579994202e-02 2.237801812589168549e-02
1.534541137516498566e-02 2.971346676349639893e-02
2.306502312421798706e-02 2.354327961802482605e-02
1.620050705969333649e-02 2.323987334966659546e-02
1.682493835687637329e-02 2.376315556466579437e-02
1.772249676287174225e-02 2.398835122585296631e-02
1.821361482143402100e-02 2.399734407663345337e-02
1.844316720962524414e-02 2.387141063809394836e-02
1.850442588329315186e-02 2.370342239737510681e-02
1.849157735705375671e-02 2.357120625674724579e-02
1.848010346293449402e-02 2.351479046046733856e-02
1.850833185017108917e-02 2.353236265480518341e-02
1.857564039528369904e-02 2.359366975724697113e-02
1.865606196224689484e-02 2.366137690842151642e-02
1.871857233345508575e-02 2.370928600430488586e-02
1.874383166432380676e-02 2.373009733855724335e-02
1.873087137937545776e-02 2.373195067048072815e-02
1.869320124387741089e-02 2.372856810688972473e-02
1.864900812506675720e-02 2.372978441417217255e-02
1.861182786524295807e-02 2.373727411031723022e-02
1.858625188469886780e-02 2.374638617038726807e-02
1.856940984725952148e-02 2.375123277306556702e-02
1.855572499334812164e-02 2.374909259378910065e-02
1.854118332266807556e-02 2.374148555099964142e-02
1.852473057806491852e-02 2.373219281435012817e-02
1.850688830018043518e-02 2.372432686388492584e-02
1.848755590617656708e-02 2.371886931359767914e-02
1.846507936716079712e-02 2.371542900800704956e-02
1.843724586069583893e-02 2.371425740420818329e-02
1.840334944427013397e-02 2.371763065457344055e-02
1.836553029716014862e-02 2.372928708791732788e-02
1.832825317978858948e-02 2.375217713415622711e-02
1.829608529806137085e-02 2.378599159419536591e-02
1.827116310596466064e-02 2.382617443799972534e-02
1.825197041034698486e-02 2.386534400284290314e-02
1.823418028652667999e-02 2.389634028077125549e-02
1.821312494575977325e-02 2.391530387103557587e-02
1.818633638322353363e-02 2.392297796905040741e-02
1.815469749271869659e-02 2.392365783452987671e-02
1.812160760164260864e-02 2.392261475324630737e-02
1.809082925319671631e-02 2.392348460853099823e-02
1.806439273059368134e-02 2.392712607979774475e-02
1.804174296557903290e-02 2.393225952982902527e-02
1.802048273384571075e-02 2.393712848424911499e-02
1.799799315631389618e-02 2.394104562699794769e-02
1.797287352383136749e-02 2.394478954374790192e-02
1.794538646936416626e-02 2.394995465874671936e-02
1.791686192154884338e-02 2.395780570805072784e-02
1.788865029811859131e-02 2.396853640675544739e-02
1.786137372255325317e-02 2.398129180073738098e-02
1.783483475446701050e-02 2.399479597806930542e-02
1.780845969915390015e-02 2.400800213217735291e-02
1.778179593384265900e-02 2.402033470571041107e-02
1.775469630956649780e-02 2.403147332370281219e-02
1.772715523838996887e-02 2.404102124273777008e-02
1.769907400012016296e-02 2.404839545488357544e-02
1.767022721469402313e-02 2.405302040278911591e-02
1.764044910669326782e-02 2.405461482703685760e-02
1.760985143482685089e-02 2.405328676104545593e-02
1.757878996431827545e-02 2.404932677745819092e-02
1.754761673510074615e-02 2.404295094311237335e-02
1.751635596156120300e-02 2.403419278562068939e-02
1.748464256525039673e-02 2.402310818433761597e-02
1.745194941759109497e-02 2.401002869009971619e-02
1.741794496774673462e-02 2.399567142128944397e-02
1.738266274333000183e-02 2.398090250790119171e-02
1.734640076756477356e-02 2.396637015044689178e-02
1.730939000844955444e-02 2.395221590995788574e-02
1.727158576250076294e-02 2.393813244998455048e-02
1.723270304501056671e-02 2.392363362014293671e-02
1.719244942069053650e-02 2.390834875404834747e-02
1.715071499347686768e-02 2.389206923544406891e-02
1.710751093924045563e-02 2.387464232742786407e-02
1.706281118094921112e-02 2.385589666664600372e-02
1.701642200350761414e-02 2.383571863174438477e-02
1.696804165840148926e-02 2.381413243710994720e-02
1.691744662821292877e-02 2.379131503403186798e-02
1.686454564332962036e-02 2.376737818121910095e-02
1.680927351117134094e-02 2.374219894409179688e-02
1.675142161548137665e-02 2.371546067297458649e-02
1.669062115252017975e-02 2.368685789406299591e-02
1.662646234035491943e-02 2.365633845329284668e-02
1.655861549079418182e-02 2.362406253814697266e-02
1.648677885532379150e-02 2.359021082520484924e-02
1.641051284968852997e-02 2.355478517711162567e-02
1.632919535040855408e-02 2.351751364767551422e-02
1.624212041497230530e-02 2.347778901457786560e-02
1.614856533706188202e-02 2.343449369072914124e-02
1.604768447577953339e-02 2.338600531220436096e-02
1.593832485377788544e-02 2.333044447004795074e-02
1.581895165145397186e-02 2.326615713536739349e-02
1.568766869604587555e-02 2.319183014333248138e-02
1.554203964769840240e-02 2.310603298246860504e-02
1.537866331636905670e-02 2.300645411014556885e-02
1.519269868731498718e-02 2.288914099335670471e-02
1.497759111225605011e-02 2.274949103593826294e-02
1.472537871450185776e-02 2.259168028831481934e-02
1.442996785044670105e-02 2.244804985821247101e-02
1.409941073507070541e-02 2.238579280674457550e-02
1.376638188958168030e-02 2.253783307969570160e-02
1.350732706487178802e-02 2.330566942691802979e-02
1.365436054766178131e-02 2.314219623804092407e-02
1.382132526487112045e-02 2.226888388395309448e-02
1.333528012037277222e-02 2.180949412286281586e-02
1.317969337105751038e-02 2.141095139086246490e-02
1.323880907148122787e-02 2.085209637880325317e-02
1.317871734499931335e-02 2.035802602767944336e-02
1.310200616717338562e-02 2.002321742475032806e-02
1.302537042647600174e-02 1.987555250525474548e-02
1.287650410085916519e-02 2.009095996618270874e-02
1.273193769156932831e-02 2.032744139432907104e-02
1.260390318930149078e-02 2.024096064269542694e-02
1.245988719165325165e-02 2.078475803136825562e-02
1.242239680141210556e-02 2.108572050929069519e-02
1.234003528952598572e-02 2.076588012278079987e-02
1.224743481725454330e-02 1.997707970440387726e-02
1.202223356813192368e-02 1.925806701183319092e-02
1.191443018615245819e-02 1.861297711730003357e-02
1.183409336954355240e-02 1.868066191673278809e-02
1.174832414835691452e-02 1.852121017873287201e-02
1.165966037660837173e-02 2.109408192336559296e-02
1.265058480203151703e-02 1.996555179357528687e-02
1.190131437033414841e-02 1.925396732985973358e-02
1.223880145698785782e-02 1.923661679029464722e-02
1.183695532381534576e-02 1.871319860219955444e-02
1.179577223956584930e-02 1.869534701108932495e-02
1.280553266406059265e-02 1.825051195919513702e-02
1.195180974900722504e-02 2.143788710236549377e-02
1.264444831758737564e-02 2.065022662281990051e-02
1.234922278672456741e-02 2.049634791910648346e-02
1.279107667505741119e-02 1.887960545718669891e-02
1.210287306457757950e-02 1.874505355954170227e-02
1.220458745956420898e-02 1.743940822780132294e-02
1.158623769879341125e-02 1.854783296585083008e-02
1.183824613690376282e-02 1.932972110807895660e-02
1.143307238817214966e-02 2.302910387516021729e-02
1.330415997654199600e-02 1.963616721332073212e-02
1.149671990424394608e-02 1.941607706248760223e-02
1.188374031335115433e-02 1.963010616600513458e-02
1.239948160946369171e-02 1.923017203807830811e-02
1.234782300889492035e-02 1.786431670188903809e-02
1.131167914718389511e-02 1.758070103824138641e-02
1.187523361295461655e-02 1.814071834087371826e-02
1.192695181816816330e-02 1.782053522765636444e-02
1.062225177884101868e-02 1.961587183177471161e-02
1.183586101979017258e-02 1.979899406433105469e-02
1.132559124380350113e-02 1.902078278362751007e-02
1.073111221194267273e-02 1.921112649142742157e-02
1.151012070477008820e-02 1.840041577816009521e-02
1.125941332429647446e-02 1.755890995264053345e-02
1.044995803385972977e-02 1.776426471769809723e-02
1.061558537185192108e-02 1.760021969676017761e-02
1.058440096676349640e-02 1.671798154711723328e-02
1.025530882179737091e-02 1.675809361040592194e-02
1.049531530588865280e-02 1.687954925000667572e-02
9.936803020536899567e-03 1.808268204331398010e-02
1.031435932964086533e-02 1.796163432300090790e-02
1.090340316295623779e-02 1.725654304027557373e-02
1.036057714372873306e-02 1.739532686769962311e-02
1.003161724656820297e-02 1.771412976086139679e-02
1.019781269133090973e-02 1.599384471774101257e-02
1.000474020838737488e-02 1.602055132389068604e-02
1.033508125692605972e-02 1.607613451778888702e-02
9.826538152992725372e-03 1.706941612064838409e-02
1.047998480498790741e-02 1.633024029433727264e-02
9.683851152658462524e-03 1.594118028879165649e-02
1.030032616108655930e-02 1.559152267873287201e-02
9.519452229142189026e-03 1.751036755740642548e-02
1.005475968122482300e-02 1.533742714673280716e-02
1.073488872498273849e-02 1.822855323553085327e-02
1.292502135038375854e-02 9.174498915672302246e-02
8.419997245073318481e-02 3.537938743829727173e-02
2.833739295601844788e-02 2.595589682459831238e-02
2.071275934576988220e-02 2.167139574885368347e-02
1.740938052535057068e-02 2.172183059155941010e-02
1.741318963468074799e-02 2.448358573019504547e-02
1.971220970153808594e-02 2.688107639551162720e-02
2.180243283510208130e-02 2.740947902202606201e-02
2.201727405190467834e-02 2.613600715994834900e-02
2.051253989338874817e-02 2.434669248759746552e-02
1.856795139610767365e-02 2.330898120999336243e-02
1.738908141851425171e-02 2.351790852844715118e-02
1.751379482448101044e-02 2.440744079649448395e-02
1.834265887737274170e-02 2.489299513399600983e-02
1.869560778141021729e-02 2.460976876318454742e-02
1.840476319193840027e-02 2.364029176533222198e-02
1.761135645210742950e-02 2.252796851098537445e-02
1.663048565387725830e-02 2.179289795458316803e-02
1.594691537320613861e-02 2.157306484878063202e-02
1.569491811096668243e-02 2.167883142828941345e-02
1.565287262201309204e-02 2.226463705301284790e-02
1.547726429998874664e-02 2.262652851641178131e-02
1.571290194988250732e-02 2.206856757402420044e-02
1.506677735596895218e-02 2.154313959181308746e-02
1.508569903671741486e-02 2.152447775006294250e-02
1.516168843954801559e-02 2.156201563775539398e-02
1.519168820232152939e-02 2.174960449337959290e-02
1.539875753223896027e-02 2.183910645544528961e-02
1.553545519709587097e-02 2.175900340080261230e-02
1.544516254216432571e-02 2.152985148131847382e-02
1.512819249182939529e-02 2.124808356165885925e-02
1.468147430568933487e-02 2.097572572529315948e-02
1.419644430279731750e-02 2.131332457065582275e-02
1.364843640476465225e-02 2.153221145272254944e-02
1.418409869074821472e-02 2.095055207610130310e-02
1.409276295453310013e-02 2.133545465767383575e-02
1.470960397273302078e-02 2.148424461483955383e-02
1.490881387144327164e-02 2.132317982614040375e-02
1.491143833845853806e-02 2.115910314023494720e-02
1.496773399412631989e-02 2.074966020882129669e-02
1.505623478442430496e-02 2.065284177660942078e-02
1.525301486253738403e-02 2.057707123458385468e-02
1.535926666110754013e-02 2.049254253506660461e-02
1.526848878711462021e-02 2.073481306433677673e-02
1.519490964710712433e-02 2.073803171515464783e-02
1.511293929070234299e-02 2.071797475218772888e-02
1.502043288201093674e-02 2.070403657853603363e-02
1.494323927909135818e-02 2.068614214658737183e-02
1.479663047939538956e-02 2.063038386404514313e-02
1.468387152999639511e-02 2.013259194791316986e-02
1.452078856527805328e-02 2.000203914940357208e-02
1.434267126023769379e-02 1.985995471477508545e-02
1.417152676731348038e-02 1.989160664379596710e-02
1.407165545970201492e-02 1.979601383209228516e-02
1.390941347926855087e-02 2.006855979561805725e-02
1.376537606120109558e-02 1.994909346103668213e-02
1.344867516309022903e-02 1.973075233399868011e-02
1.306887995451688766e-02 2.047002501785755157e-02
1.249562110751867294e-02 2.272826619446277618e-02
1.405272819101810455e-02 1.983760669827461243e-02
1.360319834202528000e-02 2.061491087079048157e-02
1.489492785185575485e-02 2.150162123143672943e-02
1.578490063548088074e-02 2.177165634930133820e-02
1.655714958906173706e-02 2.166886627674102783e-02
1.679596863687038422e-02 2.140080183744430542e-02
1.684891432523727417e-02 2.108735032379627228e-02
1.685157045722007751e-02 2.081103436648845673e-02
1.688025519251823425e-02 2.062290348112583160e-02
1.696062274277210236e-02 2.053301967680454254e-02
1.707461476325988770e-02 2.052597887814044952e-02
1.718915626406669617e-02 2.057529613375663757e-02
1.727911643683910370e-02 2.065445482730865479e-02
1.733157038688659668e-02 2.074440196156501770e-02
1.734268851578235626e-02 2.083348669111728668e-02
1.731476373970508575e-02 2.091664820909500122e-02
1.725512370467185974e-02 2.099458687007427216e-02
1.717533543705940247e-02 2.107166126370429993e-02
1.708905585110187531e-02 2.115246467292308807e-02
1.700843870639801025e-02 2.123869583010673523e-02
1.694070175290107727e-02 2.132800221443176270e-02
1.688674837350845337e-02 2.141531743109226227e-02
1.684233546257019043e-02 2.149580605328083038e-02
1.680089719593524933e-02 2.156760171055793762e-02
1.675618439912796021e-02 2.163312956690788269e-02
1.670329831540584564e-02 2.169909700751304626e-02
1.663794182240962982e-02 2.177682518959045410e-02
1.655565947294235229e-02 2.188497036695480347e-02
1.645985618233680725e-02 2.203763462603092194e-02
1.639415509998798370e-02 2.218171395361423492e-02
1.636632345616817474e-02 2.228338457643985748e-02
1.633669435977935791e-02 2.234453707933425903e-02
1.629479415714740753e-02 2.236863411962985992e-02
1.624002866446971893e-02 2.234967052936553955e-02
1.617379672825336456e-02 2.226672135293483734e-02
1.609946973621845245e-02 2.210189215838909149e-02
1.601777411997318268e-02 2.203637920320034027e-02
1.599148847162723541e-02 2.199008874595165253e-02
1.594365760684013367e-02 2.194908633828163147e-02
1.589050330221652985e-02 2.191144786775112152e-02
1.583538018167018890e-02 2.187679149210453033e-02
1.577889360487461090e-02 2.184417098760604858e-02
1.571976952254772186e-02 2.181224711239337921e-02
1.565626077353954315e-02 2.177990600466728210e-02
1.558741740882396698e-02 2.174627035856246948e-02
1.551338192075490952e-02 2.171007543802261353e-02
1.543462555855512619e-02 2.166904136538505554e-02
1.535096019506454468e-02 2.161996625363826752e-02
1.526114065200090408e-02 2.155962400138378143e-02
1.516366843134164810e-02 2.148612961173057556e-02
1.505874749273061752e-02 2.139988541603088379e-02
1.494916807860136032e-02 2.130294404923915863e-02
1.483673229813575745e-02 2.119744941592216492e-02
1.472053211182355881e-02 2.109176106750965118e-02
1.459883712232112885e-02 2.099701575934886932e-02
1.446973998099565506e-02 2.095587365329265594e-02
1.433080714195966721e-02 2.087695151567459106e-02
1.417837478220462799e-02 2.031132578849792480e-02
1.400457136332988739e-02 2.011965587735176086e-02
1.386535912752151489e-02 1.991560496389865875e-02
1.369325537234544754e-02 1.976114697754383087e-02
1.352090016007423401e-02 1.959980838000774384e-02
1.332238130271434784e-02 1.945505477488040924e-02
1.308907754719257355e-02 1.913849450647830963e-02
1.291437260806560516e-02 1.911559700965881348e-02
1.287836022675037384e-02 1.912950724363327026e-02
1.278869248926639557e-02 1.898145675659179688e-02
1.260257139801979065e-02 1.861242204904556274e-02
1.222608704119920731e-02 1.801146008074283600e-02
1.170424465090036392e-02 2.213650010526180267e-02
1.227117050439119339e-02 2.313518896698951721e-02
1.328277308493852615e-02 1.837857440114021301e-02
1.245131716132164001e-02 2.014224790036678314e-02
1.401763316243886948e-02 2.046315558254718781e-02
1.479578204452991486e-02 2.040666155517101288e-02
1.494711916893720627e-02 1.993466354906558990e-02
1.501208636909723282e-02 1.950314268469810486e-02
1.493157539516687393e-02 1.944475620985031128e-02
1.506324578076601028e-02 1.964346691966056824e-02
1.545744948089122772e-02 1.988990604877471924e-02
1.579895801842212677e-02 2.003836072981357574e-02
1.592580042779445648e-02 2.006019651889801025e-02
1.584513485431671143e-02 2.003098465502262115e-02
1.566830091178417206e-02 2.004693262279033661e-02
1.551473047584295273e-02 2.014668472111225128e-02
1.544402725994586945e-02 2.030375972390174866e-02
1.544055156409740448e-02 2.046161517500877380e-02
1.541908271610736847e-02 2.057723887264728546e-02
1.533150766044855118e-02 2.064556628465652466e-02
1.522362232208251953e-02 2.067882940173149109e-02
1.513725239783525467e-02 2.067927271127700806e-02
1.506800204515457153e-02 2.063487283885478973e-02
1.499518100172281265e-02 2.054390870034694672e-02
1.490249671041965485e-02 2.044730633497238159e-02
1.479461975395679474e-02 2.043518237769603729e-02
1.468980591744184494e-02 2.044688910245895386e-02
1.459853816777467728e-02 2.046306245028972626e-02
1.451331935822963715e-02 2.047858200967311859e-02
1.441472582519054413e-02 2.045922167599201202e-02
1.428567338734865189e-02 2.023338340222835541e-02
1.412604935467243195e-02 2.014575526118278503e-02
1.395072042942047119e-02 2.005576528608798981e-02
1.375817693769931793e-02 1.991013810038566589e-02
1.366080436855554581e-02 1.970457099378108978e-02
1.346508786082267761e-02 1.944591663777828217e-02
1.331839617341756821e-02 1.928881369531154633e-02
1.313602644950151443e-02 1.914633810520172119e-02
1.281338836997747421e-02 1.883219555020332336e-02
1.262634247541427612e-02 1.871825940907001495e-02
1.247419323772192001e-02 1.844939962029457092e-02
1.221611816436052322e-02 1.900500804185867310e-02
1.240290608257055283e-02 1.815248094499111176e-02
1.177651528269052505e-02 1.830662600696086884e-02
1.189714763313531876e-02 2.224561385810375214e-02
1.202024519443511963e-02 2.379686012864112854e-02
1.351965498179197311e-02 2.061453461647033691e-02
1.281346473842859268e-02 2.084882184863090515e-02
1.357767358422279358e-02 2.086804620921611786e-02
1.397777441889047623e-02 2.157319895923137665e-02
1.526796538382768631e-02 2.179368957877159119e-02
1.546589471399784088e-02 2.152841351926326752e-02
1.473771780729293823e-02 2.118919603526592255e-02
1.467433944344520569e-02 2.091700211167335510e-02
1.468441914767026901e-02 2.070863172411918640e-02
1.470105908811092377e-02 2.058532647788524628e-02
1.480221096426248550e-02 2.038598246872425079e-02
1.478439476341009140e-02 1.983228325843811035e-02
1.462984923273324966e-02 1.950843259692192078e-02
1.460410933941602707e-02 1.952416822314262390e-02
1.468237303197383881e-02 1.960283145308494568e-02
1.493881829082965851e-02 1.963151805102825165e-02
1.498688384890556335e-02 1.957685314118862152e-02
1.489452086389064789e-02 1.946789212524890900e-02
1.467497274279594421e-02 1.935496740043163300e-02
1.432239264249801636e-02 1.927498728036880493e-02
1.416817586869001389e-02 1.920427940785884857e-02
1.402480434626340866e-02 1.912798918783664703e-02
1.384236570447683334e-02 1.907442137598991394e-02
1.373744197189807892e-02 1.905144937336444855e-02
1.360777579247951508e-02 1.904195174574851990e-02
1.348061207681894302e-02 1.900660619139671326e-02
1.333641633391380310e-02 1.891612634062767029e-02
1.312912907451391220e-02 1.877043396234512329e-02
1.285462640225887299e-02 1.858390867710113525e-02
1.247058250010013580e-02 1.823548227548599243e-02
1.238343957811594009e-02 2.031500823795795441e-02
1.298744790256023407e-02 2.038916945457458496e-02
1.283304113894701004e-02 2.029517479240894318e-02
1.241502258926630020e-02 2.183645591139793396e-02
1.224246248602867126e-02 2.238854020833969116e-02
1.267998665571212769e-02 1.867898181080818176e-02
1.175796706229448318e-02 1.911574788391590118e-02
1.199579332023859024e-02 1.914344169199466705e-02
1.193874701857566833e-02 1.887690648436546326e-02
1.167986914515495300e-02 1.865677721798419952e-02
1.188267022371292114e-02 1.850945688784122467e-02
1.153245102614164352e-02 1.838979683816432953e-02
1.155727170407772064e-02 1.802285388112068176e-02
1.138715725392103195e-02 1.850523054599761963e-02
1.168351992964744568e-02 1.874266378581523895e-02
1.180009730160236359e-02 1.864107511937618256e-02
1.165136881172657013e-02 1.838231459259986877e-02
1.132824830710887909e-02 1.915648579597473145e-02
1.223849225789308548e-02 1.995280757546424866e-02
1.304486207664012909e-02 2.078252285718917847e-02
1.417875662446022034e-02 2.084242179989814758e-02
1.478068251162767410e-02 2.054515853524208069e-02
1.493606250733137131e-02 2.018476650118827820e-02
1.501374226063489914e-02 1.994946040213108063e-02
1.519797928631305695e-02 1.984773762524127960e-02
1.549938321113586426e-02 1.978891529142856598e-02
1.580640301108360291e-02 1.970160938799381256e-02
1.600982435047626495e-02 1.958002895116806030e-02
1.607008092105388641e-02 1.947719417512416840e-02
1.604762487113475800e-02 1.945337839424610138e-02
1.602601632475852966e-02 1.951957680284976959e-02
1.604119874536991119e-02 1.963058486580848694e-02
1.606898754835128784e-02 1.972518302500247955e-02
1.606361940503120422e-02 1.977148279547691345e-02
1.600412093102931976e-02 1.978038996458053589e-02
1.590869389474391937e-02 1.978365331888198853e-02
1.581189967691898346e-02 1.980187743902206421e-02
1.573099941015243530e-02 1.983135752379894257e-02
1.565347053110599518e-02 1.985811814665794373e-02
1.555494684725999832e-02 1.988107524812221527e-02
1.542613655328750610e-02 1.991897821426391602e-02
1.528033707290887833e-02 1.999586820602416992e-02
1.513874251395463943e-02 2.012304961681365967e-02
1.501836813986301422e-02 2.029458992183208466e-02
1.493426039814949036e-02 2.043372206389904022e-02
1.486399490386247635e-02 2.048601955175399780e-02
1.475723832845687866e-02 2.042771689593791962e-02
1.460374332964420319e-02 2.031310833990573883e-02
1.447945274412631989e-02 2.025683410465717316e-02
1.437067892402410507e-02 2.020275592803955078e-02
1.426290255039930344e-02 2.012958005070686340e-02
1.414166763424873352e-02 2.003094926476478577e-02
1.399711612612009048e-02 1.991306431591510773e-02
1.383343618363142014e-02 1.978781260550022125e-02
1.366124860942363739e-02 1.966372318565845490e-02
1.348485145717859268e-02 1.954849623143672943e-02
1.329586189240217209e-02 1.943276450037956238e-02
1.308142114430665970e-02 1.930630579590797424e-02
1.286198385059833527e-02 1.913841627538204193e-02
1.268204115331172943e-02 1.897878386080265045e-02
1.253440976142883301e-02 1.882170327007770538e-02
1.238111685961484909e-02 1.855905540287494659e-02
1.215581409633159637e-02 1.821314916014671326e-02
1.179978251457214355e-02 2.049131691455841064e-02
1.224781572818756104e-02 2.056527696549892426e-02
1.201750617474317551e-02 2.120706252753734589e-02
1.129569206386804581e-02 2.237966656684875488e-02
1.219241693615913391e-02 1.836743578314781189e-02
1.159227918833494186e-02 1.883529685437679291e-02
1.197663322091102600e-02 1.932212896645069122e-02
1.221982855349779129e-02 1.851738058030605316e-02
1.187514420598745346e-02 1.881905272603034973e-02
1.234971173107624054e-02 1.811018399894237518e-02
1.199470181018114090e-02 1.815330795943737030e-02
1.202648319303989410e-02 1.808145642280578613e-02
1.199635118246078491e-02 1.809225417673587799e-02
1.196809206157922745e-02 1.808680407702922821e-02
1.196644268929958344e-02 1.803644187748432159e-02
1.195260230451822281e-02 1.797161623835563660e-02
1.195576135069131851e-02 1.771712116897106171e-02
1.184133719652891159e-02 1.735219731926918030e-02
1.178981922566890717e-02 1.702158525586128235e-02
1.170595735311508179e-02 1.670178398489952087e-02
1.163793075829744339e-02 1.636803895235061646e-02
1.146446727216243744e-02 1.605615764856338501e-02
1.121509447693824768e-02 1.639954559504985809e-02
1.087501831352710724e-02 1.663126796483993530e-02
1.141804177314043045e-02 1.663544587790966034e-02
1.110846549272537231e-02 1.654741913080215454e-02
1.103180553764104843e-02 1.695089600980281830e-02
1.156310457736253738e-02 2.095242217183113098e-02
1.305192243307828903e-02 1.839352026581764221e-02
1.256468240171670914e-02 1.614312268793582916e-02
1.197685208171606064e-02 1.776236668229103088e-02
1.400611270219087601e-02 1.787476800382137299e-02
1.381491404026746750e-02 1.766266487538814545e-02
1.267872098833322525e-02 1.828618720173835754e-02
1.293275877833366394e-02 1.897053793072700500e-02
1.362991984933614731e-02 1.911222003400325775e-02
1.350061036646366119e-02 1.840461790561676025e-02
1.284920610487461090e-02 1.822899654507637024e-02
1.254880707710981369e-02 1.887630671262741089e-02
1.337010692805051804e-02 1.775074377655982971e-02
1.286585070192813873e-02 1.757212914526462555e-02
1.254314836114645004e-02 1.772772148251533508e-02
1.222942955791950226e-02 1.813902519643306732e-02
1.220786478370428085e-02 1.839956268668174744e-02
1.219845097512006760e-02 1.816550642251968384e-02
1.194667536765336990e-02 1.757963001728057861e-02
1.109661255031824112e-02 1.842756383121013641e-02
1.072381250560283661e-02 1.896587759256362915e-02
1.125868409872055054e-02 2.287187427282333374e-02
1.380751840770244598e-02 7.200121879577636719e-02
7.032261788845062256e-02 7.051333039999008179e-02
6.292929500341415405e-02 2.115503512322902679e-02
1.478237006813287735e-02 2.731591463088989258e-02
2.080653049051761627e-02 2.852627635002136230e-02
2.209372445940971375e-02 2.500271983444690704e-02
1.870154216885566711e-02 2.066523209214210510e-02
1.463284716010093689e-02 1.899849809706211090e-02
1.340212672948837280e-02 2.054364234209060669e-02
1.545343361794948578e-02 2.236594632267951965e-02
1.741613633930683136e-02 2.290798351168632507e-02
1.784540899097919464e-02 2.167011052370071411e-02
1.642698980867862701e-02 2.014774084091186523e-02
1.479629799723625183e-02 1.962365023791790009e-02
1.416286639869213104e-02 2.012404240667819977e-02
1.459373906254768372e-02 2.074556238949298859e-02
1.521770656108856201e-02 2.066893130540847778e-02
1.521397102624177933e-02 1.976447179913520813e-02
1.443865802139043808e-02 1.835331693291664124e-02
1.329655107110738754e-02 1.703883148729801178e-02
1.232456229627132416e-02 1.965619996190071106e-02
1.213824469596147537e-02 4.775066673755645752e-02
3.884234651923179626e-02 1.601359620690345764e-02
1.186003722250461578e-02 1.662281528115272522e-02
1.229762379080057144e-02 1.729763112962245941e-02
1.284025236964225769e-02 1.777362450957298279e-02
1.323384419083595276e-02 1.806312240660190582e-02
1.335763745009899139e-02 1.801802590489387512e-02
1.321549061685800552e-02 1.778172515332698822e-02
1.299158483743667603e-02 1.748161576688289642e-02
1.269741170108318329e-02 1.712741889059543610e-02
1.241861004382371902e-02 1.658091507852077484e-02
1.202323194593191147e-02 1.584471203386783600e-02
1.128370873630046844e-02 2.049328014254570007e-02
1.495345309376716614e-02 2.087866887450218201e-02
1.646008901298046112e-02 2.545309998095035553e-02
2.348511666059494019e-02 3.088240325450897217e-02
2.795556560158729553e-02 3.266478702425956726e-02
2.891483530402183533e-02 3.139836341142654419e-02
2.794772945344448090e-02 2.931182831525802612e-02
2.640841715037822723e-02 2.726081572473049164e-02
2.495947666466236115e-02 2.565194666385650635e-02
2.390812896192073822e-02 2.455879747867584229e-02
2.328333072364330292e-02 2.385781519114971161e-02
2.295605093240737915e-02 2.337437495589256287e-02
2.276118844747543335e-02 2.297670021653175354e-02
2.257676050066947937e-02 2.261159755289554596e-02
2.235442772507667542e-02 2.229689247906208038e-02
2.211163565516471863e-02 2.208836562931537628e-02
2.190079726278781891e-02 2.203870937228202820e-02
2.177208289504051208e-02 2.216385677456855774e-02
2.174405194818973541e-02 2.242790162563323975e-02
2.179188095033168793e-02 2.275179885327816010e-02
2.185638807713985443e-02 2.304167859256267548e-02
2.186908200383186340e-02 2.322361990809440613e-02
2.178119122982025146e-02 2.326845377683639526e-02
2.158297970890998840e-02 2.319639921188354492e-02
2.130526304244995117e-02 2.306245453655719757e-02
2.100455574691295624e-02 2.293184213340282440e-02
2.074028551578521729e-02 2.285668626427650452e-02
2.055430039763450623e-02 2.286212146282196045e-02
2.045986615121364594e-02 2.294454723596572876e-02
2.044240944087505341e-02 2.307991869747638702e-02
2.046946808695793152e-02 2.323681861162185669e-02
2.050464414060115814e-02 2.338862977921962738e-02
2.051992714405059814e-02 2.352067269384860992e-02
2.050239592790603638e-02 2.363099902868270874e-02
2.045428194105625153e-02 2.372615039348602295e-02
2.038788981735706329e-02 2.381480485200881958e-02
2.031834237277507782e-02 2.390225045382976532e-02
2.025731652975082397e-02 2.398768998682498932e-02
2.020967751741409302e-02 2.406473271548748016e-02
2.017354778945446014e-02 2.412429079413414001e-02
2.014288865029811859e-02 2.415826171636581421e-02
2.011102996766567230e-02 2.416246198117733002e-02
2.007360756397247314e-02 2.413792163133621216e-02
2.002991549670696259e-02 2.409030683338642120e-02
1.998254097998142242e-02 2.402805536985397339e-02
1.993574760854244232e-02 2.396002411842346191e-02
1.989352144300937653e-02 2.389359660446643829e-02
1.985806226730346680e-02 2.383367344737052917e-02
1.982923597097396851e-02 2.378270588815212250e-02
1.980499550700187683e-02 2.374146506190299988e-02
1.978245563805103302e-02 2.370998077094554901e-02
1.975902728736400604e-02 2.368824742734432220e-02
1.973321475088596344e-02 2.367645502090454102e-02
1.970480754971504211e-02 2.367479354143142700e-02
1.967454142868518829e-02 2.368300035595893860e-02
1.964350044727325439e-02 2.370006404817104340e-02
1.961256936192512512e-02 2.372412197291851044e-02
1.958213932812213898e-02 2.375272102653980255e-02
1.955215260386466980e-02 2.378324791789054871e-02
1.952234096825122833e-02 2.381338551640510559e-02
1.949251629412174225e-02 2.384136989712715149e-02
1.946273259818553925e-02 2.386609464883804321e-02
1.943327113986015320e-02 2.388699166476726532e-02
1.940448582172393799e-02 2.390383556485176086e-02
1.937661319971084595e-02 2.391659468412399292e-02
1.934964023530483246e-02 2.392538078129291534e-02
1.932331174612045288e-02 2.393047697842121124e-02
1.929724402725696564e-02 2.393239736557006836e-02
1.927109435200691223e-02 2.393190935254096985e-02
1.924467831850051880e-02 2.392997033894062042e-02
1.921800337731838226e-02 2.392758429050445557e-02
1.919124461710453033e-02 2.392563782632350922e-02
1.916460506618022919e-02 2.392474561929702759e-02
1.913823932409286499e-02 2.392519451677799225e-02
1.911219954490661621e-02 2.392696775496006012e-02
1.908644288778305054e-02 2.392983622848987579e-02
1.906090043485164642e-02 2.393348887562751770e-02
1.903553120791912079e-02 2.393758110702037811e-02
1.901037059724330902e-02 2.394184283912181854e-02
1.898549124598503113e-02 2.394603937864303589e-02
1.896098814904689789e-02 2.395000681281089783e-02
1.893692277371883392e-02 2.395364083349704742e-02
1.891329698264598846e-02 2.395690977573394775e-02
1.889004185795783997e-02 2.395989745855331421e-02
1.886708103120326996e-02 2.396280132234096527e-02
1.884434185922145844e-02 2.396595105528831482e-02
1.882179267704486847e-02 2.396973408758640289e-02
1.879945024847984314e-02 2.397454902529716492e-02
1.877735927700996399e-02 2.398073114454746246e-02
1.875556632876396179e-02 2.398847602307796478e-02
1.873410120606422424e-02 2.399783022701740265e-02
1.871296018362045288e-02 2.400867082178592682e-02
1.869213022291660309e-02 2.402073889970779419e-02
1.867157965898513794e-02 2.403367683291435242e-02
1.865129731595516205e-02 2.404705807566642761e-02
1.863127760589122772e-02 2.406044676899909973e-02
1.861152425408363342e-02 2.407342009246349335e-02
1.859203167259693146e-02 2.408560737967491150e-02
1.857280358672142029e-02 2.409672178328037262e-02
1.855380646884441376e-02 2.410658821463584900e-02
1.853502169251441956e-02 2.411515824496746063e-02
1.851641014218330383e-02 2.412251569330692291e-02
1.849795877933502197e-02 2.412885986268520355e-02
1.847965456545352936e-02 2.413447201251983643e-02
1.846149004995822906e-02 2.413966320455074310e-02
1.844346337020397186e-02 2.414474822580814362e-02
1.842556335031986237e-02 2.414999529719352722e-02
1.840777136385440826e-02 2.415560930967330933e-02
1.839006692171096802e-02 2.416171878576278687e-02
1.837242208421230316e-02 2.416837215423583984e-02
1.835481263697147369e-02 2.417553775012493134e-02
1.833722181618213654e-02 2.418312989175319672e-02
1.831962354481220245e-02 2.419102564454078674e-02
1.830200105905532837e-02 2.419907785952091217e-02
1.828433200716972351e-02 2.420714497566223145e-02
1.826658472418785095e-02 2.421510033309459686e-02
1.824872754514217377e-02 2.422285452485084534e-02
1.823072880506515503e-02 2.423035539686679840e-02
1.821255497634410858e-02 2.423761226236820221e-02
1.819417439401149750e-02 2.424465119838714600e-02
1.817555725574493408e-02 2.425151877105236053e-02
1.815667375922203064e-02 2.425827085971832275e-02
1.813748851418495178e-02 2.426495589315891266e-02
1.811796054244041443e-02 2.427160553634166718e-02
1.809804886579513550e-02 2.427823096513748169e-02
1.807770319283008575e-02 2.428480796515941620e-02
1.805686764419078827e-02 2.429131232202053070e-02
1.803549751639366150e-02 2.429770864546298981e-02
1.801352761685848236e-02 2.430394850671291351e-02
1.799089834094047546e-02 2.431000769138336182e-02
1.796754077076911926e-02 2.431586384773254395e-02
1.794337667524814606e-02 2.432151697576045990e-02
1.791832223534584045e-02 2.432699128985404968e-02
1.789227873086929321e-02 2.433232404291629791e-02
1.786513440310955048e-02 2.433756738901138306e-02
1.783676818013191223e-02 2.434277907013893127e-02
1.780703663825988770e-02 2.434801869094371796e-02
1.777577772736549377e-02 2.435333468019962311e-02
1.774281263351440430e-02 2.435877174139022827e-02
1.770791970193386078e-02 2.436435781419277191e-02
1.767084747552871704e-02 2.437011711299419403e-02
1.763129420578479767e-02 2.437607944011688232e-02
1.758890226483345032e-02 2.438228391110897064e-02
1.754323765635490417e-02 2.438878081738948822e-02
1.749376766383647919e-02 2.439564652740955353e-02
1.743983104825019836e-02 2.440298721194267273e-02
1.738059334456920624e-02 2.441091276705265045e-02
1.731499098241329193e-02 2.441952563822269440e-02
1.724161393940448761e-02 2.442892082035541534e-02
1.715858839452266693e-02 2.443911321461200714e-02
1.706331968307495117e-02 2.444997243583202362e-02
1.695210859179496765e-02 2.446107752621173859e-02
1.681944355368614197e-02 2.447139658033847809e-02
1.665664277970790863e-02 2.447844855487346649e-02
1.644906401634216309e-02 2.447600476443767548e-02
1.616957783699035645e-02 2.444703690707683563e-02
1.576163433492183685e-02 2.434352226555347443e-02
1.509382296353578568e-02 2.437529712915420532e-02
1.417362410575151443e-02 2.772037126123905182e-02
1.709297858178615570e-02 3.359884768724441528e-02
2.743459120392799377e-02 3.164758905768394470e-02
2.680017612874507904e-02 2.781102992594242096e-02
2.346811629831790924e-02 2.495657280087471008e-02
2.088448219001293182e-02 2.361162379384040833e-02
1.977094635367393494e-02 2.340987324714660645e-02
1.980411820113658905e-02 2.381851524114608765e-02
2.045127190649509430e-02 2.437232621014118195e-02
2.123203687369823456e-02 2.476003393530845642e-02
2.181539312005043030e-02 2.484461292624473572e-02
2.204597555100917816e-02 2.463757805526256561e-02
2.192220091819763184e-02 2.424526400864124298e-02
2.154484577476978302e-02 2.380725927650928497e-02
2.105643227696418762e-02 2.344400435686111450e-02
2.058842219412326813e-02 2.322381362318992615e-02
2.022673189640045166e-02 2.315298840403556824e-02
1.999924331903457642e-02 2.318684384226799011e-02
1.988345943391323090e-02 2.325487136840820312e-02
1.982795633375644684e-02 2.329018339514732361e-02
1.977855525910854340e-02 2.325270697474479675e-02
1.969955116510391235e-02 2.313887886703014374e-02
1.958317309617996216e-02 2.297625131905078888e-02
1.944588683545589447e-02 2.280778810381889343e-02
1.931555196642875671e-02 2.267385274171829224e-02
1.921670511364936829e-02 2.259934693574905396e-02
1.916051656007766724e-02 2.258961088955402374e-02
1.914251968264579773e-02 2.263430133461952209e-02
1.914717070758342743e-02 2.271549962460994720e-02
1.915567554533481598e-02 2.281560748815536499e-02
1.915310323238372803e-02 2.292223647236824036e-02
1.913224160671234131e-02 2.302919887006282806e-02
1.909365504980087280e-02 2.313462458550930023e-02
1.904307305812835693e-02 2.323801442980766296e-02
1.898787915706634521e-02 2.333789132535457611e-02
1.893429085612297058e-02 2.343086712062358856e-02
1.888601295650005341e-02 2.351219393312931061e-02
1.884432137012481689e-02 2.357713319361209869e-02
1.880901120603084564e-02 2.362238429486751556e-02
1.877939701080322266e-02 2.364694699645042419e-02
1.875493861734867096e-02 2.365222573280334473e-02
1.873523369431495667e-02 2.364146523177623749e-02
1.871969364583492279e-02 2.361892350018024445e-02
1.870718039572238922e-02 2.358919195830821991e-02
1.869595795869827271e-02 2.355674467980861664e-02
1.868405193090438843e-02 2.352582477033138275e-02
1.866985112428665161e-02 2.350037917494773865e-02
1.865264959633350372e-02 2.348390780389308929e-02
1.863285712897777557e-02 2.347912080585956573e-02
1.861180365085601807e-02 2.348750457167625427e-02
1.859119534492492676e-02 2.350892499089241028e-02
1.857247948646545410e-02 2.354155853390693665e-02
1.855637133121490479e-02 2.358213253319263458e-02
1.854272373020648956e-02 2.362652868032455444e-02
1.853070966899394989e-02 2.367058768868446350e-02
1.851926185190677643e-02 2.371079288423061371e-02
1.850753091275691986e-02 2.374483644962310791e-02
1.849517226219177246e-02 2.377173490822315216e-02
1.848240196704864502e-02 2.379170805215835571e-02
1.846979744732379913e-02 2.380573749542236328e-02
1.845796592533588409e-02 2.381517365574836731e-02
1.844723522663116455e-02 2.382135577499866486e-02
1.843751221895217896e-02 2.382546104490756989e-02
1.842832565307617188e-02 2.382845804095268250e-02
1.841903664171695709e-02 2.383119612932205200e-02
1.840911619365215302e-02 2.383446320891380310e-02
1.839834265410900116e-02 2.383897453546524048e-02
1.838688366115093231e-02 2.384527213871479034e-02
1.837518624961376190e-02 2.385360747575759888e-02
1.836379617452621460e-02 2.386382967233657837e-02
1.835313998162746429e-02 2.387536317110061646e-02
1.834338530898094177e-02 2.388736233115196228e-02
1.833442412316799164e-02 2.389884367585182190e-02
1.832593604922294617e-02 2.390898391604423523e-02
1.831755042076110840e-02 2.391727082431316376e-02
1.830897480249404907e-02 2.392360381782054901e-02
1.830007694661617279e-02 2.392829209566116333e-02
1.829090341925621033e-02 2.393193729221820831e-02
1.828160695731639862e-02 2.393526211380958557e-02
1.827237941324710846e-02 2.393894828855991364e-02
1.826334930956363678e-02 2.394352480769157410e-02
1.825456321239471436e-02 2.394930832087993622e-02
1.824598014354705811e-02 2.395637147128582001e-02
1.823750510811805725e-02 2.396460808813571930e-02
1.822905242443084717e-02 2.397374808788299561e-02
1.822057552635669708e-02 2.398343198001384735e-02
1.821207068860530853e-02 2.399324066936969757e-02
1.820357702672481537e-02 2.400273270905017853e-02
1.819515042006969452e-02 2.401149272918701172e-02
1.818682439625263214e-02 2.401916496455669403e-02
1.817861199378967285e-02 2.402550354599952698e-02
1.817050203680992126e-02 2.403037808835506439e-02
1.816245354712009430e-02 2.403383702039718628e-02
1.815444044768810272e-02 2.403605915606021881e-02
1.814642921090126038e-02 2.403735928237438202e-02
1.813841611146926880e-02 2.403809875249862671e-02
1.813040301203727722e-02 2.403867430984973907e-02
1.812240295112133026e-02 2.403945475816726685e-02
1.811443269252777100e-02 2.404071763157844543e-02
1.810649223625659943e-02 2.404265291988849640e-02
1.809859648346900940e-02 2.404532209038734436e-02
1.809073798358440399e-02 2.404868230223655701e-02
1.808290928602218628e-02 2.405259944498538971e-02
1.807511784136295319e-02 2.405687794089317322e-02
1.806734874844551086e-02 2.406128868460655212e-02
1.805960573256015778e-02 2.406559512019157410e-02
1.805188134312629700e-02 2.406960912048816681e-02
1.804417185485363007e-02 2.407318167388439178e-02
1.803647726774215698e-02 2.407624758780002594e-02
1.802879385650157928e-02 2.407880313694477081e-02
1.802112162113189697e-02 2.408092282712459564e-02
1.801346056163311005e-02 2.408272773027420044e-02
1.800581067800521851e-02 2.408436499536037445e-02
1.799817197024822235e-02 2.408599480986595154e-02
1.799054071307182312e-02 2.408777736127376556e-02
1.798291690647602081e-02 2.408982440829277039e-02
1.797529682517051697e-02 2.409220673143863678e-02
1.796767488121986389e-02 2.409495040774345398e-02
1.796005852520465851e-02 2.409803681075572968e-02
1.795244403183460236e-02 2.410140074789524078e-02
1.794482953846454620e-02 2.410494163632392883e-02
1.793721877038478851e-02 2.410855144262313843e-02
1.792960986495018005e-02 2.411211468279361725e-02
1.792199723422527313e-02 2.411552704870700836e-02
1.791437901556491852e-02 2.411871962249279022e-02
1.790675707161426544e-02 2.412164025008678436e-02
1.789912395179271698e-02 2.412429079413414001e-02
1.789147965610027313e-02 2.412669360637664795e-02
1.788382232189178467e-02 2.412888780236244202e-02
1.787615753710269928e-02 2.413095161318778992e-02
1.786847598850727081e-02 2.413295209407806396e-02
1.786078512668609619e-02 2.413495630025863647e-02
1.785308122634887695e-02 2.413702569901943207e-02
1.784536056220531464e-02 2.413918823003768921e-02
1.783762127161026001e-02 2.414146624505519867e-02
1.782986521720886230e-02 2.414385229349136353e-02
1.782208681106567383e-02 2.414632961153984070e-02
1.781428791582584381e-02 2.414886839687824249e-02
1.780646666884422302e-02 2.415142767131328583e-02
1.779862120747566223e-02 2.415396645665168762e-02
1.779075153172016144e-02 2.415645495057106018e-02
1.778285764157772064e-02 2.415886893868446350e-02
1.777493208646774292e-02 2.416119724512100220e-02
1.776698045432567596e-02 2.416344359517097473e-02
1.775899901986122131e-02 2.416561543941497803e-02
