8.788596093654632568e-02 6.935319304466247559e-02
6.816160678863525391e-02 5.885282531380653381e-02
5.647147074341773987e-02 5.486235395073890686e-02
5.118725076317787170e-02 5.352770909667015076e-02
4.891638830304145813e-02 5.264002829790115356e-02
4.754736274480819702e-02 5.149892717599868774e-02
4.623542726039886475e-02 4.984147474169731140e-02
4.453428089618682861e-02 4.761375859379768372e-02
4.229246452450752258e-02 4.498095065355300903e-02
3.967637568712234497e-02 4.212569817900657654e-02
3.690861165523529053e-02 3.914670273661613464e-02
3.411548957228660583e-02 3.622069209814071655e-02
3.145166113972663879e-02 3.362239524722099304e-02
2.913358062505722046e-02 3.151670098304748535e-02
2.728921547532081604e-02 2.987788431346416473e-02
2.590274438261985779e-02 2.851421572268009186e-02
2.482209727168083191e-02 2.719353698194026947e-02
2.384491823613643646e-02 2.587560378015041351e-02
2.289874665439128876e-02 2.484266459941864014e-02
2.214690484106540680e-02 2.443663962185382843e-02
2.177476137876510620e-02 2.455661073327064514e-02
2.165045961737632751e-02 2.484829351305961609e-02
2.153494022786617279e-02 2.517854422330856323e-02
2.137661911547183990e-02 2.557395957410335541e-02
2.124521322548389435e-02 2.602077648043632507e-02
2.117874100804328918e-02 2.639593742787837982e-02
2.112158387899398804e-02 2.656585164368152618e-02
2.099418267607688904e-02 2.649666741490364075e-02
2.077816054224967957e-02 2.624111250042915344e-02
2.050629258155822754e-02 2.586822770535945892e-02
2.021016553044319153e-02 2.543773129582405090e-02
1.990977488458156586e-02 2.500272169709205627e-02
1.962201669812202454e-02 2.459912002086639404e-02
1.935230754315853119e-02 2.424872480332851410e-02
1.909955777227878571e-02 2.397656813263893127e-02
1.887509226799011230e-02 2.378435991704463959e-02
1.868451200425624847e-02 2.361665107309818268e-02
1.849789172410964966e-02 2.341403439640998840e-02
1.828455179929733276e-02 2.318353019654750824e-02
1.806155405938625336e-02 2.296506986021995544e-02
1.786063797771930695e-02 2.276086807250976562e-02
1.767021790146827698e-02 2.254964597523212433e-02
1.745717041194438934e-02 2.233423106372356415e-02
1.722144894301891327e-02 2.211933024227619171e-02
1.698615401983261108e-02 2.188046649098396301e-02
1.676110364496707916e-02 2.161383815109729767e-02
1.655718125402927399e-02 2.137130685150623322e-02
1.639337837696075439e-02 2.118540927767753601e-02
1.624945923686027527e-02 2.103239484131336212e-02
1.608047820627689362e-02 2.089605107903480530e-02
1.588674075901508331e-02 2.075702510774135590e-02
1.568759419023990631e-02 2.058218605816364288e-02
1.548364106565713882e-02 2.038349583745002747e-02
1.528675388544797897e-02 2.017207816243171692e-02
1.509251724928617477e-02 1.992262713611125946e-02
1.486866176128387451e-02 1.963263191282749176e-02
1.461831945925951004e-02 1.927791908383369446e-02
1.435211673378944397e-02 1.883398182690143585e-02
1.407255884259939194e-02 1.840789429843425751e-02
1.380729675292968750e-02 1.813964173197746277e-02
1.354845240712165833e-02 1.793857663869857788e-02
1.332574337720870972e-02 1.757995225489139557e-02
1.307145878672599792e-02 1.736924052238464355e-02
1.277034264057874680e-02 1.713616773486137390e-02
1.243791356682777405e-02 1.693952642381191254e-02
1.207529380917549133e-02 1.678612455725669861e-02
1.181982271373271942e-02 1.691977865993976593e-02
1.175406202673912048e-02 2.893435582518577576e-02
2.401911094784736633e-02 2.249696105718612671e-02
1.683305390179157257e-02 3.063474781811237335e-02
2.272810414433479309e-02 2.804885245859622955e-02
1.969051547348499298e-02 2.465180307626724243e-02
1.648557744920253754e-02 2.413406968116760254e-02
1.628792472183704376e-02 2.455927431583404541e-02
1.731546968221664429e-02 2.389441989362239838e-02
1.769201457500457764e-02 2.178933098912239075e-02
1.691809669137001038e-02 1.889592222869396210e-02
1.543870102614164352e-02 1.633903756737709045e-02
1.412978395819664001e-02 1.529795862734317780e-02
1.391732972115278244e-02 1.582450605928897858e-02
1.470629870891571045e-02 1.668249815702438354e-02
1.533002778887748718e-02 1.683045364916324615e-02
1.494635641574859619e-02 1.641446910798549652e-02
1.388569362461566925e-02 1.618969812989234924e-02
1.305602118372917175e-02 1.651244796812534332e-02
1.293013896793127060e-02 1.706084050238132477e-02
1.321039535105228424e-02 1.725609973073005676e-02
1.323978137224912643e-02 1.687251590192317963e-02
1.270601619035005569e-02 1.624244078993797302e-02
1.192735601216554642e-02 1.588177494704723358e-02
1.146403327584266663e-02 1.594443991780281067e-02
1.150426175445318222e-02 1.604770869016647339e-02
1.166857313364744186e-02 1.573264226317405701e-02
1.149833854287862778e-02 1.501300465315580368e-02
1.098479051142930984e-02 1.430950034409761429e-02
1.049610599875450134e-02 1.394757814705371857e-02
1.031160820275545120e-02 1.386164873838424683e-02
1.035060547292232513e-02 1.375873852521181107e-02
1.032758224755525589e-02 1.345982030034065247e-02
1.008033100515604019e-02 1.304677408188581467e-02
9.711883962154388428e-03 1.272366102784872055e-02
9.443549439311027527e-03 1.257444731891155243e-02
9.360232390463352203e-03 1.248124707490205765e-02
9.323637001216411591e-03 1.230516657233238220e-02
9.165213443338871002e-03 1.208979170769453049e-02
8.913177065551280975e-03 1.198819745332002640e-02
8.731765672564506531e-03 1.203181874006986618e-02
8.677045814692974091e-03 1.208290178328752518e-02
8.633767254650592804e-03 1.201545540243387222e-02
8.498273789882659912e-03 1.185502670705318451e-02
8.320414461195468903e-03 1.170303486287593842e-02
8.211378939449787140e-03 1.157777104526758194e-02
8.167583495378494263e-03 1.141178794205188751e-02
8.091271854937076569e-03 1.118252240121364594e-02
7.964812219142913818e-03 1.092506479471921921e-02
7.860812358558177948e-03 1.063660159707069397e-02
7.799340877681970596e-03 1.029249653220176697e-02
7.735600229352712631e-03 9.941733442246913910e-03
7.662089541554450989e-03 9.680418297648429871e-03
7.598793134093284607e-03 9.553618729114532471e-03
7.528624031692743301e-03 9.551416151225566864e-03
7.445401046425104141e-03 9.626558981835842133e-03
7.384481839835643768e-03 9.668517857789993286e-03
7.338142953813076019e-03 9.582017548382282257e-03
7.265056017786264420e-03 9.404056705534458160e-03
7.184388581663370132e-03 9.242697618901729584e-03
7.133280858397483826e-03 9.147592820227146149e-03
7.087205536663532257e-03 9.114441461861133575e-03
7.023944985121488571e-03 9.117759764194488525e-03
6.965467706322669983e-03 9.097103029489517212e-03
6.914597470313310623e-03 9.009284898638725281e-03
6.860869005322456360e-03 8.875370956957340240e-03
6.813334766775369644e-03 8.730915375053882599e-03
6.765997502952814102e-03 8.596219122409820557e-03
6.708586122840642929e-03 8.484539575874805450e-03
6.658947095274925232e-03 8.380433544516563416e-03
6.618916988372802734e-03 8.266526274383068085e-03
6.572357378900051117e-03 8.167752064764499664e-03
6.525539327412843704e-03 8.111383765935897827e-03
6.483872886747121811e-03 8.090092800557613373e-03
6.440606899559497833e-03 8.078215643763542175e-03
6.399564445018768311e-03 8.042380213737487793e-03
6.358924787491559982e-03 7.970998063683509827e-03
6.312939338386058807e-03 7.893777452409267426e-03
6.269476376473903656e-03 7.840232923626899719e-03
6.228687241673469543e-03 7.815329357981681824e-03
6.184333469718694687e-03 7.809195667505264282e-03
6.140551064163446426e-03 7.799213286489248276e-03
6.097141187638044357e-03 7.771105971187353134e-03
6.052691489458084106e-03 7.728096097707748413e-03
6.009960081428289413e-03 7.671764586120843887e-03
5.965114571154117584e-03 7.603613194078207016e-03
5.918584764003753662e-03 7.525694090873003006e-03
5.873677786439657211e-03 7.439568173140287399e-03
5.827612243592739105e-03 7.357236463576555252e-03
5.781556013971567154e-03 7.287940941751003265e-03
5.735739134252071381e-03 7.228807080537080765e-03
5.689302925020456314e-03 7.170695345848798752e-03
5.644516553729772568e-03 7.102342322468757629e-03
5.599307827651500702e-03 7.024688180536031723e-03
5.553914234042167664e-03 6.946036592125892639e-03
5.509388167411088943e-03 6.871353834867477417e-03
5.464975722134113312e-03 6.803463213145732880e-03
5.421977490186691284e-03 6.741378922015428543e-03
5.379067733883857727e-03 6.686211563646793365e-03
5.337109323590993881e-03 6.635800935328006744e-03
5.296407267451286316e-03 6.584609858691692352e-03
5.256572738289833069e-03 6.529842503368854523e-03
5.218042526394128799e-03 6.471651606261730194e-03
5.179961211979389191e-03 6.413692608475685120e-03
5.143367685377597809e-03 6.357188336551189423e-03
5.107607226818799973e-03 6.304980255663394928e-03
5.073165055364370346e-03 6.258186418563127518e-03
5.039463751018047333e-03 6.214550696313381195e-03
5.006955936551094055e-03 6.167860236018896103e-03
4.975382704287767410e-03 6.116230506449937820e-03
4.944816697388887405e-03 6.062506232410669327e-03
4.914990160614252090e-03 6.008404307067394257e-03
4.886084701865911484e-03 5.953202489763498306e-03
4.858015570789575577e-03 5.900308955460786819e-03
4.830859601497650146e-03 5.854256451129913330e-03
4.804377909749746323e-03 5.813115276396274567e-03
4.778757691383361816e-03 5.771040916442871094e-03
4.753814544528722763e-03 5.728469695895910263e-03
4.729695618152618408e-03 5.687584634870290756e-03
4.706120584160089493e-03 5.646375939249992371e-03
4.683309234678745270e-03 5.604000296443700790e-03
4.661102313548326492e-03 5.565694533288478851e-03
4.639598075300455093e-03 5.532507319003343582e-03
4.618674516677856445e-03 5.499819759279489517e-03
4.598331637680530548e-03 5.467316601425409317e-03
4.578616470098495483e-03 5.436739418655633926e-03
4.559397697448730469e-03 5.405159201472997665e-03
4.540747497230768204e-03 5.371673032641410828e-03
4.522566217929124832e-03 5.340897943824529648e-03
4.504863638430833817e-03 5.313317757099866867e-03
4.487614613026380539e-03 5.286783445626497269e-03
4.470726940780878067e-03 5.263126455247402191e-03
4.454235080629587173e-03 5.241879727691411972e-03
4.438085015863180161e-03 5.219726357609033585e-03
4.422240424901247025e-03 5.197590216994285583e-03
4.406699910759925842e-03 5.176767706871032715e-03
4.391398746520280838e-03 5.156103055924177170e-03
4.376332275569438934e-03 5.136793479323387146e-03
4.361483734101057053e-03 5.119801498949527740e-03
4.346798174083232880e-03 5.103320349007844925e-03
4.332278389483690262e-03 5.087108351290225983e-03
4.317920189350843430e-03 5.071362480521202087e-03
4.303683526813983917e-03 5.055031273514032364e-03
4.289563745260238647e-03 5.038879346102476120e-03
4.275559913367033005e-03 5.023702979087829590e-03
4.261647351086139679e-03 5.008976440876722336e-03
4.247817210853099823e-03 4.994948394596576691e-03
4.234070889651775360e-03 4.981246776878833771e-03
4.220395814627408981e-03 4.967049229890108109e-03
4.206780809909105301e-03 4.952585790306329727e-03
4.193224012851715088e-03 4.937959834933280945e-03
4.179719835519790649e-03 4.923515953123569489e-03
4.166259430348873138e-03 4.909737966954708099e-03
4.152833484113216400e-03 4.896601196378469467e-03
4.139445256441831589e-03 4.883898422122001648e-03
4.126093350350856781e-03 4.871191456913948059e-03
4.112775437533855438e-03 4.858296364545822144e-03
4.099498037248849869e-03 4.845052026212215424e-03
4.086272325366735458e-03 4.831705242395401001e-03
4.073116462677717209e-03 4.818620160222053528e-03
4.060050006955862045e-03 4.805630538612604141e-03
4.047094844281673431e-03 4.793055821210145950e-03
4.034283570945262909e-03 4.780316259711980820e-03
4.021648317575454712e-03 4.767409525811672211e-03
4.009225405752658844e-03 4.754439461976289749e-03
3.997045103460550308e-03 4.741181153804063797e-03
3.985133487731218338e-03 4.728572908788919449e-03
3.973510116338729858e-03 4.716058261692523956e-03
3.962184302508831024e-03 4.704405553638935089e-03
3.951158374547958374e-03 4.692951217293739319e-03
3.940420225262641907e-03 4.681752063333988190e-03
3.929945174604654312e-03 4.670778755098581314e-03
3.919702488929033279e-03 4.659540485590696335e-03
3.909651190042495728e-03 4.648861009627580643e-03
3.899748204275965691e-03 4.637596663087606430e-03
3.889943705871701241e-03 4.627041984349489212e-03
3.880188334733247757e-03 4.615276120603084564e-03
3.870432963594794273e-03 4.604220390319824219e-03
3.860628465190529823e-03 4.591206088662147522e-03
3.850726643577218056e-03 4.579598084092140198e-03
3.840687451884150505e-03 4.565126728266477585e-03
3.830471076071262360e-03 4.554015584290027618e-03
3.820048877969384193e-03 4.537605214864015579e-03
3.809400135651230812e-03 4.529010970145463943e-03
3.798533696681261063e-03 4.508324898779392242e-03
3.787503344938158989e-03 4.507734905928373337e-03
3.776543773710727692e-03 4.476306028664112091e-03
3.766308538615703583e-03 4.503391217440366745e-03
3.759072162210941315e-03 4.447801504284143448e-03
3.760986262932419777e-03 4.592780489474534988e-03
3.794659394770860672e-03 4.527879878878593445e-03
3.894872963428497314e-03 5.119641311466693878e-03
4.155031871050596237e-03 4.722191020846366882e-03
4.127385094761848450e-03 4.751533269882202148e-03
3.876533592119812965e-03 4.411374218761920929e-03
3.662809031084179878e-03 4.525157157331705093e-03
3.897740272805094719e-03 4.853307735174894333e-03
3.923223353922367096e-03 4.357026424258947372e-03
3.612071275711059570e-03 4.484977573156356812e-03
3.823620500043034554e-03 4.765706602483987808e-03
3.825868945568799973e-03 4.366924520581960678e-03
3.563967999070882797e-03 4.495170433074235916e-03
3.806640626862645149e-03 4.604017827659845352e-03
3.667188575491309166e-03 4.442427307367324829e-03
3.549159970134496689e-03 4.448045510798692703e-03
3.720402950420975685e-03 4.394473042339086533e-03
3.487791400402784348e-03 4.527873825281858444e-03
3.546885680407285690e-03 4.318746738135814667e-03
3.520604688674211502e-03 4.270529374480247498e-03
3.396838437765836716e-03 4.516264423727989197e-03
3.479715436697006226e-03 4.251480568200349808e-03
3.345914883539080620e-03 4.254371859133243561e-03
3.381828311830759048e-03 4.387184977531433105e-03
3.341279691085219383e-03 4.290644079446792603e-03
3.273244481533765793e-03 4.219074267894029617e-03
3.309917403385043144e-03 4.237971268594264984e-03
3.210188355296850204e-03 4.326506052166223526e-03
3.225767984986305237e-03 4.160846583545207977e-03
3.182301297783851624e-03 4.150478169322013855e-03
3.139736829325556755e-03 4.281138535588979721e-03
3.148392075672745705e-03 4.137780983000993729e-03
3.085410920903086662e-03 4.100462421774864197e-03
3.094672691076993942e-03 4.181767813861370087e-03
3.060462186112999916e-03 4.144586157053709030e-03
3.034148598089814186e-03 4.059163853526115417e-03
3.036905778571963310e-03 4.089046269655227661e-03
2.995014190673828125e-03 4.136089701205492020e-03
2.996827242895960808e-03 4.028643947094678879e-03
2.976559335365891457e-03 4.028915893286466599e-03
2.956163370981812477e-03 4.102455452084541321e-03
2.957263728603720665e-03 4.017332103103399277e-03
2.931308932602405548e-03 3.994274418801069260e-03
2.928532892838120461e-03 4.055789671838283539e-03
2.918259473517537117e-03 4.012777935713529587e-03
2.900590188801288605e-03 3.970313817262649536e-03
2.900630468502640724e-03 4.011345561593770981e-03
2.884052926674485207e-03 4.006174392998218536e-03
2.875075442716479301e-03 3.954736981540918350e-03
2.870525000616908073e-03 3.978705033659934998e-03
2.854588441550731659e-03 3.995038568973541260e-03
2.849749755114316940e-03 3.943619783967733383e-03
2.841383218765258789e-03 3.954970277845859528e-03
2.829168457537889481e-03 3.979661967605352402e-03
2.825353993102908134e-03 3.933964762836694717e-03
2.815970219671726227e-03 3.936510533094406128e-03
2.806977834552526474e-03 3.961125854402780533e-03
2.802820177748799324e-03 3.921581432223320007e-03
2.793668070808053017e-03 3.918783739209175110e-03
2.786103403195738792e-03 3.939805552363395691e-03
2.781185787171125412e-03 3.905257442966103554e-03
2.772451844066381454e-03 3.900945186614990234e-03
2.765173325315117836e-03 3.917395602911710739e-03
2.759738126769661903e-03 3.885961137712001801e-03
2.751576714217662811e-03 3.882443998008966446e-03
2.744207857176661491e-03 3.893624991178512573e-03
2.738497452810406685e-03 3.864920465275645256e-03
2.730986336246132851e-03 3.865096252411603928e-03
2.723384182900190353e-03 3.870259970426559448e-03
2.717296592891216278e-03 3.844541497528553009e-03
2.710427390411496162e-03 3.849519649520516396e-03
2.702771453186869621e-03 3.846259322017431259e-03
2.696132287383079529e-03 3.824994200840592384e-03
2.689779968932271004e-03 3.833847353234887123e-03
2.682589692994952202e-03 3.820734098553657532e-03
2.675474621355533600e-03 3.807358909398317337e-03
2.669086912646889687e-03 3.815563162788748741e-03
2.662551822140812874e-03 3.794930642470717430e-03
2.655452815815806389e-03 3.791710594668984413e-03
2.648491412401199341e-03 3.791236551478505135e-03
2.641926286742091179e-03 3.771121148020029068e-03
2.635210752487182617e-03 3.775295568630099297e-03
2.628093818202614784e-03 3.761357860639691353e-03
2.620922867208719254e-03 3.750526811927556992e-03
2.613967051729559898e-03 3.751631826162338257e-03
2.607021480798721313e-03 3.731727600097656250e-03
2.599803498014807701e-03 3.731968346983194351e-03
2.592364791780710220e-03 3.720275126397609711e-03
2.584910718724131584e-03 3.709021024405956268e-03
2.577513223513960838e-03 3.708648029714822769e-03
2.570055425167083740e-03 3.690710524097084999e-03
2.562403911724686623e-03 3.691195975989103317e-03
2.554569626227021217e-03 3.677515778690576553e-03
2.546637319028377533e-03 3.670600941404700279e-03
2.538689877837896347e-03 3.665709402412176132e-03
2.530734520405530930e-03 3.651467151939868927e-03
2.522732829675078392e-03 3.651740727946162224e-03
2.514661522582173347e-03 3.635152475908398628e-03
2.506514079868793488e-03 3.634945023804903030e-03
2.498333342373371124e-03 3.620866453275084496e-03
2.490151207894086838e-03 3.616978181526064873e-03
2.482009818777441978e-03 3.607399761676788330e-03
2.473929198458790779e-03 3.599273972213268280e-03
2.465922851115465164e-03 3.594094188883900642e-03
2.457999391481280327e-03 3.582598175853490829e-03
2.450157655403017998e-03 3.581254510208964348e-03
2.442403463646769524e-03 3.567065345123410225e-03
2.434732159599661827e-03 3.569677239283919334e-03
2.427153987810015678e-03 3.552331589162349701e-03
2.419668482616543770e-03 3.560465294867753983e-03
2.412306610494852066e-03 3.537496086210012436e-03
2.405095146968960762e-03 3.555490169674158096e-03
2.398148644715547562e-03 3.521043341606855392e-03
2.391608199104666710e-03 3.559099510312080383e-03
2.385962754487991333e-03 3.500757506117224693e-03
2.381833503022789955e-03 3.584318561479449272e-03
2.381599973887205124e-03 3.478580154478549957e-03
2.387608401477336884e-03 3.676616586744785309e-03
2.412453759461641312e-03 3.487295936793088913e-03
2.457943977788090706e-03 3.976154141128063202e-03
2.583256224170327187e-03 3.617118112742900848e-03
2.679890720173716545e-03 4.423397127538919449e-03
2.886712551116943359e-03 3.579946467652916908e-03
2.637543482705950737e-03 3.695073770359158516e-03
2.406596671789884567e-03 3.514788346365094185e-03
2.320358529686927795e-03 3.470768686383962631e-03
2.457556314766407013e-03 3.964951261878013611e-03
2.557421103119850159e-03 3.422763897106051445e-03
2.361237071454524994e-03 3.424423513934016228e-03
2.297251019626855850e-03 3.749093972146511078e-03
2.410640707239508629e-03 3.436123952269554138e-03
2.387215849012136459e-03 3.521555801853537560e-03
2.286337316036224365e-03 3.524746280163526535e-03
2.285049762576818466e-03 3.399464068934321404e-03
2.340290928259491920e-03 3.582872450351715088e-03
2.309286268427968025e-03 3.411958692595362663e-03
2.247284166514873505e-03 3.375223837792873383e-03
2.283004811033606529e-03 3.601403906941413879e-03
2.303416142240166664e-03 3.384629031643271446e-03
2.240716479718685150e-03 3.380706766620278358e-03
2.237624721601605415e-03 3.567226696759462357e-03
2.271231729537248611e-03 3.369763260707259178e-03
2.237053355202078819e-03 3.398462664335966110e-03
2.208755584433674812e-03 3.498011035844683647e-03
2.228362252935767174e-03 3.352967789396643639e-03
2.225839765742421150e-03 3.421157831326127052e-03
2.197132213041186333e-03 3.418099135160446167e-03
2.192828804254531860e-03 3.338919719681143761e-03
2.204127609729766846e-03 3.448646049946546555e-03
2.192793181166052818e-03 3.373058279976248741e-03
2.173437038436532021e-03 3.347492543980479240e-03
2.176877576857805252e-03 3.450949210673570633e-03
2.181121613830327988e-03 3.343193093314766884e-03
2.165811136364936829e-03 3.359579946845769882e-03
2.155486261472105980e-03 3.411640180274844170e-03
2.159312367439270020e-03 3.324983641505241394e-03
2.157186856493353844e-03 3.382024820894002914e-03
2.145597478374838829e-03 3.360948292538523674e-03
2.139136428013443947e-03 3.319779643788933754e-03
2.140764612704515457e-03 3.392814192920923233e-03
2.138428855687379837e-03 3.326814156025648117e-03
2.129266737028956413e-03 3.337162313982844353e-03
2.123758662492036819e-03 3.373638261109590530e-03
2.123828046023845673e-03 3.312919288873672485e-03
2.121750731021165848e-03 3.360223490744829178e-03
2.115395152941346169e-03 3.333184402436017990e-03
2.109790686517953873e-03 3.316780785098671913e-03
2.108161570504307747e-03 3.362179500982165337e-03
2.107090316712856293e-03 3.309745108708739281e-03
2.102990634739398956e-03 3.337258240208029747e-03
2.097839256748557091e-03 3.331551793962717056e-03
2.094661816954612732e-03 3.306458937004208565e-03
2.093285089358687401e-03 3.345211734995245934e-03
2.091272501274943352e-03 3.303956706076860428e-03
2.087533473968505859e-03 3.323089564219117165e-03
2.083669183775782585e-03 3.320487216114997864e-03
2.081089420244097710e-03 3.298849100247025490e-03
2.079472644254565239e-03 3.329181578010320663e-03
2.077540848404169083e-03 3.294734517112374306e-03
2.074666786938905716e-03 3.314055735245347023e-03
2.071537310257554054e-03 3.305128077045083046e-03
2.068964065983891487e-03 3.294285852462053299e-03
2.067101653665304184e-03 3.314058994874358177e-03
2.065430628135800362e-03 3.286027582362294197e-03
2.063399879261851311e-03 3.308746032416820526e-03
2.060996368527412415e-03 3.289742395281791687e-03
2.058531623333692551e-03 3.293892368674278259e-03
2.056360244750976562e-03 3.296536626294255257e-03
2.054549753665924072e-03 3.280912293121218681e-03
2.052923664450645447e-03 3.298339899629354477e-03
2.051262650638818741e-03 3.275173483416438103e-03
2.049436094239354134e-03 3.292837413027882576e-03
2.047495916485786438e-03 3.275802591815590858e-03
2.045539440587162971e-03 3.282993799075484276e-03
2.043681684881448746e-03 3.278499934822320938e-03
2.041967120021581650e-03 3.273328300565481186e-03
2.040385268628597260e-03 3.280250821262598038e-03
2.038891660049557686e-03 3.265544073656201363e-03
2.037434838712215424e-03 3.279142780229449272e-03
2.035988494753837585e-03 3.259694669395685196e-03
2.034530509263277054e-03 3.275699215009808540e-03
2.033075317740440369e-03 3.255438990890979767e-03
2.031620126217603683e-03 3.271990921348333359e-03
2.030191011726856232e-03 3.252061782404780388e-03
2.028785413131117821e-03 3.268469590693712234e-03
2.027426613494753838e-03 3.248001914471387863e-03
2.026111586019396782e-03 3.265890059992671013e-03
2.024867804720997810e-03 3.242514329031109810e-03
2.023700624704360962e-03 3.265609266236424446e-03
2.022671978920698166e-03 3.235165495425462723e-03
2.021825639531016350e-03 3.269794397056102753e-03
2.021350897848606110e-03 3.224465530365705490e-03
2.021429594606161118e-03 3.283817321062088013e-03
2.022773958742618561e-03 3.209801856428384781e-03
2.026053378358483315e-03 3.322890494018793106e-03
2.034314908087253571e-03 3.196320962160825729e-03
2.049484523013234138e-03 3.433784469962120056e-03
2.085419138893485069e-03 3.219526726752519608e-03
2.139530843123793602e-03 3.734516445547342300e-03
2.266362076625227928e-03 3.350458806380629539e-03
2.357128309085965157e-03 4.125921521335840225e-03
2.532533369958400726e-03 3.337079193443059921e-03
2.343357307836413383e-03 3.540814621374011040e-03
2.147661056369543076e-03 3.221013350412249565e-03
2.013159915804862976e-03 3.196216654032468796e-03
2.106992993503808975e-03 3.698345273733139038e-03
2.244792412966489792e-03 3.201518673449754715e-03
2.131093526259064674e-03 3.265340346843004227e-03
2.014590892940759659e-03 3.363030729815363884e-03
2.048328286036849022e-03 3.213468473404645920e-03
2.121507190167903900e-03 3.468576120212674141e-03
2.098051365464925766e-03 3.203940577805042267e-03
2.011688426136970520e-03 3.181826788932085037e-03
2.035148208960890770e-03 3.445601556450128555e-03
2.094073686748743057e-03 3.174351761117577553e-03
2.046867273747920990e-03 3.218892728909850121e-03
2.002438064664602280e-03 3.325602272525429726e-03
2.032357733696699142e-03 3.178410464897751808e-03
2.051394199952483177e-03 3.302844939753413200e-03
2.020236570388078690e-03 3.233053255826234818e-03
1.999652246013283730e-03 3.182937623932957649e-03
2.024085493758320808e-03 3.347329329699277878e-03
2.034671371802687645e-03 3.185257315635681152e-03
2.005889080464839935e-03 3.195129800587892532e-03
1.996924169361591339e-03 3.294138703495264053e-03
2.015536418184638023e-03 3.164019668474793434e-03
2.016515238210558891e-03 3.245434490963816643e-03
1.998845255002379417e-03 3.219180740416049957e-03
1.992658246308565140e-03 3.169023431837558746e-03
2.003816654905676842e-03 3.277422627434134483e-03
2.007493516430258751e-03 3.172938013449311256e-03
1.995056401938199997e-03 3.192208940163254738e-03
1.988769741728901863e-03 3.240267513319849968e-03
1.995227066799998283e-03 3.159080864861607552e-03
1.998924650251865387e-03 3.232491202652454376e-03
1.992934849113225937e-03 3.181466134265065193e-03
1.986001385375857353e-03 3.168167546391487122e-03
1.987378345802426338e-03 3.232547082006931305e-03
1.991887576878070831e-03 3.157305065542459488e-03
1.990527380257844925e-03 3.207684261724352837e-03
1.985201612114906311e-03 3.184768371284008026e-03
1.982342917472124100e-03 3.162736073136329651e-03
1.984103117138147354e-03 3.218181198462843895e-03
1.986259128898382187e-03 3.157412400469183922e-03
1.984748290851712227e-03 3.199433442205190659e-03
1.981258392333984375e-03 3.180470084771513939e-03
1.979137305170297623e-03 3.166483249515295029e-03
1.979664666578173637e-03 3.204580396413803101e-03
1.980904489755630493e-03 3.155660349875688553e-03
1.980467699468135834e-03 3.194602904841303825e-03
1.978465588763356209e-03 3.166301641613245010e-03
1.976392930373549461e-03 3.167118411511182785e-03
1.975636696442961693e-03 3.185490379109978676e-03
1.975992228835821152e-03 3.153248224407434464e-03
1.976279774680733681e-03 3.190348157659173012e-03
1.975729130208492279e-03 3.156085964292287827e-03
1.974355429410934448e-03 3.176145255565643311e-03
1.972960773855447769e-03 3.168368246406316757e-03
1.972121885046362877e-03 3.159059444442391396e-03
1.971895573660731316e-03 3.178968327119946480e-03
1.971892546862363815e-03 3.151825862005352974e-03
1.971644582226872444e-03 3.179379273205995560e-03
1.971005694940686226e-03 3.153870347887277603e-03
1.970061566680669785e-03 3.170143114402890205e-03
1.969115342944860458e-03 3.161074593663215637e-03
1.968369120731949806e-03 3.158952808007597923e-03
1.967883436009287834e-03 3.168129129335284233e-03
1.967575633898377419e-03 3.151569981127977371e-03
1.967302756384015083e-03 3.170939162373542786e-03
1.966960728168487549e-03 3.148368559777736664e-03
1.966484589502215385e-03 3.168878611177206039e-03
1.965907635167241096e-03 3.148928983137011528e-03
1.965258503332734108e-03 3.163872985169291496e-03
1.964604249224066734e-03 3.150970442220568657e-03
1.963977003470063210e-03 3.157758619636297226e-03
1.963402144610881805e-03 3.153019817546010017e-03
1.962881302461028099e-03 3.152051707729697227e-03
1.962407724931836128e-03 3.154992824420332909e-03
1.961969304829835892e-03 3.147846320644021034e-03
1.961555564776062965e-03 3.156546503305435181e-03
1.961161848157644272e-03 3.144028596580028534e-03
1.960783731192350388e-03 3.157642437145113945e-03
1.960429828613996506e-03 3.139998530969023705e-03
1.960102934390306473e-03 3.159006126224994659e-03
1.959832850843667984e-03 3.135260427370667458e-03
1.959633314982056618e-03 3.162254346534609795e-03
1.959583023563027382e-03 3.129122313112020493e-03
1.959727378562092781e-03 3.169712610542774200e-03
1.960295485332608223e-03 3.120992332696914673e-03
1.961424713954329491e-03 3.186332061886787415e-03
1.963868504390120506e-03 3.110326360911130905e-03
1.968000316992402077e-03 3.223945619538426399e-03
1.976555213332176208e-03 3.102015005424618721e-03
1.990024698898196220e-03 3.315025009214878082e-03
2.018892904743552208e-03 3.120009088888764381e-03
2.058052457869052887e-03 3.531355177983641624e-03
2.144733909517526627e-03 3.211365081369876862e-03
2.214852254837751389e-03 3.861202159896492958e-03
2.362078521400690079e-03 3.270102664828300476e-03
2.302345121279358864e-03 3.674864536151289940e-03
2.235895954072475433e-03 3.103503026068210602e-03
2.029713010415434837e-03 3.124539973214268684e-03
1.958491979166865349e-03 3.350811311975121498e-03
2.039739396423101425e-03 3.135325154289603233e-03
2.108257962390780449e-03 3.439312800765037537e-03
2.089149085804820061e-03 3.099969122558832169e-03
1.980186440050601959e-03 3.118593711405992508e-03
1.963334158062934875e-03 3.355906344950199127e-03
2.031151205301284790e-03 3.125552786514163017e-03
2.042960841208696365e-03 3.272645641118288040e-03
1.993218204006552696e-03 3.136450657621026039e-03
1.953345024958252907e-03 3.097399836406111717e-03
1.982868649065494537e-03 3.311179345473647118e-03
2.016774844378232956e-03 3.099577035754919052e-03
1.985257258638739586e-03 3.152605379000306129e-03
1.952745020389556885e-03 3.203868400305509567e-03
1.965238247066736221e-03 3.103605937212705612e-03
1.987274503335356712e-03 3.246686654165387154e-03
1.978896791115403175e-03 3.123780013993382454e-03
1.953118480741977692e-03 3.117132466286420822e-03
1.954019535332918167e-03 3.226806642487645149e-03
1.971950056031346321e-03 3.094436600804328918e-03
1.970465295016765594e-03 3.173909848555922508e-03
1.954354811459779739e-03 3.140180604532361031e-03
1.947392476722598076e-03 3.101805225014686584e-03
1.956613268703222275e-03 3.206510096788406372e-03
1.963615417480468750e-03 3.098476678133010864e-03
1.955465180799365044e-03 3.140115411952137947e-03
1.946053700521588326e-03 3.148430027067661285e-03
1.947045559063553810e-03 3.095561638474464417e-03
1.953554805368185043e-03 3.178968327119946480e-03
1.954627688974142075e-03 3.099024528637528419e-03
1.948036137036979198e-03 3.124769311398267746e-03
1.943262293934822083e-03 3.142103087157011032e-03
1.944866729900240898e-03 3.093509702011942863e-03
1.948544289916753769e-03 3.161423606798052788e-03
1.948734628967940807e-03 3.096903674304485321e-03
1.944723655469715595e-03 3.121882211416959763e-03
1.941434107720851898e-03 3.127492032945156097e-03
1.941584399901330471e-03 3.095612162724137306e-03
1.943666022270917892e-03 3.149924566969275475e-03
1.944604911841452122e-03 3.096724860370159149e-03
1.942906528711318970e-03 3.130581695586442947e-03
1.940373564139008522e-03 3.114559920504689217e-03
1.938990782946348190e-03 3.103364259004592896e-03
1.939362729899585247e-03 3.134153550490736961e-03
1.940370188094675541e-03 3.092882921919226646e-03
1.940513378940522671e-03 3.130439901724457741e-03
1.939513254910707474e-03 3.097966313362121582e-03
1.937952009029686451e-03 3.111485159024596214e-03
1.936868997290730476e-03 3.114521969109773636e-03
1.936647808179259300e-03 3.097636858001351357e-03
1.936957938596606255e-03 3.125579096376895905e-03
1.937184133566915989e-03 3.093426115810871124e-03
1.936868648044764996e-03 3.121594898402690887e-03
1.936099608428776264e-03 3.098789136856794357e-03
1.935161533765494823e-03 3.110209945589303970e-03
1.934434170834720135e-03 3.109076060354709625e-03
1.934062805958092213e-03 3.099603112787008286e-03
1.933967228978872299e-03 3.116348758339881897e-03
1.933944644406437874e-03 3.094473853707313538e-03
1.933794002979993820e-03 3.117280080914497375e-03
1.933456282131373882e-03 3.094884566962718964e-03
1.932939747348427773e-03 3.112114965915679932e-03
1.932363142259418964e-03 3.098450368270277977e-03
1.931812264956533909e-03 3.104963572695851326e-03
1.931356382556259632e-03 3.103674622252583504e-03
1.931007718667387962e-03 3.099163062870502472e-03
1.930744387209415436e-03 3.107710741460323334e-03
1.930526341311633587e-03 3.094623563811182976e-03
1.930313650518655777e-03 3.109170356765389442e-03
1.930083497427403927e-03 3.092121798545122147e-03
1.929815858602523804e-03 3.109283046796917915e-03
1.929520047269761562e-03 3.091311547905206680e-03
1.929191639646887779e-03 3.108207369223237038e-03
1.928851706907153130e-03 3.090855665504932404e-03
1.928500016219913960e-03 3.106541931629180908e-03
1.928154728375375271e-03 3.090414917096495628e-03
1.927812583744525909e-03 3.105073235929012299e-03
1.927485805936157703e-03 3.089374862611293793e-03
1.927170320414006710e-03 3.104000585153698921e-03
1.926877768710255623e-03 3.087621415033936501e-03
1.926605938933789730e-03 3.104324452579021454e-03
1.926373108290135860e-03 3.085167380049824715e-03
1.926184515468776226e-03 3.106405958533287048e-03
1.926081837154924870e-03 3.081047907471656799e-03
1.926090102642774582e-03 3.111238591372966766e-03
1.926323515363037586e-03 3.074812702834606171e-03
1.926864264532923698e-03 3.122095251455903053e-03
1.928069163113832474e-03 3.066143020987510681e-03
1.930176978930830956e-03 3.145759226754307747e-03
1.934429164975881577e-03 3.056115703657269478e-03
1.941379508934915066e-03 3.200321225449442863e-03
1.955702668055891991e-03 3.055613720789551735e-03
1.977352192625403404e-03 3.333406522870063782e-03
2.024315530434250832e-03 3.103001508861780167e-03
2.081438200548291206e-03 3.631241619586944580e-03
2.209206577390432358e-03 3.235139185562729836e-03
2.275870880112051964e-03 3.943344112485647202e-03
2.420219127088785172e-03 3.221161197870969772e-03
2.261887304484844208e-03 3.471024334430694580e-03
2.105494961142539978e-03 3.056489862501621246e-03
1.941187074407935143e-03 3.049289574846625328e-03
1.963767688721418381e-03 3.444612957537174225e-03
2.092815004289150238e-03 3.095849417150020599e-03
2.088323701173067093e-03 3.289018291980028152e-03
1.999468309804797173e-03 3.091130871325731277e-03
1.924793818034231663e-03 3.071607789024710655e-03
1.970401266589760780e-03 3.382552415132522583e-03
2.039972692728042603e-03 3.073385916650295258e-03
1.994124613702297211e-03 3.140202024951577187e-03
1.930438564158976078e-03 3.156879916787147522e-03
1.936756540089845657e-03 3.061107359826564789e-03
1.980058616027235985e-03 3.253446193411946297e-03
1.979618100449442863e-03 3.063311800360679626e-03
1.932189334183931351e-03 3.069749334827065468e-03
1.927156816236674786e-03 3.218906000256538391e-03
1.959002576768398285e-03 3.063614945858716965e-03
1.957590924575924873e-03 3.152654739096760750e-03
1.929907361045479774e-03 3.114297753199934959e-03
1.920935465022921562e-03 3.056310582906007767e-03
1.939185662195086479e-03 3.193998243659734726e-03
1.947523909620940685e-03 3.059550421312451363e-03
1.929142512381076813e-03 3.090932266786694527e-03
1.917690271511673927e-03 3.143157344311475754e-03
1.926854485645890236e-03 3.053299384191632271e-03
1.935130334459245205e-03 3.146370174363255501e-03
1.928457641042768955e-03 3.073873696848750114e-03
1.917158719152212143e-03 3.067549550905823708e-03
1.918379566632211208e-03 3.140758490189909935e-03
1.926390104927122593e-03 3.051729872822761536e-03
1.925951335579156876e-03 3.111708676442503929e-03
1.918494584970176220e-03 3.082822309806942940e-03
1.914326450787484646e-03 3.059721319004893303e-03
1.917700748890638351e-03 3.126918338239192963e-03
1.921634655445814133e-03 3.051609732210636139e-03
1.919417409226298332e-03 3.093980718404054642e-03
1.914563588798046112e-03 3.078793641179800034e-03
1.912758219987154007e-03 3.056833520531654358e-03
1.914968830533325672e-03 3.111877012997865677e-03
1.917118090204894543e-03 3.054697299376130104e-03
1.915815519168972969e-03 3.093333914875984192e-03
1.912792562507092953e-03 3.075479064136743546e-03
1.911101862788200378e-03 3.063080599531531334e-03
1.911852625198662281e-03 3.099219175055623055e-03
1.913267537020146847e-03 3.053558059036731720e-03
1.913141459226608276e-03 3.089288016781210899e-03
1.911528641358017921e-03 3.063112730160355568e-03
1.909836428239941597e-03 3.064957913011312485e-03
1.909382990561425686e-03 3.083302639424800873e-03
1.909972401335835457e-03 3.053413936868309975e-03
1.910442369990050793e-03 3.086800454184412956e-03
1.910060294903814793e-03 3.056286834180355072e-03
1.908948179334402084e-03 3.072497667744755745e-03
1.907935715280473232e-03 3.070751205086708069e-03
1.907545491121709347e-03 3.059716895222663879e-03
1.907685422338545322e-03 3.081658855080604553e-03
1.907862140797078609e-03 3.055530600249767303e-03
1.907642697915434837e-03 3.078825771808624268e-03
1.907035475596785545e-03 3.060452640056610107e-03
1.906299032270908356e-03 3.067709039896726608e-03
1.905761542730033398e-03 3.068804275244474411e-03
1.905528595671057701e-03 3.057766705751419067e-03
1.905482145957648754e-03 3.074313746765255928e-03
1.905416836962103844e-03 3.055308945477008820e-03
1.905178884044289589e-03 3.073774278163909912e-03
1.904772594571113586e-03 3.058342263102531433e-03
1.904279692098498344e-03 3.067161189392209053e-03
1.903827302157878876e-03 3.063141135498881340e-03
1.903483760543167591e-03 3.060153219848871231e-03
1.903251279145479202e-03 3.067745128646492958e-03
1.903079217299818993e-03 3.056094748899340630e-03
1.902901451103389263e-03 3.069270402193069458e-03
1.902675954625010490e-03 3.055090317502617836e-03
1.902384799905121326e-03 3.067674348130822182e-03
1.902048825286328793e-03 3.056545741856098175e-03
1.901692245155572891e-03 3.063886193558573723e-03
1.901346608065068722e-03 3.058405360206961632e-03
1.901029027067124844e-03 3.059289650991559029e-03
1.900744391605257988e-03 3.060341579839587212e-03
1.900487462989985943e-03 3.056030953302979469e-03
1.900247996672987938e-03 3.062009811401367188e-03
1.900015631690621376e-03 3.053730353713035583e-03
1.899782218970358372e-03 3.062397008761763573e-03
1.899543334729969501e-03 3.052017418667674065e-03
1.899295835755765438e-03 3.062051022425293922e-03
1.899042865261435509e-03 3.050910541787743568e-03
1.898783841170370579e-03 3.061347873881459236e-03
1.898523885756731033e-03 3.049954306334257126e-03
1.898262649774551392e-03 3.060742048546671867e-03
1.898006070405244827e-03 3.049109363928437233e-03
1.897753099910914898e-03 3.060550428926944733e-03
1.897510490380227566e-03 3.047701204195618629e-03
1.897278358228504658e-03 3.060620976611971855e-03
1.897065551020205021e-03 3.045474179089069366e-03
1.896875561214983463e-03 3.061840077862143517e-03
1.896728528663516045e-03 3.042527474462985992e-03
1.896635862067341805e-03 3.064977005124092102e-03
1.896647270768880844e-03 3.038103459402918816e-03
1.896798727102577686e-03 3.071302548050880432e-03
1.897230860777199268e-03 3.031608881428837776e-03
1.898043788969516754e-03 3.084217663854360580e-03
1.899680122733116150e-03 3.022783203050494194e-03
1.902393763884902000e-03 3.111471887677907944e-03
1.907703350298106670e-03 3.013930516317486763e-03
1.916055334731936455e-03 3.173108212649822235e-03
1.932998653501272202e-03 3.018129849806427956e-03
1.957428641617298126e-03 3.318300936371088028e-03
2.009809017181396484e-03 3.074883250519633293e-03
2.069128910079598427e-03 3.624055068939924240e-03
2.201020717620849609e-03 3.208891954272985458e-03
2.259356435388326645e-03 3.908350598067045212e-03
2.392363734543323517e-03 3.184118540957570076e-03
2.230963204056024551e-03 3.433032892644405365e-03
2.076718024909496307e-03 3.016109578311443329e-03
1.914656488224864006e-03 3.009548410773277283e-03
1.927928184159100056e-03 3.380386391654610634e-03
2.050000475719571114e-03 3.059846814721822739e-03
2.063634572550654411e-03 3.286946797743439674e-03
1.990801887586712837e-03 3.037638962268829346e-03
1.900860923342406750e-03 3.033489920198917389e-03
1.924223732203245163e-03 3.319162409752607346e-03
1.997586106881499290e-03 3.039411501958966255e-03
1.978773158043622971e-03 3.142711007967591286e-03
1.916764420457184315e-03 3.077349625527858734e-03
1.896486268378794193e-03 3.021517070010304451e-03
1.936438027769327164e-03 3.231633687391877174e-03
1.959549030289053917e-03 3.018266055732965469e-03
1.919306232593953609e-03 3.054916160181164742e-03
1.892989152111113071e-03 3.139592008665204048e-03
1.913066138513386250e-03 3.024717560037970543e-03
1.931269303895533085e-03 3.152823541313409805e-03
1.916957902722060680e-03 3.039202187210321426e-03
1.892778789624571800e-03 3.025140846148133278e-03
1.897682202979922295e-03 3.148477990180253983e-03
1.915544504299759865e-03 3.018860938027501106e-03
1.911180443130433559e-03 3.091309918090701103e-03
1.894455519504845142e-03 3.066967474296689034e-03
1.889917417429387569e-03 3.019051626324653625e-03
1.900314469821751118e-03 3.124642418697476387e-03
1.905707875266671181e-03 3.021541517227888107e-03
1.896187546662986279e-03 3.055491251870989799e-03
1.887862454168498516e-03 3.075453219935297966e-03
1.890760031528770924e-03 3.015521680936217308e-03
1.897067646495997906e-03 3.098571673035621643e-03
1.896403264254331589e-03 3.026590449735522270e-03
1.889347797259688377e-03 3.042079275473952293e-03
1.886054174974560738e-03 3.070036182180047035e-03
1.889119739644229412e-03 3.012319328263401985e-03
1.892318367026746273e-03 3.077266039326786995e-03
1.890990417450666428e-03 3.024335950613021851e-03
1.886626239866018295e-03 3.039089264348149300e-03
1.884628320112824440e-03 3.061133669689297676e-03
1.886227633804082870e-03 3.018524730578064919e-03
1.888197730295360088e-03 3.070615930482745171e-03
1.887760590761899948e-03 3.024549689143896103e-03
1.885177567601203918e-03 3.041863907128572464e-03
1.883316785097122192e-03 3.046996193006634712e-03
1.883534598164260387e-03 3.018808085471391678e-03
1.884737052023410797e-03 3.058423288166522980e-03
1.885097939521074295e-03 3.018495859578251839e-03
1.883926801383495331e-03 3.042791038751602173e-03
1.882379292510449886e-03 3.033456858247518539e-03
1.881654723547399044e-03 3.022077260538935661e-03
1.881956704892218113e-03 3.047586884349584579e-03
1.882481621578335762e-03 3.016821574419736862e-03
1.882357639260590076e-03 3.045535646378993988e-03
1.881556352600455284e-03 3.025749465450644493e-03
1.880596159026026726e-03 3.031802363693714142e-03
1.880073919892311096e-03 3.038910916075110435e-03
1.880074851214885712e-03 3.021599492058157921e-03
1.880238763988018036e-03 3.043908625841140747e-03
1.880171359516680241e-03 3.019816474989056587e-03
1.879722927697002888e-03 3.036483656615018845e-03
1.879101153463125229e-03 3.025728510692715645e-03
1.878574956208467484e-03 3.026503836736083031e-03
1.878301263786852360e-03 3.034571884199976921e-03
1.878226525150239468e-03 3.020783653482794762e-03
1.878175302408635616e-03 3.037659684196114540e-03
1.878004404716193676e-03 3.020158270373940468e-03
1.877669128589332104e-03 3.033745102584362030e-03
1.877250615507364273e-03 3.024106845259666443e-03
1.876850845292210579e-03 3.027180209755897522e-03
1.876545371487736702e-03 3.029285697266459465e-03
1.876339665614068508e-03 3.022027900442481041e-03
1.876187860034406185e-03 3.032569540664553642e-03
1.876029185950756073e-03 3.020036965608596802e-03
1.875817659310996532e-03 3.031833795830607414e-03
1.875550136901438236e-03 3.020270261913537979e-03
1.875242800451815128e-03 3.028070554137229919e-03
1.874931505881249905e-03 3.022409277036786079e-03
1.874641398899257183e-03 3.024049801751971245e-03
1.874385401606559753e-03 3.025070764124393463e-03
1.874161185696721077e-03 3.020687261596322060e-03
1.873955945484340191e-03 3.026597900316119194e-03
1.873756060376763344e-03 3.018543822690844536e-03
1.873548491857945919e-03 3.026802791282534599e-03
1.873329165391623974e-03 3.017609706148505211e-03
1.873094937764108181e-03 3.025744110345840454e-03
1.872850814834237099e-03 3.017535433173179626e-03
1.872599357739090919e-03 3.024164121598005295e-03
1.872347085736691952e-03 3.018026473000645638e-03
1.872096792794764042e-03 3.022270044311881065e-03
1.871850807219743729e-03 3.018353367224335670e-03
1.871610293164849281e-03 3.020268166437745094e-03
1.871374552138149738e-03 3.018622286617755890e-03
1.871143351309001446e-03 3.018653020262718201e-03
1.870915642939507961e-03 3.018841613084077835e-03
1.870691077783703804e-03 3.017197363078594208e-03
1.870468491688370705e-03 3.018848598003387451e-03
1.870247884653508663e-03 3.015843685716390610e-03
1.870029023848474026e-03 3.018849063664674759e-03
1.869812374934554100e-03 3.014465793967247009e-03
1.869598054327070713e-03 3.018918912857770920e-03
1.869387459009885788e-03 3.012959379702806473e-03
1.869181985966861248e-03 3.019424853846430779e-03
1.868984196335077286e-03 3.011186141520738602e-03
1.868798048235476017e-03 3.020538948476314545e-03
1.868630992248654366e-03 3.008626634255051613e-03
1.868492108769714832e-03 3.022731747478246689e-03
1.868403633125126362e-03 3.004957456141710281e-03
1.868391060270369053e-03 3.027257043868303299e-03
1.868520746938884258e-03 2.999546239152550697e-03
1.868866500444710255e-03 3.036297159269452095e-03
1.869644387625157833e-03 2.991601591929793358e-03
1.871064188890159130e-03 3.055144799873232841e-03
1.873884582892060280e-03 2.981499070301651955e-03
1.878654700703918934e-03 3.097188193351030350e-03
1.888233236968517303e-03 2.975736511871218681e-03
1.903487369418144226e-03 3.198622493073344231e-03
1.935685751959681511e-03 3.003344405442476273e-03
1.980458153411746025e-03 3.446446964517235756e-03
2.080329693853855133e-03 3.129743505269289017e-03
2.171761356294155121e-03 3.897062735632061958e-03
2.378633012995123863e-03 3.275773720815777779e-03
2.360200509428977966e-03 3.898574737831950188e-03
2.376041840761899948e-03 3.055096603929996490e-03
2.070301910862326622e-03 3.087416756898164749e-03
1.887340215034782887e-03 3.149060299620032310e-03
1.914780819788575172e-03 3.027702681720256805e-03
2.046509180217981339e-03 3.476189449429512024e-03
2.106361091136932373e-03 2.984414109960198402e-03
1.955315703526139259e-03 3.032587701454758644e-03
1.869803643785417080e-03 3.213266376405954361e-03
1.930327620357275009e-03 3.030674532055854797e-03
1.990334363654255867e-03 3.253408707678318024e-03
1.958021661266684532e-03 2.996420022100210190e-03
1.876158523373305798e-03 2.990083768963813782e-03
1.890124171040952206e-03 3.230942878872156143e-03
1.949564786627888680e-03 2.991670509800314903e-03
1.925734104588627815e-03 3.059527138248085976e-03
1.874573179520666599e-03 3.074026200920343399e-03
1.878125709481537342e-03 2.990099601447582245e-03
1.912674284540116787e-03 3.158391918987035751e-03
1.909043174237012863e-03 2.996504306793212891e-03
1.871965359896421432e-03 2.992246299982070923e-03
1.871393993496894836e-03 3.129391698166728020e-03
1.896647969260811806e-03 2.985949162393808365e-03
1.892168424092233181e-03 3.064696444198489189e-03
1.869357889518141747e-03 3.049037419259548187e-03
1.866005361080169678e-03 2.985291881486773491e-03
1.881418051198124886e-03 3.105051582679152489e-03
1.883994904346764088e-03 2.995186718180775642e-03
1.868176274001598358e-03 3.009551204741001129e-03
1.862895791418850422e-03 3.072681603953242302e-03
1.872617867775261402e-03 2.981412224471569061e-03
1.875974703580141068e-03 3.056580666452646255e-03
1.867574290372431278e-03 3.015954280272126198e-03
1.861063763499259949e-03 2.992251189425587654e-03
1.865337719209492207e-03 3.065887140110135078e-03
1.870573381893336773e-03 2.981162164360284805e-03
1.866949256509542465e-03 3.021413460373878479e-03
1.860878197476267815e-03 3.022941527888178825e-03
1.860629068687558174e-03 2.986616222187876701e-03
1.864585443399846554e-03 3.051162697374820709e-03
1.865605940110981464e-03 2.991210669279098511e-03
1.861806842498481274e-03 3.013205248862504959e-03
1.858853385783731937e-03 3.026780672371387482e-03
1.859892276115715504e-03 2.987376414239406586e-03
1.862078090198338032e-03 3.035197732970118523e-03
1.861758413724601269e-03 2.990821376442909241e-03
1.859152573160827160e-03 3.003832651302218437e-03
1.857659313827753067e-03 3.018621355295181274e-03
1.858471543528139591e-03 2.985315630212426186e-03
1.859605079516768456e-03 3.022684948518872261e-03
1.859158277511596680e-03 2.988706110045313835e-03
1.857511932030320168e-03 2.998857293277978897e-03
1.856565126217901707e-03 3.010262968018651009e-03
1.856939867138862610e-03 2.985767088830471039e-03
1.857556751929223537e-03 3.017203183844685555e-03
1.857316354289650917e-03 2.990903332829475403e-03
1.856296672485768795e-03 3.003192832693457603e-03
1.855506910942494869e-03 3.007355611771345139e-03
1.855473383329808712e-03 2.989657921716570854e-03
1.855789567343890667e-03 3.012008965015411377e-03
1.855774549767374992e-03 2.987920772284269333e-03
1.855221227742731571e-03 3.001946257427334785e-03
1.854564296081662178e-03 2.998721785843372345e-03
1.854244852438569069e-03 2.990817185491323471e-03
1.854281290434300900e-03 3.006646642461419106e-03
1.854341477155685425e-03 2.987739862874150276e-03
1.854133792221546173e-03 3.003770252689719200e-03
1.853701192885637283e-03 2.994027221575379372e-03
1.853280584327876568e-03 2.994817681610584259e-03
1.853057881817221642e-03 3.001353237777948380e-03
1.853002584539353848e-03 2.989266300573945045e-03
1.852945657446980476e-03 3.003665246069431305e-03
1.852760673500597477e-03 2.990841632708907127e-03
1.852452056482434273e-03 2.998439595103263855e-03
1.852133544161915779e-03 2.995203249156475067e-03
1.851902343332767487e-03 2.991625573486089706e-03
1.851767301559448242e-03 2.999374875798821449e-03
1.851663924753665924e-03 2.989043481647968292e-03
1.851517474278807640e-03 2.999029587954282761e-03
1.851304667070508003e-03 2.990087959915399551e-03
1.851053675636649132e-03 2.994928043335676193e-03
1.850815257057547569e-03 2.993576927110552788e-03
1.850620494224131107e-03 2.990739885717630386e-03
1.850467524491250515e-03 2.995940623804926872e-03
1.850328641012310982e-03 2.988361055031418800e-03
1.850173808634281158e-03 2.995983464643359184e-03
1.849991269409656525e-03 2.989041619002819061e-03
1.849787542596459389e-03 2.993836998939514160e-03
1.849580556154251099e-03 2.990613458678126335e-03
1.849386608228087425e-03 2.990391105413436890e-03
