0.0 -0.065 -0.065 -0.065 -0.065 -0.06869933 -0.05801113 -0.060098264 -0.063724704
0.0005 -0.065 -0.065 -0.065 -0.065 -0.06834599 -0.05916308 -0.060553785 -0.06377737
0.001 -0.065 -0.065 -0.065 -0.065 -0.06803769 -0.060087524 -0.06083756 -0.06379634
0.0015 -0.065 -0.065 -0.065 -0.065 -0.06779799 -0.060796693 -0.061078407 -0.063832685
0.002 -0.065 -0.065 -0.065 -0.065 -0.06760502 -0.061352123 -0.06126745 -0.06387216
0.0025 -0.065 -0.065 -0.065 -0.065 -0.06745046 -0.06178863 -0.061421003 -0.063915476
0.003 -0.065 -0.065 -0.065 -0.065 -0.06732588 -0.062134832 -0.061546456 -0.06396071
0.0035 -0.065 -0.065 -0.065 -0.065 -0.0672251 -0.0624118 -0.061650477 -0.06400694
0.004 -0.065 -0.065 -0.065 -0.065 -0.067143135 -0.062635586 -0.061737906 -0.064053364
0.0045 -0.065 -0.065 -0.065 -0.065 -0.06707611 -0.06281834 -0.06181248 -0.064099416
0.005 -0.065 -0.065 -0.065 -0.065 -0.067020945 -0.06296931 -0.061877046 -0.06414468
0.0055 -0.065 -0.065 -0.065 -0.065 -0.06697521 -0.063095555 -0.061933793 -0.06418884
0.006 -0.065 -0.065 -0.065 -0.065 -0.06693701 -0.06320245 -0.06198439 -0.0642317
0.0065 -0.065 -0.065 -0.065 -0.065 -0.06690481 -0.063294135 -0.06203013 -0.064273104
0.007 -0.065 -0.065 -0.065 -0.065 -0.066877455 -0.06337378 -0.062071998 -0.06431297
0.0075 -0.065 -0.065 -0.065 -0.065 -0.06685397 -0.06344385 -0.062110767 -0.064351246
0.008 -0.065 -0.065 -0.065 -0.065 -0.06683363 -0.0635062 -0.06214702 -0.0643879
0.0085 -0.065 -0.065 -0.065 -0.065 -0.066815846 -0.063562326 -0.062181227 -0.06442295
0.009 -0.065 -0.065 -0.065 -0.065 -0.06680014 -0.06361335 -0.062213738 -0.0644564
0.0095 -0.065 -0.065 -0.065 -0.065 -0.06678615 -0.06366017 -0.062244825 -0.06448829
0.01 -0.065 -0.065 -0.065 -0.065 -0.06677358 -0.06370346 -0.062274702 -0.06451865
0.0105 -0.065 -0.065 -0.065 -0.065 -0.066762194 -0.06374379 -0.06230354 -0.06454754
0.011 -0.065 -0.065 -0.065 -0.065 -0.06675181 -0.063781574 -0.062331475 -0.064574994
0.0115 -0.065 -0.065 -0.065 -0.065 -0.066742264 -0.06381716 -0.0623586 -0.06460107
0.012 -0.065 -0.065 -0.065 -0.065 -0.06673346 -0.063850805 -0.062385004 -0.06462582
0.0125 -0.065 -0.065 -0.065 -0.065 -0.06672528 -0.063882746 -0.062410742 -0.0646493
0.013 -0.065 -0.065 -0.065 -0.065 -0.066717654 -0.06391315 -0.062435873 -0.06467156
0.0135 -0.065 -0.065 -0.065 -0.065 -0.06671052 -0.06394216 -0.062460434 -0.06469266
0.014 -0.065 -0.065 -0.065 -0.065 -0.06670382 -0.06396989 -0.062484458 -0.06471264
0.0145 -0.065 -0.065 -0.065 -0.065 -0.06669751 -0.06399645 -0.06250797 -0.06473156
0.015 -0.065 -0.065 -0.065 -0.065 -0.066691555 -0.0640219 -0.062530994 -0.06474947
0.0155 -0.065 -0.065 -0.065 -0.065 -0.06668594 -0.06404633 -0.06255355 -0.06476641
0.016 -0.065 -0.065 -0.065 -0.065 -0.06668061 -0.06406979 -0.062575646 -0.064782426
0.0165 -0.065 -0.065 -0.065 -0.065 -0.06667557 -0.06409234 -0.062597305 -0.06479757
0.017 -0.065 -0.065 -0.065 -0.065 -0.06667079 -0.06411402 -0.06261853 -0.06481188
0.0175 -0.065 -0.065 -0.065 -0.065 -0.06666625 -0.06413486 -0.06263933 -0.064825386
0.018 -0.065 -0.065 -0.065 -0.065 -0.06666195 -0.064154916 -0.062659726 -0.06483814
0.0185 -0.065 -0.065 -0.065 -0.065 -0.066657856 -0.064174205 -0.062679715 -0.064850174
0.019 -0.065 -0.065 -0.065 -0.065 -0.066653974 -0.064192764 -0.06269931 -0.06486152
0.0195 -0.065 -0.065 -0.065 -0.065 -0.06665029 -0.06421062 -0.06271852 -0.06487222
0.02 -0.065 -0.065 -0.065 -0.065 -0.06664678 -0.064227805 -0.06273734 -0.06488229
0.0205 -0.065 -0.065 -0.065 -0.065 -0.066643454 -0.06424434 -0.062755786 -0.064891785
0.021 -0.065 -0.065 -0.065 -0.065 -0.066640295 -0.06426024 -0.06277386 -0.06490072
0.0215 -0.065 -0.065 -0.065 -0.065 -0.06663731 -0.06427553 -0.06279158 -0.064909115
0.022 -0.065 -0.065 -0.065 -0.065 -0.06663447 -0.06429024 -0.06280894 -0.06491701
0.0225 -0.065 -0.065 -0.065 -0.065 -0.06663178 -0.06430439 -0.06282595 -0.06492443
0.023 -0.065 -0.065 -0.065 -0.065 -0.06662923 -0.06431799 -0.06284261 -0.064931385
0.0235 -0.065 -0.065 -0.065 -0.065 -0.066626824 -0.06433106 -0.06285893 -0.06493791
0.024 -0.065 -0.065 -0.065 -0.065 -0.066624545 -0.064343624 -0.06287491 -0.06494403
0.0245 -0.065 -0.065 -0.065 -0.065 -0.0666224 -0.06435569 -0.062890574 -0.06494975
0.025 -0.065 -0.065 -0.065 -0.065 -0.06662037 -0.06436728 -0.062905915 -0.064955115
0.0255 -0.065 -0.065 -0.065 -0.065 -0.066618465 -0.06437841 -0.062920935 -0.06496012
0.026 -0.065 -0.065 -0.065 -0.065 -0.06661668 -0.0643891 -0.06293564 -0.06496479
0.0265 -0.065 -0.065 -0.065 -0.065 -0.06661499 -0.06439936 -0.062950045 -0.06496915
0.027 -0.065 -0.065 -0.065 -0.065 -0.06661341 -0.0644092 -0.06296415 -0.06497321
0.0275 -0.065 -0.065 -0.065 -0.065 -0.06661194 -0.064418636 -0.062977955 -0.06497699
0.028 -0.065 -0.065 -0.065 -0.065 -0.06661056 -0.06442769 -0.06299147 -0.0649805
0.0285 -0.065 -0.065 -0.065 -0.065 -0.06660928 -0.06443636 -0.0630047 -0.06498375
0.029 -0.065 -0.065 -0.065 -0.065 -0.06660809 -0.064444676 -0.06301765 -0.06498676
0.0295 -0.065 -0.065 -0.065 -0.065 -0.06660699 -0.06445264 -0.06303033 -0.064989544
0.03 -0.065 -0.065 -0.065 -0.065 -0.066605985 -0.06446027 -0.06304274 -0.064992115
0.0305 -0.065 -0.065 -0.065 -0.065 -0.066605054 -0.064467564 -0.063054875 -0.06499448
0.031 -0.065 -0.065 -0.065 -0.065 -0.066604204 -0.06447455 -0.06306676 -0.064996645
0.0315 -0.065 -0.065 -0.065 -0.065 -0.06660344 -0.06448123 -0.06307838 -0.064998634
0.032 -0.065 -0.065 -0.065 -0.065 -0.066602744 -0.06448762 -0.063089766 -0.06500045
0.0325 -0.065 -0.065 -0.065 -0.065 -0.066602126 -0.06449372 -0.06310089 -0.0650021
0.033 -0.065 -0.065 -0.065 -0.065 -0.066601574 -0.06449955 -0.06311178 -0.065003596
0.0335 -0.065 -0.065 -0.065 -0.065 -0.0666011 -0.064505115 -0.06312244 -0.06500495
0.034 -0.065 -0.065 -0.065 -0.065 -0.06660069 -0.06451042 -0.06313287 -0.06500617
0.0345 -0.065 -0.065 -0.065 -0.065 -0.066600345 -0.06451549 -0.06314306 -0.06500725
0.035 -0.065 -0.065 -0.065 -0.065 -0.06660006 -0.064520314 -0.06315304 -0.06500821
0.0355 -0.065 -0.065 -0.065 -0.065 -0.06659984 -0.06452492 -0.063162796 -0.06500906
0.036 -0.065 -0.065 -0.065 -0.065 -0.066599675 -0.0645293 -0.06317235 -0.0650098
0.0365 -0.065 -0.065 -0.065 -0.065 -0.06659958 -0.064533465 -0.06318168 -0.06501044
0.037 -0.065 -0.065 -0.065 -0.065 -0.066599526 -0.06453743 -0.06319081 -0.06501098
0.0375 -0.065 -0.065 -0.065 -0.065 -0.06659954 -0.06454119 -0.06319974 -0.065011434
0.038 -0.065 -0.065 -0.065 -0.065 -0.0665996 -0.06454477 -0.063208476 -0.06501181
0.0385 -0.065 -0.065 -0.065 -0.065 -0.06659971 -0.064548165 -0.06321702 -0.0650121
0.039 -0.065 -0.065 -0.065 -0.065 -0.06659988 -0.06455138 -0.06322537 -0.06501231
0.0395 -0.065 -0.065 -0.065 -0.065 -0.0666001 -0.06455442 -0.06323355 -0.06501246
0.04 -0.065 -0.065 -0.065 -0.065 -0.06660036 -0.064557314 -0.063241534 -0.065012544
0.0405 -0.065 -0.065 -0.065 -0.065 -0.066600665 -0.06456004 -0.06324934 -0.06501257
0.041 -0.065 -0.065 -0.065 -0.065 -0.06660102 -0.06456262 -0.06325698 -0.06501253
0.0415 -0.065 -0.065 -0.065 -0.065 -0.066601425 -0.06456505 -0.06326445 -0.06501244
0.042 -0.065 -0.065 -0.065 -0.065 -0.066601865 -0.06456734 -0.06327176 -0.065012306
0.0425 -0.065 -0.065 -0.065 -0.065 -0.06660236 -0.0645695 -0.0632789 -0.06501213
0.043 -0.065 -0.065 -0.065 -0.065 -0.06660288 -0.06457154 -0.06328589 -0.0650119
0.0435 -0.065 -0.065 -0.065 -0.065 -0.066603445 -0.064573444 -0.06329271 -0.06501164
0.044 -0.065 -0.065 -0.065 -0.065 -0.066604055 -0.06457523 -0.06329939 -0.065011345
0.0445 -0.065 -0.065 -0.065 -0.065 -0.066604696 -0.06457691 -0.063305914 -0.06501102
0.045 -0.065 -0.065 -0.065 -0.065 -0.06660538 -0.06457847 -0.0633123 -0.06501066
0.0455 -0.065 -0.065 -0.065 -0.065 -0.066606104 -0.064579934 -0.063318536 -0.06501027
0.046 -0.065 -0.065 -0.065 -0.065 -0.06660686 -0.0645813 -0.06332464 -0.065009855
0.0465 -0.065 -0.065 -0.065 -0.065 -0.06660765 -0.064582564 -0.063330606 -0.06500942
0.047 -0.065 -0.065 -0.065 -0.065 -0.06660847 -0.06458374 -0.06333644 -0.06500896
0.0475 -0.065 -0.065 -0.065 -0.065 -0.06660933 -0.06458482 -0.06334215 -0.06500849
0.048 -0.065 -0.065 -0.065 -0.065 -0.06661022 -0.06458582 -0.06334772 -0.065008
0.0485 -0.065 -0.065 -0.065 -0.065 -0.06661114 -0.06458674 -0.06335317 -0.06500749
0.049 -0.065 -0.065 -0.065 -0.065 -0.066612095 -0.064587586 -0.0633585 -0.06500697
0.0495 -0.065 -0.065 -0.065 -0.065 -0.066613086 -0.06458836 -0.063363716 -0.06500644
0.05 -0.065 -0.065 -0.065 -0.065 -0.0666141 -0.06458905 -0.06336881 -0.065005906
0.0505 -0.065 -0.065 -0.065 -0.065 -0.06661514 -0.06458969 -0.0633738 -0.065005355
0.051 -0.065 -0.065 -0.065 -0.065 -0.066616215 -0.06459026 -0.06337867 -0.065004796
0.0515 -0.065 -0.065 -0.065 -0.065 -0.06661731 -0.06459077 -0.06338343 -0.06500424
0.052 -0.065 -0.065 -0.065 -0.065 -0.06661844 -0.064591214 -0.063388094 -0.06500367
0.0525 -0.065 -0.065 -0.065 -0.065 -0.06661959 -0.06459161 -0.06339265 -0.065003105
0.053 -0.065 -0.065 -0.065 -0.065 -0.066620775 -0.06459195 -0.0633971 -0.06500254
0.0535 -0.065 -0.065 -0.065 -0.065 -0.06662198 -0.06459224 -0.06340146 -0.065001965
0.054 -0.065 -0.065 -0.065 -0.065 -0.06662321 -0.06459249 -0.06340572 -0.0650014
0.0545 -0.065 -0.065 -0.065 -0.065 -0.06662447 -0.06459269 -0.06340989 -0.06500083
0.055 -0.065 -0.065 -0.065 -0.065 -0.06662575 -0.064592846 -0.06341396 -0.065000266
0.0555 -0.065 -0.065 -0.065 -0.065 -0.066627055 -0.06459296 -0.06341795 -0.0649997
0.056 -0.065 -0.065 -0.065 -0.065 -0.06662838 -0.06459304 -0.06342185 -0.06499914
0.0565 -0.065 -0.065 -0.065 -0.065 -0.06662973 -0.064593084 -0.06342567 -0.06499858
0.057 -0.065 -0.065 -0.065 -0.065 -0.0666311 -0.06459309 -0.06342939 -0.06499803
0.0575 -0.065 -0.065 -0.065 -0.065 -0.066632494 -0.06459307 -0.06343304 -0.06499749
0.058 -0.065 -0.065 -0.065 -0.065 -0.06663391 -0.06459302 -0.06343661 -0.06499695
0.0585 -0.065 -0.065 -0.065 -0.065 -0.06663535 -0.064592935 -0.06344011 -0.06499642
0.059 -0.065 -0.065 -0.065 -0.065 -0.0666368 -0.06459283 -0.06344353 -0.0649959
0.0595 -0.065 -0.065 -0.065 -0.065 -0.066638276 -0.0645927 -0.063446864 -0.064995386
0.06 -0.065 -0.065 -0.065 -0.065 -0.06663977 -0.06459254 -0.063450135 -0.06499487
0.0605 -0.065 -0.065 -0.065 -0.065 -0.06664129 -0.06459237 -0.06345334 -0.06499438
0.061 -0.065 -0.065 -0.065 -0.065 -0.06664282 -0.06459217 -0.063456476 -0.06499389
0.0615 -0.065 -0.065 -0.065 -0.065 -0.06664438 -0.06459196 -0.063459545 -0.06499341
0.062 -0.065 -0.065 -0.065 -0.065 -0.06664595 -0.06459173 -0.06346255 -0.06499294
0.0625 -0.065 -0.065 -0.065 -0.065 -0.06664754 -0.06459148 -0.06346548 -0.06499249
0.063 -0.065 -0.065 -0.065 -0.065 -0.06664914 -0.06459122 -0.06346836 -0.06499204
0.0635 -0.065 -0.065 -0.065 -0.065 -0.06665076 -0.064590946 -0.063471176 -0.0649916
0.064 -0.065 -0.065 -0.065 -0.065 -0.0666524 -0.06459066 -0.06347393 -0.064991176
0.0645 -0.065 -0.065 -0.065 -0.065 -0.06665406 -0.064590365 -0.06347664 -0.06499077
0.065 -0.065 -0.065 -0.065 -0.065 -0.066655725 -0.06459006 -0.06347928 -0.064990364
0.0655 -0.065 -0.065 -0.065 -0.065 -0.06665742 -0.06458974 -0.063481875 -0.06498998
0.066 -0.065 -0.065 -0.065 -0.065 -0.066659115 -0.064589426 -0.06348441 -0.0649896
0.0665 -0.065 -0.065 -0.065 -0.065 -0.06666084 -0.0645891 -0.0634869 -0.06498923
0.067 -0.065 -0.065 -0.065 -0.065 -0.066662565 -0.06458877 -0.06348933 -0.06498888
0.0675 -0.065 -0.065 -0.065 -0.065 -0.06666431 -0.064588435 -0.06349172 -0.06498854
0.068 -0.065 -0.065 -0.065 -0.065 -0.066666074 -0.06458809 -0.06349406 -0.06498822
0.0685 -0.065 -0.065 -0.065 -0.065 -0.06666784 -0.06458775 -0.06349635 -0.0649879
0.069 -0.065 -0.065 -0.065 -0.065 -0.06666963 -0.06458741 -0.063498594 -0.0649876
0.0695 -0.065 -0.065 -0.065 -0.065 -0.06667143 -0.06458706 -0.0635008 -0.06498731
0.07 -0.065 -0.065 -0.065 -0.065 -0.06667324 -0.064586714 -0.06350296 -0.06498703
0.0705 -0.065 -0.065 -0.065 -0.065 -0.06667507 -0.06458637 -0.063505076 -0.06498677
0.071 -0.065 -0.065 -0.065 -0.065 -0.06667691 -0.06458603 -0.063507155 -0.06498652
0.0715 -0.065 -0.065 -0.065 -0.065 -0.066678755 -0.064585686 -0.06350919 -0.06498629
0.072 -0.065 -0.065 -0.065 -0.065 -0.06668062 -0.06458535 -0.06351119 -0.064986065
0.0725 -0.065 -0.065 -0.065 -0.065 -0.06668249 -0.064585015 -0.06351315 -0.06498586
0.073 -0.065 -0.065 -0.065 -0.065 -0.06668437 -0.06458468 -0.063515075 -0.064985655
0.0735 -0.065 -0.065 -0.065 -0.065 -0.066686265 -0.06458436 -0.06351697 -0.06498547
0.074 -0.065 -0.065 -0.065 -0.065 -0.066688165 -0.06458403 -0.06351882 -0.064985305
0.0745 -0.065 -0.065 -0.065 -0.065 -0.06669008 -0.06458372 -0.06352064 -0.06498514
0.075 -0.065 -0.065 -0.065 -0.065 -0.06669201 -0.064583406 -0.06352243 -0.064985
0.0755 -0.065 -0.065 -0.065 -0.065 -0.06669395 -0.0645831 -0.06352419 -0.064984865
0.076 -0.065 -0.065 -0.065 -0.065 -0.06669589 -0.0645828 -0.06352591 -0.06498475
0.0765 -0.065 -0.065 -0.065 -0.065 -0.06669784 -0.06458251 -0.06352761 -0.06498464
0.077 -0.065 -0.065 -0.065 -0.065 -0.0666998 -0.06458223 -0.063529275 -0.06498455
0.0775 -0.065 -0.065 -0.065 -0.065 -0.06670178 -0.06458195 -0.063530914 -0.06498447
0.078 -0.065 -0.065 -0.065 -0.065 -0.06670376 -0.064581685 -0.063532524 -0.0649844
0.0785 -0.065 -0.065 -0.065 -0.065 -0.06670575 -0.06458143 -0.0635341 -0.06498435
0.079 -0.065 -0.065 -0.065 -0.065 -0.066707745 -0.064581186 -0.06353566 -0.06498431
0.0795 -0.065 -0.065 -0.065 -0.065 -0.06670975 -0.06458094 -0.063537195 -0.06498428
0.08 -0.065 -0.065 -0.065 -0.065 -0.06671176 -0.06458071 -0.0635387 -0.06498426
0.0805 -0.065 -0.065 -0.065 -0.065 -0.06671378 -0.06458049 -0.06354018 -0.064984255
0.081 -0.065 -0.065 -0.065 -0.065 -0.066715814 -0.064580284 -0.06354165 -0.06498426
0.0815 -0.065 -0.065 -0.065 -0.065 -0.06671785 -0.06458008 -0.06354308 -0.064984284
0.082 -0.065 -0.065 -0.065 -0.065 -0.06671989 -0.06457989 -0.0635445 -0.064984314
0.0825 -0.065 -0.065 -0.065 -0.065 -0.06672194 -0.06457972 -0.06354589 -0.06498436
0.083 -0.065 -0.065 -0.065 -0.065 -0.066723995 -0.06457955 -0.06354727 -0.06498441
0.0835 -0.065 -0.065 -0.065 -0.065 -0.06672605 -0.06457939 -0.06354862 -0.06498448
0.084 -0.065 -0.065 -0.065 -0.065 -0.06672812 -0.06457925 -0.06354995 -0.06498456
0.0845 -0.065 -0.065 -0.065 -0.065 -0.066730194 -0.064579114 -0.06355127 -0.06498465
0.085 -0.065 -0.065 -0.065 -0.065 -0.06673227 -0.06457899 -0.063552566 -0.064984754
0.0855 -0.065 -0.065 -0.065 -0.065 -0.06673436 -0.064578876 -0.06355384 -0.064984865
0.086 -0.065 -0.065 -0.065 -0.065 -0.06673645 -0.06457879 -0.06355511 -0.06498499
0.0865 -0.065 -0.065 -0.065 -0.065 -0.066738546 -0.0645787 -0.06355635 -0.064985126
0.087 -0.065 -0.065 -0.065 -0.065 -0.06674065 -0.06457862 -0.06355758 -0.06498527
0.0875 -0.065 -0.065 -0.065 -0.065 -0.066742755 -0.06457856 -0.06355879 -0.064985424
0.088 -0.065 -0.065 -0.065 -0.065 -0.066744864 -0.06457851 -0.06355999 -0.064985596
0.0885 -0.065 -0.065 -0.065 -0.065 -0.06674698 -0.06457847 -0.06356117 -0.064985774
0.089 -0.065 -0.065 -0.065 -0.065 -0.066749096 -0.064578444 -0.06356233 -0.06498596
0.0895 -0.065 -0.065 -0.065 -0.065 -0.06675122 -0.06457844 -0.063563496 -0.06498616
0.09 -0.065 -0.065 -0.065 -0.065 -0.06675334 -0.06457844 -0.063564636 -0.06498637
0.0905 -0.065 -0.065 -0.065 -0.065 -0.06675547 -0.06457845 -0.06356576 -0.064986594
0.091 -0.065 -0.065 -0.065 -0.065 -0.06675761 -0.06457847 -0.06356688 -0.064986825
0.0915 -0.065 -0.065 -0.065 -0.065 -0.06675975 -0.06457851 -0.06356798 -0.06498706
0.092 -0.065 -0.065 -0.065 -0.065 -0.06676189 -0.06457856 -0.06356908 -0.06498731
0.0925 -0.065 -0.065 -0.065 -0.065 -0.066764034 -0.06457862 -0.06357016 -0.06498757
0.093 -0.065 -0.065 -0.065 -0.065 -0.06676618 -0.064578705 -0.06357122 -0.06498784
0.0935 -0.065 -0.065 -0.065 -0.065 -0.06676833 -0.06457879 -0.06357228 -0.064988114
0.094 -0.065 -0.065 -0.065 -0.065 -0.06677048 -0.06457889 -0.06357333 -0.064988405
0.0945 -0.065 -0.065 -0.065 -0.065 -0.06677264 -0.06457901 -0.06357437 -0.0649887
0.095 -0.065 -0.065 -0.065 -0.065 -0.06677479 -0.06457914 -0.0635754 -0.06498901
0.0955 -0.065 -0.065 -0.065 -0.065 -0.06677695 -0.06457927 -0.06357642 -0.06498932
0.096 -0.065 -0.065 -0.065 -0.065 -0.066779114 -0.06457943 -0.06357743 -0.06498965
0.0965 -0.065 -0.065 -0.065 -0.065 -0.06678128 -0.06457959 -0.063578434 -0.06498998
0.097 -0.065 -0.065 -0.065 -0.065 -0.06678345 -0.06457977 -0.063579425 -0.06499032
0.0975 -0.065 -0.065 -0.065 -0.065 -0.06678561 -0.06457996 -0.063580416 -0.06499067
0.098 -0.065 -0.065 -0.065 -0.065 -0.06678779 -0.06458016 -0.06358139 -0.06499103
0.0985 -0.065 -0.065 -0.065 -0.065 -0.066789955 -0.06458037 -0.06358236 -0.06499139
0.099 -0.065 -0.065 -0.065 -0.065 -0.06679212 -0.064580604 -0.06358333 -0.064991765
0.0995 -0.065 -0.065 -0.065 -0.065 -0.0667943 -0.06458084 -0.06358428 -0.064992145
0.1 -0.065 -0.065 -0.065 -0.065 -0.06678062 -0.06459071 -0.06356633 -0.06497366
0.1005 -0.06495845 -0.0649554 -0.06493943 -0.06493368 -0.06662002 -0.06467308 -0.06338487 -0.06478088
0.101 -0.06476983 -0.06476719 -0.06470129 -0.06468842 -0.066376925 -0.06468521 -0.063151136 -0.06448668
0.1015 -0.06445138 -0.06439593 -0.06429705 -0.06430224 -0.06605599 -0.064582095 -0.062828325 -0.064086504
0.102 -0.06404303 -0.06382072 -0.06375165 -0.06380187 -0.06566727 -0.064323366 -0.062405564 -0.06358575
0.1025 -0.06356985 -0.06302987 -0.06308012 -0.06319848 -0.06521818 -0.0638807 -0.061873928 -0.062988564
0.103 -0.06304464 -0.06201652 -0.06228941 -0.0624978 -0.064714536 -0.06323415 -0.06122706 -0.06229867
0.1035 -0.06247358 -0.0607766 -0.0613822 -0.06170385 -0.06416084 -0.062369987 -0.06046059 -0.061519455
0.104 -0.06185963 -0.05930789 -0.06035924 -0.06082002 -0.06356058 -0.06127905 -0.05957155 -0.060654018
0.1045 -0.06120427 -0.05760944 -0.05922055 -0.05984945 -0.06291649 -0.059955638 -0.058558114 -0.059705235
0.105 -0.06050831 -0.05568132 -0.05796589 -0.05879504 -0.062230647 -0.058396537 -0.05741927 -0.058675773
0.1055 -0.05977224 -0.0535244 -0.05659504 -0.05765957 -0.061504673 -0.05660048 -0.056154605 -0.057568137
0.106 -0.05899546 -0.0511396 -0.05510615 -0.0564449 -0.06073983 -0.05456763 -0.054764234 -0.056384705
0.1065 -0.0581744 -0.04852565 -0.05349352 -0.05515083 -0.059937105 -0.052299175 -0.053248577 -0.055127703
0.107 -0.05731369 -0.04568513 -0.05176502 -0.05378135 -0.059097257 -0.049797095 -0.051608313 -0.053799257
0.1075 -0.05641626 -0.04262386 -0.04992385 -0.05234126 -0.05822089 -0.04706397 -0.049844347 -0.05240138
0.108 -0.05548244 -0.03934503 -0.04796982 -0.05083363 -0.057308488 -0.044102766 -0.047957692 -0.05093599
0.1085 -0.05451179 -0.0358519 -0.04590214 -0.04926075 -0.05636041 -0.040916756 -0.04594947 -0.04940492
0.109 -0.0535038 -0.03214952 -0.04372035 -0.04762395 -0.055376966 -0.037509453 -0.043820836 -0.047809895
0.1095 -0.05245815 -0.02824209 -0.04142436 -0.04592458 -0.054358408 -0.0338845 -0.041573025 -0.0461526
0.11 -0.05137475 -0.02413329 -0.03901442 -0.04416415 -0.053304937 -0.030045593 -0.039207257 -0.044434607
0.1105 -0.05025371 -0.0198266 -0.03649102 -0.0423442 -0.052216724 -0.025996529 -0.036724776 -0.042657435
0.111 -0.04909524 -0.01532544 -0.0338548 -0.04046626 -0.05109391 -0.021741107 -0.034126848 -0.040822536
0.1115 -0.04789961 -0.01063323 -0.03110652 -0.03853187 -0.049936607 -0.017283082 -0.031414658 -0.038931288
0.112 -0.04666714 -0.005753425 -0.02824699 -0.03654249 -0.04874494 -0.012626231 -0.028589413 -0.036984995
0.1125 -0.04539811 -0.0006874495 -0.02523721 -0.03449942 -0.047518976 -0.007774178 -0.025652226 -0.034984913
0.113 -0.04409144 0.004558549 -0.02211091 -0.0324025 -0.046258803 -0.0027306601 -0.022604272 -0.032932233
0.1135 -0.04274659 0.009961022 -0.01890094 -0.0302532 -0.044964485 0.0025008023 -0.019446619 -0.030828092
0.114 -0.04136667 0.01551255 -0.01560706 -0.02805485 -0.043636076 0.007916715 -0.016180284 -0.028673567
0.1145 -0.03995285 0.02121738 -0.01222051 -0.02580894 -0.042273633 0.013513606 -0.012806315 -0.026469696
0.115 -0.03850527 0.0270823 -0.008733866 -0.02351653 -0.040877227 0.019288119 -0.009325743 -0.024217479
0.1155 -0.0370238 0.03311265 -0.005142941 -0.02117857 -0.039446875 0.02523696 -0.0057394467 -0.021917835
0.116 -0.0355084 0.03931106 -0.001446131 -0.01879603 -0.037982643 0.031356957 -0.0020483658 -0.01957168
0.1165 -0.03395916 0.04567759 0.00235663 -0.01637007 -0.036484573 0.037644926 0.0017465614 -0.017179873
0.117 -0.03237803 0.05221057 0.006264674 -0.01390471 -0.034952708 0.044097837 0.005644515 -0.014743239
0.1175 -0.03076609 0.05890653 0.01027501 -0.01139953 -0.033387102 0.050712656 0.0096446425 -0.012262572
0.118 -0.02912147 0.065761 0.01438623 -0.008853271 -0.031787805 0.05748648 0.013746105 -0.009738632
0.1185 -0.02744522 0.07276489 0.01844528 -0.006272898 -0.030154869 0.06441644 0.017948098 -0.0071721524
0.119 -0.02574013 0.07990804 0.02257087 -0.003661601 -0.028488353 0.071499765 0.022249848 -0.0045638382
0.1195 -0.02400396 0.0871896 0.02685341 -0.001011554 -0.026788313 0.07873368 0.026650578 -0.0019143671
0.12 -0.02223533 0.09460874 0.03128353 0.001679152 -0.02505482 0.08611554 0.031149484 0.00077559054
0.1205 -0.02043413 0.1021634 0.0358424 0.004409896 -0.023287944 0.09364268 0.035745822 0.0035053864
0.121 -0.01859965 0.1098507 0.04051699 0.00717957 -0.02148778 0.10131249 0.04043884 0.0062744096
0.1215 -0.01673173 0.1176676 0.04529819 0.009986889 -0.019654438 0.10912235 0.045227684 0.009082012
0.122 -0.01483104 0.1256109 0.05017913 0.0128306 -0.017787993 0.11706987 0.050111666 0.011927627
0.1225 -0.01290142 0.1336759 0.05506136 0.01570369 -0.015888594 0.12515241 0.05508993 0.014810644
0.123 -0.01094856 0.1418567 0.06000754 0.01860173 -0.013956338 0.13336752 0.060161673 0.017730482
0.1235 -0.008971151 0.1501515 0.06507345 0.02151119 -0.0119913705 0.14171286 0.0653261 0.020686582
0.124 -0.006974073 0.1585602 0.0702589 0.02443252 -0.009993851 0.15018588 0.07058241 0.023678355
0.1245 -0.004948785 0.1670804 0.07555846 0.0273902 -0.007963937 0.15878429 0.07592968 0.02670525
0.125 -0.002889279 0.1757099 0.08096289 0.03038933 -0.0059018135 0.16750559 0.08136707 0.029766701
0.1255 -0.00079745 0.1844475 0.08646268 0.0334308 -0.0038076788 0.17634748 0.086893596 0.032862134
0.126 0.001314785 0.193292 0.09204385 0.03650119 -0.0016817376 0.18530747 0.0925084 0.035991
0.1265 0.003447698 0.2022399 0.09770142 0.03959594 0.00047574937 0.19438326 0.0982104 0.039152704
0.127 0.005613504 0.2112877 0.1034391 0.04272461 0.0026645884 0.20357242 0.10399868 0.042346723
0.1275 0.007816249 0.2204329 0.1092564 0.0458894 0.004884511 0.21287262 0.1098722 0.045572475
0.128 0.01005281 0.2293106 0.1151465 0.04908731 0.0071352273 0.2222814 0.11582983 0.048829377
0.1285 0.01231323 0.2377492 0.1210887 0.0523127 0.009416439 0.2317965 0.12187051 0.05211687
0.129 0.01460086 0.246205 0.1270869 0.05556845 0.0117278695 0.24141541 0.1279931 0.055434376
0.1295 0.01691904 0.2548774 0.1331515 0.05885467 0.014069155 0.2511357 0.13419634 0.058781296
0.13 0.0192676 0.2638413 0.1392897 0.06217027 0.016440004 0.26095507 0.14047912 0.062157065
0.1305 0.02164498 0.2731064 0.1455045 0.06551399 0.018840045 0.27087107 0.14684013 0.065561086
0.131 0.02404946 0.2826506 0.1517965 0.06888461 0.02126889 0.28088123 0.15327805 0.068992734
0.1315 0.02647966 0.2924393 0.1581645 0.07228106 0.02372615 0.29098296 0.1597915 0.07245141
0.132 0.02893456 0.3024354 0.1646066 0.07570238 0.02621147 0.301174 0.16637933 0.07593654
0.1325 0.03141343 0.312604 0.1711206 0.07914774 0.028724372 0.31145188 0.17303991 0.07944749
0.133 0.03391592 0.3229148 0.1777043 0.08261646 0.031264484 0.32181403 0.17977199 0.08298364
0.1335 0.03644124 0.333343 0.1843554 0.08610676 0.03383133 0.332258 0.18657398 0.086544365
0.134 0.03897782 0.3438689 0.1910699 0.08960028 0.036424458 0.3427812 0.1934444 0.09012905
0.1345 0.04152737 0.3544763 0.1978458 0.09310624 0.039043404 0.3533812 0.20038176 0.093737036
0.135 0.0441007 0.3651531 0.2046843 0.09663637 0.041687682 0.36405542 0.20738447 0.09736772
0.1355 0.04670221 0.3758904 0.2115854 0.1001931 0.044356823 0.37480137 0.21445101 0.101020455
0.136 0.04933174 0.3866821 0.2185479 0.1037756 0.047050312 0.38561645 0.22157979 0.104694605
0.1365 0.05198753 0.3975238 0.2255703 0.1073824 0.04976763 0.3964981 0.22876915 0.1083895
0.137 0.05466772 0.4084127 0.2326512 0.1110123 0.052508272 0.40744382 0.23601744 0.112104535
0.1375 0.05737077 0.4193469 0.2397892 0.114664 0.055271678 0.4184509 0.24332306 0.115839005
0.138 0.06009557 0.4303252 0.2469833 0.1183366 0.058057353 0.42951685 0.25068432 0.119592324
0.1385 0.06284133 0.4413473 0.2542324 0.1220251 0.060864717 0.44063902 0.25809953 0.12336381
0.139 0.06560735 0.4524128 0.2615355 0.1257256 0.063693225 0.45181477 0.26556697 0.1271528
0.1395 0.06839318 0.4635217 0.2688918 0.1294463 0.06654234 0.46304166 0.27308497 0.13095868
0.14 0.07119642 0.4746735 0.2763002 0.1331852 0.06941149 0.47431695 0.2806518 0.13478076
0.1405 0.07400354 0.4858659 0.2837572 0.1369328 0.07230011 0.48563802 0.28826573 0.13861842
0.141 0.07682344 0.4970983 0.2912629 0.1406975 0.075207576 0.49700242 0.29592505 0.142471
0.1415 0.07966686 0.5083713 0.2988191 0.1444829 0.078133374 0.5084073 0.30362803 0.14633784
0.142 0.08253488 0.5196856 0.3064254 0.1482845 0.081076875 0.51985025 0.31137294 0.15021831
0.1425 0.08540815 0.5310405 0.3140747 0.1520577 0.0840375 0.5313286 0.31915805 0.15411174
0.143 0.08828691 0.5424355 0.3217639 0.15582 0.08701469 0.54283965 0.32698172 0.15801752
0.1435 0.09118723 0.5538722 0.3295002 0.159608 0.0900078 0.5543809 0.33484212 0.16193499
0.144 0.09411681 0.5653522 0.337287 0.1634299 0.09301625 0.5659496 0.34273756 0.16586345
0.1445 0.09707571 0.5768765 0.3451238 0.1672841 0.09603949 0.57754344 0.3506664 0.16980237
0.145 0.100061 0.5884455 0.3530088 0.1711672 0.09907685 0.5891596 0.35862687 0.17375103
0.1455 0.1030693 0.6000594 0.3609403 0.1750755 0.10212779 0.60079545 0.3666174 0.17770886
0.146 0.1060977 0.6117176 0.3689166 0.1790059 0.10519166 0.61244863 0.37463632 0.18167521
0.1465 0.1091441 0.6234197 0.3769362 0.182956 0.10826792 0.6241165 0.3826819 0.18564947
0.147 0.1122075 0.6351654 0.3849983 0.1869243 0.11135587 0.63579637 0.39075243 0.18963093
0.1475 0.1152718 0.6469524 0.3930982 0.1908776 0.114454985 0.6474859 0.39884645 0.19361907
0.148 0.1183318 0.6587793 0.4012321 0.1948248 0.11756463 0.6591825 0.4069622 0.19761324
0.1485 0.1214073 0.6706467 0.4094056 0.1987922 0.12068419 0.6708836 0.4150981 0.2016128
0.149 0.1245082 0.6825549 0.4176213 0.2027855 0.12381314 0.6825868 0.4232528 0.20561722
0.1495 0.1276336 0.6945038 0.425879 0.2067109 0.1269508 0.6942895 0.43142438 0.20962578
0.15 0.1307637 0.706493 0.4341757 0.2104817 0.13008097 0.7059838 0.43960124 0.21361503
0.1505 0.1338213 0.7184325 0.4423887 0.2141939 0.13306509 0.71761256 0.44768742 0.21737942
0.151 0.1366079 0.7301236 0.4502846 0.2175385 0.13592835 0.7291177 0.455668 0.22094262
0.1515 0.1391597 0.7414852 0.4578835 0.2204906 0.13867573 0.7404488 0.46352133 0.22430313
0.152 0.1415541 0.7524748 0.4652355 0.2233212 0.14131807 0.7515628 0.47123173 0.22747025
0.1525 0.1438379 0.7630689 0.4723718 0.226056 0.14386377 0.7624232 0.4787852 0.23045227
0.153 0.146034 0.7732535 0.4793058 0.228691 0.14631924 0.7730002 0.48616907 0.23325634
0.1535 0.1481535 0.7830203 0.4860419 0.2312133 0.14868937 0.78326803 0.49337175 0.23588881
0.154 0.1502018 0.7923642 0.492581 0.2336121 0.15097766 0.7932051 0.50038236 0.23835522
0.1545 0.1521812 0.8012824 0.498922 0.2357467 0.1531866 0.80279356 0.50719076 0.24066046
0.155 0.1540925 0.8097729 0.5050638 0.2375807 0.15531793 0.812018 0.5137876 0.24280888
0.1555 0.1559345 0.8178377 0.5110049 0.2393397 0.15737265 0.8208658 0.5201642 0.2448042
0.156 0.1577054 0.8254772 0.5164895 0.241033 0.15935121 0.8293264 0.52631223 0.24664992
0.1565 0.1593881 0.8326574 0.5209303 0.2426333 0.16125385 0.83739066 0.5322246 0.24834913
0.157 0.160995 0.8393812 0.5253879 0.2441391 0.16308036 0.8450517 0.5378945 0.24990475
0.1575 0.1625266 0.8456778 0.5300765 0.2455155 0.16483054 0.8523035 0.5433162 0.2513195
0.158 0.1639807 0.8515681 0.5345262 0.246764 0.16650404 0.8591422 0.5484853 0.25259608
0.1585 0.1653506 0.8570269 0.5381567 0.2478918 0.1681006 0.8655646 0.5533981 0.25373712
0.159 0.1666598 0.8620688 0.541971 0.2489028 0.16961999 0.8715692 0.5580523 0.25474536
0.1595 0.1679241 0.8667297 0.5460873 0.2498156 0.1710621 0.8771557 0.5624467 0.25562364
0.16 0.1691474 0.8710358 0.5503545 0.2506319 0.17242701 0.8823247 0.5665814 0.25637478
0.1605 0.1703037 0.8750002 0.5546095 0.2513209 0.17371497 0.8870781 0.57045764 0.25700188
0.161 0.1713905 0.878631 0.5587393 0.2518979 0.17492643 0.8914189 0.5740778 0.25750807
0.1615 0.1724263 0.8819329 0.5626813 0.2523825 0.17606199 0.8953509 0.57744515 0.25789666
0.162 0.1734165 0.8849081 0.5664029 0.2527792 0.17712244 0.8988788 0.580564 0.25817102
0.1625 0.174359 0.8875584 0.5698894 0.2530874 0.1781087 0.90200835 0.58343947 0.25833464
0.163 0.1752494 0.8898858 0.5731371 0.2533063 0.17902188 0.90474564 0.5860772 0.25839105
0.1635 0.1760842 0.8918926 0.5761482 0.2534354 0.17986313 0.9070975 0.5884832 0.25834382
0.164 0.176861 0.893582 0.5789284 0.2534749 0.18063366 0.9090711 0.59066397 0.2581964
0.1645 0.1775783 0.894956 0.5814843 0.2534257 0.18133484 0.9106743 0.5926261 0.25795242
0.165 0.1782357 0.896019 0.5838228 0.2532888 0.18196793 0.911915 0.5943761 0.25761524
0.1655 0.1788332 0.8967777 0.5859506 0.2530658 0.18253429 0.91280156 0.5959207 0.2571882
0.166 0.179371 0.8972379 0.5878738 0.2527582 0.18303521 0.913342 0.5972661 0.2566746
0.1665 0.1798497 0.8974056 0.589598 0.2523678 0.18347202 0.91354495 0.5984186 0.25607753
0.167 0.1802698 0.8972865 0.5911281 0.2518963 0.18384598 0.9134187 0.5993841 0.25539997
0.1675 0.1806319 0.8968863 0.5924684 0.2513454 0.18415831 0.91297203 0.6001682 0.25464487
0.168 0.1809366 0.8962106 0.5936229 0.250717 0.1844102 0.9122127 0.600776 0.25381485
0.1685 0.1811762 0.8952649 0.5945808 0.2500066 0.18460272 0.91114944 0.60121256 0.25291258
0.169 0.1813295 0.8940529 0.5953174 0.2491986 0.18473704 0.9097902 0.6014823 0.25194043
0.1695 0.1814252 0.8925797 0.5958832 0.248314 0.18481411 0.90814286 0.6015892 0.2509007
0.17 0.1814785 0.8908522 0.5962967 0.2473655 0.18483494 0.90621537 0.60153735 0.24979565
0.1705 0.1814911 0.8888769 0.5965577 0.2463561 0.1848004 0.90401536 0.6013303 0.24862722
0.171 0.18146 0.88666 0.5966622 0.245286 0.18471144 0.90155005 0.60097104 0.24739742
0.1715 0.181382 0.884207 0.5966073 0.2441554 0.18456893 0.898827 0.6004626 0.24610806
0.172 0.1812548 0.881523 0.5963917 0.2429645 0.1843736 0.8958531 0.59980786 0.24476081
0.1725 0.1810702 0.8786115 0.5960154 0.241707 0.18412627 0.8926352 0.5990091 0.24335733
0.173 0.180631 0.8754732 0.5954765 0.2403652 0.18382771 0.8891802 0.59806883 0.2418991
0.1735 0.1801194 0.8721163 0.5947771 0.2389598 0.18347858 0.8854944 0.5969889 0.24038756
0.174 0.1796489 0.8685477 0.593922 0.2375027 0.18307962 0.88158417 0.59577185 0.23882416
0.1745 0.1792165 0.8647729 0.5929149 0.2359969 0.18263148 0.8774557 0.59441894 0.23721007
0.175 0.1787936 0.8607966 0.591758 0.2344423 0.18213485 0.8731148 0.5929326 0.23554659
0.1755 0.1783541 0.8566231 0.5904531 0.2328385 0.18159036 0.8685674 0.59131414 0.23383489
0.176 0.1778797 0.8522564 0.5890018 0.2311852 0.18099861 0.86381894 0.58956534 0.23207605
0.1765 0.1773598 0.8477002 0.587406 0.2294825 0.18036024 0.8588751 0.5876879 0.23027116
0.177 0.1767888 0.8429584 0.5856675 0.2277304 0.17967579 0.8537408 0.5856834 0.22842115
0.1775 0.1761646 0.8380346 0.5837882 0.2259294 0.17894582 0.84842145 0.58355325 0.22652698
0.178 0.1754864 0.8329325 0.58177 0.2240799 0.17817092 0.8429217 0.5812989 0.22458956
0.1785 0.1747542 0.8276556 0.5796149 0.2221828 0.17735156 0.8372465 0.57892185 0.2226097
0.179 0.1739697 0.8222075 0.5773248 0.2202385 0.17648825 0.8314006 0.57642347 0.22058824
0.1795 0.173135 0.8165917 0.5749017 0.2182479 0.17558146 0.82538855 0.57380515 0.21852586
0.18 0.1722518 0.8108116 0.5723476 0.2162117 0.17463155 0.81921464 0.57106805 0.21642321
0.1805 0.1713216 0.8048705 0.5696643 0.2141306 0.173639 0.8128832 0.5682135 0.21428093
0.181 0.1703455 0.7987719 0.5668538 0.2120054 0.1726041 0.8063986 0.5652425 0.21209955
0.1815 0.1693246 0.792519 0.5639179 0.2098368 0.17152716 0.7997649 0.5621562 0.20987958
0.182 0.1682596 0.7861149 0.5608584 0.2076257 0.1704084 0.792986 0.55895543 0.2076213
0.1825 0.1671514 0.7795628 0.5576773 0.2053728 0.16924806 0.7860659 0.555641 0.20532519
0.183 0.1660006 0.7728658 0.5543763 0.2030789 0.16804625 0.7790086 0.55221367 0.20299137
0.1835 0.164808 0.7660268 0.5509572 0.2007446 0.16680302 0.771818 0.54867387 0.20061997
0.184 0.1635742 0.7590488 0.5474218 0.1983708 0.16551836 0.7644978 0.54502213 0.19821113
0.1845 0.1622997 0.7519346 0.5437718 0.1959581 0.16419218 0.7570519 0.5412585 0.19576478
0.185 0.1609853 0.744687 0.540009 0.1935072 0.16282444 0.74948376 0.53738344 0.19328085
0.1855 0.1596313 0.7373088 0.5361351 0.1910188 0.16141489 0.7417974 0.5333967 0.19075921
0.186 0.1582385 0.7298026 0.5321517 0.1884935 0.15996337 0.7339962 0.5292985 0.18819961
0.1865 0.1568072 0.722171 0.5280606 0.185932 0.15846972 0.72608393 0.5250889 0.18560196
0.187 0.155338 0.7144167 0.5238634 0.1833349 0.15693371 0.71806395 0.520768 0.18296608
0.1875 0.1538315 0.7065421 0.5195617 0.1807029 0.15535526 0.70993954 0.516336 0.18029186
0.188 0.152288 0.6985497 0.5151572 0.1780365 0.15373442 0.70171404 0.51179403 0.17757952
0.1885 0.150708 0.6904418 0.5106515 0.1753363 0.15207139 0.69339025 0.50714314 0.17482933
0.189 0.1490921 0.6822208 0.506046 0.1726029 0.15036663 0.68497103 0.5023852 0.17204201
0.1895 0.1474407 0.673889 0.5013425 0.1698369 0.14862098 0.6764588 0.4975231 0.1692186
0.19 0.1457542 0.6654486 0.4965424 0.1670388 0.14683557 0.6678559 0.49256083 0.16636063
0.1905 0.144033 0.6569017 0.4916472 0.1642092 0.14501196 0.6591641 0.4875029 0.16347009
0.191 0.1422777 0.6482507 0.4866585 0.1613485 0.14315218 0.6503854 0.48235533 0.16054949
0.1915 0.1404886 0.6394974 0.4815777 0.1584574 0.14125848 0.64152116 0.47712466 0.15760171
0.192 0.1386661 0.6306441 0.4764063 0.1555362 0.13933346 0.6325734 0.47181824 0.15462981
0.1925 0.1368108 0.6216926 0.4711457 0.1525855 0.13737981 0.6235443 0.4664435 0.15163699
0.193 0.1349229 0.612645 0.4657973 0.1496058 0.13540012 0.6144361 0.46100757 0.14862624
0.1935 0.133003 0.6035032 0.4603626 0.1465975 0.1333967 0.60525215 0.45551655 0.14560015
0.194 0.1310514 0.594269 0.4548429 0.1435611 0.1313715 0.59599644 0.44997546 0.14256063
0.1945 0.1290685 0.5849443 0.4492396 0.1404971 0.12932585 0.58667374 0.4443877 0.13950893
0.195 0.1270547 0.5755309 0.4435541 0.1374059 0.12726068 0.57728934 0.4387556 0.1364456
0.1955 0.1250105 0.5660305 0.4377876 0.1342879 0.12517656 0.5678492 0.43308008 0.13337076
0.196 0.1229361 0.5564448 0.4319415 0.1311436 0.12307379 0.55835956 0.4273617 0.13028416
0.1965 0.1208321 0.5467756 0.426017 0.1279733 0.120952725 0.5488263 0.42160094 0.1271857
0.197 0.1186987 0.5370245 0.4200155 0.1247775 0.11881371 0.5392552 0.41579854 0.12407529
0.1975 0.1165364 0.5271931 0.4139381 0.1215566 0.11665742 0.5296519 0.4099559 0.1209532
0.198 0.1143455 0.517283 0.4077862 0.118311 0.11448467 0.5200218 0.40407485 0.117819965
0.1985 0.1121263 0.5072957 0.4015609 0.115041 0.11229639 0.51037 0.39815763 0.11467631
0.199 0.1098794 0.4972328 0.3952635 0.1117471 0.11009362 0.50070167 0.3922066 0.11152299
0.1995 0.107605 0.4870957 0.388895 0.1084296 0.10787752 0.49102193 0.38622457 0.10836096
0.2 0.1053034 0.4768858 0.3824568 0.1050889 0.10564914 0.4813357 0.38021407 0.10519111
0.2005 0.1030582 0.4666939 0.376071 0.1018579 0.10366893 0.47141647 0.37446675 0.102356344
0.201 0.1010807 0.4567192 0.3699728 0.09896231 0.10177532 0.46158856 0.36863586 0.099653855
0.2015 0.09933681 0.4470421 0.3641403 0.09632638 0.09999438 0.45189238 0.36286908 0.09713277
0.202 0.09774697 0.4377056 0.3585249 0.09389698 0.09830448 0.44241214 0.35717 0.09477441
0.2025 0.0962614 0.4287345 0.3530974 0.09165211 0.096696824 0.43319938 0.3515642 0.09257455
0.203 0.09485482 0.4201438 0.3478451 0.08958064 0.09516369 0.4242937 0.3460703 0.09052794
0.2035 0.09351522 0.4119428 0.3427636 0.08767485 0.093699336 0.41572452 0.34070373 0.08862996
0.204 0.09223699 0.4041372 0.3378525 0.08592826 0.092299655 0.4075132 0.3354779 0.08687644
0.2045 0.0910175 0.3967301 0.3331127 0.08433493 0.090961754 0.39967564 0.330404 0.08526355
0.205 0.08985545 0.3897225 0.3285458 0.08288932 0.08968374 0.3922232 0.32549194 0.08378786
0.2055 0.08875017 0.3831139 0.3241531 0.0815862 0.0884645 0.38516372 0.32075006 0.08244617
0.206 0.08770127 0.3769024 0.3199359 0.08042061 0.087303415 0.37850237 0.31618574 0.08123542
0.2065 0.08670849 0.3710851 0.3158953 0.07938783 0.08620033 0.37224224 0.3118053 0.080152795
0.207 0.08577162 0.3656581 0.3120321 0.07848339 0.08515525 0.36638466 0.3076142 0.079195485
0.2075 0.08489047 0.3606171 0.3083468 0.07770303 0.084168464 0.36092967 0.30361697 0.0783609
0.208 0.08406485 0.355957 0.3048399 0.07704269 0.083240375 0.35587597 0.2998175 0.077646464
0.2085 0.08329456 0.3516722 0.3015115 0.07649852 0.082371384 0.35122153 0.296219 0.07704966
0.209 0.0825794 0.3477571 0.2983616 0.07606685 0.08156189 0.34696344 0.29282394 0.07656804
0.2095 0.08191915 0.3442055 0.29539 0.07574416 0.08081229 0.34309787 0.28963423 0.0761991
0.21 0.08131357 0.3410111 0.2925965 0.07552711 0.08012293 0.33962077 0.28665125 0.075940475
0.2105 0.08076241 0.3381675 0.2899805 0.07541252 0.07949409 0.3365274 0.2838759 0.075789765
0.211 0.08026542 0.3356683 0.2875414 0.07539735 0.07892591 0.33381262 0.2813086 0.07574457
0.2115 0.07982232 0.3335068 0.2852786 0.07547867 0.07841858 0.3314709 0.2789491 0.075802565
0.212 0.07943282 0.3316765 0.2831913 0.07565372 0.077972084 0.32949638 0.27679712 0.07596134
0.2125 0.07909663 0.3301708 0.2812785 0.07591983 0.07758635 0.32788292 0.27485174 0.07621859
0.213 0.07881343 0.3289831 0.2795392 0.07627446 0.077261284 0.32662407 0.2731118 0.07657197
0.2135 0.0785829 0.3281071 0.2779724 0.07671516 0.07699661 0.3257133 0.27157566 0.07701917
0.214 0.0784047 0.3275362 0.2765768 0.0772396 0.076792076 0.32514393 0.27024174 0.07755792
0.2145 0.07827851 0.3272641 0.2753514 0.07784555 0.07664727 0.32490897 0.2691079 0.078185916
0.215 0.07820396 0.3272846 0.2742947 0.07853085 0.07656179 0.32500148 0.26817197 0.07890095
0.2155 0.0781807 0.3275915 0.2734055 0.07929344 0.076535165 0.3254143 0.26743144 0.07970077
0.216 0.07820835 0.3281788 0.2726824 0.08013134 0.076566786 0.32614043 0.2668838 0.08058323
0.2165 0.07828656 0.3290404 0.2721238 0.08104265 0.07665612 0.3271725 0.26652625 0.08154611
0.217 0.07841492 0.3301706 0.2717284 0.08202553 0.07680251 0.32850343 0.26635593 0.08258736
0.2175 0.07859306 0.3315636 0.2714946 0.08307823 0.07700531 0.33012608 0.26636997 0.0837049
0.218 0.07882058 0.3332138 0.2714208 0.08419904 0.07726379 0.33203313 0.2665652 0.08489661
0.2185 0.07909709 0.3351156 0.2715055 0.08538634 0.07757725 0.3342176 0.26693863 0.086160526
0.219 0.07942217 0.3372637 0.2717471 0.08663856 0.07794492 0.33667228 0.267487 0.08749467
0.2195 0.07979542 0.3396528 0.2721438 0.08795416 0.078366086 0.33939028 0.26820716 0.08889714
0.22 0.08021643 0.3422778 0.2726941 0.08933169 0.07883993 0.3423646 0.269096 0.090366066
0.2205 0.08068478 0.3451334 0.2733963 0.09076974 0.07936564 0.34558833 0.2701501 0.091899544
0.221 0.08120005 0.3482149 0.2742487 0.09226694 0.07994242 0.34905472 0.2713663 0.093495816
0.2215 0.08176182 0.3515173 0.2752495 0.09382197 0.08056949 0.3527571 0.27274138 0.09515312
0.222 0.08236966 0.3550359 0.2763971 0.09543355 0.08124602 0.3566889 0.27427208 0.09686974
0.2225 0.08302315 0.3587662 0.2776897 0.09710046 0.0819712 0.36084357 0.2759552 0.09864402
0.223 0.08372185 0.3627035 0.2791255 0.09882149 0.08274421 0.36521485 0.2777876 0.10047433
0.2235 0.08446523 0.3668432 0.2807029 0.1005953 0.08356421 0.36979643 0.27976608 0.10235906
0.224 0.08525266 0.3711808 0.2824201 0.1024206 0.08443043 0.37458223 0.28188747 0.104296684
0.2245 0.08608372 0.3757121 0.2842752 0.1042963 0.08534202 0.3795661 0.28414872 0.10628568
0.225 0.08695812 0.3804331 0.2862665 0.1062216 0.08629817 0.3847423 0.2865467 0.1083246
0.2255 0.08787557 0.3853398 0.2883924 0.1081956 0.08729811 0.39010486 0.2890785 0.110412
0.226 0.08883574 0.3904284 0.2906511 0.1102174 0.08834104 0.3956483 0.291741 0.1125465
0.2265 0.08983821 0.3956952 0.2930409 0.1122861 0.089426145 0.40136707 0.2945313 0.11472675
0.227 0.09088255 0.4011364 0.2955601 0.1144007 0.09055269 0.40725562 0.29744655 0.11695142
0.2275 0.09196831 0.4067484 0.2982069 0.1165603 0.09171982 0.41330865 0.3004838 0.11921921
0.228 0.09309502 0.4125275 0.3009796 0.1187641 0.092926815 0.41952106 0.30364016 0.12152889
0.2285 0.09426224 0.4184704 0.3038765 0.1210111 0.094172925 0.4258877 0.306913 0.12387924
0.229 0.09546952 0.4245734 0.306896 0.1233005 0.09545733 0.4324036 0.31029943 0.12626904
0.2295 0.0967164 0.4308333 0.3100361 0.1256315 0.09677935 0.43906385 0.31379673 0.12869714
0.23 0.09800246 0.4372468 0.3132954 0.1280033 0.09813821 0.44586378 0.31740227 0.13116243
0.2305 0.09932724 0.4438106 0.3166722 0.1304152 0.099533185 0.45279866 0.32111344 0.13366383
0.231 0.1006903 0.4505216 0.3201646 0.1328663 0.10096355 0.45986402 0.32492754 0.1362002
0.2315 0.1020913 0.4573766 0.3237712 0.1353559 0.1024286 0.46705532 0.32884207 0.13877052
0.232 0.1035295 0.4643727 0.3274902 0.1378831 0.10392758 0.47436816 0.33285454 0.14137377
0.2325 0.1050043 0.4715069 0.3313199 0.140447 0.105459854 0.48179835 0.33696237 0.14400895
0.233 0.1065154 0.4787763 0.3352588 0.1430471 0.107024685 0.48934174 0.34116322 0.14667511
0.2335 0.1080623 0.486178 0.3393053 0.1456776 0.108621374 0.4969942 0.34545457 0.14937122
0.234 0.1096441 0.4937092 0.3434576 0.1483335 0.11024928 0.50475174 0.34983402 0.15209645
0.2345 0.1112559 0.5013667 0.3477137 0.1510138 0.111907676 0.5126105 0.35429925 0.15484978
0.235 0.1128851 0.5091466 0.352069 0.1537067 0.11359595 0.52056646 0.35884798 0.15763043
0.2355 0.1145435 0.5170473 0.3565239 0.1564319 0.115313426 0.5286161 0.36347792 0.16043746
0.236 0.1162416 0.525065 0.3609613 0.1591979 0.11705944 0.53675556 0.3681867 0.16327009
0.2365 0.1179811 0.5331731 0.3648664 0.1620052 0.11883335 0.54498136 0.37297228 0.16612738
0.237 0.1197594 0.5413651 0.368976 0.164852 0.120634526 0.55328995 0.37783238 0.16900858
0.2375 0.1215755 0.5496571 0.3734854 0.1677364 0.12246232 0.56167793 0.38276494 0.17191294
0.238 0.123428 0.558062 0.3783333 0.1706569 0.12431614 0.5701418 0.3877677 0.17483965
0.2385 0.1253154 0.5665858 0.3834243 0.1736101 0.12619537 0.5786782 0.39283872 0.17778791
0.239 0.1272362 0.5752295 0.3886839 0.1765918 0.1280994 0.587284 0.39797592 0.18075703
0.2395 0.1291892 0.5839908 0.3940637 0.1796054 0.13002759 0.5959559 0.4031773 0.18374626
0.24 0.1311605 0.5928633 0.3995325 0.1826145 0.13197939 0.6046909 0.4084408 0.18675491
0.2405 0.1331261 0.6018423 0.4050697 0.1856078 0.1339542 0.61348593 0.41376448 0.18978223
0.241 0.1351066 0.6109253 0.410673 0.1886284 0.13595141 0.62233776 0.41914657 0.19282758
0.2415 0.1371279 0.6201094 0.4163447 0.1916943 0.13797045 0.63124365 0.42458504 0.19589028
0.242 0.1391975 0.6293916 0.4220856 0.1948061 0.14001076 0.6402007 0.43007803 0.19896966
0.2425 0.1413128 0.6387689 0.4278956 0.1979603 0.14207172 0.64920586 0.43562385 0.20206505
0.243 0.1434686 0.6482383 0.4337743 0.2011529 0.14415285 0.6582566 0.44122055 0.20517588
0.2435 0.14566 0.6577972 0.4397219 0.2043807 0.14625357 0.6673501 0.44686666 0.20830148
0.244 0.1478833 0.667443 0.4457382 0.2076407 0.14837332 0.67648345 0.45256028 0.21144128
0.2445 0.150136 0.6771734 0.4518233 0.2109307 0.15051153 0.68565434 0.45829967 0.21459466
0.245 0.1524164 0.6869863 0.4579772 0.214249 0.1526677 0.6948599 0.4640834 0.21776101
0.2455 0.1547234 0.6968797 0.4641997 0.2175938 0.15484127 0.7040978 0.46990964 0.22093979
0.246 0.1570564 0.7068518 0.4704907 0.2209641 0.15703173 0.7133654 0.47577694 0.22413042
0.2465 0.1594148 0.7169008 0.4768496 0.2243589 0.15923853 0.72266036 0.4816837 0.22733232
0.247 0.1617985 0.7270251 0.4832761 0.2277771 0.16146113 0.73198014 0.48762837 0.23054498
0.2475 0.164207 0.7372232 0.4897695 0.2312182 0.16369903 0.74132246 0.49360964 0.23376781
0.248 0.1666402 0.7474935 0.4963292 0.2346814 0.16595173 0.75068504 0.49962583 0.23700029
0.2485 0.1690975 0.7578347 0.5029537 0.2381659 0.16821869 0.76006544 0.5056757 0.24024194
0.249 0.1715549 0.7682444 0.5096049 0.2416496 0.17049946 0.76946163 0.51175785 0.24349225
0.2495 0.1738387 0.7787183 0.5163009 0.2451296 0.17279345 0.77887136 0.5178708 0.24675062
0.25 0.1761019 0.7892516 0.5230709 0.2485998 0.17510025 0.7882925 0.5240134 0.2500167
0.2505 0.1783937 0.799758 0.5297982 0.2519553 0.17728038 0.797716 0.5301183 0.25308082
0.251 0.1805105 0.8100417 0.5362468 0.2549873 0.1793501 0.80708486 0.53616625 0.2559541
0.2515 0.1824612 0.8200241 0.5424348 0.2577738 0.18132211 0.81635094 0.5421398 0.25864613
0.252 0.1842976 0.829663 0.5484068 0.2603653 0.18320636 0.82547224 0.54802334 0.2611653
0.2525 0.1860485 0.8389338 0.5541885 0.2627808 0.18501054 0.8344134 0.5538029 0.2635189
0.253 0.1877253 0.8478216 0.5597907 0.2650287 0.18674053 0.8431438 0.5594653 0.2657134
0.2535 0.1893319 0.8563166 0.5652166 0.2671144 0.18840064 0.8516372 0.56499845 0.26775426
0.254 0.1908698 0.8644129 0.5704661 0.2690429 0.18999411 0.85987073 0.570391 0.2696464
0.2545 0.1923397 0.8721071 0.5755379 0.2708185 0.19152306 0.867825 0.5756322 0.27139416
0.255 0.1937256 0.879398 0.5804273 0.2724172 0.19298892 0.8754829 0.5807124 0.27300122
0.2555 0.1950234 0.8862854 0.5851302 0.2738496 0.19439246 0.8828303 0.58562195 0.27447098
0.256 0.1962557 0.892771 0.5896509 0.2751468 0.19573404 0.8898544 0.5903523 0.27580643
0.2565 0.1974349 0.8988577 0.5939918 0.2763206 0.19701366 0.8965447 0.5948956 0.27701032
0.257 0.1985636 0.9045496 0.5981526 0.277375 0.19823103 0.9028923 0.5992448 0.27808508
0.2575 0.1996399 0.9098514 0.6021324 0.2783111 0.19938578 0.9088895 0.60339344 0.27903327
0.258 0.2006613 0.9147682 0.6059302 0.2791305 0.20047747 0.9145305 0.60733616 0.2798571
0.2585 0.201626 0.9193056 0.6095454 0.2798361 0.20150553 0.91981035 0.61106884 0.280559
0.259 0.2025333 0.9234696 0.6129778 0.2804305 0.20246975 0.92472595 0.61458814 0.28114122
0.2595 0.2033828 0.9272662 0.6162275 0.2809163 0.20336969 0.92927486 0.6178918 0.28160626
0.26 0.2041745 0.9307019 0.6192948 0.2812963 0.20420535 0.933456 0.6209789 0.28195667
0.2605 0.2049084 0.9337827 0.62218 0.281573 0.20497666 0.9372695 0.6238492 0.2821951
0.261 0.2055848 0.9365123 0.6248827 0.2817489 0.20568381 0.9407163 0.6265039 0.28232422
0.2615 0.2062009 0.9388979 0.6274035 0.2818202 0.20632713 0.94379824 0.6289446 0.28234687
0.262 0.2067366 0.9409442 0.6297385 0.2817609 0.20690711 0.94651836 0.63117397 0.28226608
0.2625 0.2072045 0.9426607 0.6318907 0.2816001 0.20742436 0.9488799 0.6331955 0.28208482
0.263 0.2076229 0.9440563 0.6338665 0.2813571 0.20787959 0.9508875 0.6350131 0.2818061
0.2635 0.2079976 0.9451386 0.635669 0.2810368 0.20827372 0.95254546 0.63663113 0.28143305
0.264 0.2083278 0.9459143 0.6372995 0.2806397 0.20860757 0.9538596 0.6380542 0.28096867
0.2645 0.2085985 0.946389 0.6387367 0.2801592 0.20888217 0.95483536 0.6392873 0.28041616
0.265 0.20879 0.9465645 0.639958 0.2795906 0.2090985 0.95547897 0.6403352 0.2797784
0.2655 0.2089339 0.9464476 0.641019 0.2789487 0.20925759 0.95579666 0.6412031 0.27905834
0.266 0.2090404 0.946047 0.6419348 0.2782367 0.2093604 0.95579475 0.6418958 0.27825886
0.2665 0.2091075 0.9453701 0.6427023 0.2774545 0.20940803 0.9554805 0.64241785 0.27738273
0.267 0.2091304 0.9444237 0.6433155 0.2766021 0.20940138 0.95486003 0.6427739 0.27643257
0.2675 0.2091056 0.9432137 0.6437702 0.2756805 0.20934142 0.95394033 0.6429683 0.27541095
0.268 0.2090311 0.9417457 0.6440645 0.2746911 0.20922913 0.95272845 0.6430051 0.2743202
0.2685 0.208906 0.940025 0.6441977 0.2736351 0.2090653 0.9512308 0.6428879 0.2731627
0.269 0.20873 0.9380567 0.6441705 0.2725138 0.20885085 0.94945425 0.64262027 0.27194053
0.2695 0.2085031 0.935846 0.6439841 0.2713281 0.20858647 0.9474054 0.64220536 0.27065584
0.27 0.2082256 0.9333976 0.6436399 0.2700794 0.20827304 0.9450907 0.64164615 0.26931053
0.2705 0.207898 0.9307166 0.6431398 0.2687689 0.20791118 0.94251674 0.6409454 0.26790643
0.271 0.2075209 0.9278077 0.6424855 0.2673976 0.20750166 0.9396897 0.64010537 0.2664453
0.2715 0.2070945 0.9246756 0.641679 0.2659666 0.2070451 0.93661594 0.6391285 0.26492876
0.272 0.2066195 0.9213251 0.6407221 0.264477 0.20654212 0.9333014 0.6380168 0.26335835
0.2725 0.2060817 0.9177601 0.6395915 0.2629297 0.20599334 0.9297518 0.63677216 0.26173556
0.273 0.2054725 0.9139832 0.6382799 0.2613241 0.20539929 0.92597324 0.63539636 0.26006174
0.2735 0.2048228 0.909999 0.6368371 0.2596633 0.20476054 0.9219712 0.63389105 0.25833818
0.274 0.2041409 0.9058132 0.6352735 0.2579493 0.2040777 0.9177514 0.6322578 0.25656617
0.2745 0.203425 0.9014308 0.6335856 0.2561834 0.20335121 0.91331893 0.6304981 0.25474694
0.275 0.2026714 0.8968567 0.6317686 0.2543666 0.20258163 0.9086793 0.62861335 0.25288153
0.2755 0.2018771 0.8920953 0.6298193 0.2524998 0.20176949 0.9038375 0.62660486 0.2509711
0.276 0.2010405 0.8871507 0.6277365 0.2505841 0.2009152 0.89879847 0.624474 0.24901664
0.2765 0.2001605 0.8820266 0.6255202 0.2486202 0.20001937 0.8935672 0.6222223 0.24701917
0.277 0.199237 0.8767269 0.6231715 0.2466092 0.19908242 0.88814825 0.6198508 0.24497962
0.2775 0.19827 0.871255 0.6206916 0.2445519 0.19810478 0.88254625 0.61736107 0.24289891
0.278 0.1972598 0.8656145 0.6180824 0.2424492 0.19708697 0.8767659 0.61475414 0.24077794
0.2785 0.196207 0.8598089 0.6153455 0.2403019 0.19602947 0.8708113 0.6120315 0.23861757
0.279 0.1951121 0.8538415 0.612483 0.2381109 0.19493262 0.86468667 0.6091944 0.23641852
0.2795 0.1939755 0.8477156 0.6094966 0.235877 0.19379695 0.8583965 0.606244 0.23418158
0.28 0.1927979 0.8414346 0.6063883 0.233601 0.19262277 0.85194457 0.60318184 0.23190752
0.2805 0.1915798 0.8350015 0.6031598 0.2312837 0.19141053 0.8453348 0.6000088 0.22959694
0.281 0.1903218 0.8284196 0.599813 0.2289259 0.19016056 0.83857137 0.5967263 0.22725049
0.2815 0.1890242 0.821692 0.5963497 0.2265282 0.18887316 0.8316578 0.5933352 0.22486871
0.282 0.1876877 0.8148215 0.5927715 0.2240915 0.18754862 0.82459813 0.58983684 0.22245213
0.2825 0.1863126 0.8078112 0.5890803 0.2216164 0.18618722 0.817396 0.5862319 0.22000116
0.283 0.1848995 0.8006639 0.5852776 0.2191036 0.18478905 0.8100551 0.5825213 0.21751618
0.2835 0.1834489 0.7933825 0.5813652 0.2165538 0.18335436 0.8025789 0.5787059 0.21499744
0.284 0.1819611 0.7859698 0.5773447 0.2139677 0.18188311 0.79497135 0.57478607 0.21244517
0.2845 0.1804367 0.7784284 0.5732177 0.2113459 0.18037531 0.78723615 0.5707622 0.20985934
0.285 0.1788761 0.770761 0.5689858 0.208689 0.17883086 0.7793768 0.56663465 0.20724005
0.2855 0.1772796 0.7629701 0.5646507 0.2059977 0.17724966 0.77139693 0.5624032 0.2045871
0.286 0.1756478 0.7550584 0.5602138 0.2032726 0.17563139 0.76330066 0.5580679 0.2019003
0.2865 0.1739811 0.7470283 0.5556767 0.2005141 0.1739758 0.7550914 0.55362844 0.19917932
0.287 0.1722799 0.7388822 0.551041 0.197723 0.17228246 0.74677306 0.5490843 0.1964238
0.2875 0.1705445 0.7306224 0.5463081 0.1948998 0.17055102 0.73834926 0.5444351 0.19363329
0.288 0.1687755 0.7222514 0.5414796 0.192045 0.16878112 0.7298239 0.5396805 0.19080749
0.2885 0.1669732 0.7137713 0.5365569 0.1891591 0.1669724 0.7212004 0.5348202 0.18794599
0.289 0.165138 0.7051844 0.5315414 0.1862427 0.16512474 0.7124824 0.52985466 0.18504871
0.2895 0.1632703 0.6964928 0.5264347 0.1832963 0.16323814 0.7036729 0.5247845 0.18211576
0.29 0.1613706 0.6876988 0.521238 0.1803205 0.16131285 0.69477516 0.51961124 0.1791476
0.2905 0.1594391 0.6788042 0.515953 0.1773156 0.15934955 0.6857918 0.5143373 0.17614515
0.291 0.1574764 0.6698113 0.5105808 0.1742821 0.1573493 0.67672527 0.5089663 0.17310983
0.2915 0.1554828 0.6607219 0.5051229 0.1712206 0.15531363 0.6675778 0.503503 0.17004357
0.292 0.1534586 0.6515381 0.4995806 0.1681315 0.1532444 0.65835124 0.4979532 0.16694883
0.2925 0.1514043 0.6422616 0.4939553 0.1650153 0.15114394 0.6490477 0.49232355 0.16382854
0.293 0.1493202 0.6328944 0.4882483 0.1618723 0.14901473 0.6396691 0.48662105 0.16068563
0.2935 0.1472068 0.6234383 0.4824608 0.158703 0.14685933 0.63021815 0.48085305 0.15752326
0.294 0.1450643 0.6138951 0.4765942 0.1555079 0.14468013 0.6206976 0.47502598 0.1543441
0.2945 0.1428931 0.6042665 0.4706497 0.1522874 0.14247918 0.6111115 0.46914557 0.15115051
0.295 0.1406936 0.5945542 0.4646286 0.1490418 0.1402582 0.60146403 0.4632164 0.14794415
0.2955 0.1384662 0.5847599 0.4585321 0.1457716 0.13801846 0.59176046 0.45724168 0.14472619
0.296 0.1362112 0.5748853 0.4523614 0.1424771 0.1357608 0.58200645 0.4512237 0.14149715
0.2965 0.133929 0.5649318 0.4461177 0.1391588 0.13348599 0.57220775 0.44516405 0.1382575
0.297 0.1316198 0.5549011 0.4398022 0.135817 0.13119465 0.56237024 0.43906444 0.13500747
0.2975 0.1292841 0.5447947 0.433416 0.1324521 0.1288875 0.55249983 0.43292642 0.13174745
0.298 0.1269222 0.5346142 0.4269603 0.1290644 0.12656541 0.542602 0.4267521 0.12847799
0.2985 0.1245345 0.5243609 0.4204362 0.1256543 0.12422931 0.53268224 0.42054376 0.12519978
0.299 0.1221212 0.5140363 0.4138448 0.1222222 0.12188022 0.5227459 0.4143039 0.12191361
0.2995 0.1196827 0.5036418 0.4071873 0.1187684 0.11951922 0.51279837 0.40803525 0.11862041
0.3 0.1172193 0.4931788 0.4004647 0.1152931 0.11714755 0.5028447 0.4017406 0.115321055
0.3005 0.1148144 0.4827378 0.3937992 0.1119295 0.11502136 0.49267107 0.39570585 0.11234957
0.301 0.1126795 0.4725182 0.3874259 0.108903 0.112984374 0.48258847 0.38959557 0.109510586
0.3015 0.1107802 0.4626001 0.3813228 0.106138 0.11106017 0.472637 0.3835486 0.10684985
0.302 0.1090372 0.4530266 0.375441 0.1035812 0.10922839 0.4628979 0.37757042 0.10435049
0.3025 0.1074005 0.4438223 0.3697517 0.1012107 0.1074802 0.45342195 0.37168598 0.10200848
0.303 0.1058449 0.4350022 0.3642417 0.09901528 0.105808035 0.44424874 0.36591363 0.099818885
0.3035 0.1043582 0.4265755 0.3589068 0.0969872 0.104206294 0.43540785 0.36026913 0.097777545
0.304 0.102935 0.4185479 0.3537464 0.09511994 0.10267091 0.42692143 0.35476598 0.09588054
0.3045 0.1015724 0.4109223 0.3487614 0.09340757 0.101199046 0.41880602 0.34941587 0.09412444
0.305 0.1002693 0.4036998 0.3439531 0.09184451 0.0997888 0.41107354 0.34422863 0.09250601
0.3055 0.09902483 0.3968798 0.339323 0.09042551 0.09843902 0.40373248 0.33921316 0.09102225
0.306 0.09783864 0.3904602 0.3348723 0.08914558 0.09714912 0.39678872 0.33437693 0.08967045
0.3065 0.09671044 0.3844382 0.330602 0.08799999 0.095918894 0.3902459 0.32972664 0.08844784
0.307 0.09563999 0.3788098 0.3265127 0.08698424 0.09474841 0.38410598 0.32526788 0.08735192
0.3075 0.09462708 0.3735706 0.3226051 0.08609405 0.09363788 0.3783694 0.32100555 0.08638021
0.308 0.09367148 0.3687155 0.3188793 0.08532534 0.09258768 0.37303528 0.31694368 0.085530266
0.3085 0.09277299 0.3642389 0.3153357 0.08467424 0.09159821 0.36810192 0.31308568 0.08479972
0.309 0.09193137 0.3601349 0.311974 0.08413705 0.090669885 0.36356688 0.3094342 0.0841862
0.3095 0.09114637 0.3563975 0.308794 0.08371024 0.089803085 0.3594267 0.30599144 0.08368735
0.31 0.09041773 0.3530203 0.3057954 0.08339046 0.088998094 0.35567752 0.30275887 0.08330086
0.3105 0.0897452 0.3499968 0.3029777 0.08317449 0.08825521 0.3523148 0.29973745 0.08302441
0.311 0.08912848 0.3473205 0.3003401 0.08305928 0.087574616 0.34933364 0.29692772 0.08285566
0.3115 0.08856727 0.3449848 0.297882 0.08304189 0.08695635 0.34672862 0.2943296 0.08279224
0.312 0.08806127 0.342983 0.2956025 0.08311952 0.08640045 0.34449407 0.29194266 0.082831845
0.3125 0.08761015 0.3413085 0.2935006 0.0832895 0.08590683 0.34262395 0.28976613 0.0829722
0.313 0.08721358 0.3399548 0.2915753 0.08354926 0.08547537 0.34111196 0.2877989 0.0832109
0.3135 0.08687123 0.3389153 0.2898254 0.08389635 0.08510572 0.33995152 0.28603938 0.08354567
0.314 0.08658272 0.3381835 0.2882497 0.08432842 0.08479759 0.33913597 0.28448588 0.08397423
0.3145 0.08634771 0.3377531 0.286847 0.0848432 0.08455059 0.33865842 0.2831362 0.08449423
0.315 0.08616582 0.3376178 0.2856159 0.08543853 0.084364265 0.33851182 0.28198817 0.08510347
0.3155 0.08603667 0.3377714 0.284555 0.08611234 0.08423802 0.33868906 0.28103918 0.08579962
0.316 0.08595987 0.3382076 0.2836629 0.08686262 0.08417134 0.339183 0.2802867 0.086580485
0.3165 0.08593504 0.3389207 0.2829381 0.08768745 0.08416358 0.33998635 0.27972782 0.08744389
0.317 0.08596176 0.3399046 0.2823791 0.088585 0.08421406 0.341092 0.2793597 0.08838764
0.3175 0.08603963 0.3411537 0.2819843 0.08955347 0.084322035 0.3424924 0.27917913 0.089409575
0.318 0.08616824 0.3426621 0.2817521 0.09059117 0.08448678 0.3441805 0.279183 0.09050761
0.3185 0.08634717 0.3444245 0.2816809 0.09169645 0.08470753 0.34614894 0.27936813 0.09167965
0.319 0.086576 0.3464353 0.281769 0.0928677 0.08498348 0.3483906 0.27973115 0.0929237
0.3195 0.0868543 0.3486892 0.2820147 0.09410341 0.08531383 0.3508983 0.28026888 0.094237745
0.32 0.08718164 0.351181 0.2824164 0.09540209 0.085697755 0.353665 0.28097793 0.09561984
0.3205 0.08755759 0.3539057 0.2829723 0.09676231 0.08613436 0.35668364 0.28185478 0.09706807
0.321 0.08798171 0.3568582 0.2836807 0.09818271 0.086622864 0.35994738 0.28289622 0.098580584
0.3215 0.08845355 0.3600337 0.2845398 0.09966193 0.087162375 0.36344934 0.2840988 0.1001555
0.322 0.08897268 0.3634274 0.2855479 0.1011987 0.087752014 0.36718276 0.28545922 0.10179111
0.3225 0.08953866 0.3670346 0.2867033 0.1027918 0.08839096 0.37114117 0.2869741 0.103485614
0.323 0.09015102 0.3708507 0.288004 0.1044399 0.08907829 0.37531793 0.28864008 0.10523735
0.3235 0.09080934 0.3748714 0.2894485 0.106142 0.08981323 0.3797067 0.2904539 0.10704467
0.324 0.09151316 0.3790922 0.2910349 0.1078969 0.09059487 0.38430116 0.29241237 0.10890591
0.3245 0.09226202 0.3835089 0.2927613 0.1097034 0.091422364 0.38909525 0.29451218 0.11081956
0.325 0.09305549 0.3881174 0.2946261 0.1115606 0.09229487 0.3940829 0.29675016 0.11278404
0.3255 0.0938931 0.3929135 0.2966275 0.1134674 0.09321156 0.3992581 0.2991231 0.114797875
0.326 0.09477441 0.3978933 0.2987636 0.1154227 0.09417157 0.4046152 0.30162796 0.11685963
0.3265 0.09569889 0.4030529 0.3010327 0.1174256 0.095174134 0.41014847 0.30426168 0.118967876
0.327 0.09666581 0.4083885 0.303433 0.1194748 0.09621836 0.4158524 0.3070213 0.12112127
0.3275 0.09767478 0.4138963 0.3059627 0.1215694 0.097303465 0.4217215 0.30990362 0.123318404
0.328 0.09872559 0.4195727 0.3086201 0.1237089 0.0984287 0.4277505 0.312906 0.12555805
0.3285 0.09981795 0.4254142 0.3114035 0.1258925 0.09959321 0.43393418 0.3160253 0.12783884
0.329 0.1009515 0.4314174 0.3143111 0.1281194 0.10079624 0.44026756 0.31925875 0.13015959
0.3295 0.1021257 0.4375787 0.3173413 0.1303887 0.102037 0.44674557 0.32260358 0.13251908
0.33 0.1033402 0.4438906 0.3202122 0.1326997 0.10331473 0.45336336 0.32605702 0.13491619
0.3305 0.1045931 0.4503258 0.3227986 0.1350515 0.10462871 0.46011633 0.32961637 0.13734971
0.331 0.1058839 0.4568867 0.3256991 0.1374433 0.10597816 0.46699965 0.33327886 0.13981853
0.3315 0.1072135 0.4635864 0.3289783 0.1398746 0.10736233 0.47400892 0.33704197 0.14232162
0.332 0.1085822 0.4704333 0.3325611 0.1423444 0.10878053 0.48113972 0.34090307 0.14485785
0.3325 0.1099896 0.4774302 0.3363661 0.1448521 0.11023201 0.48838764 0.3448595 0.1474262
0.333 0.1114352 0.484576 0.3403346 0.147397 0.11171606 0.49574852 0.34890896 0.15002571
0.3335 0.112911 0.4918664 0.3444286 0.149965 0.11323206 0.5032182 0.35304886 0.15265535
0.334 0.1144075 0.4992964 0.3486242 0.1525491 0.11477922 0.5107927 0.3572767 0.1553142
0.3345 0.1159376 0.5068624 0.3529129 0.1551659 0.116356865 0.5184679 0.36159015 0.15800129
0.335 0.1175095 0.5145601 0.3572915 0.1578195 0.11796439 0.5262401 0.3659869 0.16071573
0.3355 0.1191224 0.5223841 0.3617568 0.1604978 0.119601116 0.53410554 0.3704646 0.1634566
0.336 0.1207729 0.5303313 0.3663077 0.1632082 0.121266305 0.5420604 0.3750209 0.1662231
0.3365 0.1224612 0.5383988 0.3709458 0.1659602 0.122959375 0.5501009 0.3796536 0.16901428
0.337 0.1241797 0.5465837 0.3756718 0.168747 0.1246797 0.5582239 0.3843606 0.17182943
0.3375 0.1259206 0.5548831 0.3804845 0.1715653 0.12642664 0.56642574 0.38913965 0.17466766
0.338 0.1276961 0.5632942 0.385385 0.1744222 0.12819952 0.5747029 0.39398855 0.17752822
0.3385 0.1295122 0.5718141 0.3903738 0.1773179 0.12999777 0.58305234 0.3989053 0.18041031
0.339 0.1313688 0.5804405 0.3954506 0.1802506 0.13182078 0.5914706 0.40388775 0.18331319
0.3395 0.1332633 0.589171 0.4006146 0.1832184 0.13366793 0.5999545 0.408934 0.18623611
0.34 0.1351933 0.5980033 0.405865 0.1862195 0.13553865 0.608501 0.41404197 0.18917844
0.3405 0.1371565 0.6069352 0.4112009 0.1892522 0.13743238 0.6171071 0.41920987 0.19213936
0.341 0.1391515 0.6159647 0.4166211 0.1923155 0.13934852 0.6257697 0.42443565 0.19511828
0.3415 0.1411772 0.6250897 0.4221248 0.195408 0.14128643 0.6344859 0.42971745 0.19811445
0.342 0.1432328 0.6343082 0.4277109 0.1985289 0.14324564 0.6432528 0.43505347 0.20112723
0.3425 0.1453177 0.6436185 0.4333783 0.2016774 0.14522554 0.65206754 0.44044182 0.20415601
0.343 0.1474316 0.6530185 0.4391259 0.2048527 0.1472256 0.6609276 0.44588098 0.20720014
0.3435 0.1495741 0.6625067 0.4449526 0.2080543 0.14924529 0.66983 0.45136902 0.21025902
0.344 0.1517448 0.6720811 0.4508573 0.2112815 0.15128401 0.6787722 0.4569042 0.21333203
0.3445 0.1539434 0.6817401 0.4568388 0.2145338 0.1533413 0.6877517 0.462485 0.21641856
0.345 0.1561697 0.6914821 0.4628961 0.2178106 0.15541653 0.69676584 0.46810982 0.21951807
0.3455 0.1584232 0.7013054 0.4690279 0.2211114 0.15750928 0.70581216 0.4737769 0.22262996
0.346 0.1607036 0.7112084 0.4752331 0.2244359 0.159619 0.7148882 0.4794849 0.22575372
0.3465 0.1630074 0.7211895 0.4815044 0.2277806 0.16174518 0.7239917 0.4852322 0.22888872
0.347 0.1653071 0.7312419 0.4878036 0.231101 0.16388728 0.73312 0.49101743 0.23203453
0.3475 0.1676169 0.7413627 0.4941653 0.2344107 0.16604485 0.7422712 0.49683908 0.23519057
0.348 0.1699576 0.7515547 0.5006127 0.2377484 0.16821736 0.75144285 0.5026956 0.23835632
0.3485 0.1723368 0.7618192 0.5071466 0.2411248 0.17040431 0.7606326 0.5085858 0.24153128
0.349 0.1747543 0.7721563 0.5137613 0.2445394 0.17260523 0.7698385 0.5145083 0.24471495
0.3495 0.1772068 0.7825652 0.5204503 0.2479889 0.17481963 0.77905834 0.5204619 0.24790686
0.35 0.1796906 0.7930446 0.5272084 0.2514699 0.17704706 0.78829014 0.5264452 0.25110653
0.3505 0.1821197 0.8035037 0.533911 0.254847 0.17915094 0.79752916 0.53239596 0.2541094
0.351 0.1842809 0.8137429 0.5403214 0.2578928 0.18114726 0.8067208 0.5382956 0.25692615
0.3515 0.1862071 0.8236818 0.5464609 0.2606816 0.18304874 0.81581813 0.5441278 0.25956622
0.352 0.1879771 0.8332768 0.5523779 0.2632651 0.18486522 0.824781 0.5498773 0.26203766
0.3525 0.1896401 0.8425032 0.5581012 0.265664 0.18660437 0.8335745 0.55553067 0.2643477
0.353 0.1912041 0.8513456 0.5636402 0.2678596 0.1882721 0.84216875 0.5610751 0.2665025
0.3535 0.1926756 0.8597942 0.5689967 0.2698653 0.18987282 0.8505382 0.5664991 0.2685075
0.354 0.1940822 0.8678428 0.5741769 0.2717143 0.19140966 0.8586599 0.5717914 0.27036747
0.3545 0.1954383 0.8754887 0.5791829 0.2734199 0.19288494 0.8665149 0.5769419 0.27208665
0.355 0.1967466 0.882731 0.5840141 0.2749867 0.19430001 0.87408626 0.5819407 0.2736686
0.3555 0.1980048 0.8895706 0.5886685 0.2764169 0.19565578 0.8813595 0.5867787 0.27511668
0.356 0.1992103 0.8960093 0.5931444 0.2777138 0.1969525 0.8883218 0.5914471 0.27643365
0.3565 0.200361 0.9020504 0.5974401 0.2788807 0.19819026 0.8949626 0.59593815 0.27762228
0.357 0.2014556 0.9076975 0.6015547 0.2799213 0.19936867 0.90127224 0.60024446 0.27868488
0.3575 0.2024933 0.9129549 0.6054872 0.2808387 0.20048736 0.9072432 0.6043595 0.27962375
0.358 0.2034737 0.9178246 0.6092362 0.2816361 0.20154576 0.91286904 0.6082778 0.28044105
0.3585 0.2043918 0.922313 0.6128012 0.2823073 0.20254333 0.9181444 0.6119944 0.28113893
0.359 0.2052272 0.926424 0.6161771 0.2828295 0.20347957 0.92306536 0.61550564 0.28171954
0.3595 0.2059957 0.930167 0.6193671 0.2832354 0.20435412 0.9276293 0.6188088 0.28218517
0.36 0.2067147 0.9335502 0.6223769 0.2835436 0.20516662 0.9318344 0.6219022 0.28253812
0.3605 0.2073891 0.9365811 0.6252088 0.2837589 0.20591699 0.93567985 0.624785 0.2827807
0.361 0.2080164 0.9392664 0.6278609 0.2838817 0.20660518 0.93916625 0.62745744 0.28291556
0.3615 0.2085652 0.9416097 0.6302862 0.2838989 0.20723133 0.9422947 0.62992066 0.28294528
0.362 0.2090505 0.9436153 0.6325196 0.2838229 0.20779578 0.94506735 0.63217664 0.2828725
0.3625 0.2094946 0.945292 0.6345969 0.2836621 0.20829906 0.9474873 0.63422817 0.2827001
0.363 0.2098994 0.9466483 0.6365205 0.283418 0.20874171 0.9495577 0.6360785 0.28243095
0.3635 0.2102605 0.9476921 0.6382843 0.2830904 0.20912437 0.95128316 0.63773125 0.28206792
0.364 0.2105734 0.9484301 0.6398829 0.2826804 0.20944788 0.95266825 0.6391907 0.28161392
0.3645 0.2108352 0.9488687 0.6413128 0.2821898 0.20971306 0.9537181 0.64046127 0.28107187
0.365 0.2110445 0.9490142 0.6425725 0.2816203 0.20992081 0.9544384 0.6415476 0.28044465
0.3655 0.2112007 0.9488723 0.6436618 0.2809736 0.21007203 0.9548349 0.642454 0.2797351
0.366 0.2113036 0.9484488 0.6445815 0.2802512 0.21016766 0.95491356 0.6431852 0.27894592
0.3665 0.2113534 0.9477496 0.6453325 0.2794546 0.21020864 0.9546806 0.64374566 0.27807984
0.367 0.211337 0.9467762 0.6459124 0.2785525 0.21019585 0.95414275 0.64413977 0.27713943
0.3675 0.2112463 0.9455324 0.6463181 0.2775524 0.2101302 0.953306 0.6443714 0.27612716
0.368 0.2111029 0.9440272 0.6465591 0.276489 0.21001254 0.9521772 0.6444447 0.27504537
0.3685 0.2109186 0.9422684 0.6466417 0.2753708 0.20984368 0.9507627 0.64436316 0.27389637
0.369 0.2106927 0.9402625 0.6465636 0.2741981 0.20962451 0.9490687 0.6441302 0.27268225
0.3695 0.2103955 0.9380137 0.6462825 0.2729679 0.2093557 0.9471019 0.6437489 0.2714051
0.37 0.2100475 0.9355259 0.6458413 0.2716758 0.20903794 0.9448685 0.6432222 0.27006683
0.3705 0.2096655 0.9328049 0.6452678 0.2703167 0.20867206 0.9423747 0.64255285 0.26866925
0.371 0.2092495 0.9298567 0.6445622 0.2689025 0.20825864 0.93962675 0.6417432 0.26721412
0.3715 0.2087955 0.9266869 0.6437191 0.2674358 0.20779826 0.93663067 0.64079535 0.26570305
0.372 0.2082995 0.9233004 0.6427343 0.2659165 0.20729159 0.9333922 0.63971156 0.26413757
0.3725 0.2077592 0.9197019 0.6416053 0.2643446 0.20673914 0.9299173 0.63849366 0.26251915
0.373 0.2071731 0.9158958 0.6403316 0.2627201 0.20614155 0.92621154 0.6371433 0.2608492
0.3735 0.2065406 0.9118863 0.6389136 0.2610433 0.20549928 0.9222806 0.63566226 0.25912908
0.374 0.2058612 0.9076775 0.6373526 0.2593148 0.2048129 0.9181298 0.6340521 0.25735995
0.3745 0.205134 0.9032735 0.63565 0.257535 0.20408295 0.91376454 0.6323142 0.25554305
0.375 0.2043599 0.8986783 0.6338078 0.2557047 0.20330988 0.90918976 0.6304502 0.25367954
0.3755 0.2035403 0.8938958 0.6318278 0.2538248 0.20249419 0.9044109 0.62846124 0.25177053
0.376 0.2026766 0.8889297 0.6297119 0.2518961 0.20163639 0.8994325 0.6263489 0.24981701
0.3765 0.2017697 0.883784 0.6274621 0.2499195 0.20073698 0.8942595 0.62411433 0.24782005
0.377 0.20082 0.8784624 0.6250803 0.2478958 0.1997964 0.8888967 0.62175906 0.24578062
0.3775 0.1998279 0.8729684 0.6225684 0.2458214 0.19881512 0.88334846 0.6192842 0.24369961
0.378 0.1987931 0.8673057 0.6199281 0.2436865 0.19779365 0.8776194 0.6166914 0.24157798
0.3785 0.1977157 0.8614777 0.6171613 0.2415036 0.19673239 0.8717137 0.61398166 0.23941651
0.379 0.1965967 0.8554879 0.6142698 0.2392788 0.19563179 0.86563575 0.6111565 0.23721611
0.3795 0.1954368 0.8493396 0.6112554 0.237014 0.1944923 0.8593896 0.60821724 0.23497754
0.38 0.1942368 0.8430362 0.60812 0.23471 0.1933143 0.85297936 0.60516506 0.23270154
0.3805 0.192997 0.836581 0.6048652 0.2323674 0.1920983 0.8464089 0.60200137 0.23038882
0.381 0.1917179 0.829977 0.6014929 0.2299868 0.19084452 0.8396823 0.59872735 0.22804004
0.3815 0.1904 0.8232275 0.5980046 0.2275686 0.18955342 0.83280325 0.59534425 0.22565582
0.382 0.1890436 0.8163355 0.594402 0.2251133 0.18822525 0.8257755 0.59185314 0.22323671
0.3825 0.1876491 0.8093039 0.590687 0.2226215 0.18686028 0.8186029 0.58825505 0.22078317
0.383 0.1862171 0.8021357 0.5868609 0.2200936 0.18545873 0.8112892 0.5845508 0.21829557
0.3835 0.1847479 0.7948336 0.5829256 0.2175301 0.18402077 0.8038379 0.5807413 0.2157743
0.384 0.1832419 0.7874005 0.5788826 0.2149314 0.18254645 0.7962528 0.5768273 0.21321952
0.3845 0.1816996 0.779839 0.5747336 0.212298 0.1810358 0.7885376 0.572809 0.2106314
0.385 0.1801109 0.7721361 0.5697192 0.2096245 0.17948881 0.78069615 0.56868684 0.20800996
0.3855 0.1784595 0.7642534 0.5641437 0.2069077 0.17790529 0.7727321 0.56446093 0.20535508
0.386 0.1767749 0.7562142 0.558919 0.2041596 0.17628501 0.7646492 0.56013113 0.20266655
0.3865 0.1750688 0.7480509 0.5540696 0.2013823 0.17462772 0.75645167 0.55569714 0.19994414
0.387 0.1733411 0.7397851 0.5494375 0.1985759 0.172933 0.7481428 0.55115855 0.19718736
0.3875 0.1715884 0.7314277 0.5448777 0.1957401 0.17120047 0.73972696 0.5465148 0.19439587
0.388 0.1698072 0.7229827 0.540293 0.1928747 0.16942963 0.73120755 0.54176533 0.19156909
0.3885 0.1679955 0.7144504 0.5356275 0.1899797 0.16762018 0.72258866 0.53690994 0.18870673
0.389 0.1661519 0.7058293 0.530853 0.1870553 0.16577178 0.7138739 0.5319483 0.1858085
0.3895 0.1642759 0.6971177 0.5259581 0.1841017 0.16388439 0.70506656 0.5268813 0.18287428
0.39 0.1623675 0.6883142 0.5209407 0.1811191 0.16195802 0.69617003 0.52170944 0.1799044
0.3905 0.1604268 0.6794177 0.5158035 0.1781079 0.15999326 0.6871871 0.51643527 0.17689952
0.391 0.1584542 0.6704277 0.5105513 0.1750683 0.157991 0.67812055 0.5110618 0.17386097
0.3915 0.1564502 0.6613444 0.5051896 0.1720009 0.15595256 0.66897255 0.50559324 0.17079043
0.392 0.1544153 0.6521681 0.4997237 0.1689059 0.15387978 0.65974545 0.5000353 0.16769026
0.3925 0.1523499 0.6428998 0.4941587 0.1657838 0.1517748 0.65044093 0.49439427 0.16456322
0.393 0.1502545 0.6335407 0.4884991 0.162635 0.14964011 0.6410612 0.4886774 0.16141239
0.3935 0.1481295 0.624092 0.4827488 0.1594599 0.14747831 0.63160866 0.482892 0.15824085
0.394 0.1459754 0.6145552 0.4769112 0.1562589 0.14529192 0.6220862 0.4770451 0.15505162
0.3945 0.1437927 0.6049319 0.4709893 0.1530323 0.14308317 0.61249727 0.47114274 0.15184718
0.395 0.1415816 0.5952237 0.4649857 0.1497807 0.14085388 0.6028462 0.4651899 0.14862944
0.3955 0.1393426 0.5854324 0.4589027 0.1465044 0.13860548 0.5931379 0.45919034 0.14539973
0.396 0.1370762 0.5755595 0.4527424 0.1432037 0.13633901 0.583378 0.45314685 0.14215893
0.3965 0.1347826 0.5656068 0.4465066 0.1398792 0.1340552 0.5735724 0.4470612 0.13890739
0.397 0.1324622 0.5555759 0.4401971 0.136531 0.13175485 0.5637268 0.44093516 0.13564557
0.3975 0.1301154 0.5454684 0.4338154 0.1331597 0.12943865 0.55384725 0.43477046 0.13237382
0.398 0.1277425 0.5352859 0.427363 0.1297656 0.12710747 0.5439393 0.4285693 0.12909277
0.3985 0.1253439 0.5250299 0.4208412 0.1263491 0.12476225 0.53400874 0.42233387 0.12580305
0.399 0.1229199 0.514702 0.4142514 0.1229104 0.12240408 0.5240607 0.41606686 0.122505486
0.3995 0.1204708 0.5043037 0.4075948 0.11945 0.120034054 0.5141007 0.40977097 0.11920099
0.4 0.1179969 0.4938364 0.4008726 0.1159682 0.117653325 0.50413394 0.403449 0.11589052
0.4005 0.1155403 0.4833461 0.3941465 0.1125316 0.115393445 0.49404967 0.39725474 0.11274518
0.401 0.1132065 0.4729333 0.3875347 0.1092533 0.11316869 0.4840057 0.3909993 0.109656885
0.4015 0.1109789 0.4626386 0.3810267 0.1060954 0.110996395 0.47400898 0.38476673 0.10665569
0.402 0.1088176 0.4524843 0.3745988 0.1030316 0.108860776 0.4641024 0.37854338 0.103725255
0.4025 0.106698 0.4424834 0.3682368 0.100051 0.10675916 0.45430404 0.37234595 0.100865796
0.403 0.1046076 0.432644 0.3619349 0.09714828 0.10468596 0.44463152 0.3661782 0.098072365
0.4035 0.1025405 0.4229713 0.3556914 0.09431959 0.102638036 0.43509606 0.36004683 0.09534246
0.404 0.100494 0.4134688 0.3495065 0.09156187 0.1006124 0.4257058 0.35395554 0.09267302
0.4045 0.0984669 0.4041386 0.3433812 0.0888723 0.09860693 0.41646618 0.34790823 0.090061545
0.405 0.09645873 0.3949817 0.3373166 0.08624823 0.09661996 0.40738067 0.34190774 0.08750579
0.4055 0.09446928 0.3859984 0.3313138 0.08368717 0.09465033 0.3984513 0.33595666 0.085003525
0.406 0.09249847 0.3771883 0.325374 0.08118677 0.09269704 0.38967878 0.33005702 0.082552835
0.4065 0.09054629 0.3685503 0.3194981 0.0787448 0.090759486 0.3810631 0.32421058 0.080151916
0.407 0.08861277 0.3600832 0.3136869 0.07635914 0.088837236 0.37260368 0.31841895 0.07779902
0.4075 0.08669792 0.3517851 0.307941 0.07402778 0.08693004 0.36429924 0.31268337 0.07549265
0.408 0.08480179 0.3436541 0.3022612 0.07174881 0.08503772 0.35614833 0.30700502 0.07323134
0.4085 0.08292438 0.3356878 0.2966477 0.06952043 0.08316027 0.34814918 0.30138493 0.07101372
0.409 0.08106572 0.3278837 0.2911012 0.06734089 0.081297666 0.34029967 0.29582384 0.06883848
0.4095 0.07922581 0.3202393 0.2856217 0.06520858 0.07944998 0.3325976 0.2903225 0.06670441
0.41 0.07740465 0.3127519 0.2802096 0.06312191 0.07761732 0.32504097 0.28488162 0.06461039
0.4105 0.07560222 0.3054186 0.2748649 0.06107941 0.07579984 0.31762728 0.27950183 0.06255534
0.411 0.07381852 0.2982367 0.2695878 0.05907965 0.07399765 0.31035423 0.27418342 0.060538217
0.4115 0.07205352 0.2912032 0.2643781 0.05712129 0.07221098 0.30321947 0.26892692 0.058558047
0.412 0.07030717 0.2843153 0.259236 0.05520304 0.070439935 0.29622063 0.2637326 0.056613937
0.4125 0.06857945 0.27757 0.2541612 0.05332366 0.06868468 0.28935525 0.25860083 0.05470497
0.413 0.0668703 0.2709645 0.2491536 0.05148199 0.066945374 0.28262094 0.25353175 0.05283031
0.4135 0.06517967 0.2644959 0.244213 0.0496769 0.06522222 0.2760155 0.24852553 0.050989166
0.414 0.06350749 0.2581613 0.2393391 0.04790731 0.063515246 0.26953647 0.24358228 0.04918073
0.4145 0.0618537 0.2519579 0.2345317 0.0461722 0.06182468 0.26318157 0.23870212 0.04740432
0.415 0.06021823 0.2458829 0.2297903 0.04447059 0.06015061 0.2569487 0.23388508 0.045659207
0.4155 0.05860099 0.2399337 0.2251147 0.04280153 0.058493137 0.25083548 0.2291311 0.04394468
0.416 0.05700191 0.2341074 0.2205045 0.04116413 0.056852326 0.24483967 0.22444004 0.042260066
0.4165 0.05542089 0.2284015 0.2159591 0.03955751 0.0552283 0.23895922 0.21981186 0.040604755
0.417 0.05385784 0.2228133 0.2114783 0.03798086 0.053621113 0.2331919 0.2152465 0.03897816
0.4175 0.05231266 0.2173403 0.2070614 0.03643337 0.05203083 0.2275357 0.21074364 0.03737966
0.418 0.05078525 0.2119799 0.2027081 0.03491427 0.050457478 0.22198856 0.20630321 0.035808682
0.4185 0.04927551 0.2067298 0.1984178 0.03342283 0.04890109 0.21654841 0.20192483 0.03426466
0.419 0.04778331 0.2015874 0.1941899 0.03195835 0.047361687 0.2112132 0.1976082 0.032747053
0.4195 0.04630856 0.1965505 0.190024 0.03052015 0.04583931 0.20598114 0.19335318 0.031255372
0.42 0.04485113 0.1916168 0.1859194 0.02910756 0.04433389 0.2008501 0.18915927 0.02978903
0.4205 0.04341091 0.1867839 0.1818755 0.02771996 0.042845473 0.1958183 0.18502623 0.028347611
0.421 0.04198777 0.1820497 0.1778919 0.02635674 0.041374013 0.19088396 0.18095359 0.026930608
0.4215 0.04058158 0.177412 0.1739678 0.02501732 0.039919466 0.18604513 0.17694095 0.025537513
0.422 0.03919223 0.1728688 0.1701027 0.02370113 0.038481817 0.18130001 0.17298791 0.02416791
0.4225 0.03781957 0.1684179 0.166296 0.02240763 0.037061006 0.1766469 0.169094 0.022821344
0.423 0.03646349 0.1640573 0.162547 0.02113628 0.035656996 0.17208412 0.16525877 0.021497406
0.4235 0.03512383 0.1597851 0.158855 0.01988658 0.034269713 0.16760996 0.16148174 0.020195633
0.424 0.03380048 0.1555993 0.1552195 0.01865804 0.032899067 0.16322263 0.15776238 0.01891563
0.4245 0.03249329 0.1514981 0.1516398 0.01745019 0.031545006 0.15892059 0.15410018 0.017656967
0.425 0.03120212 0.1474796 0.1481153 0.01626255 0.030207433 0.15470219 0.15049458 0.016419284
0.4255 0.02992684 0.143542 0.1446453 0.0150947 0.028886244 0.15056588 0.146945 0.015202142
0.426 0.0286673 0.1396837 0.1412291 0.01394619 0.027581364 0.14651003 0.14345095 0.0140052065
0.4265 0.02742336 0.1359027 0.137866 0.01281661 0.026292697 0.14253321 0.14001185 0.012828104
0.427 0.02619488 0.1321976 0.1345556 0.01170555 0.02502013 0.13863388 0.13662708 0.011670455
0.4275 0.02498171 0.1285666 0.1312969 0.01061263 0.023763537 0.1348105 0.13329607 0.010531917
0.428 0.02378371 0.1250082 0.1280895 0.009537467 0.0225228 0.13106169 0.13001812 0.0094120875
0.4285 0.02260074 0.1215207 0.1249327 0.008479684 0.02129782 0.12738594 0.12679276 0.008310698
0.429 0.02143264 0.1181027 0.1218257 0.007438927 0.020088464 0.12378198 0.12361934 0.007227376
0.4295 0.02027928 0.1147527 0.1187679 0.006414849 0.01889465 0.12024841 0.12049725 0.006161824
0.43 0.01914051 0.1114692 0.1157588 0.005407113 0.017716177 0.11678377 0.11742581 0.0051136836
0.4305 0.01801618 0.1082507 0.1127975 0.00441539 0.01655297 0.11338678 0.11440443 0.0040826574
0.431 0.01690614 0.105096 0.1098836 0.003439361 0.015404865 0.11005618 0.11143244 0.0030684322
0.4315 0.01581024 0.1020036 0.1070162 0.002478717 0.014271736 0.10679069 0.108509295 0.0020706952
0.432 0.01472835 0.09897224 0.1041949 0.001533156 0.013153434 0.10358898 0.10563425 0.001089178
0.4325 0.01366032 0.09600057 0.1014189 0.0006023844 0.012049831 0.100449905 0.102806754 0.00012356043
0.433 0.01260599 0.09308735 0.09868758 -0.0003138822 0.010960795 0.097372204 0.10002611 -0.0008264333
0.4335 0.01156522 0.09023134 0.09600035 -0.001215922 0.009886168 0.09435469 0.09729173 -0.0017610639
0.434 0.01053787 0.08743132 0.09335657 -0.002104006 0.008825801 0.09139618 0.094602935 -0.0026806444
0.4345 0.009523784 0.0846861 0.0907556 -0.002978397 0.0077795535 0.08849555 0.09195911 -0.0035854056
0.435 0.008522828 0.08199454 0.08819684 -0.003839352 0.006747283 0.085651636 0.08935962 -0.0044756457
0.4355 0.007534852 0.0793555 0.08567966 -0.004687121 0.005728841 0.08286336 0.08680383 -0.0053515993
0.436 0.006559713 0.07676787 0.08320346 -0.005521949 0.0047240853 0.08012968 0.08429114 -0.006213531
0.4365 0.005597267 0.07423058 0.08076764 -0.006344072 0.00373286 0.07744944 0.08182084 -0.0070616864
0.437 0.004647372 0.07174256 0.07837159 -0.007153724 0.0027550086 0.07482159 0.079392366 -0.00789633
0.4375 0.003709885 0.06930279 0.07601472 -0.007951131 0.0017903894 0.07224521 0.07700511 -0.008717671
0.438 0.002784664 0.06691025 0.07369645 -0.008736512 0.00083887577 0.069719195 0.074658446 -0.009525958
0.4385 0.001871569 0.06456396 0.0714162 -0.009510085 -9.972602e-05 0.06724258 0.07235173 -0.010321423
0.439 0.0009704605 0.06226295 0.06917338 -0.01027206 -0.0010255203 0.06481436 0.07008437 -0.011104304
0.4395 8.119832e-05 0.06000628 0.06696743 -0.01102264 -0.0019386858 0.06243365 0.06785578 -0.011874799
0.44 -0.0007963555 0.05779303 0.06479779 -0.01176203 -0.0028393716 0.06009947 0.06566536 -0.012633145
0.4405 -0.001662339 0.05562229 0.06266389 -0.01249042 -0.0037277117 0.057810877 0.06351248 -0.013379559
0.441 -0.002516887 0.05349318 0.0605652 -0.01320801 -0.004603848 0.05556703 0.061396584 -0.014114235
0.4415 -0.003360138 0.05140485 0.05850115 -0.01391498 -0.0054679587 0.053366948 0.059317067 -0.014837395
0.442 -0.004192224 0.04935644 0.05647122 -0.01461152 -0.006320156 0.05120987 0.05727338 -0.01554922
0.4425 -0.00501328 0.04734714 0.05447487 -0.01529781 -0.007160615 0.049094852 0.055264875 -0.016249944
0.443 -0.005823439 0.04537613 0.05251158 -0.01597401 -0.007989455 0.047021132 0.053291097 -0.01693973
0.4435 -0.006622833 0.04344263 0.05058083 -0.01664031 -0.00880684 0.044987854 0.051351406 -0.017618783
0.444 -0.007411592 0.04154587 0.0486821 -0.01729686 -0.00961291 0.042994168 0.049445264 -0.018287286
0.4445 -0.008189845 0.0396851 0.04681488 -0.01794384 -0.010407798 0.04103935 0.047572136 -0.018945426
0.445 -0.008957722 0.03785956 0.04497869 -0.0185814 -0.011191655 0.039122645 0.045731492 -0.019593373
0.4455 -0.00971535 0.03606856 0.04317301 -0.01920971 -0.011964619 0.037243214 0.043922782 -0.020231314
0.446 -0.01046286 0.03431137 0.04139738 -0.01982891 -0.012726825 0.035400394 0.04214549 -0.02085941
0.4465 -0.01120036 0.03258731 0.0396513 -0.02043915 -0.013478424 0.033593375 0.040399045 -0.021477856
0.447 -0.011928 0.0308957 0.03793429 -0.02104058 -0.014219537 0.031821456 0.038682997 -0.0220868
0.4475 -0.01264589 0.02923589 0.0362459 -0.02163336 -0.014950316 0.030084003 0.03699681 -0.022686407
0.448 -0.01335415 0.02760722 0.03458566 -0.02221761 -0.015670892 0.028380234 0.035339966 -0.023276843
0.4485 -0.0140529 0.02600907 0.03295312 -0.02279348 -0.016381413 0.026709523 0.033711977 -0.023858264
0.449 -0.01474226 0.02444082 0.03134782 -0.0233611 -0.017081976 0.025071237 0.032112367 -0.024430811
0.4495 -0.01542236 0.02290186 0.02976933 -0.02392061 -0.017772753 0.023464646 0.030540645 -0.024994664
0.45 -0.0160933 0.0213916 0.0282172 -0.02447213 -0.018453848 0.021889154 0.028996311 -0.025549952
0.4505 -0.01675522 0.01990946 0.026691 -0.0250158 -0.019125402 0.02034418 0.027478963 -0.026096825
0.451 -0.01740821 0.01845488 0.02519032 -0.02555174 -0.019787535 0.018829037 0.025988072 -0.026635427
0.4515 -0.01805239 0.0170273 0.02371473 -0.02608007 -0.020440381 0.01734319 0.024523221 -0.027165897
0.452 -0.01868789 0.01562619 0.02226382 -0.02660092 -0.021084052 0.01588602 0.023083948 -0.027688362
0.4525 -0.0193148 0.014251 0.02083719 -0.02711439 -0.021718703 0.014456917 0.021669783 -0.028202988
0.453 -0.01993324 0.01290122 0.01943443 -0.02762062 -0.022344425 0.013055351 0.020280339 -0.028709885
0.4535 -0.02054333 0.01157635 0.01805515 -0.0281197 -0.022961356 0.011680808 0.018915169 -0.029209174
0.454 -0.02114515 0.01027588 0.01669896 -0.02861176 -0.023569614 0.010332663 0.017573826 -0.029701002
0.4545 -0.02173884 0.008999327 0.01536548 -0.0290969 -0.024169318 0.009010438 0.016255915 -0.03018549
0.455 -0.02232448 0.007746221 0.01405433 -0.02957523 -0.024760593 0.00771359 0.014961027 -0.030662768
0.4555 -0.02290219 0.006516093 0.01276515 -0.03004685 -0.025343545 0.006441582 0.013688736 -0.031132944
0.456 -0.02347207 0.005308487 0.01149756 -0.03051188 -0.025918283 0.0051939897 0.01243867 -0.031596135
0.4565 -0.02403421 0.004122956 0.0102512 -0.0309704 -0.026484936 0.0039702393 0.011210419 -0.03205247
0.457 -0.02458873 0.002959065 0.00902573 -0.03142253 -0.027043603 0.002769921 0.010003641 -0.032502048
0.4575 -0.02513573 0.001816386 0.00782079 -0.03186835 -0.027594417 0.0015924983 0.008817896 -0.032945
0.458 -0.02567529 0.0006945002 0.006636039 -0.03230797 -0.028137464 0.00043759122 0.0076528564 -0.03338141
0.4585 -0.02620752 -0.0004070013 0.005471139 -0.03274148 -0.028672852 -0.00069531426 0.006508149 -0.033811405
0.459 -0.02673252 -0.001488519 0.004325758 -0.03316897 -0.02920071 -0.0018067025 0.0053833723 -0.034235097
0.4595 -0.02725038 -0.002550446 0.003199567 -0.03359053 -0.029721115 -0.0028969012 0.004278235 -0.03465256
0.46 -0.0277612 -0.003593166 0.002092244 -0.03400626 -0.030234195 -0.0039664097 0.0031923428 -0.035063922
0.4605 -0.02826507 -0.004617055 0.001003472 -0.03441623 -0.030740056 -0.00501566 0.0021253452 -0.035469282
0.461 -0.02876208 -0.00562248 -6.706092e-05 -0.03482055 -0.03123878 -0.0060449652 0.0010769516 -0.035868723
0.4615 -0.02925232 -0.006609803 -0.001119663 -0.03521928 -0.031730488 -0.007054832 4.6767294e-05 -0.036262367
0.462 -0.02973589 -0.007579375 -0.002154636 -0.03561252 -0.032215253 -0.008045603 -0.0009654723 -0.036650274
0.4625 -0.03021287 -0.008531543 -0.003172277 -0.03600035 -0.032693192 -0.009017613 -0.0019601174 -0.037032556
0.463 -0.03068335 -0.009466644 -0.00417288 -0.03638284 -0.033164404 -0.009971347 -0.0029374883 -0.0374093
0.4635 -0.03114741 -0.01038501 -0.005156733 -0.03676008 -0.03362897 -0.01090711 -0.0038978867 -0.037780605
0.464 -0.03160515 -0.01128696 -0.006124117 -0.03713215 -0.034087 -0.011825252 -0.0048416182 -0.038146548
0.4645 -0.03205665 -0.01217282 -0.007075314 -0.03749912 -0.034538575 -0.012726162 -0.005768981 -0.038507223
0.465 -0.032502 -0.0130429 -0.008010596 -0.03786106 -0.03498379 -0.013610151 -0.0066802613 -0.038862705
0.4655 -0.03294126 -0.0138975 -0.008930233 -0.03821806 -0.03542275 -0.0144775845 -0.007575769 -0.039213084
0.466 -0.03337454 -0.01473691 -0.00983449 -0.03857018 -0.035855517 -0.015328791 -0.008455776 -0.03955844
0.4665 -0.0338019 -0.01556144 -0.01072363 -0.03891749 -0.036282208 -0.016164113 -0.009320587 -0.03989887
0.467 -0.03422342 -0.01637136 -0.01159791 -0.03926007 -0.036702897 -0.01698387 -0.010170437 -0.040234417
0.4675 -0.0346392 -0.01716696 -0.01245757 -0.03959798 -0.037117667 -0.01778834 -0.011005629 -0.04056519
0.468 -0.0350493 -0.01794851 -0.01330288 -0.03993129 -0.037526608 -0.018577833 -0.011826411 -0.040891245
0.4685 -0.0354538 -0.01871628 -0.01413407 -0.04026008 -0.037929796 -0.019352656 -0.012633033 -0.04121267
0.469 -0.03585277 -0.01947053 -0.01495138 -0.04058439 -0.038327314 -0.020113122 -0.01342576 -0.041529525
0.4695 -0.0362463 -0.02021152 -0.01575506 -0.04090431 -0.03871925 -0.020859499 -0.01420486 -0.04184189
0.47 -0.03663445 -0.0209395 -0.01654532 -0.04121989 -0.039105676 -0.021592055 -0.014970552 -0.042149834
0.4705 -0.0370173 -0.02165472 -0.0173224 -0.0415312 -0.039486684 -0.02231108 -0.015723094 -0.042453423
0.471 -0.03739492 -0.02235743 -0.01808653 -0.04183829 -0.03986234 -0.023016859 -0.016462713 -0.04275273
0.4715 -0.03776738 -0.02304784 -0.01883792 -0.04214123 -0.04023272 -0.023709651 -0.017189678 -0.04304783
0.472 -0.03813475 -0.02372621 -0.01957679 -0.04244008 -0.04059792 -0.024389688 -0.017904181 -0.043338772
0.4725 -0.03849711 -0.02439276 -0.02030336 -0.04273489 -0.040957987 -0.025057252 -0.018606454 -0.04362563
0.473 -0.03885451 -0.02504771 -0.02101783 -0.04302573 -0.04131301 -0.025712583 -0.019296728 -0.04390846
0.4735 -0.03920703 -0.02569127 -0.02172041 -0.04331265 -0.041663058 -0.026355918 -0.019975211 -0.04418733
0.474 -0.03955473 -0.02632367 -0.02241131 -0.04359571 -0.042008206 -0.026987541 -0.020642135 -0.044462305
0.4745 -0.03989769 -0.02694511 -0.02309071 -0.04387496 -0.042348526 -0.027607638 -0.0212977 -0.04473344
0.475 -0.04023595 -0.0275558 -0.02375883 -0.04415045 -0.04268408 -0.028216396 -0.021942094 -0.04500079
0.4755 -0.0405696 -0.02815593 -0.02441585 -0.04442224 -0.043014932 -0.028814089 -0.022575542 -0.045264415
0.476 -0.04089868 -0.02874571 -0.02506196 -0.04469039 -0.043341164 -0.029400963 -0.023198232 -0.045524385
0.4765 -0.04122327 -0.02932533 -0.02569735 -0.04495493 -0.04366283 -0.029977199 -0.023810353 -0.045780733
0.477 -0.04154343 -0.02989498 -0.02632219 -0.04521593 -0.043980002 -0.030542973 -0.0244121 -0.04603352
0.4775 -0.04185921 -0.03045484 -0.02693668 -0.04547344 -0.044292748 -0.031098556 -0.025003675 -0.046282824
0.478 -0.04217067 -0.0310051 -0.02754098 -0.0457275 -0.044601128 -0.031644125 -0.025585242 -0.04652867
0.4785 -0.04247789 -0.03154593 -0.02813527 -0.04597816 -0.044905204 -0.032179866 -0.026156995 -0.046771124
0.479 -0.0427809 -0.03207751 -0.02871972 -0.04622547 -0.04520504 -0.03270598 -0.026719123 -0.04701023
0.4795 -0.04307978 -0.03260001 -0.0292945 -0.04646948 -0.045500707 -0.033222686 -0.027271789 -0.047246054
0.48 -0.04337457 -0.03311359 -0.02985977 -0.04671023 -0.045792248 -0.03373013 -0.02781516 -0.04747863
0.4805 -0.04366534 -0.03361843 -0.0304157 -0.04694777 -0.046079725 -0.034228463 -0.0283494 -0.04770801
0.481 -0.04395214 -0.03411468 -0.03096244 -0.04718214 -0.046363205 -0.03471793 -0.028874665 -0.047934234
0.4815 -0.04423502 -0.03460249 -0.03150016 -0.04741339 -0.04664274 -0.035198677 -0.029391153 -0.04815737
0.482 -0.04451404 -0.03508203 -0.032029 -0.04764157 -0.046918392 -0.035670888 -0.029899005 -0.04837745
0.4825 -0.04478925 -0.03555345 -0.03254912 -0.0478667 -0.04719021 -0.0361347 -0.030398358 -0.048594523
0.483 -0.0450607 -0.03601689 -0.03306066 -0.04808884 -0.04745825 -0.03659029 -0.030889388 -0.048808627
0.4835 -0.04532845 -0.03647251 -0.03356378 -0.04830803 -0.047722574 -0.037037823 -0.03137224 -0.049019817
0.484 -0.04559254 -0.03692043 -0.0340586 -0.04852431 -0.047983233 -0.037477467 -0.03184707 -0.04922813
0.4845 -0.04585303 -0.03736081 -0.03454529 -0.04873772 -0.04824027 -0.037909362 -0.03231399 -0.04943361
0.485 -0.04610997 -0.03779378 -0.03502397 -0.0489483 -0.04849375 -0.038333636 -0.032773167 -0.0496363
0.4855 -0.0463634 -0.03821948 -0.03549478 -0.04915609 -0.048743714 -0.03875048 -0.033224758 -0.04983624
0.486 -0.04661337 -0.03863803 -0.03595786 -0.04936112 -0.048990224 -0.039160017 -0.033668876 -0.05003347
0.4865 -0.04685993 -0.03904957 -0.03641334 -0.04956344 -0.049233317 -0.03956237 -0.03410565 -0.050228026
0.487 -0.04710313 -0.03945422 -0.03686134 -0.04976308 -0.049473047 -0.0399577 -0.034535218 -0.050419953
0.4875 -0.04734302 -0.03985211 -0.03730199 -0.04996008 -0.049709465 -0.040346142 -0.034957714 -0.05060929
0.488 -0.04757964 -0.04024336 -0.03773542 -0.05015448 -0.04994262 -0.040727843 -0.035373278 -0.050796073
0.4885 -0.04781303 -0.04062808 -0.03816175 -0.05034631 -0.050172552 -0.041102882 -0.035782006 -0.050980337
0.489 -0.04804323 -0.04100641 -0.03858111 -0.0505356 -0.050399315 -0.041471433 -0.03618404 -0.05116212
0.4895 -0.04827031 -0.04137844 -0.0389936 -0.05072239 -0.050622955 -0.04183362 -0.036579497 -0.051341463
0.49 -0.04849429 -0.0417443 -0.03939935 -0.05090672 -0.050843503 -0.042189527 -0.0369685 -0.051518396
0.4905 -0.04871521 -0.0421041 -0.03979848 -0.05108863 -0.05106102 -0.042539317 -0.037351158 -0.051692955
0.491 -0.04893313 -0.04245793 -0.04019108 -0.05126813 -0.05127554 -0.042883087 -0.03772757 -0.051865175
0.4915 -0.04914809 -0.04280592 -0.04057728 -0.05144527 -0.05148711 -0.043220937 -0.038097877 -0.052035086
0.492 -0.04936011 -0.04314816 -0.04095719 -0.05162007 -0.05169578 -0.043553017 -0.038462177 -0.05220274
0.4925 -0.04956925 -0.04348475 -0.0413309 -0.05179258 -0.051901575 -0.04387941 -0.038820565 -0.052368138
0.493 -0.04977554 -0.0438158 -0.04169853 -0.05196281 -0.05210454 -0.044200215 -0.039173134 -0.05253133
0.4935 -0.04997903 -0.04414141 -0.04206017 -0.05213081 -0.052304726 -0.044515558 -0.039520033 -0.052692354
0.494 -0.05017975 -0.04446167 -0.04241594 -0.0522966 -0.052502163 -0.044825546 -0.03986133 -0.052851234
0.4945 -0.05037774 -0.04477667 -0.04276592 -0.05246021 -0.05269689 -0.045130245 -0.040197127 -0.05300799
0.495 -0.05057303 -0.04508651 -0.04311022 -0.05262168 -0.052888952 -0.04542979 -0.040527526 -0.053162668
0.4955 -0.05076567 -0.04539128 -0.04344893 -0.05278102 -0.053078383 -0.04572427 -0.04085262 -0.05331529
0.496 -0.0509557 -0.04569107 -0.04378215 -0.05293828 -0.053265225 -0.04601377 -0.04117252 -0.05346589
0.4965 -0.05114314 -0.04598596 -0.04410996 -0.05309347 -0.05344951 -0.046298422 -0.041487306 -0.0536145
0.497 -0.05132803 -0.04627605 -0.04443247 -0.05324663 -0.053631283 -0.04657825 -0.041797057 -0.05376114
0.4975 -0.05151041 -0.04656141 -0.04474976 -0.05339778 -0.053810574 -0.0468534 -0.042101886 -0.053905845
0.498 -0.05169031 -0.04684213 -0.04506192 -0.05354696 -0.053987417 -0.047123935 -0.042401858 -0.054048635
0.4985 -0.05186778 -0.0471183 -0.04536903 -0.05369418 -0.054161843 -0.047389954 -0.042697057 -0.054189533
0.499 -0.05204283 -0.04738998 -0.04567118 -0.05383947 -0.0543339 -0.04765153 -0.0429876 -0.054328583
0.4995 -0.05221551 -0.04765726 -0.04596846 -0.05398286 -0.054503612 -0.04790875 -0.04327353 -0.0544658
0.5 -0.05238584 -0.04792022 -0.04626094 -0.05412438 -0.05467101 -0.04816169 -0.043554954 -0.054601207
