0.0 -0.065 -0.065 -0.065 -0.065 -0.06827326 -0.06038623 -0.05156052 -0.063851394
0.0005 -0.06496868 -0.06466818 -0.05211052 -0.06497755 -0.06752629 -0.062750086 -0.0426815 -0.06384051
0.001 -0.06482572 -0.06364513 -0.03779539 -0.06490687 -0.06697727 -0.06376347 -0.033438094 -0.06384624
0.0015 -0.06460914 -0.06214766 -0.02563775 -0.06481113 -0.06655698 -0.06372324 -0.023935318 -0.06385611
0.002 -0.06435641 -0.06033459 -0.01495891 -0.0646948 -0.06622168 -0.06286495 -0.0142548345 -0.06386283
0.0025 -0.06408281 -0.05829973 -0.005030215 -0.06455873 -0.06593667 -0.06137347 -0.0044592544 -0.06385898
0.003 -0.06379263 -0.05609721 0.004536376 -0.06440293 -0.065685615 -0.059394628 0.005402215 -0.063843004
0.0035 -0.06347939 -0.05376289 0.01395044 -0.0642226 -0.06545306 -0.057041854 0.0152919665 -0.06381203
0.004 -0.06314459 -0.05131977 0.02331429 -0.0640192 -0.065227896 -0.05440372 0.025180794 -0.06376402
0.0045 -0.06279534 -0.04878453 0.03266688 -0.06379817 -0.06500195 -0.05154924 0.03504628 -0.06369741
0.005 -0.06243376 -0.04617013 0.04202088 -0.06356144 -0.06476918 -0.048532505 0.0448708 -0.063611075
0.0055 -0.06205924 -0.04348725 0.05135926 -0.06330919 -0.0645252 -0.04539569 0.054640748 -0.06350431
0.006 -0.06166056 -0.04074664 0.06058952 -0.06303568 -0.06426673 -0.0421716 0.06434561 -0.06337656
0.0065 -0.06123975 -0.03795887 0.06979726 -0.06274421 -0.06399138 -0.038885925 0.073977254 -0.06322753
0.007 -0.06080582 -0.03513072 0.07901562 -0.06243845 -0.06369742 -0.035558805 0.08352924 -0.06305706
0.0075 -0.06036184 -0.0322672 0.08824016 -0.06211934 -0.06338359 -0.03220591 0.092996694 -0.06286507
0.008 -0.05990771 -0.02937286 0.09745565 -0.06178703 -0.063049056 -0.02883951 0.10237586 -0.06265166
0.0085 -0.05944239 -0.02645219 0.1066457 -0.06144148 -0.06269328 -0.025469184 0.11166387 -0.06241694
0.009 -0.05896488 -0.02350963 0.1157958 -0.06108271 -0.062315993 -0.02210252 0.12085844 -0.062161144
0.0095 -0.05847448 -0.02054957 0.1248943 -0.06071077 -0.061921198 -0.018745385 0.12995782 -0.06188669
0.01 -0.05797083 -0.01757621 0.1339319 -0.06032577 -0.061504215 -0.01540225 0.13896087 -0.061591584
0.0105 -0.05745379 -0.01459353 0.1429013 -0.05992788 -0.061065283 -0.012076721 0.14786679 -0.061276183
0.011 -0.0569234 -0.01160522 0.151797 -0.05951731 -0.060604684 -0.008771751 0.15667495 -0.06094084
0.0115 -0.05637981 -0.008614688 0.1606144 -0.05909428 -0.06012281 -0.005489517 0.16538504 -0.06058597
0.012 -0.05582321 -0.005625044 0.1693501 -0.05865902 -0.059620053 -0.0022316873 0.17399684 -0.060212
0.0125 -0.05525386 -0.002639111 0.1780013 -0.0582118 -0.059096843 0.0010003708 0.18251044 -0.059819356
0.013 -0.054672 0.0003405551 0.1865654 -0.05775288 -0.058553632 0.0042055994 0.19092578 -0.059408467
0.0135 -0.05407784 0.003312703 0.1950407 -0.05728241 -0.05799088 0.0073832013 0.19924304 -0.058979783
0.014 -0.0534714 0.006276146 0.2034256 -0.05680043 -0.057409097 0.010532539 0.20746255 -0.058533788
0.0145 -0.05285299 0.009228366 0.2117187 -0.05630686 -0.056808744 0.013653118 0.21558455 -0.058070906
0.015 -0.05222275 0.01216812 0.2199188 -0.05580099 -0.05619035 0.016744528 0.22360945 -0.05759164
0.0155 -0.05158098 0.01509222 0.2280247 -0.05528456 -0.055554364 0.019806515 0.23153761 -0.057096407
0.016 -0.05092807 0.01799847 0.236035 -0.05475815 -0.054901365 0.02283882 0.23936951 -0.05658576
0.0165 -0.05026443 0.02088535 0.2439493 -0.05422222 -0.054231785 0.025841344 0.24710563 -0.056060083
0.017 -0.04959044 0.02375174 0.251767 -0.05367713 -0.053546146 0.02881382 0.25474638 -0.05551988
0.0175 -0.04890637 0.02659678 0.2594876 -0.05312306 -0.05284489 0.031756278 0.2622924 -0.054965563
0.018 -0.04821245 0.02941974 0.2671109 -0.05256017 -0.052128524 0.0346686 0.26974425 -0.054397583
0.0185 -0.04750884 0.03222002 0.2746365 -0.05198861 -0.051397532 0.03755069 0.27710244 -0.05381643
0.019 -0.04679571 0.03499706 0.2820644 -0.05140853 -0.0506524 0.040402565 0.28436753 -0.053222537
0.0195 -0.04607323 0.03775036 0.2893943 -0.0508201 -0.049893577 0.043224167 0.29154012 -0.05261634
0.02 -0.04534156 0.04047947 0.2966263 -0.05022348 -0.0491215 0.046015475 0.29862085 -0.051998243
0.0205 -0.04460089 0.04318397 0.3037606 -0.04961886 -0.048336647 0.04877651 0.30561027 -0.0513687
0.021 -0.04385177 0.04585802 0.3104648 -0.04900722 -0.047539424 0.05150729 0.31250906 -0.050728086
0.0215 -0.04309751 0.04847122 0.3165849 -0.04839146 -0.046730287 0.054207813 0.31931776 -0.050076835
0.022 -0.04233743 0.05103035 0.3228336 -0.04776882 -0.04590968 0.05687811 0.3260371 -0.049415343
0.0225 -0.041569 0.05355483 0.329297 -0.04713825 -0.045077957 0.05951825 0.33266765 -0.048743967
0.023 -0.04079104 0.05605862 0.3358926 -0.04649975 -0.04423552 0.062128272 0.33921018 -0.048063077
0.0235 -0.04000348 0.05854885 0.3425277 -0.04585355 -0.0433828 0.06470813 0.34566513 -0.047373064
0.024 -0.03920676 0.06102772 0.3491344 -0.04519995 -0.042520154 0.067258 0.35203335 -0.04667428
0.0245 -0.03840145 0.06349461 0.3556704 -0.04453923 -0.041647986 0.069777906 0.35831547 -0.045967076
0.025 -0.03758807 0.06594754 0.3621122 -0.04387165 -0.040766627 0.07226795 0.36451215 -0.04525176
0.0255 -0.03676706 0.06838403 0.368448 -0.04319748 -0.03987644 0.07472822 0.37062407 -0.0445287
0.026 -0.03593877 0.07080166 0.3746734 -0.04251693 -0.03897775 0.07715882 0.37665194 -0.043798156
0.0265 -0.03510398 0.07319795 0.3807679 -0.04183031 -0.038070895 0.07955986 0.3825964 -0.043060444
0.027 -0.03426435 0.07556744 0.386655 -0.04113826 -0.03715624 0.08193141 0.38845825 -0.042315915
0.0275 -0.03341865 0.07790515 0.3923612 -0.04044054 -0.036234044 0.08427365 0.39423814 -0.0415648
0.028 -0.03256625 0.0802093 0.3979388 -0.03973712 -0.03530463 0.08658673 0.39993665 -0.040807378
0.0285 -0.03170709 0.08248037 0.4034264 -0.03902816 -0.034368288 0.088870764 0.4055547 -0.040043924
0.029 -0.03084134 0.08472002 0.4088457 -0.03831381 -0.03342532 0.091125906 0.4110929 -0.039274707
0.0295 -0.02996919 0.08693023 0.4142062 -0.03759423 -0.032475978 0.09335239 0.41655204 -0.038499933
0.03 -0.02909087 0.08911286 0.4195106 -0.03686957 -0.031520527 0.09555033 0.4219328 -0.037719846
0.0305 -0.02820659 0.09126947 0.4247573 -0.03613997 -0.03055922 0.09771991 0.42723587 -0.036934704
0.031 -0.0273165 0.09340126 0.4299435 -0.03540546 -0.029592305 0.09986138 0.43246207 -0.03614469
0.0315 -0.0264207 0.09550907 0.4350658 -0.03466606 -0.028620034 0.101974934 0.43761215 -0.03535002
0.032 -0.02551941 0.09759315 0.4401206 -0.03392202 -0.027642608 0.10406068 0.44268677 -0.034550894
0.0325 -0.02461288 0.09965374 0.4451052 -0.03317377 -0.026660271 0.10611893 0.4476867 -0.03374751
0.033 -0.02370127 0.1016912 0.4500179 -0.03242131 -0.02567324 0.108149886 0.45261267 -0.032940052
0.0335 -0.02278472 0.1037057 0.4548576 -0.03166479 -0.024681695 0.110153794 0.4574655 -0.032128684
0.034 -0.02186342 0.1056969 0.4596226 -0.03090469 -0.023685843 0.11213085 0.46224585 -0.03131359
0.0345 -0.02093748 0.1076648 0.4643128 -0.03014063 -0.022685867 0.11408132 0.46695462 -0.03049491
0.035 -0.02000692 0.1096097 0.4689285 -0.02937255 -0.021681942 0.116005495 0.47159246 -0.029672787
0.0355 -0.01907183 0.1115316 0.4734701 -0.02860056 -0.020674244 0.11790362 0.4761602 -0.028847378
0.036 -0.01813234 0.1134305 0.477938 -0.0278248 -0.019662932 0.119775906 0.48065856 -0.028018825
0.0365 -0.01718857 0.1153065 0.4823326 -0.02704538 -0.018648166 0.12162268 0.48508838 -0.027187236
0.037 -0.01624061 0.1171595 0.4866547 -0.02626242 -0.017630093 0.123444244 0.48945037 -0.026352763
0.0375 -0.01528858 0.1189896 0.490905 -0.02547601 -0.016608857 0.12524085 0.49374542 -0.025515512
0.038 -0.01433263 0.1207967 0.4950844 -0.02468317 -0.015580513 0.12701237 0.4979742 -0.024673283
0.0385 -0.01337761 0.1225815 0.499186 -0.02386255 -0.014549755 0.12875953 0.50213754 -0.023828633
0.039 -0.01242263 0.1243434 0.5032144 -0.02304534 -0.013516605 0.13048267 0.5062362 -0.022981599
0.0395 -0.01146247 0.1260822 0.5071778 -0.0222343 -0.012481123 0.13218206 0.5102712 -0.022132285
0.04 -0.01049578 0.1277983 0.5110783 -0.02142665 -0.011443365 0.13385803 0.514243 -0.02128078
0.0405 -0.009523072 0.1294918 0.514916 -0.02062022 -0.010403395 0.13551077 0.51815253 -0.020427138
0.041 -0.008545262 0.1311632 0.5186909 -0.01981358 -0.009361293 0.13714069 0.5220006 -0.01957146
0.0415 -0.007563152 0.1328127 0.5224032 -0.01900579 -0.008317113 0.13874805 0.525788 -0.018713817
0.042 -0.00657734 0.1344406 0.5260535 -0.01819626 -0.0072709285 0.14033318 0.5295153 -0.017854266
0.0425 -0.005588232 0.1360472 0.5296425 -0.01738464 -0.006222762 0.14189637 0.5331836 -0.01699286
0.043 -0.004596076 0.1376328 0.5331709 -0.01657066 -0.005172722 0.14343792 0.5367935 -0.016129665
0.0435 -0.00360104 0.1391975 0.5366397 -0.0157542 -0.004120864 0.14495814 0.5403457 -0.015264738
0.044 -0.002603239 0.1407416 0.5400499 -0.01493518 -0.0030672103 0.14645733 0.5438412 -0.014398113
0.0445 -0.001602802 0.1422653 0.5434025 -0.01411362 -0.0020118356 0.14793581 0.5472805 -0.013529841
0.045 -0.0006040042 0.1437696 0.5466981 -0.0132919 -0.0009548217 0.14939386 0.55066466 -0.0126600005
0.0455 0.0003927798 0.1452544 0.5499376 -0.01246964 0.00010381639 0.15083176 0.55399424 -0.011788607
0.046 0.001392741 0.1467196 0.5531224 -0.01164476 0.0011639968 0.1522499 0.55727017 -0.010915726
0.0465 0.002397973 0.1481653 0.5562537 -0.01081674 0.0022257045 0.15364856 0.56049323 -0.010041356
0.047 0.003408363 0.1495915 0.5593325 -0.009985587 0.0032888725 0.15502805 0.5636641 -0.00916557
0.0475 0.004423091 0.1509987 0.5623597 -0.009151485 0.0043534264 0.15638861 0.5667834 -0.0082883835
0.048 0.005441323 0.1523871 0.5653362 -0.008314623 0.0054193884 0.15773065 0.5698522 -0.007409841
0.0485 0.006462258 0.1537571 0.5682627 -0.007475316 0.006486699 0.15905434 0.5728711 -0.006529942
0.049 0.007480097 0.1551094 0.5711396 -0.006636832 0.0075552836 0.1603601 0.5758409 -0.005648762
0.0495 0.00849558 0.156444 0.5739676 -0.005797567 0.008625194 0.16164812 0.5787622 -0.0047663003
0.05 0.009514319 0.1577609 0.5767482 -0.004955546 0.00969629 0.16291879 0.58163595 -0.0038825572
0.0505 0.01053266 0.1589767 0.5790867 -0.004113913 0.010768622 0.16417234 0.58446276 -0.002997607
0.051 0.01153867 0.159676 0.5805126 -0.003273095 0.011842132 0.16540909 0.58724344 -0.0021114275
0.0515 0.01254463 0.1601916 0.5821945 -0.002429559 0.012916811 0.1666293 0.5899787 -0.0012240782
0.052 0.01356004 0.1607437 0.5843192 -0.001582379 0.0139926225 0.1678333 0.59266925 -0.000335522
0.0525 0.01458618 0.161427 0.5867659 -0.0007318374 0.015069529 0.16902132 0.5953158 0.0005541742
0.053 0.01562106 0.1622657 0.5893876 0.0001216795 0.016147569 0.17019369 0.5979191 0.0014450327
0.0535 0.01665774 0.1632487 0.5920681 0.0009776599 0.017226651 0.17135067 0.60047984 0.0023369938
0.054 0.01769136 0.1643499 0.594737 0.001835463 0.0183068 0.17249246 0.60299873 0.0032300726
0.0545 0.01872968 0.1655398 0.5973706 0.002695384 0.019387998 0.17361945 0.6054764 0.004124269
0.055 0.0197742 0.1667911 0.5999532 0.003557424 0.02047021 0.1747318 0.6079136 0.0050195307
0.0555 0.02082365 0.1680803 0.6024758 0.004421411 0.021553442 0.17582987 0.61031115 0.0059158877
0.056 0.02187641 0.1693881 0.6049354 0.00528717 0.022637635 0.1769138 0.6126694 0.0068132877
0.0565 0.02293122 0.1706996 0.6073326 0.006154537 0.023722842 0.17798397 0.61498934 0.0077117383
0.057 0.02398728 0.1720039 0.6096698 0.007023386 0.024809018 0.17904057 0.6172714 0.008611247
0.0575 0.02503919 0.1728993 0.611936 0.007892648 0.025896154 0.18008381 0.6195164 0.009511761
0.058 0.02608331 0.1734822 0.6141207 0.008761715 0.02698423 0.181114 0.6217249 0.010413319
0.0585 0.02712982 0.174052 0.6162506 0.009632107 0.028073259 0.18213135 0.62389755 0.01131589
0.059 0.02818154 0.1747261 0.6183403 0.01050412 0.029163219 0.18313612 0.6260349 0.012219466
0.0595 0.0292379 0.1755378 0.6203961 0.01137768 0.030254126 0.18412854 0.6281378 0.013124041
0.06 0.0302976 0.1764799 0.6224205 0.01225266 0.031345926 0.18510878 0.6302067 0.014029592
0.0605 0.03135957 0.1775287 0.6244145 0.01312893 0.032438643 0.18607713 0.63224226 0.014936127
0.061 0.03242305 0.1786561 0.6263782 0.01400639 0.033532277 0.18703379 0.6342449 0.015843645
0.0615 0.03348757 0.1798352 0.6283116 0.01488495 0.034626782 0.187979 0.63621557 0.016752094
0.062 0.03455288 0.1810431 0.6302147 0.01576454 0.035722204 0.18891297 0.6381545 0.017661542
0.0625 0.03561886 0.1822617 0.6320875 0.01664511 0.036818504 0.18983586 0.6400625 0.018571906
0.063 0.03668545 0.1834768 0.6339303 0.01752659 0.037915654 0.19074795 0.64193994 0.019483209
0.0635 0.03775136 0.1846785 0.6357431 0.01840921 0.0390137 0.19164939 0.64378756 0.020395458
0.064 0.03880918 0.1858596 0.6375256 0.01929219 0.04011263 0.19254035 0.6456059 0.021308623
0.0645 0.03986479 0.1870155 0.6392783 0.02017423 0.04121241 0.19342113 0.6473955 0.022222705
0.065 0.04092434 0.1881434 0.6410028 0.02105652 0.04231304 0.19429183 0.6491567 0.023137711
0.0655 0.04198901 0.1892421 0.6426996 0.02193971 0.04341452 0.19515267 0.6508902 0.024053596
0.066 0.04305778 0.1903111 0.6443694 0.02282387 0.04451684 0.19600385 0.6525965 0.024970368
0.0665 0.04412933 0.1913508 0.6460125 0.02370902 0.04562 0.19684547 0.6542761 0.02588804
0.067 0.04520263 0.1923623 0.6476294 0.02459513 0.046723977 0.19767779 0.6559295 0.02680657
0.0675 0.04627645 0.1933468 0.6492205 0.02548157 0.04782878 0.19850102 0.6575573 0.027725965
0.068 0.04734099 0.1943053 0.6507842 0.02636169 0.048934415 0.19931522 0.6591598 0.028646223
0.0685 0.04839941 0.1952392 0.652321 0.02724003 0.050040856 0.20012063 0.6607375 0.029567324
0.069 0.04946061 0.1961505 0.6538337 0.02812044 0.051148117 0.20091736 0.662291 0.030489273
0.0695 0.05052723 0.1970409 0.6553229 0.02900076 0.052256167 0.20170563 0.6638206 0.03141205
0.07 0.05159807 0.1979112 0.6567881 0.02988059 0.053365014 0.20248556 0.66532695 0.032335646
0.0705 0.05267224 0.1987633 0.6582308 0.03076297 0.05447465 0.20325726 0.6668104 0.033260033
0.071 0.05374898 0.199599 0.6596522 0.03164819 0.05558504 0.20402092 0.66827136 0.034185216
0.0715 0.05482749 0.2004197 0.6610527 0.03253588 0.056696236 0.2047767 0.6697103 0.035111204
0.072 0.05590717 0.2012264 0.6624326 0.03342559 0.05780816 0.20552486 0.67112756 0.036037974
0.0725 0.05698757 0.20202 0.6637922 0.03431696 0.05892086 0.20626527 0.6725238 0.03696552
0.073 0.05806843 0.2028014 0.6651316 0.03520969 0.060034305 0.20699823 0.67389905 0.037893817
0.0735 0.05914958 0.2035713 0.6664513 0.03610355 0.06114851 0.20772386 0.67525405 0.038822852
0.074 0.06023096 0.2043301 0.6677514 0.03699836 0.062263444 0.20844227 0.676589 0.039752647
0.0745 0.06131254 0.2050785 0.6690324 0.03789399 0.063379094 0.20915365 0.67790437 0.040683143
0.075 0.0623943 0.2058169 0.6702947 0.03879031 0.06449546 0.20985803 0.6792004 0.041614376
0.0755 0.06347627 0.2065458 0.6715386 0.03968725 0.06561254 0.21055558 0.68047774 0.04254631
0.076 0.06455767 0.2072655 0.6727635 0.04058446 0.06673032 0.21124637 0.6817366 0.04347892
0.0765 0.06561592 0.2079754 0.6739485 0.04147434 0.06784877 0.21193063 0.6829772 0.044412225
0.077 0.06666073 0.2086752 0.6751094 0.04235957 0.06896792 0.2126084 0.6842001 0.045346193
0.0775 0.06771328 0.2093658 0.6762625 0.04324624 0.070087746 0.21327978 0.6854055 0.046280824
0.078 0.06877871 0.2100482 0.6774093 0.04413586 0.07120822 0.21394491 0.68659395 0.04721611
0.0785 0.06985503 0.2107232 0.6785472 0.04502831 0.07232937 0.21460393 0.6877656 0.048152015
0.079 0.07093871 0.2113913 0.6796735 0.04592311 0.07345113 0.21525684 0.68892074 0.049088567
0.0795 0.07202668 0.2120528 0.6807865 0.0468198 0.07457356 0.21590379 0.6900599 0.050025716
0.08 0.07311682 0.2127078 0.6818849 0.047718 0.07569657 0.21654493 0.6911831 0.050963454
0.0805 0.07420778 0.2133565 0.6829685 0.04861739 0.076820225 0.21718028 0.69229096 0.05190178
0.081 0.07529882 0.213999 0.6840369 0.04951774 0.07794449 0.21780998 0.6933835 0.052840717
0.0815 0.07638956 0.2146354 0.6850905 0.05041885 0.0790693 0.21843404 0.69446117 0.053780183
0.082 0.07747983 0.2152656 0.6861294 0.05132059 0.08019474 0.21905273 0.6955242 0.054720208
0.0825 0.07856962 0.2158899 0.6871539 0.05222283 0.08132072 0.21966588 0.6965729 0.05566074
0.083 0.07965897 0.2165083 0.6881643 0.05312549 0.082447276 0.22027382 0.69760764 0.056601837
0.0835 0.08074793 0.2171208 0.689161 0.05402849 0.08357434 0.22087651 0.6986285 0.057543404
0.084 0.08183659 0.2177276 0.6901444 0.05493179 0.084701985 0.22147405 0.6996359 0.058485508
0.0845 0.08292488 0.2183286 0.6911146 0.05583513 0.08583015 0.22206652 0.70062995 0.059428073
0.085 0.0840127 0.2189236 0.6920719 0.05673838 0.08695881 0.22265404 0.7016112 0.06037113
0.0855 0.08510021 0.2195129 0.6930167 0.05764166 0.08808799 0.22323662 0.7025796 0.061314642
0.086 0.08618757 0.2200966 0.6939492 0.05854504 0.08921766 0.22381431 0.70353556 0.062258646
0.0865 0.08727491 0.220675 0.6948697 0.0594291 0.0903478 0.22438732 0.70447916 0.06320304
0.087 0.08836225 0.2212482 0.6957786 0.06025832 0.09147839 0.22495553 0.70541084 0.06414783
0.0875 0.08944956 0.2218164 0.696676 0.06110279 0.09260948 0.22551918 0.70633066 0.065093085
0.088 0.0905369 0.2223797 0.6975621 0.06196764 0.093740985 0.22607827 0.707239 0.06603873
0.0885 0.09162431 0.2229383 0.6984373 0.06284822 0.09487291 0.2266329 0.7081359 0.06698473
0.089 0.09271182 0.2234923 0.6993017 0.06374026 0.09600526 0.22718298 0.7090217 0.067931116
0.0895 0.09379941 0.2240418 0.7001557 0.06464052 0.09713803 0.22772878 0.70989656 0.06887783
0.09 0.09488707 0.2245868 0.7009992 0.06554657 0.098271176 0.2282702 0.71076083 0.069824934
0.0905 0.09597487 0.2251274 0.7018327 0.06645673 0.09940471 0.22880745 0.7116144 0.07077235
0.091 0.09706282 0.2256638 0.7026563 0.06736972 0.10053858 0.22934037 0.7124577 0.07172008
0.0915 0.09814745 0.2261955 0.7034696 0.06828048 0.10167284 0.22986925 0.7132909 0.072668105
0.092 0.09921521 0.2267209 0.7042695 0.06917876 0.10280745 0.230394 0.7141143 0.07361646
0.0925 0.100278 0.2272408 0.705058 0.07007621 0.10394238 0.23091483 0.7149279 0.07456505
0.093 0.1013467 0.2277562 0.7058382 0.07097747 0.105077624 0.2314316 0.715732 0.075513944
0.0935 0.1024237 0.2282678 0.7066111 0.07188269 0.10621317 0.23194444 0.71652657 0.07646307
0.094 0.1035075 0.2287761 0.7073766 0.07279107 0.10734902 0.23245335 0.71731204 0.077412456
0.0945 0.1045958 0.2292812 0.7081346 0.07370171 0.10848516 0.2329585 0.7180885 0.07836205
0.095 0.1056867 0.2297831 0.7088847 0.07461392 0.10962157 0.23345989 0.7188561 0.07931191
0.0955 0.1067789 0.2302819 0.709627 0.07552714 0.110758245 0.23395747 0.7196149 0.080261946
0.096 0.1078714 0.2307776 0.7103614 0.07644096 0.11189513 0.23445141 0.7203653 0.08121218
0.0965 0.108964 0.23127 0.711088 0.07735509 0.11303231 0.23494169 0.72110724 0.08216262
0.097 0.1100562 0.2317593 0.7118068 0.07826931 0.1141697 0.23542836 0.7218411 0.08311322
0.0975 0.1111481 0.2322454 0.7125179 0.07918346 0.11530727 0.23591146 0.7225668 0.08406398
0.098 0.1122394 0.2327283 0.7132216 0.08008234 0.11644508 0.23639113 0.7232846 0.08501488
0.0985 0.1133297 0.233207 0.7139178 0.08088693 0.11758302 0.23686728 0.7239946 0.08596592
0.099 0.1144189 0.2336818 0.7146066 0.08170232 0.11872117 0.23734006 0.72469693 0.0869171
0.0995 0.1155072 0.2341532 0.7152882 0.08254005 0.11985947 0.2378093 0.7253918 0.08786835
0.1 0.1165947 0.2346217 0.7159629 0.08339575 0.113397986 0.24943584 0.72411484 0.08437276
0.1005 0.1077949 0.2454413 0.7160749 0.07943554 0.107573405 0.26233143 0.7231438 0.08114043
0.101 0.09684013 0.2612536 0.7159245 0.07557016 0.1023335 0.2765805 0.72252566 0.07815011
0.1015 0.08998436 0.2791523 0.7163977 0.07292303 0.09762511 0.2921498 0.7222738 0.075382456
0.102 0.08588557 0.2981162 0.7173386 0.07079726 0.09339239 0.30891347 0.7223752 0.07281998
0.1025 0.08318283 0.3176516 0.7185377 0.06892947 0.08957827 0.326687 0.7227987 0.07044746
0.103 0.08114557 0.3374859 0.7198767 0.06723893 0.086127326 0.3452595 0.72350353 0.06825161
0.1035 0.07943111 0.3574474 0.7212976 0.06569771 0.08298826 0.36441845 0.7244459 0.06622133
0.104 0.07788489 0.3774154 0.7227716 0.06429277 0.08011535 0.3839665 0.7255831 0.06434721
0.1045 0.07643741 0.3972992 0.7242839 0.06301574 0.07746926 0.40373024 0.7268766 0.062621474
0.105 0.07505689 0.4170279 0.7258255 0.06186002 0.07501687 0.4235632 0.72829306 0.06103745
0.1055 0.0737284 0.4365453 0.7273904 0.06081992 0.07273078 0.4433452 0.7298044 0.059589557
0.106 0.07244437 0.4558067 0.7289744 0.05989025 0.07058872 0.4629801 0.7313877 0.058272816
0.1065 0.07119895 0.4747768 0.7305739 0.05906606 0.068572626 0.48239273 0.7330242 0.057082847
0.107 0.06999125 0.493428 0.7321859 0.05834284 0.06666815 0.50152546 0.7346996 0.056015663
0.1075 0.06882159 0.5117389 0.7338079 0.05771651 0.06486367 0.52033484 0.7364023 0.055067465
0.108 0.06768964 0.5296939 0.7354378 0.05718316 0.06315009 0.53878915 0.73812354 0.05423472
0.1085 0.06659482 0.5472814 0.7370737 0.05673908 0.0615201 0.556866 0.7398566 0.053513967
0.109 0.06553657 0.5644938 0.7387139 0.05638074 0.059967816 0.57455015 0.7415963 0.05290184
0.1095 0.06451438 0.5813264 0.7403568 0.05610478 0.058488593 0.5918323 0.74333876 0.052395023
0.11 0.06352781 0.5977773 0.7420013 0.05590803 0.057078585 0.6087072 0.7450812 0.05199024
0.1105 0.06257649 0.6138464 0.7436461 0.05578745 0.055734783 0.6251736 0.74682117 0.05168426
0.111 0.06166009 0.6295355 0.7452903 0.05574019 0.054454595 0.64123255 0.74855745 0.051473893
0.1115 0.06077828 0.6448477 0.7469328 0.0557635 0.053235948 0.6568873 0.75028855 0.051355958
0.112 0.05993076 0.6597873 0.7485729 0.05585479 0.052076936 0.6721427 0.7520136 0.051327333
0.1125 0.05911725 0.6743595 0.7502098 0.05601157 0.05097606 0.6870045 0.75373197 0.051384933
0.113 0.05833745 0.6885703 0.7518429 0.05623151 0.049931854 0.70148 0.75544304 0.051525667
0.1135 0.05759109 0.702426 0.7534715 0.05651235 0.048943073 0.7155765 0.7571463 0.05174662
0.114 0.05687781 0.7159336 0.7550952 0.05685194 0.048008546 0.7293022 0.75884134 0.052044757
0.1145 0.05619726 0.7291003 0.7567134 0.05724826 0.047127113 0.7426656 0.76052785 0.052417293
0.115 0.05554918 0.7419336 0.7583258 0.05769935 0.046297774 0.75567514 0.7622055 0.052861407
0.1155 0.05493333 0.7544409 0.7599318 0.05820335 0.04551947 0.76834 0.7638738 0.053374387
0.116 0.05434944 0.7666301 0.7615313 0.0587585 0.044791207 0.78066885 0.7655327 0.0539535
0.1165 0.05379722 0.7785088 0.7631237 0.0593631 0.04411204 0.7926709 0.7671818 0.054596283
0.117 0.05327636 0.7900847 0.764709 0.06001552 0.043480977 0.8043548 0.76882076 0.05530016
0.1175 0.05278654 0.8013655 0.7662867 0.06071423 0.042897075 0.81572956 0.7704494 0.056062765
0.118 0.05232745 0.8123588 0.7678567 0.06145773 0.042359337 0.82680386 0.77206737 0.056881703
0.1185 0.05189875 0.8230721 0.7694187 0.06224374 0.0418669 0.83758634 0.7736745 0.0577548
0.119 0.05150002 0.8335127 0.7709726 0.06306307 0.04141876 0.84808546 0.77527046 0.058679856
0.1195 0.05113079 0.843688 0.7725182 0.06392243 0.04101403 0.8583095 0.77685505 0.05965475
0.12 0.05079079 0.8536051 0.7740553 0.06482387 0.040651746 0.8682666 0.77842814 0.060677543
0.1205 0.05047983 0.8632709 0.7755837 0.06576593 0.04033106 0.87796456 0.7799895 0.06174624
0.121 0.05019764 0.8726923 0.7771035 0.06674692 0.040051013 0.8874113 0.7815389 0.06285901
0.1215 0.04994394 0.8818759 0.7786144 0.06776526 0.039810777 0.8966142 0.78307617 0.06401417
0.122 0.04971841 0.8908283 0.7801165 0.06881957 0.03960938 0.9055806 0.7846013 0.06520994
0.1225 0.04951907 0.8995544 0.7816085 0.06990168 0.03944601 0.9143174 0.78611404 0.066444695
0.123 0.04934265 0.9080594 0.7830883 0.07100707 0.0393198 0.92283183 0.78761435 0.0677169
0.1235 0.04919184 0.9163507 0.784558 0.07214495 0.039229855 0.93113023 0.7891022 0.069025084
0.124 0.049069 0.9244352 0.7860193 0.07331765 0.03917542 0.9392191 0.7905775 0.07036778
0.1245 0.04897453 0.9323191 0.7874725 0.07452439 0.039155684 0.94710475 0.7920401 0.07174373
0.125 0.0489078 0.9400082 0.7889175 0.07576365 0.039169773 0.95479316 0.7934902 0.07315156
0.1255 0.04886806 0.9475079 0.790354 0.07703393 0.039216936 0.9622901 0.7949275 0.07459007
0.126 0.04885457 0.9548232 0.7917817 0.07833386 0.039296396 0.96960133 0.79635215 0.076058045
0.1265 0.04886669 0.9619594 0.7932004 0.07966224 0.039407454 0.9767322 0.79776424 0.07755445
0.127 0.04890385 0.9689211 0.79461 0.081018 0.039549313 0.98368806 0.79916376 0.07907811
0.1275 0.04896557 0.9757131 0.7960105 0.08240018 0.039721265 0.9904738 0.80055076 0.0806281
0.128 0.04905142 0.98234 0.7974018 0.0838079 0.039922647 0.99709445 0.8019252 0.08220337
0.1285 0.04916101 0.9888062 0.7987838 0.08524034 0.04015273 1.0035549 0.80328727 0.08380306
0.129 0.04929398 0.9951162 0.8001567 0.08669677 0.0404109 1.0098594 0.804637 0.08542627
0.1295 0.04944999 1.001274 0.8015203 0.08817648 0.04069648 1.0160128 0.8059746 0.08707212
0.13 0.04962871 1.007284 0.8028749 0.08967882 0.0410088 1.0220188 0.8073 0.08873984
0.1305 0.04982982 1.01315 0.8042203 0.09120317 0.041347317 1.0278821 0.80861336 0.090428695
0.131 0.05005303 1.018877 0.8055566 0.09274894 0.041711397 1.0336063 0.8099148 0.09213793
0.1315 0.0502981 1.024467 0.8068839 0.09431559 0.042100452 1.0391954 0.81120455 0.09386684
0.132 0.05056468 1.029924 0.8082022 0.09590259 0.0425139 1.0446532 0.8124826 0.095614836
0.1325 0.05085246 1.035253 0.8095116 0.09750943 0.04295125 1.0499831 0.8137491 0.097381234
0.133 0.05116117 1.040456 0.8108122 0.09913563 0.04341188 1.0551888 0.8150043 0.099165425
0.1335 0.05149046 1.045538 0.8121039 0.1007807 0.04389534 1.0602736 0.81624824 0.10096687
0.134 0.05183999 1.050501 0.8133869 0.1024442 0.044401072 1.0652409 0.8174811 0.10278502
0.1345 0.05220942 1.055348 0.8146612 0.1041257 0.04492861 1.0700935 0.8187031 0.104619354
0.135 0.05259846 1.060083 0.8159269 0.1058248 0.04547751 1.074835 0.81991416 0.10646941
0.1355 0.0530068 1.064709 0.817184 0.1075409 0.04604724 1.079468 0.82111484 0.10833466
0.136 0.05343416 1.069229 0.8184326 0.1092738 0.0466374 1.0839953 0.82230496 0.11021471
0.1365 0.05388025 1.073645 0.8196729 0.1110229 0.047247514 1.08842 0.8234849 0.112109125
0.137 0.05434477 1.077961 0.8209048 0.1127881 0.047877207 1.0927448 0.82465464 0.11401749
0.1375 0.0548259 1.082179 0.8221285 0.1145688 0.04852599 1.0969722 0.82581455 0.11593942
0.138 0.05532388 1.086301 0.8233439 0.1163647 0.04919351 1.1011047 0.8269647 0.11787452
0.1385 0.05583967 1.090331 0.8245513 0.1181754 0.049879402 1.105145 0.8281053 0.11982246
0.139 0.05637334 1.09427 0.8257506 0.1200007 0.050583214 1.1090952 0.82923627 0.12178293
0.1395 0.05692465 1.098121 0.8269419 0.1218402 0.051304653 1.112958 0.83035815 0.123755515
0.14 0.05749327 1.101888 0.8281255 0.1236937 0.052043274 1.1167352 0.8314709 0.12573999
0.1405 0.05807884 1.10557 0.8293012 0.1255606 0.052798808 1.1204295 0.8325748 0.12773602
0.141 0.058681 1.109172 0.8304692 0.1274408 0.05357091 1.1240429 0.83367 0.12974338
0.1415 0.05929919 1.112695 0.8316296 0.1293341 0.05435922 1.1275773 0.83475655 0.13176169
0.142 0.05993108 1.11613 0.8320523 0.1312325 0.05516339 1.1310349 0.8358348 0.13379079
0.1425 0.06056056 1.119413 0.8314264 0.13311 0.05598317 1.1344175 0.8369048 0.13583037
0.143 0.06119443 1.122563 0.8313194 0.1348668 0.05681826 1.1377274 0.8379669 0.13788028
0.1435 0.06184639 1.125623 0.8318959 0.136613 0.057668313 1.140966 0.83902097 0.13994017
0.144 0.06252092 1.128626 0.8329567 0.1384132 0.058533043 1.1441356 0.8400675 0.14200991
0.1445 0.06321222 1.131589 0.8342883 0.1402535 0.05941227 1.1472375 0.8411064 0.14408927
0.145 0.06391641 1.134519 0.8357391 0.1421335 0.06030561 1.1502738 0.84213805 0.14617802
0.1455 0.06463746 1.137416 0.8372208 0.1440578 0.061212853 1.153246 0.84316254 0.148276
0.146 0.0653775 1.140279 0.8386854 0.1460215 0.0621337 1.1561558 0.84417987 0.15038298
0.1465 0.06613617 1.143104 0.8401097 0.1479995 0.06306797 1.1590047 0.8451905 0.15249884
0.147 0.06690939 1.145888 0.8414849 0.1498414 0.06401539 1.1617943 0.8461944 0.15462336
0.1475 0.06769529 1.148628 0.8428101 0.1517254 0.06497571 1.1645263 0.84719175 0.15675637
0.148 0.06849594 1.15132 0.8440889 0.1536792 0.065948695 1.167202 0.84818274 0.15889776
0.1485 0.06931181 1.153965 0.8453266 0.1556895 0.06693414 1.1698227 0.84916764 0.16104731
0.149 0.0701423 1.15656 0.8465286 0.1577432 0.067931816 1.1723902 0.8501465 0.1632049
0.1495 0.07098653 1.159106 0.8477 0.1598302 0.06894152 1.1749054 0.8511194 0.16537037
0.15 0.0718437 1.161601 0.8488453 0.1619427 0.069958284 1.1773698 0.85208696 0.16752505
0.1505 0.07270662 1.164048 0.8499631 0.1639851 0.07093987 1.1797825 0.8530535 0.16950233
0.151 0.07353629 1.166444 0.8510334 0.1658012 0.07189049 1.182149 0.85401934 0.17131989
0.1515 0.07431162 1.168789 0.8520575 0.167441 0.072808996 1.1844724 0.8549843 0.17297605
0.152 0.07496471 1.171083 0.8530462 0.1689395 0.07369636 1.1867542 0.85594815 0.17447875
0.1525 0.07558444 1.173322 0.8540042 0.1702972 0.074553356 1.1889961 0.8569103 0.17583545
0.153 0.07621491 1.175507 0.8549361 0.1715344 0.07538049 1.1911979 0.8578701 0.17705326
0.1535 0.07686111 1.177641 0.855848 0.1726629 0.07617813 1.19336 0.8588268 0.17813908
0.154 0.07751432 1.179727 0.8567423 0.1736873 0.07694653 1.1954824 0.8597797 0.17909941
0.1545 0.07816432 1.181768 0.8576197 0.174611 0.07768591 1.197565 0.860728 0.1799404
0.155 0.07880317 1.183762 0.8584804 0.1754373 0.0783965 1.1996075 0.8616712 0.1806679
0.1555 0.07942569 1.185713 0.8593243 0.1761697 0.07907836 1.2016103 0.86260843 0.18128753
0.156 0.08002881 1.187621 0.8601516 0.1768116 0.0797316 1.2035729 0.86353946 0.18180446
0.1565 0.08060894 1.189486 0.8609587 0.1773646 0.080356345 1.2054955 0.86446327 0.1822237
0.157 0.08114056 1.191305 0.8617053 0.1778178 0.08095269 1.2073779 0.8653796 0.1825499
0.1575 0.08164079 1.193076 0.8624264 0.1781697 0.08152075 1.2092206 0.866288 0.18278746
0.158 0.08212459 1.194802 0.8631473 0.1784324 0.082060575 1.2110236 0.86718774 0.18294059
0.1585 0.08258967 1.196484 0.8638684 0.1786042 0.082572296 1.2127873 0.8680789 0.18301323
0.159 0.083038 1.198129 0.8645859 0.1787087 0.08305603 1.214512 0.86896074 0.18300906
0.1595 0.08347367 1.199737 0.8652971 0.1787589 0.083511904 1.2161976 0.86983293 0.1829316
0.16 0.08389684 1.201311 0.8659992 0.1787573 0.083940014 1.217845 0.8706952 0.18278418
0.1605 0.08430547 1.202852 0.8666894 0.1787037 0.08434059 1.2194542 0.87154734 0.18256988
0.161 0.08469728 1.20436 0.8673659 0.1785972 0.08471371 1.221026 0.87238884 0.18229161
0.1615 0.0850699 1.205812 0.8668997 0.1784375 0.08505958 1.2225606 0.87321955 0.1819522
0.162 0.08541841 1.20715 0.8657589 0.1782248 0.08537835 1.2240586 0.8740392 0.1815542
0.1625 0.08574351 1.208404 0.8652585 0.1779597 0.08567025 1.2255205 0.8748476 0.18110014
0.163 0.0860484 1.209617 0.8654308 0.1776434 0.08593543 1.2269467 0.8756445 0.18059233
0.1635 0.08633453 1.210817 0.8660488 0.177277 0.08617416 1.228338 0.8764296 0.18003295
0.164 0.086602 1.212017 0.866903 0.176862 0.08638665 1.2296946 0.87720287 0.1794241
0.1645 0.08685037 1.21322 0.867851 0.1763996 0.086573064 1.2310171 0.8779641 0.17876774
0.165 0.08707913 1.214423 0.868809 0.1758909 0.086733714 1.2323062 0.87871283 0.17806572
0.1655 0.08728794 1.215622 0.8697327 0.1753373 0.08686876 1.2335625 0.87944925 0.17731981
0.166 0.08747664 1.216811 0.8706023 0.1747402 0.086978495 1.2347863 0.8801729 0.17653164
0.1665 0.08764522 1.217987 0.8714116 0.1741007 0.08706321 1.2359781 0.88088375 0.1757028
0.167 0.08779371 1.219146 0.8721617 0.1734201 0.087123096 1.2371386 0.88158166 0.17483477
0.1675 0.08791413 1.220266 0.8718971 0.1726941 0.08715847 1.2382684 0.8822664 0.17392899
0.168 0.08798394 1.221279 0.8706613 0.1719163 0.08716954 1.2393677 0.8829381 0.17298678
0.1685 0.08803177 1.222207 0.8700028 0.1711029 0.08715665 1.2404373 0.88359624 0.1720094
0.169 0.08807289 1.223096 0.8700351 0.1702573 0.087120056 1.2414778 0.8842408 0.17099808
0.1695 0.08810835 1.223975 0.8705385 0.1693799 0.08706002 1.2424895 0.8848718 0.16995394
0.17 0.08813471 1.224858 0.8712938 0.1684708 0.086976856 1.2434729 0.8854889 0.16887811
0.1705 0.08814818 1.22575 0.8721494 0.1675304 0.08687082 1.2444285 0.88609225 0.16777161
0.171 0.0881459 1.226649 0.8730154 0.1665589 0.08674219 1.2453569 0.8866816 0.16663538
0.1715 0.08812599 1.227549 0.8738441 0.1655569 0.08659127 1.2462585 0.8872567 0.16547036
0.172 0.08808739 1.228446 0.8746143 0.1645247 0.08641836 1.2471337 0.8878176 0.1642775
0.1725 0.08802954 1.229334 0.8753196 0.1634628 0.08622374 1.247983 0.8883642 0.16305758
0.173 0.08795238 1.230209 0.8759613 0.1623721 0.086007684 1.248807 0.8888963 0.16181146
0.1735 0.08785606 1.231068 0.8765446 0.1612533 0.08577047 1.2496057 0.88941395 0.16053991
0.174 0.08774078 1.231908 0.8770758 0.160107 0.08551246 1.25038 0.889917 0.15924363
0.1745 0.08760678 1.232728 0.8775614 0.158934 0.08523391 1.2511301 0.8904052 0.15792343
0.175 0.08745432 1.233526 0.8780073 0.1577348 0.084935084 1.2518566 0.8908787 0.15657982
0.1755 0.08728363 1.234302 0.8784187 0.15651 0.084616244 1.2525597 0.8913374 0.15521364
0.176 0.08709493 1.235055 0.8788 0.1552603 0.08427775 1.2532396 0.8917812 0.15382534
0.1765 0.08688845 1.235785 0.8791548 0.1539862 0.08391984 1.2538972 0.89221 0.1524156
0.177 0.08666441 1.236493 0.879486 0.1526883 0.08354281 1.2545326 0.8926238 0.15098496
0.1775 0.086423 1.237179 0.8797961 0.1513671 0.08314696 1.255146 0.8930225 0.14953397
0.178 0.08616443 1.237843 0.8800872 0.1500233 0.08273254 1.2557381 0.89340603 0.14806317
0.1785 0.08588889 1.238485 0.8803606 0.1486572 0.08229981 1.256309 0.89377415 0.14657305
0.179 0.08559657 1.239106 0.8806178 0.1472695 0.08184911 1.2568593 0.8941272 0.1450641
0.1795 0.08528764 1.239707 0.8808597 0.1458606 0.08138077 1.2573891 0.894465 0.14353682
0.18 0.08496219 1.240288 0.8810873 0.144431 0.08089493 1.2578988 0.8947875 0.14199157
0.1805 0.08462041 1.240849 0.8813011 0.1429811 0.080391884 1.2583885 0.8950945 0.14042886
0.181 0.08426253 1.241391 0.8815018 0.1415115 0.07987195 1.2588589 0.89538634 0.13884906
0.1815 0.08388875 1.241915 0.8816899 0.1400225 0.07933541 1.2593102 0.8956628 0.1372526
0.182 0.08349926 1.242421 0.8818657 0.1385147 0.078782484 1.2597427 0.8959238 0.13563986
0.1825 0.08309423 1.242909 0.8820296 0.1369883 0.07821344 1.2601566 0.8961695 0.13401125
0.183 0.08267382 1.24338 0.8821818 0.1354438 0.07762858 1.2605522 0.89639974 0.13236709
0.1835 0.08223821 1.243834 0.8823228 0.1338816 0.07702811 1.26093 0.8966146 0.13070774
0.184 0.08178756 1.244271 0.8824525 0.1323021 0.076412335 1.2612898 0.8968142 0.12903358
0.1845 0.08132203 1.244693 0.8825714 0.1307056 0.07578151 1.2616324 0.8969986 0.12734489
0.185 0.08084179 1.245099 0.8826796 0.1290925 0.07513586 1.2619579 0.8971676 0.12564199
0.1855 0.08034701 1.245489 0.8827771 0.1274631 0.07447566 1.2622665 0.89732134 0.12392521
0.186 0.07983785 1.245864 0.8828643 0.1258178 0.07380116 1.2625585 0.8974599 0.1221949
0.1865 0.07931447 1.246224 0.8829413 0.1241569 0.07311256 1.2628341 0.8975832 0.12045127
0.187 0.07877704 1.24657 0.8830081 0.1224807 0.07241015 1.2630935 0.8976914 0.11869468
0.1875 0.07822573 1.246902 0.8830651 0.1207896 0.071694136 1.263337 0.8977847 0.116925344
0.188 0.07766069 1.247219 0.8831121 0.1190837 0.0709648 1.2635651 0.8978629 0.11514355
0.1885 0.07708209 1.247523 0.8831496 0.1173635 0.07022235 1.2637777 0.8979262 0.1133496
0.189 0.07649009 1.247813 0.8831774 0.1156291 0.06946702 1.2639751 0.8979746 0.11154373
0.1895 0.07588484 1.24809 0.8831958 0.1138809 0.06869906 1.2641578 0.8980081 0.109726205
0.19 0.07526652 1.248354 0.8832049 0.1121192 0.0679187 1.2643256 0.8980271 0.10789724
0.1905 0.07463527 1.248606 0.8832048 0.1103442 0.067126155 1.2644789 0.8980315 0.10605708
0.191 0.07399125 1.248845 0.8831956 0.1085561 0.066321656 1.2646182 0.8980212 0.10420595
0.1915 0.07333462 1.249071 0.8831775 0.1067552 0.0655054 1.2647433 0.89799666 0.102344126
0.192 0.07266554 1.249286 0.8831505 0.1049418 0.06467767 1.2648548 0.89795786 0.10047181
0.1925 0.07198416 1.249488 0.8831147 0.1031161 0.063838646 1.2649525 0.8979048 0.0985892
0.193 0.07129063 1.249679 0.8830704 0.1012783 0.06298855 1.2650371 0.8978378 0.096696496
0.1935 0.07058511 1.249858 0.8830175 0.09942867 0.062127605 1.2651083 0.8977569 0.094794005
0.194 0.06986775 1.250026 0.8829561 0.09756738 0.061256036 1.2651668 0.89766216 0.09288181
0.1945 0.0691387 1.250183 0.8828865 0.09569467 0.060374007 1.2652124 0.89755374 0.090960234
0.195 0.0683981 1.250329 0.8828087 0.09381075 0.05948177 1.2652454 0.8974318 0.08902936
0.1955 0.0676461 1.250464 0.8827227 0.09191582 0.05857949 1.2652663 0.8972965 0.087089494
0.196 0.06688285 1.250589 0.8826288 0.09001009 0.057667404 1.265275 0.89714795 0.08514072
0.1965 0.0661085 1.250703 0.882527 0.08809375 0.056745753 1.2652715 0.8969863 0.08318327
0.197 0.06532319 1.250807 0.8824173 0.08616699 0.055814624 1.2652566 0.8968118 0.08121736
0.1975 0.06452706 1.250901 0.8822999 0.08422999 0.05487428 1.26523 0.89662445 0.07924311
0.198 0.06372025 1.250985 0.882175 0.08228294 0.053924903 1.265192 0.89642453 0.07726078
0.1985 0.06290291 1.251059 0.8820425 0.08032602 0.0529667 1.2651432 0.8962123 0.075270444
0.199 0.06207517 1.251124 0.8819026 0.0783594 0.051999874 1.2650831 0.89598775 0.07327235
0.1995 0.06123716 1.251179 0.8817553 0.07638325 0.051024586 1.2650123 0.89575106 0.07126662
0.2 0.06038903 1.251225 0.8816009 0.07439773 0.051846735 1.2721804 0.88715315 0.070359394
0.2005 0.05952687 1.250931 0.8685589 0.07248215 0.05186493 1.2745537 0.8771989 0.06937936
0.201 0.05865578 1.249942 0.8541274 0.07078207 0.05151394 1.2744839 0.86660194 0.06838614
0.2015 0.0578094 1.248475 0.8418808 0.06925874 0.051006496 1.2731266 0.8557329 0.06741957
0.202 0.05699612 1.246689 0.831127 0.06787417 0.050448112 1.2710665 0.84478855 0.06650503
0.2025 0.05621182 1.244681 0.8211433 0.06661157 0.049891464 1.2686098 0.8338757 0.06565827
0.203 0.05545101 1.242506 0.8115061 0.06546222 0.049361773 1.2659197 0.82305306 0.064888656
0.2035 0.05470978 1.240196 0.8020088 0.06441999 0.04887011 1.2630877 0.8123527 0.06420119
0.204 0.05398587 1.237775 0.7925627 0.06347975 0.048420347 1.2601655 0.80179197 0.0635982
0.2045 0.05327819 1.23526 0.7831352 0.06263688 0.048012286 1.257184 0.791379 0.06307991
0.205 0.0525863 1.232664 0.7737188 0.06188707 0.047644034 1.2541628 0.78111714 0.062645435
0.2055 0.05191015 1.229999 0.7643159 0.0612263 0.047312602 1.2511148 0.7710068 0.062292814
0.206 0.05124986 1.227275 0.7549331 0.06065076 0.04701475 1.2480495 0.76104677 0.062019706
0.2065 0.05060562 1.224501 0.7455781 0.06015688 0.046747282 1.2449737 0.75123435 0.061823234
0.207 0.04997767 1.221684 0.7362584 0.0597413 0.04650704 1.2418928 0.7415664 0.061700463
0.2075 0.04936624 1.218833 0.7269814 0.05940081 0.046291083 1.2388115 0.7320396 0.06164813
0.208 0.04877157 1.215953 0.7177538 0.05913242 0.04609683 1.235733 0.72265035 0.06166324
0.2085 0.04819386 1.21305 0.7085817 0.05893328 0.045921855 1.2326608 0.71339506 0.061742574
0.209 0.04763332 1.21013 0.6994708 0.0588007 0.04576409 1.2295976 0.70427006 0.061883092
0.2095 0.04709013 1.207198 0.6904263 0.05873212 0.04562158 1.2265453 0.6952721 0.062081724
0.21 0.04656446 1.204257 0.6814529 0.05872515 0.04549267 1.2235063 0.6863977 0.062335745
0.2105 0.04605646 1.201312 0.6725548 0.05877749 0.045375995 1.2204821 0.67764366 0.06264225
0.211 0.04556627 1.198366 0.6637358 0.05888698 0.04527031 1.2174742 0.6690071 0.06299873
0.2115 0.04509402 1.195422 0.6549994 0.05905157 0.04517445 1.214484 0.66048527 0.06340267
0.212 0.04463981 1.192484 0.6463488 0.05926931 0.045087673 1.2115123 0.6520754 0.063851714
0.2125 0.04420374 1.189554 0.6377868 0.05953835 0.045009054 1.2085605 0.64377517 0.06434362
0.213 0.04378589 1.186634 0.6293159 0.05985694 0.044938043 1.2056289 0.63558185 0.06487638
0.2135 0.04338632 1.183727 0.6209383 0.0602234 0.04487413 1.2027187 0.6274937 0.06544794
0.214 0.04300511 1.180835 0.612656 0.06063615 0.044816874 1.1998302 0.61950856 0.06605658
0.2145 0.04264229 1.17796 0.6044708 0.06109368 0.044765994 1.1969639 0.61162466 0.06670059
0.215 0.04229769 1.175102 0.5963843 0.06159441 0.044721223 1.1941204 0.6038403 0.0673784
0.2155 0.04197007 1.172262 0.5883975 0.06213633 0.04468243 1.1913002 0.5961537 0.06808847
0.216 0.04166048 1.169442 0.5805117 0.06271872 0.044649415 1.1885031 0.5885637 0.06882948
0.2165 0.04136996 1.166645 0.5727279 0.0633407 0.044622242 1.18573 0.5810688 0.069600135
0.217 0.04109872 1.163872 0.5650472 0.06400113 0.044600822 1.1829808 0.57366794 0.07039927
0.2175 0.04084654 1.161125 0.5574702 0.06469886 0.044585243 1.180256 0.56635976 0.07122576
0.218 0.04061318 1.158404 0.5499975 0.06543276 0.044575565 1.1775556 0.55914354 0.072078675
0.2185 0.04039831 1.15571 0.5426292 0.06620108 0.0445719 1.1748798 0.5520183 0.072957054
0.219 0.04019917 1.153041 0.535364 0.06699384 0.044574462 1.1722288 0.54498315 0.073860034
0.2195 0.04001532 1.150398 0.5282018 0.06781511 0.044583365 1.1696029 0.5380373 0.07478687
0.22 0.03984948 1.147784 0.5211445 0.06867025 0.044598736 1.167002 0.5311801 0.07573679
0.2205 0.03970318 1.145199 0.514193 0.06955972 0.044620857 1.1644263 0.5244109 0.076709196
0.221 0.03957664 1.142646 0.5073473 0.07048245 0.04464995 1.161876 0.5177292 0.07770339
0.2215 0.03946953 1.140123 0.5006068 0.07143708 0.044686213 1.1593512 0.51113445 0.078718886
0.222 0.03938143 1.137632 0.4939712 0.07242235 0.04472986 1.156852 0.50462604 0.07975516
0.2225 0.03931197 1.135172 0.4874399 0.0734371 0.04478117 1.1543785 0.49820378 0.080811694
0.223 0.03926078 1.132744 0.4810123 0.0744803 0.044840425 1.1519309 0.49186715 0.08188811
0.2235 0.03922756 1.130348 0.4746877 0.07555099 0.04490781 1.1495092 0.48561582 0.082983986
0.224 0.0392121 1.127984 0.4684657 0.07664833 0.044983573 1.1471136 0.4794493 0.084098965
0.2245 0.03921424 1.125652 0.4623455 0.07777151 0.045068063 1.1447443 0.47336742 0.085232705
0.225 0.03923384 1.123352 0.4563265 0.07891981 0.045161456 1.142401 0.46736994 0.08638495
0.2255 0.03927081 1.121085 0.450408 0.08009256 0.04526396 1.1400843 0.46145645 0.08755535
0.226 0.03932503 1.118849 0.4445892 0.0812891 0.04537592 1.137794 0.4556267 0.08874367
0.2265 0.0393964 1.116646 0.4388693 0.08250886 0.04549752 1.1355305 0.4498805 0.0899497
0.227 0.03948484 1.114475 0.4332475 0.08375125 0.04562898 1.1332936 0.44421747 0.09117317
0.2275 0.03959023 1.112336 0.427723 0.08501574 0.0457706 1.1310836 0.43863752 0.09241393
0.228 0.03971247 1.11023 0.4222948 0.08630182 0.045922503 1.1289005 0.4331401 0.093671724
0.2285 0.03985144 1.108156 0.4169622 0.08760899 0.046084926 1.1267445 0.4277252 0.094946384
0.229 0.04000704 1.106114 0.411724 0.08893678 0.046258166 1.1246154 0.4223924 0.09623781
0.2295 0.04017914 1.104104 0.4065795 0.09028475 0.046442337 1.1225137 0.41714135 0.09754576
0.23 0.04036762 1.102126 0.4015276 0.09165245 0.046637587 1.120439 0.41197202 0.09887011
0.2305 0.04057238 1.10018 0.3965673 0.09303948 0.0468442 1.1183919 0.40688375 0.1002107
0.231 0.04079335 1.098266 0.3916976 0.09444544 0.047062263 1.1163721 0.40187642 0.10156737
0.2315 0.04103039 1.096383 0.3869175 0.09586996 0.047291987 1.1143798 0.39694968 0.10294004
0.232 0.04128335 1.094532 0.382226 0.09731265 0.04753346 1.1124151 0.3921031 0.10432853
0.2325 0.04155206 1.092712 0.377622 0.09877314 0.04778687 1.1104779 0.38733646 0.10573271
0.233 0.04183635 1.090923 0.3731045 0.1002511 0.048052303 1.1085682 0.38264915 0.10715243
0.2335 0.0421361 1.089165 0.3686724 0.1017461 0.048329927 1.1066864 0.37804088 0.10858762
0.234 0.04245115 1.087438 0.3643247 0.1032579 0.048619866 1.104832 0.3735112 0.11003812
0.2345 0.04278138 1.085741 0.3600603 0.1047861 0.04892209 1.1030056 0.36905953 0.11150375
0.235 0.0431267 1.084075 0.355878 0.1063303 0.04923684 1.1012068 0.3646855 0.112984434
0.2355 0.04348698 1.082439 0.3517769 0.1078903 0.049564116 1.0994357 0.36038867 0.11448005
0.236 0.04386207 1.080833 0.3477559 0.1094659 0.04990402 1.0976923 0.35616842 0.115990445
0.2365 0.04425181 1.079256 0.3438139 0.1110567 0.05025658 1.0959765 0.3520243 0.117515475
0.237 0.04465604 1.077709 0.3399498 0.1126625 0.050621882 1.0942883 0.3479556 0.11905503
0.2375 0.0450746 1.07619 0.3361625 0.114283 0.050999917 1.0926279 0.34396198 0.12060894
0.238 0.04550736 1.074701 0.332451 0.1159178 0.051390745 1.090995 0.34004274 0.122177124
0.2385 0.04595415 1.07324 0.3288142 0.1175669 0.051794425 1.0893896 0.3361973 0.123759404
0.239 0.04641463 1.071808 0.325251 0.1192298 0.05221095 1.0878116 0.33242485 0.12535562
0.2395 0.04688868 1.070403 0.3217603 0.120906 0.052640297 1.086261 0.32872507 0.12696566
0.24 0.04737631 1.069027 0.3183412 0.1225955 0.053082533 1.0847377 0.32509705 0.12858939
0.2405 0.04787751 1.067678 0.3149925 0.1242982 0.053537585 1.0832416 0.3215402 0.13022666
0.241 0.04839222 1.066356 0.3117132 0.1260138 0.054005474 1.0817727 0.3180539 0.13187727
0.2415 0.04892029 1.065061 0.3085024 0.1277422 0.054486193 1.0803307 0.3146374 0.13354115
0.242 0.04946156 1.063792 0.305359 0.1294831 0.05497971 1.0789156 0.31129 0.13521811
0.2425 0.05001587 1.06255 0.302282 0.1312365 0.05548598 1.0775273 0.30801082 0.136908
0.243 0.05058303 1.061334 0.2992702 0.1330019 0.056004956 1.0761656 0.30479935 0.13861066
0.2435 0.05116291 1.060144 0.2963229 0.1347792 0.05653663 1.0748303 0.30165485 0.14032595
0.244 0.05175534 1.058979 0.2934388 0.1365683 0.057080925 1.0735214 0.2985764 0.14205371
0.2445 0.05236017 1.05784 0.2906171 0.1383688 0.057637796 1.0722387 0.29556337 0.14379379
0.245 0.05297728 1.056725 0.2878568 0.1401807 0.0582072 1.0709822 0.29261503 0.14554605
0.2455 0.05360652 1.055635 0.2851569 0.1420036 0.05878906 1.0697514 0.28973046 0.14731029
0.246 0.05424775 1.05457 0.2825164 0.1438375 0.059383318 1.0685463 0.28690895 0.1490864
0.2465 0.05490084 1.053528 0.2799344 0.1456822 0.059989914 1.0673668 0.2841498 0.15087421
0.247 0.05556565 1.05251 0.27741 0.1475374 0.06060876 1.0662127 0.28145218 0.15267354
0.2475 0.05624205 1.051516 0.2749421 0.1494029 0.06123975 1.0650836 0.2788153 0.15448421
0.248 0.056929 1.050544 0.2725299 0.1510442 0.06188284 1.0639796 0.27623844 0.15630615
0.2485 0.05762246 1.049593 0.2701719 0.1525467 0.06253798 1.0629004 0.2737206 0.15813917
0.249 0.05832429 1.048664 0.2678673 0.1541622 0.06320502 1.0618455 0.27126125 0.1599831
0.2495 0.05903732 1.047757 0.2656157 0.1558867 0.0638839 1.0608152 0.26885936 0.16183776
0.25 0.05976277 1.046872 0.2634163 0.1576954 0.064574584 1.059809 0.26651436 0.16370304
0.2505 0.06049424 1.046009 0.2612634 0.1594776 0.06523743 1.0588129 0.26421067 0.16540574
0.251 0.06119248 1.045167 0.2591324 0.1610632 0.06587514 1.0578362 0.26194975 0.1669529
0.2515 0.0618369 1.044341 0.2570188 0.1624726 0.06648931 1.0568837 0.25973165 0.16835152
0.252 0.06243681 1.04353 0.2549306 0.1637514 0.067080915 1.055957 0.25755593 0.16960827
0.2525 0.06300805 1.042735 0.2528758 0.1649232 0.06765047 1.0550559 0.2554215 0.17072962
0.253 0.06355949 1.041955 0.2508575 0.1659942 0.06819829 1.0541797 0.25332722 0.17172186
0.2535 0.0640943 1.04119 0.2488763 0.1669661 0.06872454 1.0533274 0.25127193 0.17259099
0.254 0.06461287 1.040439 0.2469314 0.16784 0.06922926 1.0524975 0.24925429 0.17334281
0.2545 0.06511462 1.039702 0.2450218 0.1686174 0.06971234 1.0516887 0.24727312 0.17398278
0.255 0.06559879 1.038978 0.2431464 0.1693004 0.070173725 1.0508991 0.2453272 0.17451617
0.2555 0.06606472 1.038268 0.2413043 0.1698915 0.07061331 1.0501281 0.24341545 0.174948
0.256 0.06651191 1.037569 0.2394946 0.1703932 0.07103099 1.0493739 0.24153668 0.17528301
0.2565 0.06694 1.036882 0.2377164 0.1708087 0.0714266 1.0486356 0.2396898 0.17552575
0.257 0.06734873 1.036207 0.235969 0.1711407 0.07180001 1.0479121 0.23787376 0.17568049
0.2575 0.06773791 1.035542 0.2342517 0.1713923 0.07215114 1.0472025 0.23608762 0.1757513
0.258 0.06810741 1.034888 0.2325638 0.1715663 0.07247986 1.0465058 0.23433045 0.17574203
0.2585 0.06845714 1.034244 0.2309044 0.1716658 0.07278605 1.0458212 0.23260126 0.17565638
0.259 0.06878703 1.033611 0.2292731 0.1716934 0.07306972 1.0451481 0.23089924 0.17549779
0.2595 0.06909702 1.032986 0.2276691 0.1716519 0.073330775 1.0444856 0.22922358 0.17526953
0.26 0.06938708 1.032371 0.2260917 0.1715439 0.07356915 1.0438333 0.2275734 0.1749747
0.2605 0.06965719 1.031765 0.2245403 0.1713719 0.07378487 1.0431902 0.225948 0.17461619
0.261 0.06990733 1.031167 0.2230144 0.1711382 0.07397787 1.0425563 0.22434649 0.17419678
0.2615 0.07013751 1.030578 0.2215132 0.1708452 0.07414818 1.0419308 0.22276825 0.17371912
0.262 0.07034774 1.029997 0.2200362 0.1704951 0.07429586 1.0413134 0.2212126 0.17318562
0.2625 0.07053803 1.029423 0.2185828 0.1700899 0.07442096 1.0407035 0.21967885 0.17259873
0.263 0.07070841 1.028858 0.2171524 0.1696317 0.07452349 1.0401008 0.21816626 0.17196056
0.2635 0.07085893 1.028299 0.2157445 0.1691222 0.0746036 1.0395049 0.21667436 0.17127325
0.264 0.07098962 1.027748 0.2143585 0.1685634 0.07466133 1.0389155 0.21520242 0.17053877
0.2645 0.07110055 1.027203 0.2129939 0.1679568 0.07469678 1.0383322 0.21374989 0.16975898
0.265 0.07119177 1.026665 0.21165 0.1673043 0.074710056 1.0377548 0.21231613 0.16893569
0.2655 0.07126336 1.026133 0.2103265 0.1666072 0.07470137 1.0371828 0.21090078 0.16807054
0.266 0.0713154 1.025608 0.2090229 0.1658671 0.07467079 1.0366163 0.20950314 0.16716518
0.2665 0.07134793 1.025086 0.2077384 0.1650854 0.07461847 1.0360548 0.20812276 0.16622105
0.267 0.07136096 1.024569 0.2064728 0.1642628 0.07454462 1.0354981 0.20675918 0.16523963
0.2675 0.07135281 1.024057 0.2052241 0.163385 0.074449345 1.034946 0.20541176 0.16422223
0.268 0.0713217 1.023549 0.2039911 0.1624601 0.07433289 1.0343982 0.20408031 0.16317022
0.2685 0.07127035 1.023046 0.2027756 0.1615019 0.0741954 1.0338546 0.20276424 0.16208476
0.269 0.07120114 1.022549 0.2015781 0.1605144 0.074037105 1.0333148 0.20146313 0.16096704
0.2695 0.07111487 1.022059 0.2003983 0.1594979 0.07385817 1.0327789 0.20017663 0.15981817
0.27 0.07101151 1.021573 0.1992355 0.1584523 0.07365881 1.0322464 0.19890425 0.15863921
0.2705 0.07089074 1.021093 0.198089 0.1573774 0.073439285 1.0317174 0.19764575 0.15743117
0.271 0.07075228 1.020618 0.1969581 0.1562734 0.07319979 1.0311916 0.19640073 0.156195
0.2715 0.07059594 1.020148 0.1958423 0.1551405 0.07294051 1.030669 0.19516888 0.15493162
0.272 0.07042167 1.019682 0.194741 0.1539791 0.07266176 1.030149 0.19394979 0.15364191
0.2725 0.07022947 1.01922 0.1936539 0.1527897 0.07236375 1.0296319 0.19274333 0.15232675
0.273 0.07001944 1.018761 0.1925806 0.1515728 0.07204671 1.0291172 0.19154912 0.15098688
0.2735 0.06979168 1.018306 0.1915206 0.1503289 0.07171087 1.0286052 0.1903669 0.14962313
0.274 0.06954633 1.017854 0.1904738 0.1490588 0.071356535 1.0280952 0.18919641 0.1482362
0.2745 0.06928355 1.017406 0.1894396 0.1477629 0.07098396 1.0275877 0.18803757 0.14682683
0.275 0.0690035 1.01696 0.1884178 0.1464419 0.07059334 1.0270818 0.18688995 0.14539573
0.2755 0.06870634 1.016518 0.187408 0.1450964 0.070185035 1.0265781 0.18575346 0.14394353
0.276 0.06839224 1.016077 0.18641 0.1437271 0.06975925 1.026076 0.18462801 0.1424709
0.2765 0.06806138 1.01564 0.1854233 0.1423343 0.0693163 1.0255754 0.18351334 0.14097843
0.277 0.06771391 1.015205 0.1844479 0.1409188 0.06885646 1.0250764 0.1824094 0.13946673
0.2775 0.06735002 1.014772 0.1834832 0.1394811 0.06838001 1.0245786 0.18131602 0.13793643
0.278 0.06696988 1.014342 0.1825291 0.1380217 0.06788723 1.0240822 0.18023306 0.13638803
0.2785 0.06657364 1.013913 0.1815852 0.1365412 0.0673784 1.0235868 0.1791605 0.13482212
0.279 0.06616149 1.013487 0.1806513 0.13504 0.06685382 1.0230925 0.17809823 0.13323921
0.2795 0.0657336 1.013062 0.1797271 0.1335187 0.06631379 1.022599 0.17704624 0.13163985
0.28 0.06529014 1.012639 0.1788124 0.1319777 0.06575863 1.0221062 0.17600438 0.13002451
0.2805 0.06483127 1.012218 0.1779068 0.1304174 0.06518863 1.0216142 0.17497265 0.12839372
0.281 0.06435717 1.011798 0.1770102 0.1288384 0.06460409 1.0211227 0.17395109 0.12674792
0.2815 0.063868 1.01138 0.1761222 0.1272411 0.0640053 1.0206317 0.1729396 0.12508762
0.282 0.06336395 1.010964 0.1752427 0.1256259 0.063392565 1.0201411 0.17193821 0.123413265
0.2825 0.06284518 1.010548 0.1743714 0.1239931 0.06276621 1.0196508 0.1709469 0.12172525
0.283 0.06231186 1.010134 0.1735081 0.1223433 0.062126502 1.0191607 0.16996571 0.120024055
0.2835 0.06176415 1.009722 0.1726525 0.1206767 0.061473757 1.0186708 0.16899452 0.118310094
0.284 0.06120224 1.00931 0.1718045 0.1189937 0.060808286 1.0181811 0.16803339 0.116583765
0.2845 0.06062628 1.008899 0.1709638 0.1172948 0.060130358 1.0176913 0.16708231 0.114845395
0.285 0.06003645 1.008489 0.1701302 0.1155802 0.05944027 1.0172014 0.16614124 0.11309543
0.2855 0.05943291 1.00808 0.1693035 0.1138504 0.058738336 1.0167117 0.16521019 0.111334234
0.286 0.05881583 1.007672 0.1684835 0.1121055 0.05802478 1.0162218 0.16428918 0.10956213
0.2865 0.05818538 1.007264 0.1676701 0.110346 0.057299927 1.0157318 0.16337803 0.10777946
0.287 0.05754172 1.006858 0.1668629 0.1085722 0.056564018 1.0152419 0.16247684 0.105986506
0.2875 0.05688501 1.006451 0.166062 0.1067843 0.05581729 1.0147517 0.1615853 0.104183614
0.288 0.05621543 1.006045 0.1652669 0.1049827 0.05506003 1.0142616 0.16070354 0.10237102
0.2885 0.05553313 1.00564 0.1644777 0.1031676 0.05429241 1.0137713 0.15983129 0.10054901
0.289 0.05483827 1.005235 0.1636941 0.1013393 0.053514734 1.013281 0.15896854 0.09871784
0.2895 0.05413101 1.004831 0.1629159 0.09949818 0.052727178 1.0127907 0.15811503 0.096877754
0.29 0.05341152 1.004426 0.1621431 0.09764435 0.051929906 1.0123006 0.15727067 0.09502891
0.2905 0.05267995 1.004022 0.1613753 0.09577814 0.051123142 1.0118103 0.15643519 0.09317154
0.291 0.05193646 1.003618 0.1606125 0.09389979 0.050307088 1.0113204 0.15560842 0.09130581
0.2915 0.0511812 1.003214 0.1598546 0.09200953 0.04948187 1.0108306 0.15479007 0.08943191
0.292 0.05041434 1.002811 0.1591013 0.09010762 0.048647664 1.010341 0.15397996 0.087549955
0.2925 0.04963602 1.002407 0.1583526 0.08819427 0.04780461 1.0098519 0.15317765 0.085660055
0.293 0.04884639 1.002003 0.1576082 0.08626972 0.04695283 1.0093632 0.15238303 0.08376241
0.2935 0.04804561 1.001599 0.1568681 0.08433418 0.046092466 1.0088749 0.15159571 0.08185707
0.294 0.04723382 1.001195 0.1561321 0.08238786 0.04522364 1.0083871 0.15081543 0.079944134
0.2945 0.04641118 1.000791 0.1554001 0.08043098 0.04434645 1.0079 0.15004191 0.07802373
0.295 0.04557783 1.000387 0.154672 0.07846373 0.043461002 1.0074135 0.1492747 0.07609591
0.2955 0.04473391 0.9999824 0.1539476 0.07648632 0.04256738 1.0069278 0.14851364 0.07416077
0.296 0.04387958 0.9995775 0.1532269 0.07449894 0.041665718 1.0064428 0.14775845 0.07221837
0.2965 0.04301496 0.9991723 0.1525096 0.07250177 0.04075609 1.0059587 0.14700863 0.070268795
0.297 0.04214021 0.9987668 0.1517957 0.07049501 0.039838582 1.0054754 0.14626402 0.06831211
0.2975 0.04125546 0.9983608 0.1510851 0.06847883 0.038913287 1.0049932 0.14552438 0.06634842
0.298 0.04036086 0.9979545 0.1503777 0.0664534 0.037980266 1.0045121 0.1447894 0.06437774
0.2985 0.03945653 0.9975476 0.1496734 0.06441891 0.037039675 1.0040315 0.14405882 0.06240022
0.299 0.03854262 0.9971403 0.148972 0.06237551 0.03609156 1.0035522 0.14333257 0.060415886
0.2995 0.03761925 0.9967325 0.1482734 0.06032337 0.03513605 1.0030738 0.14261022 0.05842486
0.3 0.03668656 0.9963241 0.1475777 0.05826265 0.034215786 1.0047824 0.14046007 0.05327504
0.3005 0.0357414 0.9855369 0.1467008 0.0561597 0.03432052 0.99523836 0.14226383 0.05125381
0.301 0.03480738 0.9696496 0.1454662 0.05422931 0.033898816 0.9803981 0.14304352 0.049573123
0.3015 0.03391774 0.9515947 0.1440228 0.05248571 0.033190146 0.96261173 0.14307782 0.048089497
0.302 0.03306753 0.9324285 0.1424512 0.05088015 0.03235279 0.94320554 0.14263499 0.046763733
0.3025 0.03224688 0.912664 0.1407952 0.04939219 0.031469792 0.92295974 0.14187965 0.045571543
0.303 0.03144921 0.8925832 0.1390799 0.04801232 0.030583888 0.90234137 0.14091346 0.04449667
0.3035 0.03067105 0.8723635 0.1373207 0.04673465 0.029716313 0.88163406 0.13980043 0.04352761
0.304 0.02991082 0.8521286 0.1355277 0.04555459 0.028876953 0.86101335 0.13858166 0.04265587
0.3045 0.02916788 0.8319717 0.1337083 0.04446817 0.028069481 0.84058887 0.13728398 0.04187484
0.305 0.02844208 0.8119652 0.1318684 0.04347172 0.027294584 0.82043016 0.13592547 0.041179255
0.3055 0.02773348 0.792167 0.1300128 0.04256182 0.026551433 0.80058086 0.13451871 0.04056474
0.306 0.02704222 0.7726228 0.1281457 0.04173522 0.025838502 0.78106886 0.13307258 0.04002744
0.3065 0.0263685 0.753369 0.1262704 0.04098887 0.025154173 0.7619119 0.13159376 0.039564066
0.307 0.02571251 0.7344342 0.1243903 0.04031986 0.024496816 0.74312073 0.13008723 0.039171606
0.3075 0.02507444 0.7158404 0.122508 0.03972543 0.023864895 0.724701 0.1285569 0.03884726
0.308 0.02445447 0.6976041 0.1206258 0.03920297 0.02325727 0.7066558 0.12700593 0.03858856
0.3085 0.02385276 0.6797374 0.1187461 0.03874997 0.022672758 0.6889857 0.12543708 0.038393065
0.309 0.02326947 0.6622485 0.1168706 0.03836408 0.022110492 0.67168975 0.12385269 0.038258508
0.3095 0.02270472 0.6451426 0.1150011 0.03804304 0.021569803 0.6547655 0.12225487 0.038182743
0.31 0.02215865 0.6284221 0.1131391 0.03778471 0.021050066 0.6382101 0.120645456 0.03816373
0.3105 0.02163135 0.6120876 0.111286 0.03758703 0.020550832 0.6220195 0.11902616 0.038199514
0.311 0.02112291 0.5961376 0.1094429 0.03744808 0.020071715 0.60618955 0.11739854 0.038288213
0.3115 0.02063341 0.5805693 0.1076111 0.03736598 0.019612387 0.5907154 0.115764044 0.038427964
0.312 0.02016293 0.5653789 0.1057914 0.03733898 0.019172624 0.57559204 0.11412405 0.038617097
0.3125 0.01971151 0.5505613 0.1039848 0.03736537 0.018752255 0.56081396 0.11248001 0.038853914
0.313 0.01927919 0.536111 0.102192 0.03744355 0.018351093 0.5463758 0.11083307 0.039136797
0.3135 0.018866 0.5220217 0.1004139 0.03757198 0.017969027 0.5322718 0.10918457 0.039464243
0.314 0.01847197 0.5082869 0.0986511 0.03774917 0.017605938 0.51849616 0.107535504 0.039834745
0.3145 0.01809711 0.4948994 0.09690416 0.03797372 0.017261729 0.505043 0.10588711 0.040246874
0.315 0.01774141 0.4818522 0.09517366 0.03824428 0.01693631 0.49190658 0.10424047 0.04069931
0.3155 0.01740486 0.4691377 0.0934601 0.03855956 0.016629547 0.47908074 0.10259653 0.041190676
0.316 0.01708746 0.4567484 0.09176392 0.03891831 0.016341433 0.4665596 0.10095628 0.041719772
0.3165 0.01678917 0.4446769 0.09008553 0.03931935 0.016071886 0.4543373 0.09932073 0.04228542
0.317 0.01650996 0.4329156 0.08842532 0.03976154 0.015820727 0.44240782 0.09769062 0.0428864
0.3175 0.01624979 0.4214569 0.0867836 0.04024378 0.0155879855 0.4307652 0.096066944 0.04352171
0.318 0.01600861 0.4102935 0.0851607 0.04076502 0.015373513 0.41940373 0.09445044 0.044190213
0.3185 0.01578637 0.3994179 0.08355688 0.04132425 0.015177228 0.4083176 0.092841946 0.044890955
0.319 0.015583 0.3888229 0.08197238 0.04192051 0.014999047 0.397501 0.09124222 0.045623004
0.3195 0.01539844 0.3785013 0.08040744 0.04255284 0.014838882 0.3869483 0.08965195 0.0463854
0.32 0.01523262 0.3684462 0.07886224 0.04322037 0.014696628 0.37665394 0.088071845 0.04717733
0.3205 0.01508546 0.3586506 0.07733695 0.04392221 0.014572166 0.36661234 0.08650256 0.04799793
0.321 0.01495686 0.3491079 0.07583174 0.04465754 0.014465429 0.35681808 0.08494472 0.04884644
0.3215 0.01484676 0.3398115 0.07434674 0.04542555 0.01437632 0.34726575 0.083398975 0.049722113
0.322 0.01475504 0.3307549 0.07288205 0.04622546 0.014304727 0.33795014 0.081865914 0.05062426
0.3225 0.01468162 0.3219319 0.07143779 0.04705652 0.014250569 0.32886606 0.080346115 0.051552214
0.323 0.0146264 0.3133364 0.07001403 0.04791801 0.014213704 0.32000828 0.07884001 0.052505292
0.3235 0.01458926 0.3049624 0.06861083 0.04880924 0.014194034 0.31137195 0.077348225 0.053482905
0.324 0.0145701 0.2968041 0.06722826 0.04972952 0.014191456 0.30295193 0.07587116 0.05448447
0.3245 0.01456881 0.2888559 0.06586635 0.0506782 0.014205858 0.2947435 0.07440927 0.055509448
0.325 0.01458527 0.2811123 0.06452512 0.05165465 0.014237113 0.2867419 0.07296305 0.05655726
0.3255 0.01461911 0.2735679 0.06320451 0.05265618 0.014285155 0.27894238 0.0715329 0.057627477
0.326 0.01466744 0.2662173 0.0619032 0.05367336 0.014349848 0.27134025 0.070119195 0.058719575
0.3265 0.01473016 0.2590554 0.06062138 0.05471395 0.014431067 0.26393116 0.0687223 0.059833094
0.327 0.0148103 0.2520774 0.05936037 0.0557821 0.014528744 0.25671068 0.06734262 0.06096764
0.3275 0.01490933 0.2452787 0.05812077 0.05687833 0.014642738 0.24967435 0.0659805 0.062122762
0.328 0.01502724 0.2386546 0.05690253 0.05800185 0.014772959 0.24281797 0.064636245 0.06329808
0.3285 0.01516339 0.2322007 0.05570542 0.05915161 0.014919281 0.23613739 0.06331017 0.06449321
0.329 0.01531715 0.2259126 0.05452918 0.06032659 0.015081577 0.22962838 0.062002532 0.06570773
0.3295 0.01548796 0.2197859 0.05337361 0.06152589 0.015259773 0.22328708 0.06071358 0.066941366
0.33 0.01567545 0.2138165 0.05223851 0.0627487 0.0154537335 0.21710947 0.059443615 0.06819373
0.3305 0.01587932 0.2080003 0.05112376 0.06399429 0.015663356 0.21109179 0.05819285 0.069464505
0.331 0.01609936 0.2023335 0.05002925 0.06526203 0.015888542 0.20523015 0.056961544 0.07075341
0.3315 0.01633538 0.1968121 0.04895486 0.06654824 0.016129151 0.19952092 0.05574981 0.07206009
0.332 0.01658709 0.1914324 0.0479005 0.06784772 0.016385093 0.1939604 0.054557912 0.0733843
0.3325 0.01685426 0.1861909 0.04686606 0.06916887 0.016656235 0.18854515 0.05338598 0.07472573
0.333 0.01713688 0.181084 0.04585143 0.07051272 0.016942494 0.18327168 0.052234143 0.07608409
0.3335 0.01743491 0.1761082 0.04485651 0.07187838 0.017243735 0.17813657 0.051102586 0.07745914
0.334 0.0177483 0.1712603 0.04388121 0.0732649 0.017559849 0.17313659 0.049991444 0.07885063
0.3345 0.01807694 0.166537 0.0429254 0.07467146 0.0178907 0.16826835 0.048900843 0.08025825
0.335 0.01842067 0.1619352 0.04198897 0.07609735 0.018236212 0.1635288 0.04783082 0.08168183
0.3355 0.01877925 0.1574519 0.04107181 0.07754195 0.018596284 0.15891479 0.046781503 0.08312109
0.336 0.01915254 0.1530839 0.04017377 0.07900471 0.018970743 0.1544233 0.045752928 0.08457579
0.3365 0.01954045 0.1488286 0.03929473 0.08048515 0.019359484 0.15005139 0.044745125 0.08604568
0.337 0.0199429 0.144683 0.03843455 0.08198287 0.01976242 0.14579609 0.043758273 0.08753061
0.3375 0.02035977 0.1406444 0.03759311 0.08349746 0.020179413 0.14165464 0.042792298 0.08903028
0.338 0.020791 0.1367101 0.03677026 0.0850286 0.02061037 0.1376243 0.04184725 0.09054452
0.3385 0.02123645 0.1328777 0.03596587 0.08657599 0.02105514 0.13370231 0.04092317 0.09207313
0.339 0.0216959 0.1291445 0.03517979 0.08813927 0.021513619 0.12988603 0.04002004 0.093615875
0.3395 0.02216916 0.1255082 0.03441188 0.08971813 0.021985695 0.1261729 0.039137878 0.09517254
0.34 0.02265602 0.1219662 0.03366197 0.09131228 0.022471227 0.12256044 0.038276657 0.09674294
0.3405 0.02315633 0.1185164 0.03292994 0.09292143 0.02297011 0.11904614 0.0374363 0.09832688
0.341 0.02367001 0.1151563 0.03221561 0.0945453 0.023482203 0.11562765 0.036616825 0.09992415
0.3415 0.02419691 0.1118839 0.03151884 0.09618365 0.024007417 0.11230263 0.035818197 0.101534575
0.342 0.02473684 0.108697 0.03083948 0.09783622 0.02454561 0.10906874 0.03504031 0.10315797
0.3425 0.02528961 0.1055934 0.03017737 0.09950274 0.025096662 0.10592382 0.03428314 0.1047941
0.343 0.02585507 0.1025712 0.02953235 0.101183 0.025660463 0.10286564 0.033546597 0.10644284
0.3435 0.02643306 0.09962842 0.02890426 0.1028767 0.026236892 0.09989211 0.032830663 0.10810399
0.344 0.02702346 0.09676306 0.02829295 0.1045836 0.026825793 0.097001135 0.032135196 0.10977736
0.3445 0.02762614 0.09397328 0.02769825 0.1063036 0.027427092 0.09419078 0.03146016 0.1114628
0.345 0.02824097 0.09125725 0.02712001 0.1080363 0.028040618 0.09145895 0.030805372 0.11316006
0.3455 0.02886781 0.08861321 0.02655807 0.1097816 0.028666273 0.08880381 0.030170806 0.11486904
0.346 0.02950655 0.08603941 0.02601226 0.1115393 0.029303916 0.08622342 0.029556297 0.11658953
0.3465 0.03015706 0.08353418 0.02548243 0.1133091 0.029953435 0.083716005 0.028961793 0.11832139
0.347 0.03081919 0.08109588 0.02496842 0.1150909 0.030614704 0.081279755 0.028387092 0.12006441
0.3475 0.03149282 0.07872291 0.02447007 0.1168845 0.031287618 0.07891297 0.027832165 0.12181848
0.348 0.03217783 0.0764137 0.02398721 0.1186896 0.03197203 0.07661389 0.027296849 0.12358338
0.3485 0.03287408 0.07416676 0.02351968 0.1205062 0.0326678 0.074380934 0.026780978 0.12535897
0.349 0.03358143 0.07198059 0.02306734 0.1223339 0.033374876 0.0722124 0.026284419 0.12714511
0.3495 0.03429977 0.06985376 0.02263 0.1241726 0.034093082 0.07010682 0.02580709 0.12894161
0.35 0.03502896 0.06778487 0.02220752 0.1260222 0.034822278 0.06806262 0.025348805 0.13074833
0.3505 0.03576231 0.06577246 0.02179464 0.1277924 0.03553173 0.06607796 0.024904594 0.13239542
0.351 0.036461 0.06381384 0.02136772 0.1293307 0.036222845 0.064151764 0.024473295 0.13388975
0.3515 0.03711114 0.06190578 0.02092544 0.1306902 0.036896497 0.06228241 0.02405367 0.13523805
0.352 0.03772187 0.06004571 0.02047648 0.1319092 0.037553214 0.060467947 0.023644522 0.13644686
0.3525 0.03830291 0.0582317 0.02002661 0.1330041 0.03819319 0.05870636 0.023244701 0.13752258
0.353 0.03886019 0.05646212 0.01957856 0.1339836 0.038816378 0.056995492 0.022853032 0.13847135
0.3535 0.03939666 0.05473554 0.01913342 0.1348536 0.039422624 0.055333193 0.02246847 0.13929911
0.354 0.03991364 0.05305061 0.01869153 0.1356195 0.0400116 0.053717364 0.02209004 0.14001158
0.3545 0.04041164 0.05140604 0.01825291 0.1362858 0.04058294 0.052145984 0.021716759 0.14061426
0.355 0.04089075 0.04980061 0.01781746 0.1368568 0.041136205 0.05061705 0.021347776 0.14111234
0.3555 0.04135088 0.04823281 0.017385 0.1373367 0.041670933 0.049128685 0.020982265 0.14151084
0.356 0.04179185 0.04670104 0.01695535 0.1377292 0.042186655 0.047679123 0.020619482 0.14181456
0.3565 0.04221301 0.04520408 0.01652788 0.1380299 0.04268294 0.04626659 0.020258687 0.14202796
0.357 0.04261047 0.04374084 0.01609998 0.1382297 0.0431593 0.04488949 0.019899257 0.14215536
0.3575 0.04298515 0.04231028 0.01567312 0.138351 0.043615334 0.043546338 0.0195406 0.14220081
0.358 0.04334043 0.04091165 0.01524923 0.138405 0.044050634 0.042235587 0.019182183 0.14216815
0.3585 0.0436779 0.03954426 0.01482874 0.1383952 0.04446485 0.040955942 0.018823512 0.14206108
0.359 0.04399769 0.03820743 0.01441128 0.1383231 0.044857614 0.03970604 0.018464126 0.14188297
0.3595 0.04429932 0.0369004 0.0139963 0.1381898 0.045228638 0.038484644 0.018103622 0.14163712
0.36 0.04458219 0.03562241 0.01358333 0.1379968 0.045577668 0.037290577 0.01774165 0.14132658
0.3605 0.04484583 0.03437267 0.01317201 0.1377455 0.045904458 0.03612275 0.017377883 0.14095423
0.361 0.04508989 0.03315037 0.01276205 0.1374375 0.046208814 0.034980018 0.017012008 0.14052284
0.3615 0.04531417 0.03195469 0.01235326 0.1370744 0.046490587 0.033861373 0.016643807 0.14003499
0.362 0.04551854 0.03078485 0.01194548 0.136658 0.04674965 0.03276589 0.016273059 0.1394931
0.3625 0.04570296 0.02964004 0.01153857 0.1361897 0.046985917 0.031692658 0.015899613 0.1388995
0.363 0.0458674 0.0285195 0.01113243 0.1356714 0.047199294 0.030640703 0.015523262 0.13825636
0.3635 0.0460119 0.02742248 0.01072693 0.1351045 0.047389776 0.02960923 0.015143953 0.13756572
0.364 0.0461365 0.02634823 0.01032199 0.1344907 0.047557354 0.028597463 0.0147615895 0.13682957
0.3645 0.04624125 0.02529604 0.009917507 0.1338314 0.04770206 0.027604539 0.0143760815 0.1360497
0.365 0.04632622 0.02426521 0.009513383 0.133128 0.047823943 0.02662984 0.013987452 0.13522789
0.3655 0.04639148 0.02325507 0.009109531 0.132382 0.047923073 0.025672574 0.013595678 0.13436578
0.366 0.04643712 0.02226496 0.008705859 0.1315948 0.04799956 0.024732094 0.013200745 0.1334649
0.3665 0.04646323 0.02129424 0.008302283 0.1307675 0.048053503 0.023807686 0.012802698 0.13252676
0.367 0.04646991 0.0203423 0.007898718 0.1299015 0.048085056 0.022898804 0.012401618 0.13155276
0.3675 0.04645726 0.01940854 0.007495081 0.1289978 0.048094362 0.022004861 0.011997543 0.1305442
0.368 0.04642539 0.01849236 0.007091294 0.1280578 0.04808159 0.021125246 0.011590533 0.12950237
0.3685 0.04637441 0.01759322 0.006687278 0.1270824 0.04804693 0.020259473 0.011180721 0.12842846
0.369 0.04630444 0.01671057 0.00628296 0.1260726 0.04799056 0.019406993 0.010768168 0.12732358
0.3695 0.04621561 0.01584387 0.005878267 0.1250296 0.047912702 0.018567275 0.010352947 0.1261888
0.37 0.04610804 0.01499261 0.005473131 0.1239543 0.047813572 0.017739948 0.009935193 0.12502517
0.3705 0.04598187 0.01415629 0.005067483 0.1228476 0.047693387 0.016924564 0.00951501 0.12383361
0.371 0.04583723 0.01333442 0.004661259 0.1217103 0.04755237 0.016120683 0.009092465 0.12261507
0.3715 0.04567426 0.01252654 0.004254397 0.1205434 0.047390744 0.015327897 0.008667655 0.121370375
0.372 0.04549311 0.01173219 0.003846837 0.1193477 0.047208756 0.014545854 0.008240633 0.120100364
0.3725 0.04529392 0.01095093 0.003438521 0.1181239 0.04700663 0.013774212 0.007811472 0.118805796
0.373 0.04507684 0.01018233 0.003029394 0.1168729 0.04678461 0.013012644 0.0073802397 0.117487386
0.3735 0.04484203 0.009425968 0.002619402 0.1155953 0.04654292 0.012260858 0.0069469735 0.116145834
0.374 0.04458963 0.008681441 0.002208495 0.1142918 0.046281815 0.011518497 0.006511703 0.11478178
0.3745 0.04431982 0.007948358 0.001796622 0.1129632 0.04600148 0.010785315 0.0060744286 0.113395855
0.375 0.04403274 0.007226336 0.001383739 0.1116101 0.04570219 0.010061096 0.005635187 0.111988604
0.3755 0.04372856 0.006515006 0.0009697979 0.1102331 0.04538417 0.00934552 0.005193956 0.110560596
0.376 0.04340745 0.005814007 0.0005547571 0.1088328 0.04504765 0.00863843 0.0047507286 0.10911234
0.3765 0.04306956 0.00512299 0.0001385748 0.1074098 0.044692837 0.007939566 0.004305497 0.107644334
0.377 0.04271507 0.004441618 -0.0002787886 0.1059646 0.044319957 0.007248696 0.0038582236 0.106157035
0.3775 0.04234413 0.00376956 -0.0006973709 0.1044979 0.04392925 0.0065655597 0.003408879 0.1046509
0.378 0.04195693 0.003106497 -0.001117208 0.1030102 0.043520913 0.0058900304 0.0029573813 0.1031263
0.3785 0.04155362 0.002452119 -0.001538335 0.1015019 0.043095186 0.005221892 0.0025037527 0.10158369
0.379 0.04113439 0.001806125 -0.001960785 0.09997352 0.042652287 0.004560929 0.002047941 0.10002346
0.3795 0.04069939 0.001168222 -0.002384589 0.09842559 0.04219242 0.0039069615 0.0015898682 0.09844592
0.38 0.0402488 0.0005381275 -0.002809777 0.09685854 0.041715845 0.0032598116 0.0011295602 0.0968515
0.3805 0.0397828 -8.443502e-05 -0.003236377 0.09527282 0.041222736 0.0026192702 0.0006669387 0.09524049
0.381 0.03930155 -0.0006997328 -0.003664418 0.09366886 0.040713325 0.0019851886 0.00020200759 0.09361324
0.3815 0.03880523 -0.001308026 -0.004093923 0.09204708 0.040187865 0.0013573729 -0.00026527047 0.091970086
0.382 0.038294 -0.001909565 -0.004524919 0.09040789 0.039646544 0.0007355921 -0.0007349476 0.090311304
0.3825 0.03776805 -0.002504596 -0.004957427 0.08875168 0.039089605 0.00011968985 -0.0012069866 0.08863722
0.383 0.03722753 -0.003093357 -0.005391471 0.08707882 0.03851725 -0.0004904382 -0.0016814396 0.08694813
0.3835 0.03667263 -0.003676077 -0.00582707 0.0853897 0.037929706 -0.0010950603 -0.002158273 0.08524431
0.384 0.03610351 -0.00425298 -0.006264245 0.08368465 0.037327223 -0.0016942956 -0.0026375018 0.08352606
0.3845 0.03552034 -0.004824284 -0.006703014 0.08196405 0.036709987 -0.002288375 -0.0031191297 0.08179359
0.385 0.03492329 -0.005390199 -0.007143393 0.08022821 0.03607826 -0.0028773583 -0.0036031343 0.08004725
0.3855 0.03431254 -0.005950929 -0.007585401 0.07847747 0.035432227 -0.0034614764 -0.0040895045 0.07828723
0.386 0.03368825 -0.006506674 -0.008029051 0.07671215 0.034772128 -0.004040893 -0.0045782626 0.07651383
0.3865 0.03305058 -0.007057625 -0.008474358 0.07493256 0.034098186 -0.0046157725 -0.005069338 0.07472724
0.387 0.03239971 -0.007603969 -0.008921336 0.073139 0.03341061 -0.0051861964 -0.005562745 0.07292774
0.3875 0.0317358 -0.008145888 -0.009369997 0.07133175 0.03270963 -0.0057524033 -0.0060584806 0.07111555
0.388 0.03105901 -0.008683558 -0.009820352 0.06951111 0.031995453 -0.006314475 -0.0065565333 0.069290906
0.3885 0.03036951 -0.009217148 -0.01027241 0.06767736 0.0312683 -0.006872613 -0.0070568137 0.06745401
0.389 0.02966747 -0.009746824 -0.01072619 0.06583075 0.030528381 -0.0074269064 -0.007559359 0.06560509
0.3895 0.02895303 -0.01027275 -0.01118169 0.06397155 0.02977591 -0.007977504 -0.008064099 0.06374434
0.39 0.02822638 -0.01079507 -0.01163892 0.06210002 0.0290111 -0.008524578 -0.008571107 0.061871976
0.3905 0.02748765 -0.01131395 -0.01209789 0.06021641 0.028234161 -0.009068247 -0.009080272 0.059988208
0.391 0.02673702 -0.01182953 -0.01255861 0.05832096 0.027445316 -0.0096086 -0.009591602 0.058093235
0.3915 0.02597464 -0.01234195 -0.01302108 0.05641389 0.026644751 -0.010145817 -0.010105077 0.056187235
0.392 0.02520067 -0.01285135 -0.01348531 0.05449545 0.025832675 -0.010680001 -0.010620661 0.0542704
0.3925 0.02441525 -0.01335786 -0.0139513 0.05256586 0.025009274 -0.011211287 -0.0111383535 0.052342907
0.393 0.02361854 -0.01386162 -0.01441906 0.05062534 0.02417478 -0.011739757 -0.011658043 0.050404944
0.3935 0.02281071 -0.01436274 -0.01488859 0.04867409 0.02332937 -0.012265567 -0.012179829 0.048456684
0.394 0.02199188 -0.01486135 -0.01535989 0.04671232 0.022473253 -0.012788821 -0.012703635 0.046498314
0.3945 0.02116222 -0.01535756 -0.01583296 0.04474025 0.02160661 -0.013309661 -0.013229426 0.044529974
0.395 0.02032187 -0.0158515 -0.01630782 0.04275806 0.020729676 -0.013828117 -0.01375718 0.042551868
0.3955 0.01947098 -0.01634327 -0.01678445 0.04076595 0.019842595 -0.014344346 -0.014286868 0.040564135
0.396 0.0186097 -0.01683298 -0.01726285 0.0387641 0.018945612 -0.014858466 -0.014818475 0.03856694
0.3965 0.01773816 -0.01732072 -0.01774304 0.03675271 0.018038847 -0.015370566 -0.015351996 0.03656043
0.397 0.01685651 -0.01780661 -0.01822501 0.03473194 0.017122537 -0.015880737 -0.015887368 0.034544773
0.3975 0.01596488 -0.01829074 -0.01870875 0.03270198 0.016196832 -0.016389105 -0.016424585 0.032520115
0.398 0.01506343 -0.01877321 -0.01919427 0.03066299 0.015261963 -0.016895723 -0.016963638 0.030486599
0.3985 0.01415228 -0.0192541 -0.01968156 0.02861515 0.014318056 -0.01740073 -0.01750448 0.028444365
0.399 0.01323157 -0.0197335 -0.02017063 0.02655861 0.013365313 -0.017904203 -0.018047087 0.026393563
0.3995 0.01230144 -0.0202115 -0.02066147 0.02449354 0.012403928 -0.018406209 -0.018591437 0.024334349
0.4 0.01136201 -0.02068819 -0.02115407 0.02242009 0.011434078 -0.018906865 -0.019137532 0.022266857
0.4005 0.0104167 -0.02116358 -0.02164589 0.02038343 0.010494515 -0.019428205 -0.019623064 0.020297386
0.401 0.009484898 -0.0216371 -0.02212518 0.01845982 0.009556159 -0.019934308 -0.02012584 0.018384464
0.4015 0.008573577 -0.02210783 -0.02259137 0.01662276 0.008627437 -0.020437893 -0.020621162 0.01653722
0.402 0.007678293 -0.02257522 -0.02304887 0.01485322 0.007705234 -0.020936038 -0.021116398 0.01474914
0.4025 0.00679431 -0.02303896 -0.02350063 0.01314305 0.0067902207 -0.021430265 -0.021608911 0.013018779
0.403 0.005918774 -0.02349893 -0.02394809 0.01148804 0.0058820173 -0.021920491 -0.02209917 0.011343293
0.4035 0.005050275 -0.02395505 -0.02439185 0.009885215 0.004980676 -0.022406925 -0.022586673 0.009720422
0.404 0.004188214 -0.02440727 -0.02483218 0.008332055 0.0040861815 -0.022889573 -0.02307124 0.00814788
0.4045 0.003332394 -0.02485559 -0.02526913 0.006826276 0.0031986013 -0.0233684 -0.023552597 0.006623544
0.405 0.002482811 -0.02529998 -0.02570275 0.005365746 0.0023180172 -0.023843367 -0.024030544 0.005145386
0.4055 0.001639543 -0.02574043 -0.02613301 0.003948462 0.0014445409 -0.024314415 -0.024504907 0.003711477
0.406 0.0008027004 -0.02617695 -0.0265599 0.002572538 0.0005782768 -0.024781447 -0.024975453 0.0023199692
0.4065 -2.759199e-05 -0.02660953 -0.02698341 0.001236194 -0.00028063357 -0.025244389 -0.025442049 0.0009691566
0.407 -0.0008512113 -0.02703818 -0.02740352 -6.224867e-05 -0.0011320934 -0.025703121 -0.025904536 -0.00034262985
0.4075 -0.001668039 -0.0274629 -0.02782021 -0.001324378 -0.0019759908 -0.026157659 -0.026362814 -0.0016169846
0.408 -0.002477965 -0.0278837 -0.02823346 -0.002551695 -0.0028122216 -0.02660786 -0.026816744 -0.0028554015
0.4085 -0.003280885 -0.02830059 -0.02864328 -0.003745616 -0.0036406517 -0.027053718 -0.027266249 -0.0040593073
0.409 -0.004076707 -0.02871358 -0.02904963 -0.004907485 -0.004461214 -0.027495135 -0.027711213 -0.005230058
0.4095 -0.004865344 -0.02912269 -0.02945253 -0.006038571 -0.0052737966 -0.027932115 -0.028151575 -0.006368939
0.41 -0.005646719 -0.02952792 -0.02985195 -0.007140079 -0.0060783327 -0.028364576 -0.02858727 -0.0074771903
0.4105 -0.006420763 -0.02992929 -0.03024789 -0.008213148 -0.0068747215 -0.02879256 -0.02901827 -0.008555971
0.411 -0.007187414 -0.03032682 -0.03064035 -0.009258859 -0.007662937 -0.02921597 -0.0294445 -0.009606399
0.4115 -0.007946619 -0.03072052 -0.03102933 -0.01027824 -0.008442916 -0.029634837 -0.029865943 -0.01062955
0.412 -0.00869833 -0.03111041 -0.03141482 -0.01127226 -0.00921461 -0.030049164 -0.030282602 -0.011626434
0.4125 -0.009442507 -0.03149651 -0.03179682 -0.01224185 -0.009977974 -0.030458935 -0.030694406 -0.012598012
0.413 -0.01017912 -0.03187884 -0.03217534 -0.01318788 -0.0107329935 -0.030864153 -0.031101376 -0.013545211
0.4135 -0.01090813 -0.03225741 -0.03255038 -0.01411119 -0.011479624 -0.031264823 -0.031503506 -0.01446889
0.414 -0.01162953 -0.03263225 -0.03292194 -0.01501257 -0.012217868 -0.031660993 -0.031900812 -0.015369911
0.4145 -0.01234329 -0.03300338 -0.03329003 -0.01589279 -0.012947723 -0.032052647 -0.032293305 -0.01624906
0.415 -0.0130494 -0.03337081 -0.03365465 -0.01675256 -0.013669182 -0.03243981 -0.032680973 -0.01710711
0.4155 -0.01374787 -0.03373457 -0.03401581 -0.01759256 -0.0143822655 -0.032822534 -0.03306385 -0.017944798
0.416 -0.01443868 -0.03409468 -0.03437353 -0.01841346 -0.0150869675 -0.03320078 -0.033441946 -0.018762805
0.4165 -0.01512185 -0.03445117 -0.0347278 -0.01921587 -0.015783332 -0.033574626 -0.03381527 -0.019561809
0.417 -0.01579737 -0.03480404 -0.03507864 -0.02000039 -0.016471349 -0.033944074 -0.034183864 -0.020342432
0.4175 -0.01646525 -0.03515333 -0.03542606 -0.02076759 -0.01715108 -0.03430917 -0.034547757 -0.021105304
0.418 -0.01712553 -0.03549907 -0.03577007 -0.02151802 -0.017822534 -0.034669947 -0.034906987 -0.021850985
0.4185 -0.0177782 -0.03584126 -0.03611068 -0.02225219 -0.018485758 -0.03502642 -0.03526159 -0.022580039
0.419 -0.0184233 -0.03617994 -0.03644792 -0.02297061 -0.019140802 -0.035378665 -0.03561158 -0.023293022
0.4195 -0.01906085 -0.03651513 -0.03678179 -0.02367374 -0.019787699 -0.03572667 -0.035957042 -0.023990419
0.42 -0.01969088 -0.03684686 -0.0371123 -0.02436205 -0.0204265 -0.036070507 -0.03629798 -0.024672724
0.4205 -0.02031342 -0.03717514 -0.03743948 -0.02503596 -0.021057248 -0.036410213 -0.036634456 -0.025340404
0.421 -0.02092851 -0.03750001 -0.03776334 -0.02569591 -0.021680016 -0.036745798 -0.0369665 -0.025993913
0.4215 -0.02153617 -0.03782148 -0.0380839 -0.02634228 -0.022294842 -0.037077297 -0.037294142 -0.026633672
0.422 -0.02213645 -0.03813958 -0.03840117 -0.02697547 -0.022901796 -0.037404817 -0.03761747 -0.027260106
0.4225 -0.0227294 -0.03845434 -0.03871517 -0.02759585 -0.023500938 -0.03772834 -0.0379365 -0.027873605
0.423 -0.02331505 -0.03876578 -0.03902592 -0.02820377 -0.024092332 -0.038047925 -0.038251296 -0.028474543
0.4235 -0.02389345 -0.03907393 -0.03933344 -0.02879957 -0.02467604 -0.038363595 -0.0385619 -0.0290633
0.424 -0.02446465 -0.0393788 -0.03963774 -0.02938358 -0.025252134 -0.03867541 -0.03886834 -0.029640216
0.4245 -0.02502869 -0.03968044 -0.03993886 -0.02995613 -0.025820687 -0.038983416 -0.0391707 -0.030205626
0.425 -0.02558563 -0.03997885 -0.0402368 -0.0305175 -0.026381746 -0.039287638 -0.03946903 -0.030759849
0.4255 -0.02613552 -0.04027407 -0.04053159 -0.031068 -0.026935399 -0.039588142 -0.039763343 -0.031303205
0.426 -0.02667841 -0.04056613 -0.04082325 -0.0316079 -0.027481727 -0.039884955 -0.040053744 -0.031835996
0.4265 -0.02721436 -0.04085504 -0.0411118 -0.03213748 -0.028020792 -0.04017813 -0.040340245 -0.032358505
0.427 -0.02774343 -0.04114084 -0.04139727 -0.03265701 -0.028552655 -0.040467698 -0.040622912 -0.032870997
0.4275 -0.02826566 -0.04142354 -0.04167966 -0.03316673 -0.02907741 -0.040753696 -0.040901795 -0.03337375
0.428 -0.02878112 -0.04170318 -0.04195901 -0.03366688 -0.029595122 -0.041036185 -0.041176934 -0.033867016
0.4285 -0.02928987 -0.04197978 -0.04223534 -0.03415771 -0.030105859 -0.04131519 -0.0414484 -0.034351043
0.429 -0.02979196 -0.04225336 -0.04250867 -0.03463944 -0.030609727 -0.041590765 -0.041716218 -0.034826074
0.4295 -0.03028747 -0.04252396 -0.04277902 -0.0351123 -0.031106763 -0.041862953 -0.04198046 -0.035292327
0.43 -0.03077644 -0.04279159 -0.04304642 -0.03557648 -0.03159707 -0.042131767 -0.042241156 -0.03575003
0.4305 -0.03125894 -0.04305628 -0.04331088 -0.03603221 -0.032080717 -0.042397294 -0.042498372 -0.0361994
0.431 -0.03173504 -0.04331807 -0.04357244 -0.03647967 -0.03255777 -0.04265954 -0.04275216 -0.03664063
0.4315 -0.03220479 -0.04357696 -0.04383111 -0.03691907 -0.033028316 -0.04291856 -0.04300255 -0.03707393
0.432 -0.03266826 -0.043833 -0.04408691 -0.03735058 -0.03349243 -0.043174382 -0.043249592 -0.037499487
0.4325 -0.03312552 -0.0440862 -0.04433988 -0.03777439 -0.033950184 -0.04342705 -0.04349336 -0.037917476
0.433 -0.03357662 -0.04433659 -0.04459004 -0.03819067 -0.03440166 -0.043676615 -0.043733884 -0.038328096
0.4335 -0.03402163 -0.04458419 -0.0448374 -0.03859959 -0.03484693 -0.043923117 -0.04397121 -0.038731515
0.434 -0.03446062 -0.04482904 -0.04508199 -0.03900132 -0.035286076 -0.04416658 -0.044205382 -0.03912789
0.4345 -0.03489365 -0.04507115 -0.04532384 -0.03939602 -0.035719164 -0.044407062 -0.044436462 -0.039517384
0.435 -0.03532079 -0.04531055 -0.04556297 -0.03978383 -0.036146272 -0.044644583 -0.04466448 -0.03990016
0.4355 -0.03574209 -0.04554726 -0.0457994 -0.04016492 -0.036567472 -0.044879194 -0.044889495 -0.04027636
0.436 -0.03615763 -0.04578132 -0.04603316 -0.04053942 -0.03698285 -0.045110922 -0.045111552 -0.04064615
0.4365 -0.03656747 -0.04601274 -0.04626427 -0.04090747 -0.037392464 -0.04533981 -0.045330673 -0.04100965
0.437 -0.03697167 -0.04624156 -0.04649275 -0.04126923 -0.0377964 -0.045565892 -0.045546923 -0.041367017
0.4375 -0.0373703 -0.04646778 -0.04671864 -0.0416248 -0.038194723 -0.045789216 -0.045760326 -0.04171836
0.438 -0.03776342 -0.04669145 -0.04694194 -0.04197434 -0.038587503 -0.046009786 -0.045970954 -0.04206383
0.4385 -0.0381511 -0.04691258 -0.0471627 -0.04231796 -0.038974825 -0.04622767 -0.046178825 -0.042403545
0.439 -0.0385334 -0.0471312 -0.04738092 -0.04265579 -0.039356746 -0.046442896 -0.04638399 -0.04273762
0.4395 -0.03891038 -0.04734733 -0.04759663 -0.04298794 -0.03973335 -0.04665548 -0.046586476 -0.043066185
0.44 -0.03928212 -0.047561 -0.04780987 -0.04331453 -0.04010469 -0.046865486 -0.04678635 -0.043389343
0.4405 -0.03964866 -0.04777223 -0.04802064 -0.04363567 -0.04047085 -0.047072932 -0.04698363 -0.04370721
0.441 -0.04001008 -0.04798105 -0.04822898 -0.04395148 -0.040831897 -0.047277857 -0.047178365 -0.0440199
0.4415 -0.04036644 -0.04818747 -0.04843491 -0.04426206 -0.04118789 -0.04748028 -0.047370583 -0.04432751
0.442 -0.0407178 -0.04839152 -0.04863844 -0.04456752 -0.04153891 -0.047680244 -0.04756032 -0.044630144
0.4425 -0.04106422 -0.04859323 -0.04883962 -0.04486795 -0.041885003 -0.047877777 -0.04774762 -0.044927903
0.443 -0.04140577 -0.04879262 -0.04903845 -0.04516346 -0.042226255 -0.04807291 -0.047932528 -0.045220874
0.4435 -0.0417425 -0.04898972 -0.04923496 -0.04545414 -0.042562727 -0.048265703 -0.04811508 -0.045509167
0.444 -0.04207447 -0.04918453 -0.04942917 -0.04574009 -0.042894483 -0.048456144 -0.048295297 -0.045792855
0.4445 -0.04240176 -0.0493771 -0.04962112 -0.04602139 -0.043221585 -0.048644263 -0.04847322 -0.046072043
0.445 -0.0427244 -0.04956744 -0.04981081 -0.04629814 -0.04354409 -0.048830137 -0.048648886 -0.04634681
0.4455 -0.04304248 -0.04975557 -0.04999827 -0.04657042 -0.043862082 -0.049013752 -0.04882233 -0.04661724
0.446 -0.04335604 -0.04994151 -0.05018353 -0.04683833 -0.044175595 -0.04919516 -0.04899359 -0.046883415
0.4465 -0.04366514 -0.0501253 -0.05036661 -0.04710193 -0.044484716 -0.049374387 -0.049162693 -0.04714542
0.447 -0.04396985 -0.05030695 -0.05054753 -0.04736132 -0.04478949 -0.049551453 -0.049329672 -0.04740332
0.4475 -0.04427022 -0.05048648 -0.05072631 -0.04761657 -0.045089975 -0.049726393 -0.049494542 -0.047657203
0.448 -0.0445663 -0.05066391 -0.05090298 -0.04786776 -0.045386247 -0.049899228 -0.049657363 -0.047907144
0.4485 -0.04485816 -0.05083927 -0.05107755 -0.04811496 -0.045678355 -0.050070003 -0.04981816 -0.04815321
0.449 -0.04514584 -0.05101259 -0.05125005 -0.04835826 -0.04596636 -0.050238725 -0.049976937 -0.048395477
0.4495 -0.04542941 -0.05118387 -0.05142051 -0.04859771 -0.046250314 -0.05040543 -0.050133757 -0.048634008
0.45 -0.04570893 -0.05135314 -0.05158893 -0.04883339 -0.046530277 -0.05057015 -0.05028864 -0.04886887
0.4505 -0.04598443 -0.05152042 -0.05175535 -0.04906538 -0.046806302 -0.050732892 -0.0504416 -0.049100123
0.451 -0.04625599 -0.05168574 -0.05191978 -0.04929373 -0.047078434 -0.05089367 -0.05059267 -0.04932784
0.4515 -0.04652365 -0.05184912 -0.05208224 -0.04951851 -0.047346756 -0.05105256 -0.05074188 -0.049552083
0.452 -0.04678746 -0.05201056 -0.05224277 -0.04973979 -0.0476113 -0.05120955 -0.05088927 -0.049772914
0.4525 -0.04704748 -0.05217011 -0.05240137 -0.04995762 -0.047872126 -0.05136468 -0.051034853 -0.04999039
0.453 -0.04730377 -0.05232777 -0.05255807 -0.05017208 -0.048129287 -0.05151796 -0.051178657 -0.050204568
0.4535 -0.04755636 -0.05248356 -0.05271289 -0.05038322 -0.048382834 -0.05166942 -0.05132071 -0.05041551
0.454 -0.04780531 -0.05263752 -0.05286585 -0.05059109 -0.048632808 -0.05181909 -0.051461037 -0.05062326
0.4545 -0.04805068 -0.05278964 -0.05301697 -0.05079576 -0.048879277 -0.051966984 -0.051599663 -0.050827883
0.455 -0.04829251 -0.05293997 -0.05316627 -0.05099729 -0.04912228 -0.05211313 -0.051736612 -0.05102944
0.4555 -0.04853085 -0.05308851 -0.05331377 -0.05119572 -0.049361877 -0.052257553 -0.05187191 -0.051227972
0.456 -0.04876575 -0.05323528 -0.05345949 -0.05139112 -0.049598098 -0.052400257 -0.052005578 -0.051423524
0.4565 -0.04899726 -0.05338031 -0.05360345 -0.05158352 -0.04983101 -0.05254129 -0.05213764 -0.05161616
0.457 -0.04922542 -0.05352361 -0.05374566 -0.051773 -0.050060645 -0.05268065 -0.052268114 -0.051805917
0.4575 -0.04945028 -0.05366521 -0.05388616 -0.05195959 -0.05028706 -0.052818373 -0.05239704 -0.051992852
0.458 -0.04967189 -0.05380511 -0.05402495 -0.05214335 -0.050510295 -0.05295447 -0.05252441 -0.052177005
0.4585 -0.0498903 -0.05394335 -0.05416206 -0.05232432 -0.0507304 -0.053088967 -0.052650273 -0.05235843
0.459 -0.05010554 -0.05407993 -0.0542975 -0.05250255 -0.05094742 -0.053221893 -0.052774645 -0.052537166
0.4595 -0.05031767 -0.05421488 -0.0544313 -0.05267809 -0.051161394 -0.05335326 -0.052897546 -0.052713264
0.46 -0.05052672 -0.05434821 -0.05456347 -0.05285099 -0.051372368 -0.05348309 -0.053019 -0.052886754
0.4605 -0.05073275 -0.05447995 -0.05469403 -0.05302128 -0.05158039 -0.0536114 -0.05313901 -0.05305769
0.461 -0.05093579 -0.05461011 -0.054823 -0.05318902 -0.051785495 -0.053738214 -0.053257614 -0.05322611
0.4615 -0.05113589 -0.0547387 -0.0549504 -0.05335424 -0.051987726 -0.05386354 -0.05337482 -0.053392053
0.462 -0.05133309 -0.05486575 -0.05507624 -0.05351699 -0.05218713 -0.053987406 -0.05349066 -0.053555563
0.4625 -0.05152742 -0.05499127 -0.05520054 -0.0536773 -0.05238374 -0.054109827 -0.05360513 -0.05371668
0.463 -0.05171894 -0.05511528 -0.05532333 -0.05383523 -0.0525776 -0.054230817 -0.053718276 -0.05387543
0.4635 -0.05190768 -0.05523779 -0.05544461 -0.05399081 -0.052768752 -0.0543504 -0.0538301 -0.054031864
0.464 -0.05209369 -0.05535883 -0.05556441 -0.05414407 -0.052957233 -0.054468594 -0.053940628 -0.054186016
0.4645 -0.05227699 -0.05547841 -0.05568273 -0.05429506 -0.053143084 -0.054585412 -0.054049876 -0.054337926
0.465 -0.05245764 -0.05559655 -0.05579961 -0.05444381 -0.053326335 -0.054700878 -0.054157853 -0.05448762
0.4655 -0.05263566 -0.05571326 -0.05591505 -0.05459036 -0.05350703 -0.05481501 -0.054264598 -0.054635137
0.466 -0.0528111 -0.05582856 -0.05602908 -0.05473474 -0.053685203 -0.05492782 -0.054370105 -0.054780517
0.4665 -0.05298399 -0.05594246 -0.0561417 -0.054877 -0.053860888 -0.05503931 -0.0544744 -0.05492378
0.467 -0.05315437 -0.05605499 -0.05625294 -0.05501716 -0.05403413 -0.055149525 -0.054577492 -0.05506498
0.4675 -0.05332228 -0.05616615 -0.0563628 -0.05515526 -0.05420496 -0.05525846 -0.05467941 -0.055204127
0.468 -0.05348775 -0.05627596 -0.05647132 -0.05529134 -0.05437341 -0.055366136 -0.054780155 -0.05534127
0.4685 -0.05365082 -0.05638444 -0.0565785 -0.05542541 -0.054539517 -0.055472568 -0.054879747 -0.055476427
0.469 -0.05381152 -0.05649161 -0.05668435 -0.05555753 -0.054703314 -0.055577777 -0.054978214 -0.05560964
0.4695 -0.05396989 -0.05659747 -0.0567889 -0.05568772 -0.054864835 -0.055681773 -0.05507556 -0.055740938
0.47 -0.05412596 -0.05670204 -0.05689216 -0.055816 -0.055024114 -0.05578457 -0.0551718 -0.055870343
0.4705 -0.05427977 -0.05680535 -0.05699414 -0.05594242 -0.055181175 -0.05588619 -0.055266947 -0.055997893
0.471 -0.05443134 -0.05690739 -0.05709486 -0.05606699 -0.055336062 -0.055986635 -0.055361018 -0.056123607
0.4715 -0.05458071 -0.05700819 -0.05719434 -0.05618975 -0.0554888 -0.05608592 -0.055454023 -0.056247517
0.472 -0.05472792 -0.05710777 -0.05729258 -0.05631074 -0.055639416 -0.056184072 -0.055545975 -0.056369655
0.4725 -0.05487299 -0.05720613 -0.05738961 -0.05642996 -0.055787954 -0.056281097 -0.0556369 -0.05649004
0.473 -0.05501596 -0.05730329 -0.05748543 -0.05654747 -0.05593443 -0.05637701 -0.055726804 -0.056608707
0.4735 -0.05515685 -0.05739926 -0.05758007 -0.05666327 -0.05607888 -0.056471832 -0.055815697 -0.05672568
0.474 -0.0552957 -0.05749406 -0.05767353 -0.0567774 -0.056221336 -0.056565564 -0.0559036 -0.056840982
0.4745 -0.05543253 -0.0575877 -0.05776583 -0.05688988 -0.056361824 -0.05665823 -0.055990513 -0.05695464
0.475 -0.05556739 -0.0576802 -0.05785699 -0.05700075 -0.05650037 -0.05674983 -0.056076456 -0.057066683
0.4755 -0.05570028 -0.05777157 -0.05794701 -0.05711001 -0.056637008 -0.056840375 -0.05616144 -0.05717713
0.476 -0.05583125 -0.05786181 -0.05803591 -0.05721771 -0.05677175 -0.056929894 -0.056245472 -0.057285998
0.4765 -0.05596033 -0.05795095 -0.05812371 -0.05732386 -0.056904644 -0.057018388 -0.05632858 -0.057393327
0.477 -0.05608753 -0.058039 -0.05821042 -0.0574285 -0.05703571 -0.057105877 -0.056410763 -0.05749913
0.4775 -0.05621289 -0.05812597 -0.05829604 -0.05753163 -0.05716497 -0.057192374 -0.056492038 -0.057603434
0.478 -0.05633644 -0.05821187 -0.0583806 -0.05763328 -0.05729245 -0.057277877 -0.056572407 -0.05770626
0.4785 -0.0564582 -0.05829671 -0.05846411 -0.05773349 -0.057418182 -0.05736242 -0.056651894 -0.05780763
0.479 -0.05657819 -0.05838052 -0.05854658 -0.05783226 -0.05754219 -0.05744599 -0.056730498 -0.057907566
0.4795 -0.05669645 -0.05846329 -0.05862801 -0.05792963 -0.05766449 -0.057528615 -0.05680824 -0.05800609
0.48 -0.056813 -0.05854505 -0.05870843 -0.05802561 -0.057785124 -0.057610303 -0.056885134 -0.058103226
0.4805 -0.05692786 -0.0586258 -0.05878785 -0.05812022 -0.0579041 -0.057691067 -0.05696118 -0.05819899
0.481 -0.05704106 -0.05870556 -0.05886628 -0.0582135 -0.05802145 -0.05777092 -0.05703639 -0.058293406
0.4815 -0.05715263 -0.05878433 -0.05894372 -0.05830544 -0.058137186 -0.057849854 -0.05711077 -0.058386486
0.482 -0.05726258 -0.05886214 -0.0590202 -0.05839609 -0.058251344 -0.057927907 -0.057184342 -0.058478262
0.4825 -0.05737095 -0.05893898 -0.05909572 -0.05848544 -0.058363944 -0.058005065 -0.0572571 -0.058568746
0.483 -0.05747775 -0.05901488 -0.0591703 -0.05857354 -0.05847501 -0.05808136 -0.057329077 -0.05865796
0.4835 -0.05758301 -0.05908984 -0.05924394 -0.05866039 -0.058584556 -0.058156777 -0.057400264 -0.058745917
0.484 -0.05768675 -0.05916388 -0.05931666 -0.05874601 -0.058692615 -0.058231346 -0.057470668 -0.058832638
0.4845 -0.057789 -0.059237 -0.05938848 -0.05883043 -0.0587992 -0.058305077 -0.05754031 -0.05891815
0.485 -0.05788977 -0.05930922 -0.05945939 -0.05891366 -0.058904335 -0.058377966 -0.057609193 -0.05900246
0.4855 -0.05798908 -0.05938055 -0.05952941 -0.05899571 -0.05900804 -0.058450043 -0.05767733 -0.059085585
0.486 -0.05808697 -0.059451 -0.05959856 -0.05907661 -0.059110332 -0.0585213 -0.057744727 -0.059167553
0.4865 -0.05818345 -0.05952057 -0.05966684 -0.05915637 -0.059211243 -0.058591757 -0.057811398 -0.059248373
0.487 -0.05827853 -0.05958929 -0.05973426 -0.05923502 -0.059310786 -0.058661416 -0.057877347 -0.059328064
0.4875 -0.05837225 -0.05965715 -0.05980084 -0.05931256 -0.059408974 -0.058730297 -0.057942577 -0.059406646
0.488 -0.05846462 -0.05972417 -0.05986658 -0.05938901 -0.059505835 -0.05879839 -0.058007102 -0.059484128
0.4885 -0.05855566 -0.05979037 -0.0599315 -0.0594644 -0.05960139 -0.058865733 -0.058070943 -0.05956053
0.489 -0.05864539 -0.05985574 -0.0599956 -0.05953873 -0.05969565 -0.058932304 -0.058134086 -0.05963587
0.4895 -0.05873384 -0.0599203 -0.0600589 -0.05961202 -0.059788637 -0.058998127 -0.05819655 -0.05971016
0.49 -0.05882101 -0.05998407 -0.0601214 -0.05968429 -0.059880376 -0.059063215 -0.058258343 -0.059783414
0.4905 -0.05890693 -0.06004704 -0.06018311 -0.05975555 -0.059970867 -0.059127577 -0.05831947 -0.05985565
0.491 -0.05899161 -0.06010923 -0.06024405 -0.05982581 -0.06006015 -0.059191205 -0.05837995 -0.059926886
0.4915 -0.05907508 -0.06017065 -0.06030423 -0.0598951 -0.06014823 -0.05925412 -0.05843977 -0.059997138
0.492 -0.05915736 -0.0602313 -0.06036364 -0.05996343 -0.06023512 -0.05931633 -0.05849895 -0.060066406
0.4925 -0.05923845 -0.06029121 -0.06042231 -0.0600308 -0.060320847 -0.05937784 -0.058557503 -0.060134716
0.493 -0.05931838 -0.06035036 -0.06048024 -0.06009724 -0.060405426 -0.059438664 -0.058615424 -0.060202084
0.4935 -0.05939717 -0.06040879 -0.06053744 -0.06016275 -0.060488865 -0.059498806 -0.058672722 -0.060268514
0.494 -0.05947483 -0.06046648 -0.06059393 -0.06022736 -0.060571194 -0.05955828 -0.058729418 -0.060334034
0.4945 -0.05955138 -0.06052346 -0.0606497 -0.06029108 -0.06065242 -0.059617076 -0.0587855 -0.06039864
0.495 -0.05962683 -0.06057973 -0.06070476 -0.06035391 -0.06073256 -0.059675224 -0.05884099 -0.06046236
0.4955 -0.0597012 -0.0606353 -0.06075914 -0.06041587 -0.060811628 -0.059732713 -0.058895882 -0.060525194
0.496 -0.05977451 -0.06069018 -0.06081283 -0.06047697 -0.060889643 -0.05978956 -0.058950197 -0.060587164
0.4965 -0.05984678 -0.06074438 -0.06086584 -0.06053723 -0.060966615 -0.059845775 -0.059003927 -0.06064828
0.497 -0.05991801 -0.0607979 -0.06091818 -0.06059666 -0.061042566 -0.059901364 -0.059057094 -0.060708556
0.4975 -0.05998822 -0.06085075 -0.06096986 -0.06065527 -0.061117508 -0.059956327 -0.05910969 -0.060768
0.498 -0.06005743 -0.06090294 -0.0610209 -0.06071308 -0.061191447 -0.06001068 -0.05916173 -0.060826626
0.4985 -0.06012566 -0.06095449 -0.06107128 -0.06077008 -0.061264407 -0.06006442 -0.05921322 -0.06088445
0.499 -0.06019291 -0.06100539 -0.06112104 -0.0608263 -0.0613364 -0.060117558 -0.05926416 -0.060941473
0.4995 -0.06025921 -0.06105565 -0.06117016 -0.06088175 -0.06140744 -0.060170103 -0.05931456 -0.060997717
0.5 -0.06032456 -0.06110529 -0.06121866 -0.06093644 -0.061477542 -0.060222067 -0.059364427 -0.061053187
