0.0 -0.065 -0.065 -0.065 -0.065 0.048539914 0.26676133 0.07580812 0.052652907
0.0005 -0.065 -0.065 -0.065 -0.065 -0.01343796 0.24272504 0.10917138 -0.025938574
0.001 -0.065 -0.065 -0.065 -0.065 -0.0021221382 0.2270442 0.12499676 -0.03508004
0.0015 -0.065 -0.065 -0.065 -0.065 -0.03207846 0.20263904 0.08950679 -0.02328391
0.002 -0.065 -0.065 -0.065 -0.065 -0.013005888 0.1740228 0.06288157 0.011212563
0.0025 -0.065 -0.065 -0.065 -0.065 -0.03500827 0.14925326 0.04676487 -0.018168628
0.003 -0.065 -0.065 -0.065 -0.065 -0.021909941 0.10295716 0.045799267 -0.013793256
0.0035 -0.065 -0.065 -0.065 -0.065 -0.04330203 0.09783856 0.040937696 -0.03848898
0.004 -0.065 -0.065 -0.065 -0.065 -0.027053066 0.08032423 0.03223965 -0.028996978
0.0045 -0.065 -0.065 -0.065 -0.065 -0.04396331 0.06309499 0.028844573 -0.034956668
0.005 -0.065 -0.065 -0.065 -0.065 -0.033544913 0.041120134 0.018091261 -0.03379224
0.0055 -0.065 -0.065 -0.065 -0.065 -0.045975894 0.017888427 0.015435617 -0.03759784
0.006 -0.065 -0.065 -0.065 -0.065 -0.04228637 -0.0010112599 0.00045679882 -0.04250865
0.0065 -0.065 -0.065 -0.065 -0.065 -0.047355175 -0.015582584 -0.00217136 -0.04672051
0.006999999999999999 -0.065 -0.065 -0.065 -0.065 -0.045633893 -0.0307656 -0.012146577 -0.046124946
0.0075 -0.065 -0.065 -0.065 -0.065 -0.04856288 -0.04095479 -0.014762644 -0.047846463
0.008 -0.065 -0.065 -0.065 -0.065 -0.048333123 -0.053106464 -0.021859132 -0.047751848
0.0085 -0.065 -0.065 -0.065 -0.065 -0.050272644 -0.062071986 -0.026089162 -0.050531115
0.009000000000000001 -0.065 -0.065 -0.065 -0.065 -0.049705014 -0.06887033 -0.030111149 -0.05107327
0.0095 -0.065 -0.065 -0.065 -0.065 -0.05083487 -0.07431803 -0.032903537 -0.051459085
0.01 -0.065 -0.065 -0.065 -0.065 -0.050634246 -0.078294195 -0.035594016 -0.051505465
0.0105 -0.065 -0.065 -0.065 -0.065 -0.051235918 -0.0819822 -0.03765638 -0.051864546
0.011000000000000001 -0.065 -0.065 -0.065 -0.065 -0.051267706 -0.08484072 -0.03955649 -0.052152004
0.0115 -0.065 -0.065 -0.065 -0.065 -0.051508132 -0.086754374 -0.040759407 -0.052493494
0.012 -0.065 -0.065 -0.065 -0.065 -0.0515463 -0.08837909 -0.041853867 -0.052409362
0.0125 -0.065 -0.065 -0.065 -0.065 -0.051703364 -0.08947346 -0.042653203 -0.05255225
0.013000000000000001 -0.065 -0.065 -0.065 -0.065 -0.05170577 -0.09043742 -0.043307714 -0.052555207
0.0135 -0.065 -0.065 -0.065 -0.065 -0.05182341 -0.09116802 -0.043808185 -0.052648317
0.013999999999999999 -0.065 -0.065 -0.065 -0.065 -0.051813867 -0.09166583 -0.044182077 -0.052691925
0.0145 -0.065 -0.065 -0.065 -0.065 -0.051875573 -0.092073165 -0.0444538 -0.052698698
0.015 -0.065 -0.065 -0.065 -0.065 -0.05188172 -0.09236214 -0.044688582 -0.05271742
0.0155 -0.065 -0.065 -0.065 -0.065 -0.05190561 -0.092587866 -0.04483913 -0.052732278
0.016 -0.065 -0.065 -0.065 -0.065 -0.051917728 -0.09277161 -0.044976838 -0.052739758
0.0165 -0.065 -0.065 -0.065 -0.065 -0.05192849 -0.09289128 -0.045064047 -0.052756835
0.017 -0.065 -0.065 -0.065 -0.065 -0.051934253 -0.09299194 -0.045136966 -0.05275539
0.0175 -0.065 -0.065 -0.065 -0.065 -0.05194251 -0.09306348 -0.045191325 -0.052762385
0.018000000000000002 -0.065 -0.065 -0.065 -0.065 -0.05194383 -0.09311686 -0.04523059 -0.052764747
0.0185 -0.065 -0.065 -0.065 -0.065 -0.05194956 -0.09316117 -0.045262016 -0.052766886
0.019 -0.065 -0.065 -0.065 -0.065 -0.05195054 -0.09319054 -0.04528492 -0.052770082
0.0195 -0.065 -0.065 -0.065 -0.065 -0.051952966 -0.0932144 -0.04530157 -0.052770834
0.02 -0.065 -0.065 -0.065 -0.065 -0.051954195 -0.09323224 -0.045315325 -0.052771676
0.0205 -0.065 -0.065 -0.065 -0.065 -0.05195511 -0.09324468 -0.04532457 -0.052772943
0.021 -0.065 -0.065 -0.065 -0.065 -0.051955976 -0.09325547 -0.04533211 -0.052772995
0.0215 -0.065 -0.065 -0.065 -0.065 -0.051956687 -0.093262635 -0.04533764 -0.05277394
0.022000000000000002 -0.065 -0.065 -0.065 -0.065 -0.051956918 -0.09326819 -0.0453417 -0.05277404
0.0225 -0.065 -0.065 -0.065 -0.065 -0.051957447 -0.093272604 -0.045344964 -0.052774277
0.023 -0.065 -0.065 -0.065 -0.065 -0.05195753 -0.093275584 -0.045347266 -0.052774575
0.0235 -0.065 -0.065 -0.065 -0.065 -0.0519578 -0.09327813 -0.045349054 -0.05277461
0.024 -0.065 -0.065 -0.065 -0.065 -0.05195791 -0.093279906 -0.045350358 -0.05277479
0.0245 -0.065 -0.065 -0.065 -0.065 -0.05195796 -0.09328116 -0.045351326 -0.052774873
0.025 -0.065 -0.065 -0.065 -0.065 -0.05195815 -0.09328232 -0.04535216 -0.052774858
0.0255 -0.065 -0.065 -0.065 -0.065 -0.051958144 -0.09328296 -0.0453528 -0.052774977
0.026000000000000002 -0.065 -0.065 -0.065 -0.065 -0.051958162 -0.09328351 -0.04535313 -0.05277494
0.0265 -0.065 -0.065 -0.065 -0.065 -0.05195831 -0.09328409 -0.045353465 -0.05277502
0.027000000000000003 -0.065 -0.065 -0.065 -0.065 -0.05195821 -0.093284376 -0.04535369 -0.052775074
0.0275 -0.065 -0.065 -0.065 -0.065 -0.051958267 -0.093284674 -0.045353845 -0.05277497
0.027999999999999997 -0.065 -0.065 -0.065 -0.065 -0.051958304 -0.093284704 -0.04535415 -0.052775037
0.0285 -0.065 -0.065 -0.065 -0.065 -0.0519583 -0.09328491 -0.045354053 -0.05277506
0.028999999999999998 -0.065 -0.065 -0.065 -0.065 -0.051958278 -0.09328506 -0.045354143 -0.05277505
0.0295 -0.065 -0.065 -0.065 -0.065 -0.05195834 -0.09328505 -0.045354225 -0.052775104
0.03 -0.065 -0.065 -0.065 -0.065 -0.051958293 -0.09328527 -0.045354202 -0.05277506
0.0305 -0.065 -0.065 -0.065 -0.065 -0.051958345 -0.093285255 -0.04535435 -0.052775096
0.031 -0.065 -0.065 -0.065 -0.065 -0.05195829 -0.09328521 -0.045354366 -0.052775044
0.0315 -0.065 -0.065 -0.065 -0.065 -0.051958326 -0.093285225 -0.04535442 -0.05277508
0.032 -0.065 -0.065 -0.065 -0.065 -0.05195831 -0.0932853 -0.04535442 -0.052775074
0.0325 -0.065 -0.065 -0.065 -0.065 -0.05195835 -0.09328527 -0.045354374 -0.05277512
0.033 -0.065 -0.065 -0.065 -0.065 -0.05195833 -0.093285374 -0.04535441 -0.052775074
0.0335 -0.065 -0.065 -0.065 -0.065 -0.05195836 -0.093285255 -0.045354493 -0.05277511
0.034 -0.065 -0.065 -0.065 -0.065 -0.051958274 -0.093285345 -0.04535438 -0.052775066
0.0345 -0.065 -0.065 -0.065 -0.065 -0.05195839 -0.09328539 -0.04535441 -0.05277515
0.035 -0.065 -0.065 -0.065 -0.065 -0.0519583 -0.093285404 -0.045354433 -0.05277499
0.0355 -0.065 -0.065 -0.065 -0.065 -0.051958323 -0.093285345 -0.045354523 -0.05277508
0.036000000000000004 -0.065 -0.065 -0.065 -0.065 -0.051958334 -0.093285345 -0.04535444 -0.052775074
0.0365 -0.065 -0.065 -0.065 -0.065 -0.051958337 -0.093285345 -0.045354486 -0.05277509
0.037000000000000005 -0.065 -0.065 -0.065 -0.065 -0.05195834 -0.09328536 -0.04535438 -0.052775096
0.0375 -0.065 -0.065 -0.065 -0.065 -0.051958308 -0.093285374 -0.045354493 -0.052775044
0.038 -0.065 -0.065 -0.065 -0.065 -0.051958334 -0.0932853 -0.045354486 -0.05277506
0.0385 -0.065 -0.065 -0.065 -0.065 -0.051958326 -0.09328536 -0.0453545 -0.052775133
0.039 -0.065 -0.065 -0.065 -0.065 -0.051958323 -0.093285374 -0.045354478 -0.052775066
0.0395 -0.065 -0.065 -0.065 -0.065 -0.051958326 -0.093285345 -0.045354463 -0.05277505
0.04 -0.065 -0.065 -0.065 -0.065 -0.051958315 -0.0932853 -0.045354456 -0.05277511
0.0405 -0.065 -0.065 -0.065 -0.065 -0.051958345 -0.09328536 -0.045354463 -0.05277512
0.040999999999999995 -0.065 -0.065 -0.065 -0.065 -0.0519583 -0.093285374 -0.04535447 -0.05277506
0.0415 -0.065 -0.065 -0.065 -0.065 -0.051958334 -0.093285345 -0.045354366 -0.05277506
0.042 -0.065 -0.065 -0.065 -0.065 -0.05195836 -0.09328536 -0.04535445 -0.05277509
0.0425 -0.065 -0.065 -0.065 -0.065 -0.051958323 -0.093285374 -0.045354538 -0.052775074
0.043 -0.065 -0.065 -0.065 -0.065 -0.051958304 -0.0932853 -0.0453545 -0.05277509
0.0435 -0.065 -0.065 -0.065 -0.065 -0.051958293 -0.093285434 -0.04535441 -0.05277508
0.044000000000000004 -0.065 -0.065 -0.065 -0.065 -0.051958375 -0.093285345 -0.04535441 -0.052775104
0.0445 -0.065 -0.065 -0.065 -0.065 -0.051958315 -0.09328542 -0.045354515 -0.05277505
0.045 -0.065 -0.065 -0.065 -0.065 -0.051958326 -0.093285285 -0.04535438 -0.05277509
0.0455 -0.065 -0.065 -0.065 -0.065 -0.051958323 -0.093285404 -0.045354426 -0.05277506
0.046 -0.065 -0.065 -0.065 -0.065 -0.051958334 -0.09328533 -0.045354426 -0.05277508
0.0465 -0.065 -0.065 -0.065 -0.065 -0.05195834 -0.09328521 -0.045354433 -0.052775066
0.047 -0.065 -0.065 -0.065 -0.065 -0.051958364 -0.09328539 -0.045354486 -0.05277511
0.0475 -0.065 -0.065 -0.065 -0.065 -0.051958323 -0.0932853 -0.04535438 -0.052775066
0.048 -0.065 -0.065 -0.065 -0.065 -0.051958375 -0.09328536 -0.04535453 -0.05277506
0.0485 -0.065 -0.065 -0.065 -0.065 -0.051958296 -0.093285345 -0.04535439 -0.05277506
0.049 -0.065 -0.065 -0.065 -0.065 -0.05195839 -0.09328533 -0.045354396 -0.052775104
0.0495 -0.065 -0.065 -0.065 -0.065 -0.051958352 -0.09328545 -0.04535444 -0.05277506
0.05 -0.065 -0.065 -0.065 -0.065 -0.051958293 -0.09328533 -0.045354478 -0.052775096
0.0505 -0.065 -0.065 -0.065 -0.065 -0.051958308 -0.093285315 -0.0453545 -0.052775066
0.051 -0.065 -0.065 -0.065 -0.065 -0.05195835 -0.09328533 -0.045354456 -0.05277506
0.0515 -0.065 -0.065 -0.065 -0.065 -0.051958308 -0.09328524 -0.04535445 -0.05277509
0.052000000000000005 -0.065 -0.065 -0.065 -0.065 -0.051958352 -0.09328536 -0.045354456 -0.05277508
0.0525 -0.065 -0.065 -0.065 -0.065 -0.051958334 -0.09328539 -0.045354344 -0.05277506
0.053 -0.065 -0.065 -0.065 -0.065 -0.051958375 -0.09328533 -0.04535435 -0.05277506
0.0535 -0.065 -0.065 -0.065 -0.065 -0.051958326 -0.09328542 -0.045354567 -0.05277502
0.054000000000000006 -0.065 -0.065 -0.065 -0.065 -0.05195831 -0.09328524 -0.045354433 -0.052775126
0.0545 -0.065 -0.065 -0.065 -0.065 -0.05195834 -0.09328539 -0.0453545 -0.05277511
0.055 -0.065 -0.065 -0.065 -0.065 -0.051958337 -0.09328539 -0.045354374 -0.05277509
0.0555 -0.065 -0.065 -0.065 -0.065 -0.05195832 -0.093285374 -0.04535447 -0.05277505
0.055999999999999994 -0.065 -0.065 -0.065 -0.065 -0.051958326 -0.093285374 -0.04535436 -0.052775037
0.0565 -0.065 -0.065 -0.065 -0.065 -0.05195834 -0.093285374 -0.045354456 -0.05277509
0.057 -0.065 -0.065 -0.065 -0.065 -0.051958304 -0.093285374 -0.045354515 -0.05277509
0.0575 -0.065 -0.065 -0.065 -0.065 -0.05195833 -0.093285315 -0.045354493 -0.05277505
0.057999999999999996 -0.065 -0.065 -0.065 -0.065 -0.05195834 -0.09328533 -0.04535436 -0.05277511
0.0585 -0.065 -0.065 -0.065 -0.065 -0.051958345 -0.09328545 -0.04535445 -0.05277503
0.059000000000000004 -0.065 -0.065 -0.065 -0.065 -0.05195832 -0.093285315 -0.0453545 -0.05277505
0.0595 -0.065 -0.065 -0.065 -0.065 -0.05195833 -0.093285315 -0.045354463 -0.052775066
0.06 -0.065 -0.065 -0.065 -0.065 -0.05195836 -0.093285374 -0.045354396 -0.05277511
0.0605 -0.065 -0.065 -0.065 -0.065 -0.05195833 -0.09328539 -0.04535447 -0.052775066
0.061 -0.065 -0.065 -0.065 -0.065 -0.05195834 -0.093285345 -0.04535442 -0.052775074
0.0615 -0.065 -0.065 -0.065 -0.065 -0.051958345 -0.093285315 -0.04535447 -0.05277511
0.062 -0.065 -0.065 -0.065 -0.065 -0.051958345 -0.093285345 -0.04535445 -0.052775096
0.0625 -0.065 -0.065 -0.065 -0.065 -0.05195831 -0.093285404 -0.045354508 -0.05277508
0.063 -0.065 -0.065 -0.065 -0.065 -0.051958382 -0.093285315 -0.045354337 -0.05277511
0.0635 -0.065 -0.065 -0.065 -0.065 -0.05195834 -0.09328539 -0.045354545 -0.05277505
0.064 -0.065 -0.065 -0.065 -0.065 -0.051958326 -0.093285255 -0.04535442 -0.05277509
0.0645 -0.065 -0.065 -0.065 -0.065 -0.051958352 -0.093285345 -0.0453545 -0.052775074
0.065 -0.065 -0.065 -0.065 -0.065 -0.051958326 -0.093285404 -0.04535445 -0.052775096
0.0655 -0.065 -0.065 -0.065 -0.065 -0.051958352 -0.09328533 -0.04535444 -0.05277508
0.066 -0.065 -0.065 -0.065 -0.065 -0.051958308 -0.09328536 -0.045354486 -0.05277506
0.0665 -0.065 -0.065 -0.065 -0.065 -0.05195834 -0.093285345 -0.04535438 -0.052775104
0.067 -0.065 -0.065 -0.065 -0.065 -0.05195836 -0.093285434 -0.045354486 -0.052775096
0.0675 -0.065 -0.065 -0.065 -0.065 -0.051958308 -0.09328533 -0.045354463 -0.05277506
0.068 -0.065 -0.065 -0.065 -0.065 -0.05195831 -0.0932853 -0.045354493 -0.052775066
0.0685 -0.065 -0.065 -0.065 -0.065 -0.051958304 -0.09328542 -0.045354456 -0.05277509
0.069 -0.065 -0.065 -0.065 -0.065 -0.051958337 -0.09328533 -0.045354433 -0.05277508
0.0695 -0.065 -0.065 -0.065 -0.065 -0.051958334 -0.09328539 -0.045354523 -0.052775066
0.07 -0.065 -0.065 -0.065 -0.065 -0.051958323 -0.093285345 -0.045354433 -0.05277512
0.0705 -0.065 -0.065 -0.065 -0.065 -0.051958308 -0.09328536 -0.045354493 -0.05277509
0.071 -0.065 -0.065 -0.065 -0.065 -0.051958323 -0.09328542 -0.04535447 -0.05277506
0.0715 -0.065 -0.065 -0.065 -0.065 -0.051958304 -0.093285255 -0.045354456 -0.05277511
0.07200000000000001 -0.065 -0.065 -0.065 -0.065 -0.051958308 -0.093285374 -0.04535447 -0.052775074
0.0725 -0.065 -0.065 -0.065 -0.065 -0.051958334 -0.09328539 -0.04535436 -0.05277506
0.073 -0.065 -0.065 -0.065 -0.065 -0.051958382 -0.09328533 -0.04535445 -0.05277508
0.0735 -0.065 -0.065 -0.065 -0.065 -0.051958315 -0.093285345 -0.045354545 -0.05277506
0.07400000000000001 -0.065 -0.065 -0.065 -0.065 -0.051958326 -0.093285315 -0.045354396 -0.05277509
0.0745 -0.065 -0.065 -0.065 -0.065 -0.0519583 -0.093285345 -0.04535442 -0.052775066
0.075 -0.065 -0.065 -0.065 -0.065 -0.051958352 -0.093285285 -0.04535445 -0.052775096
0.0755 -0.065 -0.065 -0.065 -0.065 -0.051958315 -0.09328539 -0.045354478 -0.052775066
0.076 -0.065 -0.065 -0.065 -0.065 -0.05195832 -0.09328536 -0.045354433 -0.052775066
0.0765 -0.065 -0.065 -0.065 -0.065 -0.051958334 -0.09328539 -0.045354396 -0.05277506
0.077 -0.065 -0.065 -0.065 -0.065 -0.051958386 -0.093285345 -0.04535441 -0.05277509
0.0775 -0.065 -0.065 -0.065 -0.065 -0.051958334 -0.093285345 -0.045354553 -0.05277509
0.078 -0.065 -0.065 -0.065 -0.065 -0.05195832 -0.093285345 -0.045354433 -0.052775096
0.0785 -0.065 -0.065 -0.065 -0.065 -0.051958345 -0.093285315 -0.045354478 -0.05277509
0.079 -0.065 -0.065 -0.065 -0.065 -0.05195833 -0.093285374 -0.04535441 -0.052775037
0.0795 -0.065 -0.065 -0.065 -0.065 -0.051958364 -0.093285345 -0.045354515 -0.052775096
0.08 -0.065 -0.065 -0.065 -0.065 -0.05195832 -0.093285345 -0.045354433 -0.052775104
0.0805 -0.065 -0.065 -0.065 -0.065 -0.051958326 -0.093285374 -0.045354486 -0.05277508
0.081 -0.065 -0.065 -0.065 -0.065 -0.051958352 -0.093285285 -0.04535439 -0.052775096
0.0815 -0.065 -0.065 -0.065 -0.065 -0.051958308 -0.093285434 -0.04535442 -0.05277505
0.08199999999999999 -0.065 -0.065 -0.065 -0.065 -0.051958356 -0.093285404 -0.04535441 -0.052775066
0.0825 -0.065 -0.065 -0.065 -0.065 -0.05195834 -0.09328533 -0.04535453 -0.05277506
0.083 -0.065 -0.065 -0.065 -0.065 -0.051958296 -0.09328536 -0.045354404 -0.052775074
0.0835 -0.065 -0.065 -0.065 -0.065 -0.05195838 -0.093285345 -0.045354396 -0.05277512
0.084 -0.065 -0.065 -0.065 -0.065 -0.051958334 -0.09328545 -0.04535438 -0.052775044
0.0845 -0.065 -0.065 -0.065 -0.065 -0.051958356 -0.093285285 -0.045354523 -0.052775104
0.085 -0.065 -0.065 -0.065 -0.065 -0.051958274 -0.09328536 -0.04535445 -0.05277506
0.0855 -0.065 -0.065 -0.065 -0.065 -0.051958352 -0.093285345 -0.045354404 -0.052775096
0.086 -0.065 -0.065 -0.065 -0.065 -0.05195832 -0.09328539 -0.04535442 -0.05277506
0.0865 -0.065 -0.065 -0.065 -0.065 -0.05195833 -0.09328542 -0.04535447 -0.052775066
0.087 -0.065 -0.065 -0.065 -0.065 -0.05195826 -0.093285315 -0.04535435 -0.05277508
0.0875 -0.065 -0.065 -0.065 -0.065 -0.051958397 -0.093285345 -0.04535438 -0.05277511
0.08800000000000001 -0.065 -0.065 -0.065 -0.065 -0.051958293 -0.09328536 -0.04535439 -0.052775074
0.0885 -0.065 -0.065 -0.065 -0.065 -0.05195833 -0.093285315 -0.045354463 -0.05277508
0.08900000000000001 -0.065 -0.065 -0.065 -0.065 -0.05195831 -0.093285315 -0.04535441 -0.05277511
0.0895 -0.065 -0.065 -0.065 -0.065 -0.05195838 -0.09328536 -0.045354344 -0.052775096
0.09 -0.065 -0.065 -0.065 -0.065 -0.051958308 -0.09328533 -0.045354508 -0.052775007
0.0905 -0.065 -0.065 -0.065 -0.065 -0.051958337 -0.09328524 -0.04535441 -0.052775096
0.091 -0.065 -0.065 -0.065 -0.065 -0.051958382 -0.09328539 -0.045354515 -0.052775104
0.0915 -0.065 -0.065 -0.065 -0.065 -0.051958296 -0.09328533 -0.04535447 -0.052775066
0.092 -0.065 -0.065 -0.065 -0.065 -0.051958345 -0.09328524 -0.04535445 -0.052775074
0.0925 -0.065 -0.065 -0.065 -0.065 -0.05195833 -0.093285404 -0.04535441 -0.05277509
0.09300000000000001 -0.065 -0.065 -0.065 -0.065 -0.05195834 -0.093285374 -0.045354426 -0.05277509
0.0935 -0.065 -0.065 -0.065 -0.065 -0.05195836 -0.0932853 -0.045354523 -0.05277509
0.094 -0.065 -0.065 -0.065 -0.065 -0.051958278 -0.093285345 -0.045354493 -0.05277506
0.0945 -0.065 -0.065 -0.065 -0.065 -0.05195835 -0.0932853 -0.04535435 -0.052775104
0.095 -0.065 -0.065 -0.065 -0.065 -0.051958337 -0.09328542 -0.045354463 -0.052775066
0.0955 -0.065 -0.065 -0.065 -0.065 -0.051958326 -0.093285374 -0.045354396 -0.05277508
0.096 -0.065 -0.065 -0.065 -0.065 -0.05195832 -0.09328536 -0.045354456 -0.052775074
0.0965 -0.065 -0.065 -0.065 -0.065 -0.051958278 -0.093285345 -0.04535442 -0.052775104
0.09699999999999999 -0.065 -0.065 -0.065 -0.065 -0.0519583 -0.0932853 -0.04535444 -0.05277509
0.0975 -0.065 -0.065 -0.065 -0.065 -0.051958337 -0.09328536 -0.045354508 -0.052775096
0.098 -0.065 -0.065 -0.065 -0.065 -0.051958352 -0.0932853 -0.04535444 -0.052775096
0.0985 -0.065 -0.065 -0.065 -0.065 -0.051958304 -0.09328539 -0.0453545 -0.05277509
0.099 -0.065 -0.065 -0.065 -0.065 -0.051958345 -0.093285345 -0.04535436 -0.05277509
0.0995 -0.065 -0.065 -0.065 -0.065 -0.051958356 -0.09328539 -0.0453545 -0.052775074
0.1 -0.065 -0.065 -0.065 -0.065 0.1275618 -0.17264992 0.17601332 -0.049263287
0.1005 -0.05364023 -0.06490283 -0.06393973 -0.05928345 0.05377817 -0.011031337 0.1329723 0.12864941
0.10099999999999999 -0.04157442 -0.0645434 -0.06229162 -0.05417503 0.08260566 0.04329714 0.08446804 0.14098915
0.1015 -0.03399742 -0.063925 -0.06095807 -0.05017674 0.09828019 0.032985143 0.18379176 0.09384273
0.102 -0.02910543 -0.06306143 -0.05980025 -0.04654107 0.105242655 -0.0186918 0.2320275 0.1003509
0.1025 -0.02547948 -0.06195835 -0.05866356 -0.04304102 0.07011468 -0.0023755878 0.24234319 0.10087386
0.10300000000000001 -0.0224232 -0.06061755 -0.05747113 -0.03961788 0.07855123 0.0040709525 0.20864055 0.09292941
0.1035 -0.01962909 -0.05903965 -0.05618988 -0.03625471 0.08121024 0.005357899 0.2109532 0.092959136
0.10400000000000001 -0.01696454 -0.05722519 -0.05480591 -0.03294492 0.08623577 0.009952232 0.21333727 0.10163413
0.1045 -0.0143766 -0.05517419 -0.05331385 -0.02968757 0.08088102 0.014748305 0.21984616 0.10275307
0.105 -0.01185248 -0.05288624 -0.05171254 -0.02648395 0.08191927 0.017162673 0.21956399 0.100819066
0.1055 -0.009373864 -0.05036459 -0.05000067 -0.02332968 0.07966093 0.020324282 0.2221762 0.098489955
0.106 -0.006917896 -0.04761267 -0.04817635 -0.02021722 0.081442 0.024544992 0.22207084 0.10020316
0.1065 -0.004476812 -0.04463445 -0.04625566 -0.0171455 0.08024725 0.029905878 0.22353753 0.10089092
0.107 -0.0020544870000000002 -0.04143758 -0.04426162 -0.01411872 0.0813172 0.03473051 0.22419688 0.10192092
0.1075 0.00034927199999999997 -0.03802588 -0.04214916 -0.01113175 0.080520615 0.03958258 0.22617778 0.10175147
0.10800000000000001 0.002732798 -0.03440104 -0.0399083 -0.008180156 0.08117403 0.044285133 0.2273167 0.10231653
0.1085 0.005087009 -0.03056448 -0.03754306 -0.005263348 0.080729716 0.049441323 0.2288334 0.10248196
0.109 0.007420988000000001 -0.0265204 -0.03505803 -0.00238198 0.08127264 0.05461058 0.22978988 0.10306516
0.1095 0.009741419 -0.02227287 -0.03245708 0.0004667019 0.08116865 0.05998192 0.23119867 0.103340775
0.11 0.0120475 -0.0178258 -0.02974595 0.0032844659999999998 0.08163602 0.0653225 0.23237193 0.10384442
0.1105 0.01433793 -0.01318304 -0.02692702 0.00607259 0.08167379 0.070834756 0.23379046 0.1041303
0.111 0.01661243 -0.008348472 -0.02400054 0.00883208 0.082093365 0.07638191 0.23499689 0.104538694
0.1115 0.01887011 -0.003326013 -0.02096785 0.01156379 0.08228039 0.08209134 0.23634475 0.10482705
0.11199999999999999 0.02111023 0.0018822670000000002 -0.01780116 0.01426877 0.08272942 0.08787333 0.23757505 0.10521364
0.1125 0.0233313 0.007264746 -0.01453417 0.01694871 0.083039686 0.09380923 0.23890898 0.10552369
0.113 0.025531599999999998 0.01277531 -0.01119156 0.01960411 0.08352832 0.099838175 0.24017385 0.10588153
0.1135 0.02771385 0.01838568 -0.0077654740000000005 0.02223484 0.08394477 0.106019884 0.24150589 0.10618357
0.114 0.0298791 0.02411863 -0.004247924 0.024840900000000003 0.08449636 0.11232436 0.24279219 0.10651918
0.1145 0.03202759 0.03000003 -0.0006337942 0.0274233 0.08502229 0.11879804 0.24412215 0.106824294
0.115 0.03415295 0.03604989 0.003076308 0.02997956 0.08565723 0.12542407 0.24542636 0.10715398
0.1155 0.03624133 0.04228006 0.006878648 0.03250492 0.08629731 0.13223761 0.24676442 0.107465655
0.11599999999999999 0.03831053 0.04869519 0.01078039 0.03500817 0.08703196 0.13923396 0.24809095 0.10779585
0.1165 0.04037172 0.05529472 0.01478337 0.03749339 0.08779506 0.14644498 0.24944419 0.10811868
0.11699999999999999 0.04242662 0.06207446 0.018886 0.039961699999999996 0.088647574 0.15387577 0.25079465 0.108459756
0.1175 0.04447343 0.06902794 0.0230857 0.04241351 0.08954828 0.16155678 0.25216842 0.10880369
0.11800000000000001 0.04650941 0.0761475 0.02737446 0.0448487 0.09053961 0.1695015 0.25354767 0.10916859
0.1185 0.04850918 0.0834238 0.03168912 0.04724992 0.09159616 0.17774095 0.2549513 0.109545395
0.11900000000000001 0.05044703 0.09084697 0.0360578 0.04956213 0.092749126 0.18629655 0.25636813 0.10994786
0.1195 0.05235222 0.09840875 0.04052204 0.0518548 0.09398425 0.19520316 0.25781244 0.11037192
0.12 0.05425055 0.1061032 0.04509211 0.05414498 0.0953258 0.20449032 0.25927857 0.110829026
0.1205 0.05613872 0.1139251 0.04976309 0.05642782 0.096767254 0.2141985 0.26077837 0.11131835
0.121 0.05803453 0.12186949999999999 0.05454017 0.05871226 0.098328546 0.2243658 0.2623111 0.11184999
0.1215 0.05994227 0.1299325 0.05941987 0.06099947 0.100008674 0.23504032 0.26388824 0.11242589
0.122 0.06185704 0.1381106 0.06439576 0.06328727 0.10182486 0.24627003 0.2655134 0.11305499
0.1225 0.06377222 0.14640060000000002 0.06946169 0.06557310000000001 0.10378011 0.25811133 0.2671992 0.113741234
0.12300000000000001 0.06568247 0.1547996 0.07461268 0.06785481 0.105889045 0.27062213 0.26895452 0.11449297
0.1235 0.06758414 0.1633046 0.0798449 0.0701307 0.108156584 0.28386772 0.27079558 0.115314364
0.124 0.06947489 0.17191289999999998 0.08515541 0.07239947 0.11059452 0.297914 0.27273765 0.11621216
0.1245 0.07135346 0.1806219 0.09054189 0.07466013 0.11320596 0.3128306 0.2748034 0.11718944
0.125 0.07321929 0.18942920000000002 0.09600249 0.07691199 0.115996845 0.32868508 0.2770161 0.118249014
0.1255 0.07507222 0.1983319 0.10153560000000002 0.07915454 0.11896378 0.34554094 0.27940768 0.11938846
0.126 0.07691236 0.2073272 0.10713989999999998 0.08138746 0.12210028 0.3634502 0.2820128 0.12060204
0.1265 0.07873999 0.2164125 0.1128142 0.08361063 0.12538771 0.38244668 0.28487405 0.121876314
0.127 0.08055549999999999 0.2255859 0.11855710000000001 0.08582405 0.12879792 0.40253395 0.2880374 0.12318969
0.1275 0.08235927 0.23484560000000002 0.12436769999999998 0.08802774 0.13228507 0.4236734 0.2915541 0.12450886
0.128 0.08415151 0.24418979999999996 0.1302449 0.09022156 0.13578826 0.44576928 0.29547384 0.12578854
0.1285 0.08593244 0.253617 0.13618770000000002 0.09240564 0.1392261 0.46865404 0.2998427 0.12696965
0.129 0.08770255 0.26312559999999996 0.14219489999999999 0.09458027 0.14250204 0.49207866 0.30469063 0.12798232
0.1295 0.08946236 0.2727143 0.1482654 0.09674593 0.14550759 0.51570976 0.31002453 0.12874983
0.13 0.09121223 0.2823817 0.1543986 0.09890285 0.14813466 0.53914094 0.31581506 0.12919708
0.1305 0.09295239 0.2921264 0.1605936 0.1010511 0.15028778 0.56191933 0.32198954 0.12926207
0.131 0.09468304 0.30194699999999997 0.16684939999999998 0.103191 0.1519007 0.5835891 0.32842997 0.12890765
0.1315 0.09639811 0.3118419 0.1731644 0.1053175 0.15294752 0.6037424 0.33498156 0.12813085
0.132 0.09808528 0.321809 0.1795351 0.1074259 0.15344763 0.6220671 0.34147158 0.12696546
0.1325 0.09976075 0.3318468 0.1859625 0.10952160000000001 0.15346022 0.63837993 0.34773326 0.12547748
0.133 0.10143239999999999 0.3419533 0.1924454 0.11159970000000001 0.15307146 0.6526335 0.3536297 0.1237537
0.1335 0.10310250000000001 0.3521275 0.1989848 0.11366389999999998 0.1523773 0.66490144 0.35906857 0.12188567
0.134 0.104771 0.3623685 0.20558099999999999 0.1157241 0.15146877 0.67534566 0.36400592 0.119957015
0.1345 0.10643659999999999 0.372675 0.21223320000000004 0.1177859 0.15042226 0.6841793 0.36844084 0.11803426
0.135 0.10808430000000001 0.3830455 0.2189381 0.11983339999999998 0.14929536 0.6916349 0.37240243 0.11616263
0.1355 0.1097097 0.3934783 0.22569270000000002 0.12186760000000002 0.14812857 0.6979393 0.37593868 0.11436905
0.136 0.11133030000000001 0.4039722 0.2324991 0.12390219999999999 0.14694713 0.70329994 0.37910548 0.112664595
0.1365 0.1129533 0.41452619999999996 0.239358 0.1259399 0.14576614 0.7078975 0.38195807 0.11105025
0.13699999999999998 0.11457830000000001 0.4251392 0.24626869999999998 0.1279799 0.14459334 0.7118852 0.3845486 0.10952075
0.1375 0.11620280000000001 0.43580990000000003 0.2532297 0.13002060000000001 0.14343153 0.7153888 0.38692275 0.108067244
0.138 0.1178134 0.4465365 0.2602375 0.1320446 0.14228103 0.71850985 0.38911885 0.106679946
0.1385 0.1193989 0.4573170999999999 0.2672881 0.13404860000000002 0.14114064 0.7213297 0.39116842 0.10534954
0.139 0.12097770000000001 0.46815070000000003 0.2743848 0.1360522 0.14000861 0.7239126 0.3930974 0.10406715
0.1395 0.12255930000000001 0.4790366 0.2815293 0.13805989999999999 0.13888288 0.72630835 0.39492607 0.10282545
0.14 0.1241443 0.4899739000000001 0.288721 0.14007120000000003 0.13776161 0.7285563 0.39667016 0.101618096
0.1405 0.1257301 0.5009617000000001 0.2959585 0.1420843 0.13664325 0.730686 0.39834255 0.1004404
0.141 0.12731389999999998 0.5119989 0.3032404 0.1440979 0.13552618 0.73272103 0.3999524 0.09928808
0.1415 0.128894 0.5230844 0.3105655 0.1461112 0.13440956 0.7346786 0.40150765 0.09815815
0.142 0.1304692 0.5342170999999999 0.3179328 0.14812329999999999 0.13329217 0.7365726 0.4030133 0.09704794
0.1425 0.1320387 0.5453958999999999 0.3253413 0.1501336 0.13217372 0.73841345 0.40447405 0.095955625
0.14300000000000002 0.13360229999999998 0.5566198 0.3327903 0.15213220000000002 0.1310533 0.7402093 0.40589324 0.0948796
0.1435 0.1351565 0.5678875 0.3402788 0.15387320000000002 0.1299309 0.74196595 0.40727326 0.09381883
0.14400000000000002 0.1366825 0.5791977 0.34780370000000005 0.1554906 0.12880585 0.74368864 0.40861621 0.092772126
0.1445 0.13817349999999998 0.5905469 0.35536009999999996 0.1571727 0.12767819 0.7453807 0.40992388 0.09173878
0.145 0.1396525 0.6019346 0.3629506 0.1589382 0.12654783 0.7470455 0.41119692 0.09071827
0.1455 0.1411414 0.6133611999999999 0.3705799 0.1607389 0.12541458 0.74868536 0.4124368 0.08970998
0.146 0.1426437 0.6248254 0.3782489 0.1624355 0.12427855 0.7503022 0.4136441 0.08871345
0.1465 0.14415429999999999 0.6363274999999999 0.38595619999999997 0.1641999 0.123139635 0.7518975 0.41481957 0.08772835
0.147 0.14566800000000002 0.6478673 0.39370029999999995 0.1660497 0.121997714 0.7534731 0.41596398 0.08675407
0.1475 0.1471817 0.6594445999999999 0.4014798 0.167966 0.12085292 0.7550297 0.4170777 0.08579056
0.14800000000000002 0.1486936 0.6710587 0.4092938 0.1699305 0.11970529 0.7565684 0.418161 0.08483747
0.1485 0.15020250000000002 0.682709 0.41714140000000005 0.17192910000000003 0.11855501 0.7580902 0.41921446 0.083894275
0.149 0.1517079 0.6943946 0.42502170000000006 0.1739509 0.11740186 0.7595958 0.4202386 0.08296089
0.1495 0.1532094 0.7061145999999999 0.43293409999999993 0.1759878 0.11624602 0.761086 0.4212335 0.08203702
0.15 0.1547065 0.7178680000000001 0.4408773 0.1780306 0.11512021 0.76253384 0.42227262 0.08111622
0.1505 0.15619760000000002 0.7295483 0.4487806 0.1800685 0.11796617 0.7627708 0.43007156 0.08013824
0.151 0.1576826 0.7409745 0.45655429999999997 0.18210410000000002 0.119373985 0.7622907 0.43621424 0.08328363
0.1515 0.1591622 0.7520799 0.4642125 0.1841361 0.120148174 0.7638529 0.4403926 0.087743446
0.152 0.1606332 0.7628304 0.4717704000000001 0.1861622 0.12153419 0.7652072 0.44347227 0.09040959
0.1525 0.16209229999999997 0.7732073 0.47923530000000003 0.18818010000000002 0.12313352 0.7657109 0.44774106 0.09221315
0.153 0.16353689999999999 0.7831991 0.48660909999999996 0.19018210000000002 0.1246853 0.7662602 0.45230275 0.09469259
0.1535 0.164952 0.7927976 0.49388820000000005 0.1921469 0.1259931 0.7670315 0.45668462 0.09779831
0.154 0.16635450000000002 0.8020007 0.5010733 0.19409479999999998 0.12734848 0.7678306 0.46061 0.100651145
0.1545 0.16774129999999998 0.8108017 0.5077879 0.1960244 0.12885208 0.76845884 0.4645861 0.10325152
0.155 0.1690961 0.8191624 0.5136604 0.1979424 0.13035262 0.7690869 0.46872213 0.10589865
0.1555 0.17045839999999998 0.8270924000000001 0.5197199 0.1998558 0.13183086 0.7697766 0.4728374 0.10871558
0.156 0.17184370000000002 0.8346078000000001 0.5255025 0.20176229999999998 0.1332906 0.7704946 0.47685945 0.11155115
0.1565 0.17322970000000001 0.8416954 0.5310332 0.2036437 0.13479033 0.7711958 0.48082724 0.11433904
0.157 0.1746068 0.8483871999999999 0.5370235 0.20550429999999997 0.13630305 0.7718877 0.4848147 0.117122844
0.1575 0.1759914 0.8547188 0.5434249 0.2073631 0.13782138 0.7725963 0.48879007 0.11994329
0.158 0.1773879 0.8607121999999999 0.5500513000000001 0.20921820000000002 0.13934119 0.7733196 0.49273536 0.12279041
0.1585 0.1787898 0.8663784 0.5567430999999999 0.2110558 0.14087145 0.7740494 0.49664715 0.12563995
0.159 0.1801925 0.8717244000000001 0.5633975 0.2128893 0.14241317 0.77478075 0.50054055 0.12849377
0.1595 0.18159460000000002 0.8767538 0.5699562 0.21472420000000003 0.14396219 0.77551806 0.5044167 0.13136002
0.16 0.1829944 0.8814683000000001 0.5763884 0.21655970000000002 0.14551789 0.77626246 0.5082694 0.1342406
0.1605 0.1843902 0.8858696 0.5826809000000001 0.2183938 0.14708072 0.77701205 0.5120977 0.13713078
0.161 0.1857808 0.8899597 0.5888304 0.2202245 0.14865132 0.77776504 0.5159022 0.14002827
0.1615 0.1871651 0.8937411 0.5948388000000001 0.22205039999999998 0.15022907 0.77852064 0.51968527 0.1429341
0.162 0.18854279999999998 0.8972155999999999 0.600711 0.2238701 0.15181322 0.77927893 0.5234453 0.14584857
0.1625 0.1899136 0.9003873 0.6064526 0.2256827 0.15340376 0.780039 0.5271819 0.14877106
0.163 0.1912774 0.9032626 0.6120694999999999 0.22748779999999996 0.1550003 0.78079975 0.53089476 0.15170018
0.1635 0.1926344 0.9058476000000001 0.6175670999999999 0.2292846 0.15660296 0.78156036 0.5345841 0.15463535
0.16399999999999998 0.1939845 0.9081484000000001 0.6229505 0.23107289999999997 0.15821098 0.7823197 0.5382502 0.15757637
0.1645 0.1953279 0.9101708000000001 0.628224 0.2328524 0.15982419 0.78307694 0.5418925 0.16052277
0.165 0.19665320000000003 0.9119166 0.6333883000000001 0.2345899 0.1614423 0.78383136 0.5455106 0.16347365
0.1655 0.1979404 0.9133914000000001 0.6384406 0.23627150000000002 0.16306518 0.78458166 0.54910487 0.1664284
0.166 0.1992145 0.9146044 0.6433906999999999 0.23794479999999998 0.16469218 0.78532666 0.552675 0.16938639
0.1665 0.2004934 0.9155633 0.648246 0.23962529999999996 0.16632329 0.7860656 0.5562208 0.17234711
0.16699999999999998 0.20167929999999998 0.9162753 0.6530098000000001 0.24131370000000002 0.1679579 0.7867971 0.5597423 0.17530984
0.1675 0.2027028 0.9167464 0.6576823 0.2430069 0.1695958 0.78752 0.5632394 0.17827384
0.168 0.20379679999999997 0.9169825 0.6622644 0.24470189999999997 0.17123662 0.78823304 0.56671196 0.18123846
0.1685 0.20499539999999997 0.9169889999999999 0.6667576999999999 0.24639650000000002 0.17287996 0.7889352 0.5701597 0.18420303
0.16899999999999998 0.2062708 0.9167716 0.6711628000000001 0.2480886 0.17452551 0.78962505 0.5735826 0.18716678
0.1695 0.2075625 0.916334 0.6754387 0.2497584 0.17617275 0.79030126 0.5769807 0.19012904
0.17 0.2088527 0.9156798 0.6796093000000001 0.2514077 0.17782144 0.79096246 0.5803537 0.19308914
0.1705 0.2101532 0.9148149 0.6837138 0.2530542 0.17947105 0.7916072 0.5837015 0.19604628
0.171 0.21146170000000003 0.9137457 0.6877563 0.25470160000000003 0.1811214 0.7922342 0.587024 0.19899951
0.1715 0.21277159999999998 0.9124781 0.6917319000000001 0.2563491 0.18277171 0.79284155 0.5903213 0.20194833
0.172 0.2140768 0.9110173 0.6956352 0.257995 0.18442172 0.7934284 0.5935928 0.20489176
0.1725 0.2153736 0.9093683000000001 0.6994626 0.2596378 0.18607107 0.79399246 0.59683883 0.20782907
0.17300000000000001 0.21665990000000002 0.9075353999999999 0.7032124 0.2612763 0.18771906 0.7945325 0.60005903 0.21075924
0.1735 0.21793420000000002 0.9055231 0.7068840000000001 0.2629094 0.1893655 0.79504645 0.6032534 0.21368176
0.174 0.2191955 0.9033353999999999 0.7104775 0.26453590000000005 0.19100964 0.7955329 0.60642165 0.21659544
0.1745 0.2204448 0.9009765 0.7139935000000001 0.2661558 0.19265127 0.79598993 0.60956365 0.21949951
0.175 0.2216839 0.8984503 0.7174331 0.2677691 0.19428945 0.79641557 0.61267954 0.22239286
0.1755 0.22291370000000002 0.8957606 0.7207972 0.2693757 0.19592413 0.79680794 0.6157686 0.22527495
0.17600000000000002 0.22413490000000003 0.8929113999999999 0.724087 0.27097459999999995 0.19755447 0.797165 0.6188312 0.22814468
0.1765 0.2253479 0.8899063 0.7273035 0.2725657 0.19917981 0.7974848 0.6218669 0.23100065
0.177 0.22655300000000003 0.8867491 0.7304479 0.2741495 0.20079994 0.79776484 0.62487537 0.23384231
0.1775 0.22775079999999998 0.8834433 0.7335213 0.2757259 0.20241386 0.7980033 0.6278568 0.2366685
0.17800000000000002 0.22894160000000002 0.8799923000000001 0.7365246999999999 0.2772952 0.20402117 0.7981976 0.6308106 0.23947807
0.1785 0.23012570000000002 0.8763996999999999 0.7394593 0.27885740000000003 0.20562114 0.79834545 0.6337368 0.24226986
0.179 0.23130309999999998 0.8726684000000001 0.7423251000000001 0.28041209999999994 0.20721324 0.79844433 0.63663507 0.24504307
0.1795 0.2324442 0.8687985 0.7450734999999999 0.2819454 0.20879659 0.79849154 0.6395053 0.24779621
0.18 0.2335623 0.8647905999999999 0.7477351999999999 0.28346659999999996 0.21037056 0.7984844 0.6423469 0.25052804
0.1805 0.23466420000000002 0.8606459999999999 0.7503488 0.2849514 0.21193436 0.7984202 0.6451599 0.25323743
0.18100000000000002 0.2357556 0.8563713 0.7529168 0.2864145 0.21348742 0.7982959 0.6479436 0.2559231
0.1815 0.2368571 0.8519733 0.7554393 0.2878799 0.21502857 0.79810834 0.6506983 0.2585836
0.182 0.2379732 0.8474571 0.7579127 0.28935190000000005 0.21655737 0.79785454 0.6534231 0.2612179
0.1825 0.2391 0.8428266 0.7603331999999999 0.290829 0.21807258 0.7975309 0.65611786 0.2638241
0.183 0.24023179999999997 0.8380847 0.7626977 0.29230900000000004 0.21957362 0.7971339 0.658782 0.26640102
0.1835 0.24136370000000001 0.8332339 0.7650047 0.2937896 0.22105935 0.7966601 0.6614154 0.26894677
0.184 0.24249250000000003 0.8282765999999999 0.7672535 0.2952691 0.22252879 0.7961053 0.6640174 0.2714602
0.1845 0.2436158 0.8232146999999999 0.7694441 0.29674490000000003 0.22398092 0.79546535 0.6665877 0.27393934
0.185 0.2447322 0.8180503 0.7715771 0.2982167 0.22541466 0.7947363 0.6691255 0.27638254
0.1855 0.24584189999999997 0.8127854 0.7736531999999999 0.29968429999999996 0.22682886 0.7939133 0.67163026 0.27878782
0.18600000000000003 0.2469448 0.8074193000000001 0.7756723000000001 0.3011474 0.22822228 0.79299146 0.6741017 0.28115332
0.1865 0.2480389 0.8019527 0.777634 0.30259899999999995 0.22959374 0.79196566 0.6765391 0.28347713
0.187 0.24909740000000002 0.7963844 0.7795316 0.3039955 0.23094176 0.7908306 0.67894155 0.285757
0.1875 0.2501325 0.7907199 0.7813699000000001 0.30537509999999995 0.232265 0.7895806 0.6813084 0.2879909
0.188 0.2511683 0.7849649999999999 0.7831585 0.3067495 0.23356193 0.7882092 0.68363905 0.29017627
0.1885 0.2521913 0.7791229000000001 0.7848651 0.3081258 0.23483089 0.7867099 0.6859324 0.29231063
0.18899999999999997 0.2531938 0.7731938 0.7864886999999999 0.3094921 0.23607044 0.7850759 0.6881877 0.2943916
0.1895 0.2542076 0.7671804 0.7880842 0.31085609999999997 0.23727833 0.78329945 0.6904038 0.2964161
0.19 0.2552376 0.7610859999999999 0.7896588000000001 0.3122259 0.23845316 0.78137237 0.6925798 0.2983814
0.1905 0.2562772 0.7549134 0.7912060000000001 0.3136015 0.23959234 0.77928615 0.69471467 0.30028412
0.191 0.2573201 0.7486645000000001 0.7927181999999999 0.3149812 0.24069394 0.77703136 0.6968068 0.30212116
0.1915 0.258363 0.742341 0.7941903 0.3163636 0.24175563 0.7745978 0.698855 0.30388877
0.192 0.2594034 0.7359435999999999 0.7956194999999999 0.3177474 0.24277477 0.77197474 0.70085776 0.30558306
0.1925 0.26043920000000004 0.7294695 0.796992 0.31913070000000004 0.24374872 0.7691501 0.7028137 0.30720016
0.193 0.2614199 0.7228817 0.7969046 0.3204907 0.24467419 0.7661109 0.7047209 0.30873525
0.1935 0.26234959999999996 0.7161466999999999 0.7965749 0.3218368 0.24554855 0.7628433 0.70657724 0.31018385
0.19399999999999998 0.2632889 0.7093041999999999 0.7968767 0.32318559999999996 0.24636789 0.7593319 0.70838106 0.31154075
0.1945 0.2642541 0.7023944000000001 0.7977516 0.3245388 0.24712853 0.7555599 0.71012956 0.31280023
0.195 0.2652409 0.6954416999999999 0.7989789 0.32589450000000003 0.24782673 0.7515091 0.7118206 0.31395635
0.1955 0.2662402 0.6884566999999999 0.8003733000000001 0.3272509 0.24845764 0.7471595 0.71345085 0.31500235
0.196 0.2672447 0.6814406999999999 0.8017943000000001 0.32860690000000004 0.24901691 0.7424888 0.7150177 0.3159313
0.1965 0.2682486 0.6743839 0.8030558000000001 0.3299611 0.24949895 0.7374731 0.7165174 0.31673506
0.19699999999999998 0.2692482 0.6672793 0.8041373 0.33131309999999997 0.24989827 0.7320855 0.7179459 0.3174056
0.1975 0.2702422 0.6601231 0.8050972 0.3326614 0.2502088 0.72629684 0.7192989 0.3179333
0.198 0.2712301 0.6529142 0.805988 0.3339915 0.2504238 0.7200749 0.72057146 0.3183078
0.1985 0.2722112 0.6456529999999999 0.8068423000000001 0.335316 0.25053608 0.713384 0.7217582 0.31851867
0.19899999999999998 0.2731857 0.6383409000000001 0.8076767 0.33664099999999997 0.25053793 0.7061855 0.7228523 0.31855342
0.1995 0.2741542 0.6309794 0.8084974 0.337966 0.25042102 0.6984366 0.7238464 0.31839916
0.2 0.275117 0.6235696999999999 0.8093049 0.3392898 -0.16904746 0.32593825 0.30651206 0.3307508
0.2005 0.2631447 0.6157 0.7937732 0.32275570000000003 0.06581825 0.23433933 0.24238148 -0.085873425
0.201 0.24883609999999998 0.6071656999999999 0.7771444000000001 0.3081375 0.011566171 0.40580386 0.08118568 -0.12591119
0.2015 0.23940250000000002 0.5983214 0.7637656 0.29741809999999996 0.01009556 0.4747391 0.21593106 0.015779404
0.20199999999999999 0.23324539999999996 0.5894186 0.7525202 0.28815409999999997 0.009707885 0.54256743 0.22986096 0.017983515
0.2025 0.2287225 0.5805968 0.7422964 0.2795257 0.07048127 0.29046333 0.1406332 0.16345617
0.203 0.22495229999999997 0.5719316 0.7324943 0.27130279999999996 -0.05878997 0.37551782 0.18437627 0.012680447
0.2035 0.2215244 0.5634664 0.722843 0.26341329999999996 0.005029165 0.34875208 0.113660954 -0.0475916
0.204 0.2182567 0.5552286 0.7132331999999999 0.2558258 -0.0075675338 0.34573412 0.12825406 -0.004966624
0.2045 0.215069 0.5472369 0.7036269 0.24852080000000001 0.02362479 0.4496283 0.13657233 0.02020176
0.205 0.21192600000000003 0.5395045 0.694016 0.24148229999999998 -0.0015542563 0.4026941 0.19007954 0.06737259
0.2055 0.20881190000000002 0.5320415 0.6844038 0.23469659999999998 -0.00632669 0.36624414 0.14491305 0.02019865
0.20600000000000002 0.20571979999999998 0.5248549 0.6747979000000001 0.2281508 -0.0005770237 0.38714212 0.16015136 0.00346978
0.2065 0.2026467 0.51795 0.6652070999999999 0.22183289999999997 -0.0040116464 0.40430441 0.15280566 0.012765044
0.207 0.1995914 0.5113300000000001 0.6556401999999999 0.2157319 0.00032751774 0.43763667 0.16478705 0.0084223375
0.2075 0.19655379999999997 0.504997 0.6461056 0.20983720000000003 0.009803161 0.4321401 0.17734447 0.036329024
0.20800000000000002 0.19353399999999998 0.4989519 0.6366111 0.20413889999999998 -0.0020565935 0.43824378 0.17898706 0.030046739
0.2085 0.1905324 0.49319440000000003 0.6271641 0.1986279 0.002850288 0.44893944 0.18336198 0.023385562
0.209 0.1875496 0.4877236 0.6177713 0.1932953 0.0001484952 0.4561698 0.18139938 0.020106602
0.2095 0.1845862 0.48253779999999996 0.6084387 0.1881329 0.0064947573 0.47787404 0.18870637 0.023979552
0.21 0.18164270000000002 0.47763490000000003 0.599172 0.183133 0.005339098 0.4913748 0.19894707 0.03163302
0.2105 0.1787196 0.47301220000000005 0.5899764000000001 0.17828829999999998 0.006660125 0.4976123 0.202443 0.0346691
0.21100000000000002 0.17581760000000002 0.4686665 0.5808566 0.1735919 0.0058420636 0.5083298 0.2067447 0.03233313
0.2115 0.1729371 0.46459459999999997 0.5718169 0.1690372 0.0075172232 0.51735455 0.20907545 0.03353108
0.212 0.1700786 0.4607928 0.5628612 0.1646183 0.007343986 0.5295863 0.21405339 0.03357711
0.2125 0.1672425 0.45725730000000003 0.5539930999999999 0.1603292 0.009230791 0.53859025 0.21861976 0.036929574
0.213 0.1644295 0.45398409999999995 0.5452156 0.1561646 0.008598164 0.54595333 0.22265059 0.038628716
0.2135 0.16163970000000003 0.4509692 0.5365318 0.15211929999999999 0.009217693 0.5527711 0.225086 0.039062683
0.214 0.1588736 0.4482084 0.5279441999999999 0.1481884 0.008978617 0.5586633 0.22753623 0.03922905
0.2145 0.1561315 0.4456973 0.5194552 0.1443674 0.009403218 0.5646384 0.22964379 0.039661262
0.215 0.1534138 0.44343190000000005 0.5110669 0.1406518 0.0092963725 0.57002604 0.23220569 0.0404172
0.2155 0.1507208 0.4414076 0.5027811 0.1370376 0.009302137 0.57432455 0.23399356 0.041152075
0.21600000000000003 0.1480527 0.43962029999999996 0.4945994000000001 0.1335208 0.009013557 0.57827955 0.2354942 0.041261423
0.2165 0.14540970000000003 0.4380655 0.4865233 0.1300978 0.008908179 0.5817823 0.23664919 0.041419104
0.217 0.1427922 0.43673909999999994 0.478554 0.12676510000000002 0.008602287 0.5851627 0.23779702 0.04142584
0.2175 0.14020020000000002 0.43563679999999994 0.47069259999999996 0.1235193 0.008408568 0.58824855 0.23884729 0.041588914
0.218 0.1376339 0.4347544 0.4629399 0.12035739999999999 0.008052746 0.59104884 0.23976094 0.041675236
0.2185 0.1350936 0.4340876 0.4552968 0.11727629999999999 0.0077509843 0.59364766 0.24048579 0.04168994
0.21899999999999997 0.13257929999999998 0.43363240000000003 0.4477638 0.1142731 0.007381125 0.5960985 0.24113312 0.041633595
0.2195 0.1300912 0.43338459999999995 0.44034140000000005 0.1113452 0.007040211 0.5984351 0.24170199 0.04157939
0.22 0.1276293 0.4333403 0.4330299 0.1084901 0.0066599697 0.60067916 0.24224395 0.041521974
0.2205 0.12519380000000002 0.4334954000000001 0.4258295999999999 0.10570519999999999 0.006285615 0.60280865 0.2427102 0.04147059
0.221 0.1227847 0.43384620000000007 0.4187407 0.1029883 0.005888497 0.60485667 0.24312386 0.04138965
0.2215 0.120402 0.43438859999999996 0.411763 0.1003372 0.005497775 0.60683113 0.24348387 0.041303035
0.222 0.1180458 0.435119 0.4048966 0.09774966 0.0050948774 0.60874844 0.24381357 0.04120926
0.2225 0.1157161 0.4360335999999999 0.39814120000000003 0.09522378 0.004693892 0.6106102 0.24410981 0.041120205
0.223 0.1134129 0.43712870000000004 0.3914968 0.09275761 0.0042847684 0.61241895 0.24437633 0.04103028
0.2235 0.1111362 0.4384009 0.3849628 0.09034931 0.0038759292 0.6141793 0.24461049 0.040940057
0.22399999999999998 0.1088859 0.43984650000000003 0.378539 0.08799714 0.0034631183 0.6158969 0.24481907 0.040848758
0.2245 0.10666210000000001 0.4414621 0.3722249 0.08569942 0.0030501797 0.61757463 0.24500379 0.040760078
0.225 0.1044647 0.44324430000000004 0.36601999999999996 0.08345455 0.0026347102 0.61921525 0.24516821 0.04067411
0.2255 0.1022935 0.4451898 0.3599237 0.08126101 0.0022187787 0.62082 0.2453118 0.040592115
0.226 0.1001487 0.4472952 0.3539354 0.07911731 0.0018012174 0.6223912 0.24543685 0.04051325
0.2265 0.09803003 0.4495575 0.34805440000000004 0.07702206 0.0013834345 0.6239306 0.24554425 0.040438265
0.22699999999999998 0.09593746 0.4519734 0.34228000000000003 0.07497391 0.00096461223 0.6254398 0.24563614 0.0403676
0.2275 0.09387089 0.45453999999999994 0.33661149999999995 0.07297156 0.00054564886 0.6269204 0.2457133 0.040301852
0.228 0.09183021 0.457254 0.33104809999999996 0.07101378 0.00012592971 0.6283732 0.24577698 0.040241152
0.2285 0.08981531 0.46011270000000004 0.3255889 0.06909938 -0.000293809 0.6297997 0.2458277 0.04018569
0.22899999999999998 0.08782607 0.463113 0.320233 0.06722719999999999 -0.00071387924 0.6312008 0.24586701 0.04013564
0.2295 0.08586236 0.4662522 0.31497970000000003 0.06539615 -0.0011340943 0.6325775 0.24589556 0.04009132
0.23 0.08392405 0.4695275 0.30982790000000004 0.06360516 -0.0015542475 0.63393056 0.24591419 0.040052895
0.2305 0.08201101 0.47293599999999997 0.3047768 0.06185323 -0.001974543 0.6352611 0.24592379 0.04002063
0.231 0.08012307 0.4764753 0.2998254 0.06013937 -0.0023946236 0.6365697 0.24592477 0.039994486
0.2315 0.07826010000000001 0.4801425 0.2949726 0.05846263 -0.0028146203 0.63785696 0.24591842 0.039974708
0.23199999999999998 0.07642194 0.4839353 0.2902175 0.0568221 -0.0032344633 0.6391238 0.24590498 0.03996146
0.2325 0.07460842 0.4878509 0.2855591 0.05521691 -0.003654188 0.6403706 0.24588498 0.03995486
0.233 0.07281937 0.4918871 0.2809963 0.05364621 -0.0040735076 0.64159817 0.24585932 0.039954964
0.2335 0.07105463 0.49604129999999996 0.2765282 0.05210918 -0.004492711 0.6428071 0.24582854 0.039961755
0.23399999999999999 0.06931403 0.5003112 0.27215359999999994 0.05060503 -0.0049115014 0.64399755 0.24579293 0.03997553
0.2345 0.06759737 0.5046944 0.26787150000000004 0.049132999999999996 -0.0053300182 0.6451704 0.24575332 0.03999611
0.235 0.06590449 0.5091888 0.2636808 0.04769236 -0.0057479986 0.6463259 0.2457099 0.04002373
0.2355 0.06423519 0.5137921 0.2595804 0.04628238 -0.0061657825 0.6474646 0.24566334 0.04005843
0.23600000000000002 0.0625893 0.518502 0.2555693 0.04490238 -0.006582988 0.64858663 0.24561384 0.040100228
0.2365 0.06096661 0.5233166 0.2516463 0.04355169 -0.0069999886 0.6496928 0.2455621 0.040149134
0.237 0.05936694 0.5282336 0.2478105 0.04222967 -0.0074161836 0.65078294 0.24550834 0.04020523
0.2375 0.05779008 0.533251 0.24406060000000002 0.04093569 -0.007832194 0.65185785 0.24545306 0.040268503
0.23800000000000002 0.05623585 0.5383669 0.24039560000000001 0.03966915 -0.008247616 0.65291774 0.24539635 0.04033895
0.2385 0.05470405 0.5435791999999999 0.23681439999999998 0.03842945 -0.008662667 0.65396285 0.24533883 0.040416494
0.239 0.05319446 0.548886 0.233316 0.03721603 -0.009077035 0.6549934 0.2452805 0.04050135
0.2395 0.05170689999999999 0.5542855 0.2298991 0.03602834 -0.009491025 0.65601 0.24522197 0.04059339
0.24 0.05024116 0.5597758 0.22656279999999998 0.03486584 -0.00990439 0.65701246 0.24516344 0.040692378
0.2405 0.04879703 0.5653551 0.22330589999999997 0.03372801 -0.010317301 0.6580014 0.2451053 0.040798776
0.24100000000000002 0.04737430000000001 0.5710215999999999 0.2201274 0.03261434 -0.010729639 0.6589766 0.24504745 0.040912353
0.2415 0.04597278 0.5767734999999999 0.2170261 0.03152435 -0.0111414455 0.6599389 0.2449905 0.041032914
0.242 0.04459225 0.5826093000000001 0.2140011 0.03045756 -0.011552656 0.6608878 0.2449345 0.04116061
0.2425 0.0432325 0.5885272 0.2110513 0.02941349 -0.011963425 0.6618242 0.24487996 0.04129546
0.243 0.04189334 0.5945256 0.2081755 0.02839172 -0.01237358 0.6627478 0.24482661 0.041437257
0.2435 0.04057454 0.6006029 0.20537270000000002 0.02739178 -0.01278317 0.66365874 0.24477506 0.04158594
0.244 0.03927591 0.6067575 0.20264189999999999 0.02641327 -0.013192335 0.66455764 0.24472529 0.0417416
0.2445 0.03799723 0.6129879 0.19998210000000002 0.02545576 -0.013600668 0.6654444 0.24467754 0.04190424
0.245 0.0367383 0.6192926 0.1973922 0.02451885 -0.014008706 0.66631925 0.24463224 0.042073626
0.2455 0.0354989 0.6256701 0.1948711 0.02360214 -0.014416078 0.66718197 0.24458891 0.042249717
0.24600000000000002 0.03427883 0.632119 0.192418 0.02270527 -0.014822923 0.6680333 0.24454853 0.042432602
0.2465 0.03307789 0.6386379 0.1900317 0.02182784 -0.015229177 0.6688729 0.24451056 0.04262214
0.247 0.03189586 0.6452254 0.1877112 0.0209695 -0.015634973 0.66970116 0.24447563 0.042818297
0.2475 0.03073254 0.6518801 0.1854557 0.02012989 -0.016040256 0.6705181 0.24444354 0.04302083
0.248 0.02958772 0.6586008000000001 0.183264 0.01930867 -0.016444964 0.67132366 0.24441466 0.0432299
0.2485 0.028461200000000002 0.6653861 0.18113529999999997 0.01850549 -0.016849034 0.6721186 0.24438882 0.043445278
0.249 0.02735277 0.6722347 0.1790685 0.01772004 -0.017252754 0.672902 0.24436656 0.043667004
0.2495 0.02626224 0.6791454 0.17706270000000002 0.01695199 -0.017655777 0.67367494 0.24434784 0.043894928
0.25 0.02518939 0.686117 0.175117 0.01620103 -0.018019345 0.67446554 0.24435762 0.044127263
0.2505 0.02413647 0.6930458 0.1732306 0.01549282 -0.015350843 0.67613906 0.24569505 0.044097725
0.251 0.02311324 0.6997566999999999 0.1714015 0.01485946 -0.014168536 0.6754023 0.24702111 0.044957906
0.2515 0.02212127 0.7061878 0.1696219 0.01428479 -0.0128962435 0.67754865 0.2485733 0.046840407
0.252 0.02115741 0.7123083 0.1678852 0.01375934 -0.012047112 0.67883843 0.24940866 0.048372507
0.2525 0.02021898 0.7181014 0.16618650000000001 0.01327898 -0.011003265 0.67942774 0.2502645 0.049324147
0.253 0.01930439 0.7235576 0.164523 0.01284124 -0.009889366 0.68043774 0.25098383 0.050320566
0.2535 0.01841274 0.7286716 0.1628921 0.01244419 -0.008827878 0.6814921 0.25193784 0.05162577
0.254 0.01754348 0.7334411999999999 0.1612919 0.01208607 -0.007762985 0.68251854 0.25280735 0.052832715
0.2545 0.01669624 0.7378659000000001 0.1597208 0.01176525 -0.0066760597 0.68343896 0.25363562 0.05406075
0.255 0.01587071 0.7419472 0.1581773 0.01148021 -0.0055807414 0.6844191 0.25440347 0.055285342
0.2555 0.01506664 0.7456877 0.1566598 0.01122948 -0.0044730403 0.6853999 0.25517818 0.056518286
0.256 0.01428377 0.7490912 0.1551672 0.01101172 -0.0033612265 0.68636847 0.2559465 0.057765685
0.2565 0.01352185 0.7521621000000001 0.1536981 0.01082561 -0.0022378913 0.6873308 0.25668398 0.059027866
0.257 0.01278064 0.7549056 0.1522515 0.01066993 -0.0011076252 0.6882908 0.25740027 0.06030389
0.2575 0.01205991 0.7573274 0.15082620000000002 0.01054351 3.3379998e-05 0.6892441 0.2580895 0.061584778
0.258 0.011359399999999999 0.7594335 0.1494213 0.01044525 0.0011831522 0.69018906 0.25876066 0.062875494
0.2585 0.01067887 0.7612305 0.1480358 0.0103741 0.002341952 0.6911278 0.25940776 0.064176835
0.259 0.01001808 0.7627246999999999 0.1466687 0.01032906 0.0035093022 0.69205695 0.26003212 0.065487966
0.2595 0.00937678 0.7639231 0.14531929999999998 0.01030919 0.0046856953 0.692976 0.2606315 0.06680724
0.26 0.008754727 0.7648323 0.14398670000000002 0.01031358 0.005871022 0.6938835 0.2612062 0.06813431
0.2605 0.008151674 0.7654592 0.1426701 0.01034137 0.007065081 0.694779 0.26175585 0.06946912
0.261 0.007567374 0.7658107 0.1413687 0.01039176 0.008268001 0.69566095 0.26227963 0.070811145
0.2615 0.00700158 0.7658935 0.1400819 0.01046396 0.009479624 0.6965282 0.26277688 0.0721599
0.262 0.006454048 0.7657145000000001 0.138809 0.01055723 0.010699922 0.6973792 0.2632468 0.07351458
0.2625 0.00592453 0.7652804 0.1375494 0.01067086 0.011929002 0.6982128 0.26368883 0.07487487
0.263 0.005412781 0.7645976 0.1363023 0.01080418 0.0131665515 0.69902766 0.264102 0.076239966
0.2635 0.0049185570000000005 0.7636727 0.13506729999999997 0.01095656 0.014412783 0.6998223 0.2644857 0.07760956
0.264 0.004441614 0.7625121 0.1338437 0.01112736 0.015667401 0.70059514 0.2648389 0.07898269
0.2645 0.003981709 0.7611220000000001 0.132631 0.011316 0.016930645 0.70134467 0.2651608 0.08035881
0.265 0.0035385999999999994 0.7595084 0.1314286 0.01152193 0.018202279 0.70206916 0.2654505 0.08173731
0.2655 0.003112047 0.7576774000000001 0.13023610000000002 0.01174459 0.01948235 0.70276684 0.2657069 0.083117515
0.266 0.00270181 0.7556347 0.129053 0.01198349 0.0207707 0.70343614 0.26592886 0.084498495
0.2665 0.0023076520000000003 0.7533861 0.12787880000000001 0.01223812 0.022067498 0.7040749 0.26611546 0.08587967
0.267 0.001929336 0.7509371 0.12671300000000002 0.01250801 0.023372402 0.70468146 0.26626548 0.087260164
0.2675 0.0015666279999999998 0.7482930999999999 0.1255553 0.0127927 0.024685606 0.7052534 0.2663777 0.088639244
0.268 0.0012192939999999999 0.7454593 0.12440510000000002 0.01309177 0.02600698 0.7057889 0.2664506 0.09001589
0.2685 0.0008871022 0.742441 0.1232622 0.01340479 0.027336525 0.70628524 0.2664831 0.09138931
0.26899999999999996 0.0005698243 0.7392430999999999 0.1221261 0.01373137 0.02867414 0.70674056 0.26647368 0.09275849
0.2695 0.000267232 0.7358704 0.12099639999999999 0.01407111 0.030019738 0.7071517 0.2664209 0.09412268
0.27 -2.090016e-05 0.7323276999999999 0.1198728 0.01442365 0.031373154 0.7075165 0.26632303 0.09548062
0.2705 -0.000294796 0.7286195 0.118755 0.01478863 0.0327347 0.70783186 0.2661786 0.09683153
0.271 -0.000554677 0.7247504 0.11764260000000001 0.0151657 0.034103964 0.7080949 0.26598555 0.09817417
0.2715 -0.0008007629 0.7207246999999999 0.11653530000000001 0.01555454 0.035481058 0.70830244 0.2657425 0.09950742
0.272 -0.001033271 0.7165467 0.1154328 0.01595483 0.036865626 0.708451 0.26544708 0.10083015
0.2725 -0.0012524160000000001 0.7122203 0.11433489999999999 0.01636626 0.038258057 0.70853734 0.2650975 0.10214119
0.273 -0.001458411 0.7077496999999999 0.11324110000000001 0.01678854 0.039657827 0.70855755 0.26469153 0.10343921
0.2735 -0.001651468 0.7031387 0.1121513 0.01722138 0.04106513 0.7085075 0.26422718 0.10472302
0.27399999999999997 -0.001833015 0.698391 0.11106310000000001 0.01766342 0.04247964 0.70838326 0.2637017 0.105991155
0.2745 -0.002007568 0.6935098000000001 0.109971 0.01811044 0.043901302 0.7081801 0.26311293 0.107242316
0.275 -0.0021704479999999997 0.6884986999999999 0.1088826 0.01856606 0.045329947 0.7078934 0.26245824 0.108475104
0.2755 -0.00231908 0.6833616 0.1078008 0.01903235 0.046765473 0.70751804 0.26173487 0.10968788
0.276 -0.00245341 0.6781019 0.1067247 0.01950941 0.048207693 0.70704836 0.26094022 0.11087939
0.2765 -0.002574205 0.6727232 0.10565319999999999 0.01999684 0.049656264 0.70647895 0.26007107 0.11204766
0.27699999999999997 -0.002682315 0.6672286999999999 0.10458519999999999 0.02049416 0.051111136 0.7058035 0.25912446 0.11319144
0.2775 -0.0027784479999999998 0.6616214 0.10351969999999999 0.02100092 0.052571926 0.70501536 0.25809747 0.11430906
0.278 -0.002863138 0.6559043999999999 0.10245639999999999 0.02151671 0.054038294 0.70410764 0.25698635 0.115398675
0.2785 -0.002936785 0.6500805000000001 0.1013949 0.02204119 0.055509936 0.703073 0.25578803 0.11645873
0.27899999999999997 -0.002999687 0.6441525 0.1003348 0.02257403 0.056986313 0.70190334 0.25449887 0.117487475
0.2795 -0.003052086 0.6381232 0.09927596 0.02311495 0.058467064 0.70059013 0.25311524 0.11848326
0.28 -0.003094182 0.6319952 0.09821825 0.02366369 0.059951585 0.6991245 0.25163323 0.11944449
0.2805 -0.003126155 0.6257712 0.0971615 0.02422002 0.061439272 0.6974969 0.25004926 0.12036927
0.281 -0.00314817 0.6194536 0.0961056 0.02478373 0.06292926 0.69569707 0.24835914 0.121255964
0.2815 -0.003160387 0.6130449 0.0950504 0.025354599999999998 0.06442093 0.69371414 0.2465592 0.12210333
0.282 -0.003162962 0.6065476 0.09399581 0.02593245 0.065913245 0.6915367 0.24464548 0.12290962
0.2825 -0.00315605 0.5999639 0.09294171 0.0265171 0.067404844 0.6891529 0.24261385 0.12367377
0.28300000000000003 -0.003139803 0.5932960999999999 0.09188799 0.02710838 0.06889476 0.6865496 0.24046046 0.12439433
0.2835 -0.0031143729999999997 0.5865464 0.09083453 0.02770613 0.070381254 0.6837138 0.2381815 0.12507045
0.284 -0.003079913 0.5797169 0.08978125 0.02831021 0.07186284 0.6806308 0.2357732 0.12570146
0.2845 -0.003036572 0.5728099 0.08872804 0.02892045 0.0733374 0.6772866 0.23323253 0.12628673
0.285 -0.002984502 0.5658272 0.08767480000000001 0.02953673 0.07480274 0.6736658 0.23055601 0.12682629
0.2855 -0.002923851 0.5587709 0.08662145 0.0301589 0.076256365 0.66975266 0.22774082 0.12732017
0.28600000000000003 -0.002854766 0.5516429 0.08556788 0.03078684 0.07769524 0.66553104 0.22478473 0.12776886
0.2865 -0.002777393 0.544445 0.08451402 0.03142041 0.07911624 0.6609845 0.22168589 0.12817368
0.287 -0.0026918759999999997 0.5371791 0.08345978 0.032059500000000005 0.08051531 0.65609634 0.21844307 0.12853563
0.2875 -0.0025983589999999997 0.5298470000000001 0.08240508 0.03270399 0.08188839 0.6508498 0.2150558 0.12885685
0.28800000000000003 -0.002496981 0.5224504 0.08134985 0.03335375 0.0832306 0.64522845 0.21152425 0.1291393
0.2885 -0.002387882 0.5149909 0.08029401 0.03400869 0.08453654 0.6392157 0.20784986 0.12938562
0.289 -0.002271198 0.5074702 0.07923749 0.03466868 0.08580017 0.63279516 0.20403469 0.12959854
0.2895 -0.00214732 0.4990303 0.07816658 0.035331 0.087014504 0.62595147 0.20008206 0.12978084
0.29 -0.002017351 0.4895339 0.07704775 0.03599493 0.08817217 0.61866945 0.19599614 0.12993518
0.2905 -0.0018807320000000002 0.47996130000000004 0.07590002 0.03666481 0.089265056 0.6109345 0.19178182 0.13006426
0.29100000000000004 -0.001737005 0.47069859999999997 0.07474844 0.03734067 0.090283826 0.60273254 0.18744564 0.13016987
0.2915 -0.0015860999999999998 0.4618558 0.07360822 0.03802207 0.09121861 0.5940504 0.1829949 0.13025321
0.292 -0.001428104 0.453413 0.07248563 0.03870866 0.09205856 0.5848741 0.17843759 0.13031432
0.2925 -0.001263162 0.4452974 0.07138134 0.03940014 0.09279206 0.5751907 0.17378229 0.13035202
0.293 -0.001091435 0.4374228 0.07029322 0.04009629 0.09340656 0.56498617 0.1690385 0.1303636
0.2935 -0.0009130811 0.4297083 0.06921807 0.0407969 0.0938885 0.5542461 0.16421585 0.13034438
0.294 -0.0007282552000000001 0.42208500000000004 0.06815252 0.04150183 0.09422355 0.5429542 0.15932453 0.13028808
0.2945 -0.0005371033 0.4144985 0.06709358 0.04221094 0.09439609 0.5310924 0.15437457 0.13018622
0.295 -0.000339764 0.4069076 0.06603869999999999 0.04292409 0.094390094 0.51864034 0.14937635 0.13002852
0.2955 -0.0001363691 0.39928259999999993 0.06498589 0.0436412 0.094187476 0.50557476 0.14434052 0.1298024
0.29600000000000004 7.295643e-05 0.3916031 0.06393361 0.04436215 0.093770266 0.49186924 0.1392774 0.12949413
0.2965 0.0002881103 0.383856 0.06288073 0.04508686 0.093118325 0.47749445 0.1341988 0.12908779
0.297 0.0005090073999999999 0.37603359999999997 0.06182645 0.04581527 0.09221132 0.46241778 0.12911658 0.12856679
0.2975 0.0007355333999999999 0.36813229999999997 0.06077021 0.04654729 0.09102736 0.44660503 0.1240445 0.12791324
0.298 0.0009675625999999999 0.3601514 0.05971164 0.04728284 0.08954476 0.43002114 0.11899793 0.12710914
0.2985 0.001204973 0.352092 0.05865052 0.04802185 0.08774137 0.41263252 0.11399549 0.12613691
0.299 0.001447651 0.3439567 0.05758673 0.04876423 0.08559654 0.3944104 0.10905846 0.124980286
0.2995 0.001695489 0.33574879999999996 0.05652022 0.04950993 0.08309192 0.37533498 0.1042123 0.12362562
0.3 0.0019483870000000002 0.32747209999999993 0.05545099 0.05025886 0.08018453 0.3554372 0.099472106 0.12206493
0.3005 0.002206351 0.3192331 0.05438081 0.05101225 0.074014455 0.3383382 0.093379796 0.12039794
0.301 0.00246979 0.31121 0.05331706 0.05177246 0.068296894 0.32511142 0.086687274 0.11688417
0.3015 0.002738815 0.3034678 0.05226568 0.05253933 0.06285946 0.30809805 0.080646984 0.113497615
0.302 0.0030133670000000003 0.2960403 0.05123036 0.05331282 0.05883594 0.29529533 0.07776502 0.109965175
0.3025 0.003293388 0.2889468 0.05021351 0.05409304 0.0545462 0.28440788 0.07577778 0.10770962
0.303 0.0035788290000000004 0.28219890000000003 0.04921684 0.05488001 0.050592717 0.27495962 0.07394314 0.10543181
0.3035 0.0038678740000000003 0.275804 0.04824081 0.05566464 0.04719205 0.2676231 0.07217142 0.10221129
0.304 0.00415894 0.269766 0.04728582 0.05644886 0.04484841 0.26089248 0.07084787 0.10080078
0.3045 0.0044546329999999995 0.2640866 0.04635417 0.05724172 0.04222774 0.25638407 0.06987373 0.099179566
0.305 0.004756812 0.2587656 0.04544737 0.05804553 0.040414274 0.25280392 0.068963125 0.09800103
0.3055 0.00506587 0.2538013 0.04456614 0.05886013 0.03863091 0.25003707 0.06826562 0.09692176
0.306 0.005381451999999999 0.2491911 0.04371079 0.05968483 0.037412252 0.24889645 0.067806594 0.096018046
0.3065 0.005703049 0.24493130000000002 0.04288158 0.06051979 0.036381938 0.24877468 0.067549735 0.095516115
0.307 0.006030186 0.2410174 0.04207865 0.06136467 0.035737477 0.24976814 0.067384765 0.095158
0.3075 0.0063633280000000006 0.23744429999999997 0.04130234 0.06221796 0.035324737 0.25185224 0.0675276 0.09496242
0.308 0.006702471999999999 0.234206 0.04055296 0.06307951 0.03520973 0.25481087 0.06778582 0.0950561
0.3085 0.007047296 0.23129639999999999 0.03983069 0.06394926 0.03527999 0.25884208 0.068253085 0.09520514
0.309 0.007397496 0.22870929999999998 0.03913569 0.06482714 0.035653874 0.26372516 0.06885267 0.09559511
0.3095 0.007752886 0.2264379 0.03846808 0.06571308 0.03619437 0.26949367 0.06963428 0.096112184
0.31 0.008113383 0.2244757 0.03782796 0.066607 0.036987685 0.27612615 0.07057165 0.09678596
0.3105 0.008478964 0.2228159 0.0372154 0.06750885 0.037950546 0.2835167 0.07166809 0.097613245
0.311 0.008849636999999999 0.2214515 0.03663044 0.06841857 0.03911974 0.29168978 0.07290985 0.098561965
0.3115 0.009225421999999999 0.2203759 0.03607313 0.06933611 0.04046053 0.30058515 0.07430958 0.0996439
0.312 0.00960634 0.2195821 0.03554345 0.07026143 0.04198177 0.3101605 0.07584488 0.10085976
0.3125 0.009992406 0.2190634 0.03504141 0.07119447 0.043658417 0.32039997 0.07753256 0.10218221
0.313 0.01038363 0.21881309999999998 0.03456696 0.0721352 0.045495752 0.3312345 0.079355165 0.10363011
0.3135 0.01078001 0.2188246 0.03412005 0.07308357 0.04746772 0.34263736 0.08131844 0.105174884
0.314 0.01118156 0.21909139999999996 0.03370063 0.07403954 0.049576394 0.35455403 0.083414 0.10682078
0.3145 0.01158826 0.21960700000000002 0.03330861 0.07500213 0.051797915 0.36692676 0.08563863 0.1085556
0.315 0.01199999 0.2203654 0.03294388 0.07596347 0.054124407 0.37970254 0.08798583 0.11036691
0.3155 0.01241662 0.22136020000000003 0.03260635 0.07693198 0.056535076 0.39280948 0.090449184 0.11224562
0.316 0.01283822 0.2225854 0.03229589 0.07791048 0.059013855 0.4061785 0.093017615 0.11417715
0.3165 0.01326489 0.2240353 0.03201238 0.07889861 0.06153926 0.4197335 0.095681846 0.116145834
0.317 0.013696700000000001 0.22570389999999999 0.03175568 0.0798958 0.06409132 0.43339103 0.09842628 0.11813836
0.3175 0.01413366 0.22758589999999998 0.03152566 0.08090158 0.0666464 0.4470693 0.10123643 0.12013541
0.318 0.01457577 0.2296755 0.03132215 0.08191556 0.06918307 0.46068168 0.10409366 0.122121885
0.3185 0.01502301 0.2319676 0.031145 0.08293745 0.0716777 0.4741446 0.106978595 0.12408006
0.319 0.01547528 0.2344569 0.03099404 0.083967 0.07410965 0.48737842 0.10987052 0.12599379
0.3195 0.01593249 0.23713829999999997 0.030869099999999997 0.08500399 0.07645834 0.5003081 0.11274787 0.1278483
0.32 0.01639465 0.24000700000000003 0.03076998 0.08604825 0.07870633 0.5128685 0.11558953 0.12962995
0.3205 0.0168618 0.243058 0.03069651 0.08709964 0.08083896 0.5250043 0.11837545 0.13132781
0.321 0.01733395 0.2462868 0.030648500000000002 0.08815805 0.08284439 0.53667206 0.12108764 0.13293315
0.3215 0.0178111 0.2496888 0.03062575 0.08922338 0.08471475 0.54784095 0.12371049 0.13443993
0.322 0.01829322 0.25325949999999997 0.03062807 0.09029554 0.086445294 0.5584929 0.12623152 0.13584465
0.3225 0.01878028 0.2569945 0.03065525 0.09137445 0.088034764 0.5686217 0.12864137 0.13714635
0.32299999999999995 0.01927229 0.2608899 0.03070709 0.09246005 0.08948467 0.57823235 0.13093436 0.13834612
0.3235 0.01976931 0.2649413 0.03078338 0.09355231 0.09079913 0.5873386 0.13310772 0.13944718
0.324 0.02027131 0.26914499999999997 0.03088391 0.09465116 0.09198447 0.5959624 0.13516212 0.14045385
0.3245 0.02077819 0.2734969 0.03100846 0.09575652 0.09304814 0.6041306 0.13709998 0.14137189
0.325 0.02128986 0.2779934 0.03115683 0.09686831 0.09399887 0.61187416 0.13892587 0.14220755
0.3255 0.021806299999999997 0.2826308 0.03132878 0.09798646 0.09484584 0.6192259 0.14064652 0.14296748
0.326 0.02232754 0.28740540000000003 0.03152411 0.09911092 0.09559829 0.62621945 0.1422683 0.14365844
0.3265 0.02285355 0.2923138 0.03174258 0.1002416 0.09626553 0.632888 0.1437991 0.14428715
0.327 0.02338424 0.29735259999999997 0.03198397 0.1013785 0.09685624 0.6392632 0.14524642 0.1448599
0.3275 0.02391955 0.30251859999999997 0.03224806 0.10252149999999999 0.09737885 0.64537466 0.14661801 0.1453826
0.32799999999999996 0.02445943 0.3078085 0.03253463 0.1036705 0.09784065 0.65124977 0.14792109 0.14586078
0.3285 0.02500386 0.3132193 0.03284344 0.10482550000000002 0.09824857 0.65691334 0.14916247 0.14629921
0.32899999999999996 0.02555283 0.3187478 0.03317426 0.10598640000000001 0.098608926 0.66238755 0.15034801 0.14670233
0.3295 0.02610633 0.32439120000000005 0.03352688 0.10715319999999999 0.09892708 0.66769177 0.15148346 0.14707422
0.33 0.02666434 0.3301465 0.03390106 0.10832570000000001 0.09920781 0.6728436 0.152574 0.14741798
0.3305 0.02722685 0.3360111 0.03429657 0.10950399999999999 0.09945525 0.67785764 0.15362376 0.14773689
0.331 0.02779384 0.3419821 0.03471319 0.11068789999999999 0.09967306 0.68274695 0.15463664 0.14803322
0.3315 0.02836202 0.3480567 0.03514896 0.1118604 0.099864505 0.6875226 0.15561591 0.14830942
0.332 0.0289279 0.354232 0.0356021 0.1130233 0.100032024 0.6921942 0.15656465 0.14856711
0.3325 0.02949683 0.36050540000000003 0.03607552 0.1141943 0.10017814 0.69677 0.15748513 0.14880832
0.33299999999999996 0.03007248 0.366875 0.036570599999999995 0.1153778 0.10030472 0.7012569 0.15837958 0.14903395
0.3335 0.03065566 0.37333829999999996 0.03708719 0.1165731 0.10041348 0.7056608 0.15924981 0.14924552
0.33399999999999996 0.03124585 0.3798934 0.03762469 0.11777889999999999 0.10050587 0.70998704 0.1600974 0.14944398
0.3345 0.03184221 0.386538 0.03818243 0.1189941 0.10058338 0.71423984 0.16092388 0.14963
0.335 0.03244399 0.3932699 0.03875987 0.1202174 0.100646734 0.7184232 0.16173019 0.14980459
0.3355 0.03304807 0.4000868 0.03935561 0.12144300000000001 0.100697055 0.7225403 0.16251749 0.1499682
0.336 0.0336536 0.4069864 0.03996922 0.1226738 0.10073537 0.72659415 0.16328666 0.15012152
0.3365 0.03426371 0.41396689999999997 0.04060166 0.123912 0.10076213 0.730587 0.16403829 0.15026492
0.337 0.03487958 0.4210265 0.04125303 0.12515739999999997 0.10077814 0.7345215 0.16477367 0.15039894
0.3375 0.03550114 0.42816329999999997 0.04192303 0.1264095 0.10078376 0.7383991 0.16549264 0.15052384
0.33799999999999997 0.03612792 0.4353755 0.042611300000000005 0.12766789999999997 0.1007798 0.74222183 0.16619638 0.15064004
0.3385 0.03675947 0.44266130000000004 0.04331747 0.128932 0.1007665 0.7459913 0.16688482 0.15074773
0.33899999999999997 0.03739527 0.4500187 0.04404125 0.1302014 0.10074438 0.7497089 0.16755909 0.15084717
0.3395 0.03803504 0.4574462 0.04478234 0.1314759 0.10071389 0.75337595 0.1682189 0.15093888
0.34 0.03867876 0.46494179999999996 0.04554052 0.1327553 0.100675225 0.75699365 0.1688653 0.15102269
0.3405 0.03932646 0.47250410000000004 0.04631558 0.1340395 0.10062857 0.7605631 0.16949803 0.151099
0.341 0.03997816 0.4801313 0.047107300000000005 0.1353284 0.100574695 0.76408523 0.17011777 0.15116793
0.3415 0.04063356 0.48782179999999997 0.04791516 0.1366171 0.10051336 0.7675611 0.17072482 0.15122968
0.342 0.04128826 0.4955732 0.04873542 0.1378825 0.100445114 0.7709916 0.1713193 0.15128423
0.3425 0.04193647 0.5033835 0.04956634 0.1391211 0.10037009 0.77437717 0.17190164 0.15133215
0.34299999999999997 0.04258142 0.51125 0.05041088 0.1403595 0.10028851 0.77771914 0.17247197 0.15137304
0.3435 0.04323196 0.5191701 0.05127333 0.1416154 0.10020059 0.78101784 0.17303047 0.1514073
0.344 0.04389185 0.5271423000000001 0.05215451 0.1428904 0.10010646 0.78427404 0.17357728 0.15143499
0.3445 0.04456106 0.5351658 0.05305358 0.144182 0.10000637 0.7874884 0.17411283 0.15145624
0.345 0.04523824 0.5432401 0.05396938 0.1454874 0.099900365 0.79066163 0.17463735 0.15147111
0.3455 0.04591633 0.5513643 0.05489122 0.1468006 0.09978879 0.79379416 0.17515072 0.15147962
0.34600000000000003 0.04658915 0.5595365 0.05581274 0.1481192 0.09967168 0.79688644 0.17565325 0.15148188
0.3465 0.04726871 0.5677571 0.05675377 0.1494471 0.09954907 0.7999393 0.17614496 0.15147813
0.34700000000000003 0.04795804 0.5760263000000001 0.05771794 0.1507836 0.099421285 0.802953 0.17662632 0.15146822
0.3475 0.04865601 0.5843441999999999 0.05870303 0.1521277 0.09928815 0.8059281 0.17709729 0.15145236
0.348 0.04936078 0.5927103 0.05970622 0.1534781 0.09915029 0.8088651 0.1775577 0.15143059
0.3485 0.05007087 0.6011238 0.06072524 0.1548342 0.099007145 0.8117642 0.17800832 0.15140271
0.349 0.05078528 0.6095838000000001 0.06175869 0.1561955 0.09885929 0.814626 0.1784487 0.15136927
0.3495 0.05150339 0.6180892 0.06280573 0.1575614 0.09870674 0.8174509 0.17887911 0.15132993
0.35 0.05222482 0.6266391 0.06386584 0.15893139999999997 -0.13060658 0.5169994 0.14535043 0.3045953
0.3505 0.05139498 0.6350897 0.06382675 0.1481527 0.0105794165 0.70291454 0.119589895 0.046516605
0.35100000000000003 0.04897318 0.6431946999999999 0.06319711 0.13862750000000001 -0.031558607 0.69387585 0.17046767 -0.0021651872
0.3515 0.04694712 0.6509261 0.06306623 0.13184500000000002 -0.012591239 0.6371971 0.26500723 0.0020529106
0.35200000000000004 0.04550984 0.6582873 0.06330383 0.1261198 -0.014870172 0.68722016 0.2639135 0.041318994
0.3525 0.04443691 0.6652792 0.06371096 0.1208626 -0.01809888 0.66851616 0.25383696 0.0711841
0.353 0.04354453 0.6719006 0.06417989 0.11590360000000001 -0.015163649 0.66811323 0.23607412 0.03972972
0.3535 0.04273161 0.67815 0.06466285 0.1111886 -0.011166301 0.6629816 0.23937309 0.03794292
0.354 0.04194937 0.6840271 0.06514002 0.1066935 -0.012841618 0.6707671 0.24489874 0.04057716
0.3545 0.04117564 0.6895326999999999 0.06560325 0.10240250000000001 -0.012511596 0.66938335 0.24790248 0.043530885
0.355 0.04040076 0.6946693 0.06604906 0.09830302 -0.012900412 0.6658195 0.24690706 0.04374093
0.3555 0.03962075 0.69944 0.06647583 0.09438351 -0.011624487 0.66508824 0.24401286 0.042374626
0.35600000000000004 0.03883419 0.7038492 0.06688272 0.09063349 -0.011295857 0.664948 0.24492913 0.042097837
0.3565 0.03804087 0.7079021 0.06726921 0.08704319 -0.010795031 0.664266 0.24533862 0.04174114
0.35700000000000004 0.03724105 0.7116043000000001 0.06763494 0.08360348 -0.010501735 0.6631155 0.24597192 0.041995626
0.3575 0.03643528 0.714962 0.06797966 0.08030581 -0.010088794 0.66227525 0.24569765 0.041975614
0.358 0.03562417 0.7179817 0.06830318 0.07714221 -0.00965325 0.6612756 0.24566996 0.04173656
0.3585 0.03480837 0.7206703000000001 0.06860534 0.07410518 -0.00919467 0.66037774 0.24574894 0.04151113
0.359 0.03398855 0.7230347 0.06888604 0.07118771 -0.008767625 0.6594508 0.24590999 0.041409384
0.3595 0.03316534 0.7250821 0.0691452 0.06838323 -0.008353541 0.6585169 0.24605381 0.041354876
0.36 0.03233936 0.7268198 0.06938277 0.06568559 -0.007930521 0.6575309 0.24612245 0.041248657
0.3605 0.03151119 0.7282549 0.06959873 0.06308899999999999 -0.0074975775 0.6565388 0.2462089 0.041142695
0.361 0.03068139 0.7293947 0.06979307 0.06058804 -0.0070649753 0.65555596 0.2463027 0.041042726
0.3615 0.02985048 0.7302463 0.06996581 0.05817765 -0.0066344882 0.65455383 0.2464194 0.040965755
0.36200000000000004 0.02901897 0.7308169 0.07011698 0.05585304 -0.0062045674 0.65353644 0.24652648 0.040894363
0.3625 0.02818734 0.7311135 0.07024664 0.05360974 -0.005772577 0.6525026 0.24663022 0.04082915
0.363 0.02735602 0.731143 0.07035485 0.05144354 -0.0053393315 0.6514584 0.24673364 0.04076842
0.3635 0.02652544 0.7309123000000001 0.07044169 0.04935049 -0.0049049514 0.6504009 0.24684003 0.040715083
0.364 0.025695999999999997 0.730428 0.07050724 0.04732688 -0.0044701346 0.64932966 0.24694836 0.0406708
0.3645 0.02486808 0.7296965999999999 0.0705516 0.04536922 -0.0040345467 0.6482442 0.24705544 0.040634304
0.365 0.02404201 0.7287246999999999 0.07057488 0.04347421 -0.0035980786 0.64714426 0.2471619 0.040604904
0.3655 0.02321815 0.7275185000000001 0.07057719999999999 0.04163878 -0.0031606224 0.64602995 0.24726748 0.04058228
0.366 0.02239679 0.7260840000000001 0.07055869 0.03986 -0.0027223513 0.6449009 0.24737242 0.040567186
0.3665 0.02157823 0.7244274 0.07051946 0.03813514 -0.0022832914 0.643757 0.24747607 0.04055953
0.36700000000000005 0.02076274 0.7225544 0.07045967 0.03646161 -0.001843194 0.6425978 0.24757817 0.04055932
0.3675 0.01995059 0.7204706999999999 0.07037945 0.03483698 -0.0014024801 0.6414228 0.24767822 0.04056619
0.368 0.01914201 0.7181819 0.07027896 0.03325896 -0.00096079055 0.6402319 0.24777582 0.040580407
0.3685 0.01833722 0.7156934 0.07015835 0.03172536 -0.0005182964 0.6390246 0.24787062 0.040601633
0.369 0.01753643 0.7130105 0.07001777 0.03023416 -7.485319e-05 0.63780063 0.24796247 0.04062992
0.3695 0.01673984 0.7101381999999999 0.06985739 0.02878341 0.0003691241 0.63655967 0.24805057 0.040665235
0.37 0.01594762 0.7070816 0.06967737 0.027371299999999998 0.0008141403 0.6353011 0.24813452 0.040707543
0.3705 0.01515995 0.7038456 0.06947788 0.02599609 0.0012598168 0.63402474 0.24821392 0.04075651
0.371 0.01437698 0.7004348000000001 0.06925911 0.02465615 0.0017064246 0.6327297 0.24828833 0.040812362
0.3715 0.01359884 0.6968539 0.06902121 0.02334994 0.0021537119 0.63141614 0.24835715 0.040874716
0.37200000000000005 0.01282567 0.6931073 0.06876436 0.022076 0.0026017828 0.630083 0.24841979 0.040943656
0.3725 0.01205759 0.6891994 0.06848875 0.02083294 0.0030504607 0.62873006 0.24847564 0.041018825
0.373 0.01129471 0.6851344 0.06819456 0.01961945 0.003500091 0.62735647 0.24852428 0.041100323
0.3735 0.01053713 0.6809165 0.06788197 0.01843428 0.003950266 0.62596196 0.2485649 0.041187886
0.374 0.009784924 0.6765496 0.06755116 0.01727625 0.0044012005 0.62454575 0.24859676 0.041281376
0.3745 0.009038188 0.6720377 0.06720232 0.01614425 0.004852618 0.62310714 0.24861959 0.04138043
0.375 0.008296988 0.6673846 0.06683564 0.01503721 0.005304828 0.6216452 0.24863222 0.041485127
0.3755 0.0075613880000000005 0.6625938 0.0664513 0.01395412 0.005757555 0.62015957 0.24863395 0.041595254
0.376 0.006831443 0.6576691 0.06604949 0.01289402 0.0062108072 0.6186494 0.24862391 0.041710403
0.3765 0.006107202 0.6526139 0.06563039 0.011856 0.0066647674 0.61711365 0.24860156 0.04183049
0.377 0.005388705 0.6474314999999999 0.06519421 0.01083918 0.007118909 0.6155515 0.24856576 0.04195522
0.3775 0.004675987 0.6421254 0.06474113 0.009842758 0.007573807 0.613962 0.2485156 0.042084437
0.37799999999999995 0.003969075999999999 0.6366987 0.06427133 0.00886593 0.008028823 0.61234415 0.2484501 0.042217575
0.3785 0.003267993 0.6311545000000001 0.06378501 0.007907951 0.008484332 0.61069673 0.24836826 0.04235463
0.379 0.002572755 0.6254958 0.06328235 0.006968108000000001 0.008940076 0.6090189 0.24826881 0.04249508
0.3795 0.0018833720000000001 0.6197256999999999 0.06276355 0.00604572 0.009396048 0.6073093 0.24815086 0.04263874
0.38 0.001199851 0.613847 0.0622288 0.005140138 0.00985212 0.60556644 0.2480129 0.042785164
0.3805 0.0005221929 0.6078625 0.06167828 0.0042507429999999995 0.010308368 0.6037892 0.24785393 0.042934112
0.381 -0.0001496069 0.6017749 0.06111218 0.003376944 0.01076449 0.6019761 0.24767229 0.04308504
0.3815 -0.0008155559 0.5955868000000001 0.06053069 0.002518176 0.011220645 0.6001254 0.24746677 0.043237478
0.382 -0.001475666 0.5893009 0.059934 0.0016739 0.01167655 0.59823555 0.24723577 0.043391157
0.3825 -0.002129953 0.5829196 0.05932229 0.0008436014 0.012132139 0.59630466 0.24697778 0.043545436
0.38299999999999995 -0.002778437 0.5764454000000001 0.05869576 2.678618e-05 0.012587349 0.5943309 0.24669093 0.0436998
0.3835 -0.00342114 0.5698807 0.05805457 -0.0007770167999999999 0.013041953 0.5923123 0.2463736 0.04385389
0.384 -0.004058088 0.5632276999999999 0.05739893 -0.001568259 0.013495998 0.5902465 0.24602357 0.044006992
0.3845 -0.004689311 0.5564888000000001 0.056728999999999995 -0.002347372 0.013949013 0.5881311 0.24563938 0.044158336
0.385 -0.005314839 0.549666 0.05604498 -0.00311477 0.014401259 0.5859636 0.24521843 0.044307657
0.3855 -0.005934708 0.5427616 0.05534705 -0.003870848 0.014851995 0.58374137 0.24475867 0.044453878
0.386 -0.006548954 0.5357776 0.05463537 -0.004615988 0.015301539 0.58146137 0.2442576 0.04459648
0.3865 -0.0071576159999999995 0.528716 0.05391014 -0.005350554 0.015749233 0.57912046 0.24371281 0.044734545
0.387 -0.007760736 0.5215787000000001 0.05317153 -0.006074894 0.0161952 0.5767152 0.24312133 0.04486751
0.3875 -0.008358355999999999 0.5143678 0.05241972 -0.006789344 0.016638763 0.5742419 0.24248058 0.04499416
0.38799999999999996 -0.008950521 0.5070851 0.05165487 -0.007494226999999999 0.01707997 0.5716964 0.2417872 0.04511376
0.3885 -0.009537279000000001 0.4997323 0.05087718 -0.008189851 0.017518152 0.5690745 0.24103835 0.045225237
0.389 -0.01011868 0.4923112 0.05008680000000001 -0.008876512 0.017953087 0.5663714 0.24023002 0.045327492
0.3895 -0.01069477 0.48482359999999997 0.0492839 -0.009554498 0.01838416 0.563582 0.23935875 0.045419388
0.39 -0.0112656 0.47727109999999995 0.04846867 -0.01022408 0.018810997 0.56070065 0.23842049 0.045499705
0.3905 -0.01183122 0.4696554 0.04764126 -0.01088552 0.019232962 0.5577214 0.23741114 0.045567222
0.391 -0.01239169 0.46197790000000005 0.04680184 -0.01153908 0.019649375 0.5546374 0.23632586 0.045620456
0.3915 -0.01294706 0.45424040000000004 0.04595058 -0.012185 0.020059602 0.55144125 0.23516014 0.045657974
0.392 -0.01349739 0.4464443 0.04508764 -0.01282352 0.020462692 0.54812515 0.2339083 0.045677938
0.3925 -0.01404273 0.438591 0.04421319 -0.01345485 0.020857707 0.54468 0.2325651 0.04567892
0.39299999999999996 -0.01458313 0.43068190000000006 0.04332738 -0.01407922 0.021243546 0.5410964 0.23112422 0.045658827
0.3935 -0.01511867 0.42271850000000005 0.04243037 -0.01469684 0.02161909 0.53736335 0.22957933 0.045615662
0.39399999999999996 -0.01564939 0.4147022 0.04152232 -0.01530791 0.02198269 0.5334691 0.22792342 0.04554741
0.3945 -0.01617535 0.4066341 0.04060339 -0.01591263 0.022332909 0.52940017 0.22614881 0.045451485
0.395 -0.01669661 0.39851570000000003 0.03967373 -0.01651118 0.022667764 0.5251425 0.22424755 0.0453254
0.3955 -0.01721323 0.3903481 0.03873349 -0.01710374 0.022985056 0.5206791 0.22221065 0.045166314
0.396 -0.01772527 0.38213259999999993 0.03778283 -0.0176905 0.02328238 0.515992 0.22002867 0.044971254
0.3965 -0.0182328 0.3738703 0.0368219 -0.01827161 0.02355657 0.5110607 0.21769124 0.044736587
0.397 -0.01873586 0.3655625 0.03585083 -0.01884725 0.023804493 0.5058621 0.21518725 0.044458896
0.3975 -0.01923452 0.35721020000000003 0.03486979 -0.01941756 0.024021884 0.50037044 0.21250442 0.04413369
0.39799999999999996 -0.01972884 0.34881449999999997 0.03387891 -0.01998271 0.02420426 0.49455613 0.20962957 0.04375645
0.3985 -0.02021887 0.3403766 0.03287833 -0.02054283 0.024345988 0.4883857 0.20654812 0.043322057
0.39899999999999997 -0.02070469 0.3318974 0.03186821 -0.02109808 0.024440698 0.4818215 0.20324448 0.04282451
0.3995 -0.02118635 0.32337790000000005 0.03084867 -0.02164858 0.024480551 0.47481966 0.19970116 0.042257216
0.4 -0.0216639 0.3148192 0.02981987 -0.02219448 0.024480177 0.4673559 0.19592601 0.04160245
0.4005 -0.02213482 0.30627350000000003 0.02878474 -0.022708000000000002 0.023986997 0.46247596 0.19225425 0.040479604
0.401 -0.02258844 0.2978294 0.02775313 -0.02315323 0.02358974 0.45774844 0.18821141 0.041146614
0.4015 -0.02302276 0.2895188 0.02672737 -0.02354632 0.02288966 0.449895 0.18318522 0.041826457
0.402 -0.02344075 0.281358 0.02570702 -0.02389653 0.023049012 0.4441267 0.17848563 0.04143372
0.4025 -0.02384489 0.27335590000000004 0.02469201 -0.02420759 0.022646982 0.43808433 0.17470494 0.041792613
0.40299999999999997 -0.02423658 0.2655177 0.02368269 -0.02448149 0.022078125 0.43280402 0.17109981 0.041255135
0.4035 -0.02461651 0.2578463 0.02267955 -0.02471975 0.022030333 0.42762107 0.16767827 0.040953398
0.40399999999999997 -0.02498498 0.2503434 0.02168313 -0.02492368 0.021881342 0.42213783 0.16453534 0.04155802
0.4045 -0.02534213 0.24300940000000001 0.02069394 -0.02509449 0.02144656 0.41736478 0.16142422 0.041359086
0.405 -0.02568804 0.2358439 0.01971243 -0.02523335 0.0213076 0.41182846 0.15837088 0.041461796
0.4055 -0.02602272 0.2288459 0.01873902 -0.02534132 0.020906558 0.40647647 0.15515548 0.041277297
0.406 -0.02634561 0.2220146 0.01777416 -0.02541834 0.020728687 0.4014123 0.15215886 0.04123355
0.4065 -0.02665647 0.21534789999999998 0.01681827 -0.02546547 0.020342158 0.39596727 0.14911668 0.04129001
0.40700000000000003 -0.02695617 0.20884299999999997 0.01587154 -0.02548467 0.020044101 0.39047173 0.14600015 0.041184373
0.4075 -0.027245099999999998 0.2024971 0.01493416 -0.0254771 0.019651657 0.38476706 0.14296436 0.04112366
0.408 -0.02752329 0.19630720000000002 0.01400636 -0.02544364 0.019205526 0.37885925 0.13978511 0.040973958
0.4085 -0.02779069 0.1902703 0.01308835 -0.02538509 0.018723859 0.37283668 0.13662052 0.040721502
0.409 -0.02804722 0.18438339999999998 0.01218034 -0.02530217 0.018220887 0.36647034 0.13337097 0.040530644
0.4095 -0.02829283 0.1786434 0.0112825 -0.02519561 0.017608171 0.35989705 0.13008738 0.040229768
0.41 -0.028527499999999997 0.1730472 0.01039501 -0.02506606 0.016963052 0.3529616 0.12672168 0.03988886
0.4105 -0.02875125 0.1675915 0.009517988 -0.02491418 0.01620164 0.3456398 0.123252854 0.039451003
0.41100000000000003 -0.028964099999999996 0.1622731 0.008651569 -0.02474059 0.015384169 0.33797246 0.11968776 0.03892184
0.4115 -0.02916608 0.15708889999999998 0.007795857 -0.02454587 0.0144563485 0.3298508 0.11601799 0.03832761
0.41200000000000003 -0.02935725 0.15203570000000002 0.006950948 -0.02433059 0.013435569 0.32125768 0.11221459 0.037633773
0.4125 -0.02953765 0.14711029999999997 0.006116921 -0.02409529 0.012296733 0.31214523 0.10828729 0.036834545
0.413 -0.02970735 0.1423096 0.005293845 -0.02384051 0.011038907 0.30245286 0.10420109 0.035929542
0.4135 -0.02986639 0.13763050000000002 0.004481779 -0.02356675 0.009646406 0.29217672 0.09995504 0.03488741
0.414 -0.03001485 0.13307 0.003680772 -0.02327448 0.00812955 0.28125405 0.09553343 0.0337348
0.4145 -0.03015279 0.1286252 0.002890863 -0.02296419 0.0064640515 0.2696697 0.090929195 0.03244919
0.415 -0.03028027 0.1242931 0.002112083 -0.0226363 0.0046652807 0.2573987 0.08613427 0.031037854
0.4155 -0.03039736 0.1200708 0.001344455 -0.02229127 0.002719517 0.24442774 0.08114164 0.02949823
0.41600000000000004 -0.03050413 0.1159556 0.000587996 -0.021929499999999998 0.00064578373 0.23078221 0.07594817 0.027835233
0.4165 -0.03060066 0.11194480000000001 -0.0001572861 -0.02155139 -0.0015497198 0.21649802 0.0705631 0.026065813
0.41700000000000004 -0.03068701 0.1080357 -0.0008913883 -0.02115734 -0.0038411883 0.20164512 0.064994335 0.0242111
0.4175 -0.03076326 0.10422560000000002 -0.001614314 -0.02074772 -0.0062035783 0.18633312 0.059268363 0.022296697
0.418 -0.03082949 0.10051210000000001 -0.0023260729999999997 -0.02032289 -0.008597052 0.17070183 0.0534137 0.020361843
0.4185 -0.03088576 0.09689273 -0.003026678 -0.0198832 -0.01098064 0.1549415 0.04747631 0.018444998
0.419 -0.03093217 0.09336503 -0.00371615 -0.01942899 -0.013300708 0.13927023 0.04151208 0.016599258
0.4195 -0.03096878 0.08992668 -0.004394513 -0.01896058 -0.015509855 0.123933315 0.035590623 0.014875278
0.42 -0.03099568 0.0865754 -0.005061795 -0.01847828 -0.017556714 0.10918539 0.02978993 0.013325036
0.4205 -0.03101295 0.08330896 -0.005718029 -0.01798242 -0.01940307 0.09526912 0.024194656 0.011993475
0.42100000000000004 -0.03102066 0.08012522 -0.006363252 -0.01747327 -0.02101761 0.082399726 0.018887876 0.010915784
0.4215 -0.03101891 0.07702205 -0.006997504 -0.01695112 -0.022385623 0.070744954 0.013948567 0.010114336
0.42200000000000004 -0.03100777 0.07399743 -0.0076208280000000005 -0.01641626 -0.023504212 0.06041226 0.009441715 0.009597236
0.4225 -0.03098732 0.07104935 -0.008233272 -0.01586895 -0.024384184 0.051446885 0.005416952 0.009357708
0.423 -0.03095765 0.06817588 -0.008834887 -0.01530945 -0.02504426 0.04383309 0.0019023642 0.00937766
0.4235 -0.03091884 0.06537514 -0.009425725 -0.01473802 -0.025509577 0.03750617 -0.0010939687 0.009629345
0.424 -0.03087098 0.06264528 -0.01000584 -0.014154900000000002 -0.025805783 0.03236553 -0.0035826676 0.010081509
0.4245 -0.03081416 0.05998453 -0.0105753 -0.01356032 -0.025959305 0.028288484 -0.0055895224 0.010701286
0.425 -0.03074845 0.05739115 -0.01113415 -0.01295453 -0.025993202 0.0251434 -0.007151287 0.011457851
0.4255 -0.03067394 0.05486345 -0.01168246 -0.01233773 -0.025928397 0.022799343 -0.008311421 0.012323629
0.426 -0.03059072 0.05239979 -0.01222031 -0.01171016 -0.025781948 0.021133155 -0.009116221 0.013275117
0.4265 -0.03049887 0.04999857 -0.01274774 -0.01107201 -0.02556863 0.020033695 -0.009611584 0.014293086
0.42700000000000005 -0.03039848 0.04765824 -0.01326484 -0.0104235 -0.025300074 0.019402906 -0.0098415725 0.015362285
0.4275 -0.03028963 0.04537728 -0.01377167 -0.009764831 -0.024985801 0.019156873 -0.009846002 0.016470583
0.428 -0.03017242 0.04315422 -0.01426831 -0.009096195999999999 -0.024633836 0.019224145 -0.009660374 0.01760863
0.4285 -0.03004691 0.04098762 -0.01475482 -0.008417786 -0.024250306 0.019545414 -0.009315871 0.018769335
0.429 -0.02991321 0.03887609 -0.01523129 -0.0077297880000000005 -0.023840414 0.020071372 -0.008838955 0.01994702
0.4295 -0.02977139 0.03681827 -0.015697799999999998 -0.0070323830000000006 -0.02340815 0.020761468 -0.008252073 0.021137353
0.43 -0.02962154 0.03481283 -0.01615441 -0.006325746 -0.022957012 0.021582559 -0.0075740814 0.022337094
0.4305 -0.02946375 0.0328585 -0.01660121 -0.00561005 -0.022489555 0.022507496 -0.0068207122 0.023543576
0.431 -0.02929809 0.03095403 -0.01703828 -0.004885461 -0.02200802 0.023514435 -0.0060047917 0.024754781
0.4315 -0.02912464 0.02909825 -0.01746569 -0.004152128 -0.021514352 0.024585307 -0.0051371977 0.025968902
0.43200000000000005 -0.02894347 0.02729 -0.01788352 -0.003410205 -0.021009637 0.02570577 -0.0042265877 0.027184898
0.4325 -0.02875465 0.02552812 -0.01829186 -0.0026598459999999996 -0.020495456 0.02686403 -0.0032802597 0.028401379
0.433 -0.02855854 0.02381111 -0.01870998 -0.001902083 -0.019972505 0.028050318 -0.0023043007 0.029617833
0.4335 -0.02835925 0.02213293 -0.01920593 -0.001147157 -0.019441817 0.029257245 -0.00130371 0.030833079
0.434 -0.02815623 0.02049279 -0.01967412 -0.0003885191 -0.018903766 0.030478217 -0.00028254092 0.03204698
0.4345 -0.02794612 0.018893 -0.02008919 0.00037984559999999995 -0.018359171 0.03170839 0.00075567514 0.033258714
0.435 -0.02772719 0.01733504 -0.02046149 0.001159099 -0.017808294 0.03294354 0.0018082671 0.034467887
0.4355 -0.02749885 0.01581921 -0.02080487 0.001948927 -0.017251685 0.03418017 0.002872534 0.03567421
0.436 -0.02726142 0.01434491 -0.02112963 0.002748602 -0.016689483 0.03541582 0.0039464757 0.03687728
0.4365 -0.02701554 0.01291109 -0.02144222 0.00355744 -0.016122151 0.03664808 0.0050284155 0.038076844
0.43700000000000006 -0.02676189 0.01151647 -0.02174624 0.004374876 -0.015549764 0.03787513 0.0061166734 0.039272618
0.4375 -0.02650098 0.01015975 -0.02204352 0.005200449 -0.014972648 0.039095536 0.007209908 0.04046436
0.43799999999999994 -0.02623319 0.008839639 -0.0223348 0.006033775999999999 -0.014390871 0.04030828 0.00830707 0.04165179
0.4385 -0.02595879 0.007554951999999999 -0.02262029 0.006874535 -0.013804713 0.041512057 0.009407088 0.042834844
0.439 -0.02567793 0.006304584 -0.02289989 0.0077224369999999995 -0.0132143255 0.042706177 0.01050885 0.044013366
0.4395 -0.02539075 0.005087541 -0.02317339 0.008577179 -0.012619801 0.043889947 0.011611547 0.045186937
0.44 -0.02509734 0.0039028759999999996 -0.02344053 0.009438561 -0.012021311 0.045062914 0.012714513 0.046355523
0.4405 -0.02479773 0.002749696 -0.0237011 0.01030644 -0.011418922 0.046224356 0.013816956 0.047519036
0.441 -0.02449197 0.001627164 -0.0239549 0.01118066 -0.010812895 0.047374107 0.014918264 0.048677273
0.4415 -0.0241801 0.0005344934 -0.02420176 0.0120611 -0.0102033205 0.048511714 0.016017733 0.049830094
0.442 -0.02386217 -0.0005290777 -0.02444158 0.01294764 -0.009590335 0.049636804 0.017114734 0.05097715
0.4425 -0.02353825 -0.00156425 -0.02467429 0.01384014 -0.008973982 0.050749168 0.018208815 0.052118685
0.44299999999999995 -0.02320841 -0.002571576 -0.02489984 0.01473804 -0.008354535 0.051848598 0.019299466 0.05325431
0.4435 -0.0228737 -0.003550432 -0.025118900000000003 0.01563405 -0.007732091 0.05293463 0.020386083 0.054383945
0.444 -0.02253483 -0.0045020220000000005 -0.02533155 0.01653192 -0.0071069053 0.05400715 0.02146832 0.055507347
0.4445 -0.02219059 -0.005427693000000001 -0.02553696 0.01743669 -0.006478961 0.055065908 0.02254556 0.05662456
0.445 -0.02184181 -0.006327343000000001 -0.02573674 0.01834261 -0.0058485805 0.05611082 0.02361745 0.0577353
0.4455 -0.02148916 -0.00720204 -0.02593066 0.01925059 -0.0052158036 0.057141524 0.024683557 0.058839567
0.446 -0.02113065 -0.008053124 -0.026116700000000003 0.02016662 -0.0045809518 0.058157805 0.02574363 0.05993712
0.4465 -0.0207652 -0.008881376 -0.026294400000000002 0.02109191 -0.0039440705 0.059159324 0.0267971 0.061027844
0.447 -0.02039276 -0.009687316 -0.02646404 0.02202594 -0.0033055064 0.06014606 0.027843874 0.062111683
0.4475 -0.0200137 -0.01047135 -0.02662607 0.02296789 -0.0026653348 0.06111759 0.028883202 0.06318831
0.44799999999999995 -0.01962848 -0.01123386 -0.02678087 0.02391702 -0.002023837 0.06207367 0.029915188 0.064257875
0.4485 -0.01923751 -0.011975200000000002 -0.02692874 0.02487272 -0.0013812417 0.06301405 0.030939244 0.06532003
0.449 -0.01884107 -0.01269574 -0.02706988 0.02583449 -0.00073763216 0.06393858 0.031955283 0.06637477
0.4495 -0.01843941 -0.01339586 -0.02720445 0.02680191 -9.338744e-05 0.06484696 0.03296289 0.06742184
0.45 -0.01803268 -0.01407595 -0.02733256 0.02777466 0.00055139465 0.06573883 0.033961874 0.06846124
0.4505 -0.01762099 -0.01473641 -0.0274543 0.02875247 0.0011963332 0.066614084 0.03495211 0.06949276
0.451 -0.01720444 -0.01537764 -0.02756975 0.02973511 0.0018413062 0.06747235 0.035933334 0.07051627
0.4515 -0.0167831 -0.01600003 -0.02767898 0.0307224 0.002486097 0.0683133 0.03690525 0.071531914
0.452 -0.01635705 -0.01660398 -0.02778205 0.03171419 0.0031303205 0.06913683 0.037867785 0.07253919
0.4525 -0.01592632 -0.01718989 -0.02787904 0.03271034 0.0037739587 0.06994265 0.038820848 0.07353817
0.45299999999999996 -0.015491 -0.01775815 -0.02797 0.033710699999999996 0.004416533 0.07073051 0.03976424 0.07452874
0.4535 -0.01505115 -0.01830915 -0.02805502 0.03471516 0.005057963 0.07150023 0.040697765 0.075510666
0.45399999999999996 -0.01460679 -0.01884327 -0.02813415 0.03572364 0.0056980466 0.07225146 0.041621555 0.07648416
0.4545 -0.01415799 -0.01936088 -0.02820746 0.0367361 0.0063362652 0.072983995 0.042535283 0.077448815
0.455 -0.01370478 -0.01986233 -0.02827501 0.03775245 0.006972714 0.073697925 0.043439165 0.078404635
0.4555 -0.01324722 -0.020347999999999998 -0.02833688 0.03877263 0.007607017 0.07439271 0.044332784 0.07935158
0.456 -0.01278537 -0.02081822 -0.02839312 0.03979659 0.008238945 0.075068444 0.045216553 0.08028956
0.4565 -0.01231927 -0.02127334 -0.02844381 0.04082426 0.008868288 0.07572506 0.046090055 0.08121842
0.457 -0.011849 -0.02171369 -0.02848901 0.04185558 0.009494908 0.07636217 0.046953566 0.08213813
0.4575 -0.01137459 -0.02213959 -0.02852879 0.0428905 0.010118321 0.076979935 0.04780716 0.08304862
0.45799999999999996 -0.01089605 -0.02250079 -0.02856217 0.04392966 0.010738729 0.0775782 0.048650604 0.08394996
0.4585 -0.01041334 -0.02281009 -0.02858781 0.04497268 0.011355599 0.07815701 0.049484007 0.08484184
0.45899999999999996 -0.009926691 -0.02310548 -0.02860703 0.04601878 0.011968996 0.07871628 0.050307788 0.08572438
0.4595 -0.009436208 -0.02340325 -0.02862108 0.04706793 0.012578418 0.079256095 0.051121723 0.0865975
0.46 -0.008941928 -0.02370882 -0.02863068 0.04812018 0.013184052 0.07977632 0.05192581 0.08746128
0.4605 -0.008443874 -0.02402216 -0.02863616 0.04917555 0.013785435 0.080277435 0.05272031 0.08831543
0.461 -0.007942071 -0.02434079 -0.0286376 0.05023405 0.014382705 0.08075935 0.05350527 0.08916015
0.4615 -0.007436555 -0.02466145 -0.02863498 0.05129568 0.014975462 0.08122206 0.054280967 0.08999537
0.462 -0.006927361999999999 -0.02498086 -0.02862823 0.05236042 0.015563764 0.08166602 0.055047218 0.090821065
0.4625 -0.006414715 -0.02529593 -0.02861732 0.05342656 0.016147409 0.08209137 0.05580458 0.09163734
0.46299999999999997 -0.005901469 -0.02560305 -0.02860336 0.05448253 0.016726255 0.08249816 0.056552846 0.09244396
0.4635 -0.0053875730000000005 -0.02590127 -0.02858608 0.05553722 0.017300256 0.08288681 0.057292394 0.09324114
0.46399999999999997 -0.00487019 -0.02619004 -0.02856412 0.05659783 0.017869407 0.08325763 0.058023028 0.094028875
0.4645 -0.004347883 -0.02646869 -0.02853698 0.05766556 0.018433435 0.08361096 0.05874539 0.09480706
0.465 -0.003820508 -0.02673668 -0.02850475 0.05873987 0.018992497 0.08394696 0.059459206 0.09557593
0.4655 -0.0032884470000000003 -0.02699365 -0.02846765 0.05981998 0.019546269 0.08426619 0.060165003 0.09633541
0.466 -0.0027522490000000004 -0.02723877 -0.02842594 0.0609063 0.020095017 0.08456901 0.060862634 0.09708561
0.4665 -0.002212257 -0.02747162 -0.02837985 0.06199805 0.02063845 0.084855914 0.0615524 0.09782632
0.467 -0.0016682420000000001 -0.02769305 -0.02832943 0.06309318 0.021176782 0.08512716 0.062234513 0.098557934
0.4675 -0.0011204639999999998 -0.02790364 -0.02827472 0.06419144 0.021709833 0.08538334 0.06290908 0.09928037
0.46799999999999997 -0.0005693609 -0.02810374 -0.02821582 0.06529272 0.02223765 0.08562487 0.06357613 0.099993736
0.4685 -1.526606e-05 -0.02829364 -0.028152800000000002 0.06639692 0.022760238 0.085852295 0.06423619 0.10069795
0.469 0.0005416468 -0.02847354 -0.02808575 0.06750394 0.023277566 0.08606605 0.06488907 0.10139324
0.4695 0.001101344 -0.02864365 -0.02801471 0.0686137 0.023789756 0.0862667 0.06553511 0.102079615
0.47 0.00166382 -0.02880418 -0.02793975 0.06972613 0.024296768 0.08645488 0.0661744 0.10275717
0.4705 0.002229067 -0.02895538 -0.02786092 0.07084112 0.024798661 0.08663097 0.06680713 0.103425935
0.47100000000000003 0.002797074 -0.029097500000000002 -0.02777828 0.07195862 0.025295546 0.0867956 0.06743342 0.1040861
0.4715 0.003367834 -0.02923081 -0.02769186 0.07307855 0.02578727 0.086949244 0.06805338 0.1047377
0.47200000000000003 0.003941334 -0.02935555 -0.02760174 0.07420086 0.02627414 0.087092474 0.06866723 0.105380744
0.4725 0.00451756 -0.02947198 -0.02750795 0.07532549 0.026756072 0.08722603 0.06927492 0.106015444
0.473 0.005096493 -0.02958033 -0.02741054 0.07645239 0.027233196 0.08735022 0.06987706 0.106641755
0.4735 0.005678109000000001 -0.02968084 -0.02730957 0.07758153 0.027705455 0.087465666 0.07047324 0.107259884
0.474 0.0062623819999999995 -0.02977372 -0.02720508 0.07871287 0.0281731 0.087572984 0.07106383 0.10786988
0.4745 0.006849284000000001 -0.02985918 -0.02709712 0.07984636 0.028636139 0.08767295 0.07164881 0.108471766
0.475 0.007438783000000001 -0.02993743 -0.02698573 0.08098198 0.029094694 0.08776582 0.07222861 0.109065846
0.4755 0.008030848 -0.03000865 -0.02687098 0.08211969 0.029548671 0.08785218 0.072802946 0.10965201
0.47600000000000003 0.008625445 -0.03007303 -0.02675289 0.08325946 0.029998481 0.08793269 0.07337224 0.1102304
0.4765 0.009222528 -0.03013072 -0.02663152 0.08439825 0.03044392 0.0880078 0.073936366 0.110801205
0.47700000000000004 0.00982192 -0.03018191 -0.02650692 0.08553144 0.03088519 0.08807811 0.074495554 0.11136429
0.4775 0.01042353 -0.03022674 -0.02637914 0.08666793 0.031322464 0.08814408 0.07504976 0.111920044
0.478 0.01102743 -0.03026536 -0.02624822 0.08780894 0.031755626 0.08820621 0.07559922 0.11246835
0.4785 0.01163367 -0.03029792 -0.0261142 0.08895396 0.032185033 0.08826513 0.07614392 0.11300941
0.479 0.01224224 -0.03032456 -0.02597714 0.09010244 0.03261051 0.088321246 0.07668418 0.11354318
0.4795 0.012853100000000001 -0.03034542 -0.02583708 0.09125394 0.033032365 0.08837506 0.077219576 0.114069894
0.48 0.01346627 -0.03036063 -0.02569406 0.09240816 0.033450563 0.08842706 0.07775059 0.1145895
0.4805 0.01408168 -0.03037029 -0.0255481 0.09356484 0.03386533 0.08847761 0.07827708 0.1151022
0.48100000000000004 0.01469944 -0.03037448 -0.02539924 0.09472383 0.034276545 0.08852728 0.07879941 0.11560808
0.4815 0.01531956 -0.03037332 -0.02524752 0.09588499 0.03468453 0.088576436 0.07931718 0.11610718
0.48200000000000004 0.01594198 -0.03036692 -0.02509296 0.09704818 0.03508922 0.08862555 0.07983087 0.11659959
0.4825 0.0165666 -0.03035542 -0.02493563 0.09821331 0.03549083 0.088675104 0.080340184 0.11708538
0.483 0.01719336 -0.03033891 -0.02477555 0.09938029 0.0358893 0.08872533 0.08084544 0.11756469
0.4835 0.01782221 -0.03031751 -0.02461277 0.10054910000000002 0.036284763 0.088776834 0.08134657 0.1180374
0.484 0.01845309 -0.03029133 -0.02444732 0.10171960000000001 0.036677524 0.08882984 0.08184338 0.118503824
0.4845 0.01908596 -0.03026046 -0.02427925 0.10289169999999999 0.037067346 0.08888474 0.08233647 0.118964
0.485 0.0197208 -0.03022501 -0.02410859 0.10406549999999999 0.037454464 0.088941835 0.08282525 0.119417846
0.4855 0.02035763 -0.03018505 -0.02393537 0.10524100000000002 0.037838914 0.0890016 0.083310336 0.1198656
0.486 0.02099648 -0.03014069 -0.02375964 0.10641800000000001 0.038220827 0.08906429 0.08379135 0.12030721
0.4865 0.02163729 -0.03009201 -0.02358142 0.10759660000000001 0.0386003 0.08913022 0.08426842 0.12074283
0.48700000000000004 0.02227996 -0.03003909 -0.02340076 0.1087767 0.038977385 0.08919982 0.08474165 0.12117249
0.4875 0.02292444 -0.02998202 -0.02321768 0.10995839999999998 0.039352033 0.08927311 0.085210994 0.12159629
0.488 0.02357069 -0.02992087 -0.02303223 0.11114149999999999 0.039724458 0.08935069 0.08567649 0.12201427
0.4885 0.02421867 -0.02985572 -0.02284443 0.1123261 0.040094726 0.08943258 0.08613819 0.122426435
0.489 0.02486837 -0.02978666 -0.02265432 0.1135121 0.04046287 0.08951917 0.086596146 0.122832924
0.4895 0.02551979 -0.02971375 -0.02246192 0.1146995 0.040828943 0.08961065 0.08705023 0.12323369
0.49 0.02617291 -0.02963707 -0.02226729 0.1158883 0.041193064 0.08970736 0.08750062 0.12362896
0.4905 0.02682769 -0.02955669 -0.02207043 0.1170785 0.041555103 0.08980949 0.08794719 0.1240187
0.491 0.02748391 -0.02947271 -0.02187143 0.11826969999999999 0.041915458 0.08991714 0.08839016 0.12440278
0.4915 0.0281414 -0.02938521 -0.02167034 0.11946199999999998 0.04227382 0.09003067 0.08882947 0.12478161
0.49200000000000005 0.02880031 -0.02929426 -0.02146717 0.12065530000000001 0.042630624 0.09015022 0.089265004 0.12515493
0.4925 0.0294608 -0.02919993 -0.02126192 0.1218499 0.042985566 0.09027601 0.0896969 0.12552299
0.493 0.03012295 -0.02910226 -0.0210546 0.12304580000000001 0.043338962 0.09040815 0.09012498 0.12588577
0.4935 0.03078675 -0.02900132 -0.02084523 0.124243 0.043690696 0.090546995 0.09054959 0.12624328
0.494 0.0314522 -0.02889716 -0.02063384 0.12544149999999998 0.044040885 0.090692475 0.09097053 0.12659556
0.4945 0.03211925 -0.02878983 -0.02042046 0.1266412 0.044389542 0.090844736 0.091387786 0.12694275
0.495 0.03278788 -0.02867938 -0.02020512 0.1278422 0.044736814 0.091004245 0.09180143 0.12728474
0.4955 0.03345805 -0.02856587 -0.01998784 0.1290445 0.045082625 0.09117073 0.092211545 0.12762168
0.496 0.03412974 -0.02844935 -0.01976866 0.1302481 0.04542704 0.09134455 0.09261804 0.12795368
0.4965 0.03480291 -0.02832988 -0.0195476 0.13145279999999998 0.045770083 0.09152586 0.093021035 0.12828054
0.49700000000000005 0.03547754 -0.02820751 -0.0193247 0.1326588 0.046111885 0.091714665 0.09342024 0.12860252
0.4975 0.03615361 -0.028082299999999998 -0.01909997 0.133866 0.04645244 0.09191116 0.09381619 0.12891951
0.498 0.03683108 -0.02795428 -0.01887345 0.13507439999999998 0.04679175 0.09211546 0.094208375 0.12923166
0.4985 0.03750995 -0.02782352 -0.01864515 0.13628389999999999 0.047129776 0.09232745 0.094597235 0.1295389
0.499 0.03819019 -0.02769006 -0.01841511 0.13749470000000003 0.047466703 0.09254742 0.094982386 0.12984131
0.4995 0.03887177 -0.02755395 -0.01818335 0.1387065 0.04780242 0.092775345 0.09536412 0.13013895
