8.168360590934753418e-02 9.458391666412353516e-01
8.527503609657287598e-01 1.610992252826690674e-01
1.387401670217514038e-01 1.319731771945953369e-01
1.119592860341072083e-01 2.715764753520488739e-02
2.615226432681083679e-02 4.787106439471244812e-02
4.785905033349990845e-02 7.726385444402694702e-02
8.033256977796554565e-02 2.111263200640678406e-02
2.162829972803592682e-02 2.982296794652938843e-02
2.763381600379943848e-02 3.195814043283462524e-02
2.762421593070030212e-02 2.387819252908229828e-02
1.968208700418472290e-02 2.312375418841838837e-02
1.963094249367713928e-02 2.592917717993259430e-02
2.292339503765106201e-02 2.279279008507728577e-02
2.038445509970188141e-02 1.821413822472095490e-02
1.632315292954444885e-02 1.807800307869911194e-02
1.612703874707221985e-02 2.078993804752826691e-02
1.818579994142055511e-02 2.016681432723999023e-02
1.719137094914913177e-02 1.760431751608848572e-02
1.473078597337007523e-02 1.681478507816791534e-02
1.422232668846845627e-02 1.661020889878273010e-02
1.450827904045581818e-02 1.551772747188806534e-02
1.373074483126401901e-02 1.382261235266923904e-02
1.186131872236728668e-02 1.376277953386306763e-02
1.133078802376985550e-02 1.456945203244686127e-02
1.170959137380123138e-02 1.321445032954216003e-02
1.029805466532707214e-02 1.083101984113454819e-02
8.423872292041778564e-03 9.726400487124919891e-03
8.004178293049335480e-03 9.537685662508010864e-03
8.078561164438724518e-03 8.616827428340911865e-03
6.902619730681180954e-03 7.952030748128890991e-03
5.621950607746839523e-03 8.732987567782402039e-03
5.683416966348886490e-03 9.026659652590751648e-03
5.587460938841104507e-03 7.709913421422243118e-03
4.319719504565000534e-03 6.978224031627178192e-03
3.847857704386115074e-03 7.314746733754873276e-03
4.349898546934127808e-03 7.329568266868591309e-03
4.161160439252853394e-03 7.243565283715724945e-03
3.607229562476277351e-03 7.557397242635488510e-03
3.519548801705241203e-03 7.464584428817033768e-03
3.332910127937793732e-03 6.898652762174606323e-03
2.952150069177150726e-03 6.468543782830238342e-03
2.759716240689158440e-03 6.146862171590328217e-03
2.624283311888575554e-03 6.007612217217683792e-03
2.576230326667428017e-03 5.916225258260965347e-03
2.449851715937256813e-03 5.710086785256862640e-03
2.219985239207744598e-03 5.682065617293119431e-03
2.255589701235294342e-03 5.545320454984903336e-03
2.181360963732004166e-03 5.357191897928714752e-03
1.968188676983118057e-03 5.512423813343048096e-03
1.987617928534746170e-03 5.569962318986654282e-03
1.895295921713113785e-03 5.398415494710206985e-03
1.744549721479415894e-03 5.086484830826520920e-03
1.689831959083676338e-03 4.691274836659431458e-03
1.622105366550385952e-03 4.407136701047420502e-03
1.581652439199388027e-03 4.244314040988683701e-03
1.540467375889420509e-03 4.159830510616302490e-03
1.453130389563739300e-03 4.208740778267383575e-03
1.406075432896614075e-03 4.284970462322235107e-03
1.372869242914021015e-03 4.230584949254989624e-03
1.305826590396463871e-03 4.058615770190954208e-03
1.260667457245290279e-03 3.789960872381925583e-03
1.200700527988374233e-03 3.599058603867888451e-03
1.156489131972193718e-03 3.590421285480260849e-03
1.119807013310492039e-03 3.707606112584471703e-03
1.090980716980993748e-03 3.743374254554510117e-03
1.060966053046286106e-03 3.588119521737098694e-03
1.004549791105091572e-03 3.434464335441589355e-03
9.772182675078511238e-04 3.384430427104234695e-03
9.576372103765606880e-04 3.377607790753245354e-03
9.032713714987039566e-04 3.398660570383071899e-03
8.841989329084753990e-04 3.287107450887560844e-03
8.521875133737921715e-04 3.057872876524925232e-03
8.112214272841811180e-04 2.922258106991648674e-03
7.993363542482256889e-04 2.917134203016757965e-03
7.656764355488121510e-04 2.993818139657378197e-03
7.376832072623074055e-04 3.037122543901205063e-03
7.190663018263876438e-04 2.960686106234788895e-03
6.901168380863964558e-04 2.843276131898164749e-03
6.705731502734124660e-04 2.794433152303099632e-03
6.472993409261107445e-04 2.802307484671473503e-03
6.257055210880935192e-04 2.774411579594016075e-03
6.064624758437275887e-04 2.713367575779557228e-03
5.867305444553494453e-04 2.655319869518280029e-03
5.668632220476865768e-04 2.628787653520703316e-03
5.488928291015326977e-04 2.636858262121677399e-03
5.308764521032571793e-04 2.609028713777661324e-03
5.151642253622412682e-04 2.530171303078532219e-03
4.978606011718511581e-04 2.455556532368063927e-03
4.828091477975249290e-04 2.406254643574357033e-03
4.701912403106689453e-04 2.392055001109838486e-03
4.535985935945063829e-04 2.370076486840844154e-03
4.422123020049184561e-04 2.324588829651474953e-03
4.282127483747899532e-04 2.295453334227204323e-03
4.169392632320523262e-04 2.273070393130183220e-03
4.044068919029086828e-04 2.255445113405585289e-03
3.929378872271627188e-04 2.208927646279335022e-03
3.828540211543440819e-04 2.174557419493794441e-03
3.717592626344412565e-04 2.156260190531611443e-03
3.620076749939471483e-04 2.152063418179750443e-03
3.517149889376014471e-04 2.134791342541575432e-03
3.435129183344542980e-04 2.107000444084405899e-03
3.332856576889753342e-04 2.083929022774100304e-03
3.256574273109436035e-04 2.070354763418436050e-03
3.169612027704715729e-04 2.057064324617385864e-03
3.096314612776041031e-04 2.037628320977091789e-03
3.015162074007093906e-04 2.019477542489767075e-03
2.946570748463273048e-04 2.010681666433811188e-03
2.874134806916117668e-04 1.995948143303394318e-03
2.810352307278662920e-04 1.978183863684535027e-03
2.742279903031885624e-04 1.953131984919309616e-03
2.685464860405772924e-04 1.954968320205807686e-03
2.627125359140336514e-04 1.917262678034603596e-03
2.582986198831349611e-04 1.951585523784160614e-03
2.575519029051065445e-04 1.867859275080263615e-03
2.728328690864145756e-04 2.145043341442942619e-03
3.560353652574121952e-04 2.158296993002295494e-03
7.415441796183586121e-04 4.697844386100769043e-03
2.349277026951313019e-03 8.864169940352439880e-03
7.698433473706245422e-03 2.017944306135177612e-02
1.590231060981750488e-02 1.039293967187404633e-02
9.190715849399566650e-03 3.083669347688555717e-03
1.476930803619325161e-03 1.093128696084022522e-02
7.760708685964345932e-03 3.157309722155332565e-03
9.544030181132256985e-04 7.227267604321241379e-03
5.848000291734933853e-03 3.139739623293280602e-03
9.803515858948230743e-04 7.394079584628343582e-03
4.567023366689682007e-03 2.823522081598639488e-03
8.172472007572650909e-04 4.800300113856792450e-03
3.574526170268654823e-03 3.000735538080334663e-03
8.946369052864611149e-04 6.019067950546741486e-03
2.583724213764071465e-03 4.261386115103960037e-03
1.343326410278677940e-03 3.029085462912917137e-03
1.483546220697462559e-03 3.154603531584143639e-03
1.819875673390924931e-03 2.967872889712452888e-03
7.767567876726388931e-04 4.432704765349626541e-03
1.781628816388547421e-03 2.785155782476067543e-03
6.163026555441319942e-04 3.047912381589412689e-03
1.420654007233679295e-03 2.551272278651595116e-03
8.232565014623105526e-04 3.046184778213500977e-03
8.780988864600658417e-04 3.330206032842397690e-03
1.046604593284428120e-03 2.443226054310798645e-03
5.052893538959324360e-04 2.655187156051397324e-03
1.034316606819629669e-03 2.290674485266208649e-03
4.831258847843855619e-04 2.971643581986427307e-03
7.544870604760944843e-04 2.816757885739207268e-03
6.123383645899593830e-04 2.340331440791487694e-03
4.895137972198426723e-04 2.381438156589865685e-03
6.698271026834845543e-04 2.360769780352711678e-03
3.808266774285584688e-04 2.765874145552515984e-03
5.804934189654886723e-04 2.346725435927510262e-03
3.831242211163043976e-04 2.142122481018304825e-03
4.613383207470178604e-04 2.142385579645633698e-03
4.112777824047952890e-04 2.371747046709060669e-03
3.485526540316641331e-04 2.552738878875970840e-03
4.233556392136961222e-04 2.219977322965860367e-03
2.822465903591364622e-04 2.174067776650190353e-03
3.965132345911115408e-04 2.129876753315329552e-03
2.708835818339139223e-04 2.378139412030577660e-03
3.280405362602323294e-04 2.285112626850605011e-03
2.855306956917047501e-04 2.036577090620994568e-03
2.708189713302999735e-04 1.995200058445334435e-03
2.954955562017858028e-04 2.093239221721887589e-03
2.288261457579210401e-04 2.258801599964499474e-03
2.836258790921419859e-04 2.068399684503674507e-03
2.137353440048173070e-04 2.007502363994717598e-03
2.583134628366678953e-04 2.034825738519430161e-03
2.120211138390004635e-04 2.157758921384811401e-03
2.266305964440107346e-04 2.101321704685688019e-03
2.154354297090321779e-04 1.983151538297533989e-03
2.049253962468355894e-04 2.001399639993906021e-03
2.110174827976152301e-04 2.072851872071623802e-03
1.898662449093535542e-04 2.092762850224971771e-03
2.006527938647195697e-04 1.974342623725533485e-03
1.819655299186706543e-04 1.928864046931266785e-03
1.917821646202355623e-04 1.965530682355165482e-03
1.743442553561180830e-04 2.014077268540859222e-03
1.836064766393974423e-04 1.927128760144114494e-03
1.680648274486884475e-04 1.869710395112633705e-03
1.748170907376334071e-04 1.902355230413377285e-03
1.634380168979987502e-04 1.964014954864978790e-03
1.669529447099193931e-04 1.917661516927182674e-03
1.594010973349213600e-04 1.856381772086024284e-03
1.607860467629507184e-04 1.859310315921902657e-03
1.545381237519904971e-04 1.897216076031327248e-03
1.555573544465005398e-04 1.871462794952094555e-03
1.502936502220109105e-04 1.824397710151970387e-03
1.505216496298089623e-04 1.821175799705088139e-03
1.466963003622367978e-04 1.857368857599794865e-03
1.453777804272249341e-04 1.856088638305664062e-03
1.438086474081501365e-04 1.814982620999217033e-03
1.410958357155323029e-04 1.807168009690940380e-03
1.405268121743574739e-04 1.834659604355692863e-03
1.374144485453143716e-04 1.834914553910493851e-03
1.372747356072068214e-04 1.795163960196077824e-03
1.344351476291194558e-04 1.786782871931791306e-03
1.340298040304332972e-04 1.808341825380921364e-03
1.314791152253746986e-04 1.807884545996785164e-03
1.310498482780531049e-04 1.778539270162582397e-03
1.289436186198145151e-04 1.769682508893311024e-03
1.281632430618628860e-04 1.781638711690902710e-03
1.265036407858133316e-04 1.781127764843404293e-03
1.254605595022439957e-04 1.762728905305266380e-03
1.242486468981951475e-04 1.755669014528393745e-03
1.229499030159786344e-04 1.765340450219810009e-03
1.219376790686510503e-04 1.764387125149369240e-03
1.206882225233130157e-04 1.748860930092632771e-03
1.197111705550923944e-04 1.744194771163165569e-03
1.185401197290048003e-04 1.751375151798129082e-03
1.176131336251273751e-04 1.745313056744635105e-03
1.164622517535462976e-04 1.732388511300086975e-03
1.156452417490072548e-04 1.733476063236594200e-03
1.144608031609095633e-04 1.739440718665719032e-03
1.137511280830949545e-04 1.731762080453336239e-03
1.125916751334443688e-04 1.722600776702165604e-03
1.119009248213842511e-04 1.723367488011717796e-03
1.107895368477329612e-04 1.725050155073404312e-03
1.101234229281544685e-04 1.717625069431960583e-03
1.090971854864619672e-04 1.711146906018257141e-03
1.084122195607051253e-04 1.712915953248739243e-03
1.074532847269438207e-04 1.714062644168734550e-03
1.067629200406372547e-04 1.706806127913296223e-03
1.058768757502548397e-04 1.702026580460369587e-03
1.051797371474094689e-04 1.703865476883947849e-03
1.043586235027760267e-04 1.701215980574488640e-03
1.036477187881246209e-04 1.693519181571900845e-03
1.029088161885738373e-04 1.691889367066323757e-03
1.021714197122491896e-04 1.693560974672436714e-03
1.014933368423953652e-04 1.689624972641468048e-03
1.007543905870988965e-04 1.684416783973574638e-03
1.001197670120745897e-04 1.683601993136107922e-03
9.939383016899228096e-05 1.683214912191033363e-03
9.877865522867068648e-05 1.678898232057690620e-03
9.808710456127300858e-05 1.674906001426279545e-03
9.747342846821993589e-05 1.674476661719381809e-03
9.682455856818705797e-05 1.673244521953165531e-03
9.620738273952156305e-05 1.669036108069121838e-03
9.559993486618623137e-05 1.666740747168660164e-03
9.498229337623342872e-05 1.666355528868734837e-03
9.440740541322156787e-05 1.663377392105758190e-03
9.379858965985476971e-05 1.660234644077718258e-03
9.324631537310779095e-05 1.659633009694516659e-03
9.265415428671985865e-05 1.658316235989332199e-03
9.211259020958095789e-05 1.655146828852593899e-03
9.154585859505459666e-05 1.653131679631769657e-03
9.100995521293953061e-05 1.652154722250998020e-03
9.046879131346940994e-05 1.649895333684980869e-03
8.993681694846600294e-05 1.646968419663608074e-03
8.941967826103791595e-05 1.645602402277290821e-03
8.889638411346822977e-05 1.644695643335580826e-03
8.839484507916495204e-05 1.642250805161893368e-03
8.788619015831500292e-05 1.640186877921223640e-03
8.739516488276422024e-05 1.639346359297633171e-03
8.690427785040810704e-05 1.637484412640333176e-03
8.642022294225171208e-05 1.635122345760464668e-03
8.594678365625441074e-05 1.633930252864956856e-03
8.547182369511574507e-05 1.632727449759840965e-03
8.501134288962930441e-05 1.630760962143540382e-03
8.454877388430759311e-05 1.629159785807132721e-03
8.409766451222822070e-05 1.628062687814235687e-03
8.364923269255086780e-05 1.626513316296041012e-03
8.320606866618618369e-05 1.624659169465303421e-03
8.277070446638390422e-05 1.623456017114222050e-03
8.233702101279050112e-05 1.622304203920066357e-03
8.191181404981762171e-05 1.620532944798469543e-03
8.148945198627188802e-05 1.619160873815417290e-03
8.107249595923349261e-05 1.618092530407011509e-03
8.066160808084532619e-05 1.616448163986206055e-03
8.025296119740232825e-05 1.614916604012250900e-03
7.985192496562376618e-05 1.613855012692511082e-03
7.945300603751093149e-05 1.612600171938538551e-03
7.906000973889604211e-05 1.611170941032469273e-03
7.867108797654509544e-05 1.610037987120449543e-03
7.828592788428068161e-05 1.609013415873050690e-03
7.790610106894746423e-05 1.607659389264881611e-03
7.752941746730357409e-05 1.606360776349902153e-03
7.715736137470230460e-05 1.605353318154811859e-03
7.678949623368680477e-05 1.604122342541813850e-03
7.642476703040301800e-05 1.602867734618484974e-03
7.606523286085575819e-05 1.601871335878968239e-03
7.570826710434630513e-05 1.600722083821892738e-03
7.535587792517617345e-05 1.599494251422584057e-03
7.500694482587277889e-05 1.598468050360679626e-03
7.466149691026657820e-05 1.597449649125337601e-03
7.432000711560249329e-05 1.596319954842329025e-03
7.398166781058534980e-05 1.595286186784505844e-03
7.364692282862961292e-05 1.594376051798462868e-03
7.331571396207436919e-05 1.593304332345724106e-03
7.298759010154753923e-05 1.592220272868871689e-03
7.266306784003973007e-05 1.591298729181289673e-03
7.234170334413647652e-05 1.590280677191913128e-03
7.202341657830402255e-05 1.589247258380055428e-03
7.170846947701647878e-05 1.588337239809334278e-03
7.139646913856267929e-05 1.587394275702536106e-03
7.108764839358627796e-05 1.586414990015327930e-03
7.078175985952839255e-05 1.585492398589849472e-03
7.047878170851618052e-05 1.584590878337621689e-03
7.017888856353238225e-05 1.583633711561560631e-03
6.988176028244197369e-05 1.582737197168171406e-03
6.958750600460916758e-05 1.581897493451833725e-03
6.929605297045782208e-05 1.580980606377124786e-03
6.900735024828463793e-05 1.580116804689168930e-03
6.872133963042870164e-05 1.579293631948530674e-03
6.843802839284762740e-05 1.578421448357403278e-03
6.815730012021958828e-05 1.577576971612870693e-03
6.787920574424788356e-05 1.576777780428528786e-03
6.760368705727159977e-05 1.575962407514452934e-03
6.733071495546028018e-05 1.575126778334379196e-03
6.706019485136494040e-05 1.574343768879771233e-03
6.679211219307035208e-05 1.573548652231693268e-03
6.652646698057651520e-05 1.572737819515168667e-03
6.626320100622251630e-05 1.571982051245868206e-03
6.600229971809312701e-05 1.571213360875844955e-03
6.574374856427311897e-05 1.570449327118694782e-03
6.548751116497442126e-05 1.569709042087197304e-03
6.523347838083282113e-05 1.568971667438745499e-03
6.498171569546684623e-05 1.568222767673432827e-03
6.473210669355466962e-05 1.567502738907933235e-03
6.448470230679959059e-05 1.566799124702811241e-03
6.423947343137115240e-05 1.566071063280105591e-03
6.399634730769321322e-05 1.565380371175706387e-03
6.375522934831678867e-05 1.564692356623709202e-03
6.351622141664847732e-05 1.563992584124207497e-03
6.327932351268827915e-05 1.563308178447186947e-03
6.304432463366538286e-05 1.562634133733808994e-03
6.281139940256252885e-05 1.561961602419614792e-03
6.258042412810027599e-05 1.561296405270695686e-03
6.235128967091441154e-05 1.560650649480521679e-03
6.212417792994529009e-05 1.559989410452544689e-03
6.189886335050687194e-05 1.559353666380047798e-03
6.167547689983621240e-05 1.558716408908367157e-03
6.145392399048432708e-05 1.558084739372134209e-03
6.123417551862075925e-05 1.557459938339889050e-03
6.101619510445743799e-05 1.556848757900297642e-03
6.080004459363408387e-05 1.556229428388178349e-03
6.058560029487125576e-05 1.555621740408241749e-03
6.037292405380867422e-05 1.555022783577442169e-03
6.016191400703974068e-05 1.554420334286987782e-03
5.995265382807701826e-05 1.553830574266612530e-03
5.974498344585299492e-05 1.553246052935719490e-03
5.953903746558353305e-05 1.552666071802377701e-03
5.933471766184084117e-05 1.552089699544012547e-03
5.913195491302758455e-05 1.551521825604140759e-03
5.893085472052916884e-05 1.550951856188476086e-03
5.873134068679064512e-05 1.550394925288856030e-03
5.853325274074450135e-05 1.549837761558592319e-03
5.833686736878007650e-05 1.549291657283902168e-03
5.814191172248683870e-05 1.548743108287453651e-03
5.794845856144092977e-05 1.548211555927991867e-03
5.775655517936684191e-05 1.547663821838796139e-03
5.756604514317587018e-05 1.547145773656666279e-03
5.737704123021103442e-05 1.546602696180343628e-03
5.718944521504454315e-05 1.546100946143269539e-03
5.700330802937969565e-05 1.545553910546004772e-03
5.681858601747080684e-05 1.545080798678100109e-03
5.663528281729668379e-05 1.544515253044664860e-03
5.645331111736595631e-05 1.544089405797421932e-03
5.627276914310641587e-05 1.543477643281221390e-03
5.609365689451806247e-05 1.543142250739037991e-03
5.591611989075317979e-05 1.542419195175170898e-03
5.574025999521836638e-05 1.542270649224519730e-03
5.556667019845917821e-05 1.541289966553449631e-03
5.539647463592700660e-05 1.541565288789570332e-03
5.523244908545166254e-05 1.539988094009459019e-03
5.508116373675875366e-05 1.541268196888267994e-03
5.495877121575176716e-05 1.538323005661368370e-03
5.490460534929297864e-05 1.542181475088000298e-03
5.501732812263071537e-05 1.536231022328138351e-03
5.554570452659390867e-05 1.547504100017249584e-03
5.713400969398207963e-05 1.536422292701900005e-03
6.144174403743818402e-05 1.573537010699510574e-03
7.292144437087699771e-05 1.566292950883507729e-03
1.030888306559063494e-04 1.720198197290301323e-03
1.837593299569562078e-04 1.837102114222943783e-03
3.912408428732305765e-04 2.617336576804518700e-03
9.238370694220066071e-04 3.471052274107933044e-03
2.023077337071299553e-03 6.113886833190917969e-03
3.848502412438392639e-03 5.684794392436742783e-03
4.301206208765506744e-03 4.459194839000701904e-03
2.375123556703329086e-03 1.928734825924038887e-03
3.216342593077570200e-04 2.758848946541547775e-03
1.516285585239529610e-03 3.883157391101121902e-03
1.957498025149106979e-03 1.983599271625280380e-03
4.229372425470501184e-04 2.354288008064031601e-03
1.096561318263411522e-03 3.104561939835548401e-03
1.261044293642044067e-03 2.064305124804377556e-03
3.653468447737395763e-04 2.355788601562380791e-03
1.032840460538864136e-03 2.370402449741959572e-03
7.149344892241060734e-04 2.179297152906656265e-03
4.585191200021654367e-04 2.152729313820600510e-03
7.627414888702332973e-04 1.852783956564962864e-03
3.525473002810031176e-04 2.242340706288814545e-03
5.416990024968981743e-04 1.841986319050192833e-03
3.562589699868112803e-04 1.709492062218487263e-03
3.727419825736433268e-04 2.018428407609462738e-03
3.933296247851103544e-04 1.809409004636108875e-03
2.234395506093278527e-04 1.729796640574932098e-03
4.230224585626274347e-04 1.618244335986673832e-03
1.379544701194390655e-04 1.975668361410498619e-03
3.505572967696934938e-04 1.560297445394098759e-03
1.765125489328056574e-04 1.568577834405004978e-03
2.014814381254836917e-04 1.846574014052748680e-03
2.580500731710344553e-04 1.591260312125086784e-03
1.035987152135930955e-04 1.610266161151230335e-03
2.465822617523372173e-04 1.631718012504279613e-03
1.122143294196575880e-04 1.705907983705401421e-03
1.663593720877543092e-04 1.543484628200531006e-03
1.373178529320284724e-04 1.565648010000586510e-03
1.291871012654155493e-04 1.628278172574937344e-03
1.224231236847117543e-04 1.580130308866500854e-03
1.249917404493317008e-04 1.540458528324961662e-03
1.061751390807330608e-04 1.580441487021744251e-03
9.971291001420468092e-05 1.582787954248487949e-03
1.183130880235694349e-04 1.517558004707098007e-03
6.854418461443856359e-05 1.580801792442798615e-03
1.188471287605352700e-04 1.513869035989046097e-03
7.146663119783625007e-05 1.550562330521643162e-03
8.914832142181694508e-05 1.560788718052208424e-03
8.619994332548230886e-05 1.508663990534842014e-03
7.225263834698125720e-05 1.529158558696508408e-03
7.986644777702167630e-05 1.545987441204488277e-03
7.340459706028923392e-05 1.504185143858194351e-03
7.338379509747028351e-05 1.491757226176559925e-03
6.405252497643232346e-05 1.541018718853592873e-03
7.783139881212264299e-05 1.490869210101664066e-03
5.720794069929979742e-05 1.485951594077050686e-03
7.024042133707553148e-05 1.512890448793768883e-03
6.372210918925702572e-05 1.500550890341401100e-03
5.966310345684178174e-05 1.485115266405045986e-03
6.338671664707362652e-05 1.499503036029636860e-03
5.978264744044281542e-05 1.499398960731923580e-03
5.964029332972131670e-05 1.482536550611257553e-03
5.615478221443481743e-05 1.491798786446452141e-03
6.139260221971198916e-05 1.482988358475267887e-03
5.305781814968213439e-05 1.486655208282172680e-03
5.758084080298431218e-05 1.485233427956700325e-03
5.576233888859860599e-05 1.475900295190513134e-03
5.355831308406777680e-05 1.480473554693162441e-03
5.449773016152903438e-05 1.480832346715033054e-03
5.350636274670250714e-05 1.467523979954421520e-03
5.350932406145147979e-05 1.468394300900399685e-03
5.111968494020402431e-05 1.478052930906414986e-03
5.371609950088895857e-05 1.463306369259953499e-03
5.079325273982249200e-05 1.464529195800423622e-03
5.113212318974547088e-05 1.473353477194905281e-03
5.135859100846573710e-05 1.464604982174932957e-03
5.036737275077030063e-05 1.462482032366096973e-03
5.012794645153917372e-05 1.468026777729392052e-03
4.965384505339898169e-05 1.465783920139074326e-03
5.021768811275251210e-05 1.462385640479624271e-03
4.860093395109288394e-05 1.464242232032120228e-03
4.922289735986851156e-05 1.463450957089662552e-03
4.890984564553946257e-05 1.463208463974297047e-03
4.831215119338594377e-05 1.460689003579318523e-03
4.822303526452742517e-05 1.461138133890926838e-03
4.804536001756787300e-05 1.464778324589133263e-03
4.800308306585066020e-05 1.460336614400148392e-03
4.724705286207608879e-05 1.459982013329863548e-03
4.754804103868082166e-05 1.463794847950339317e-03
4.722523954114876688e-05 1.459900639019906521e-03
4.688223634730093181e-05 1.457930309697985649e-03
4.677720062318257987e-05 1.460869330912828445e-03
4.663249274017289281e-05 1.458774320781230927e-03
4.650928894989192486e-05 1.456624711863696575e-03
4.608981180354021490e-05 1.457929378375411034e-03
4.614556382875889540e-05 1.457774313166737556e-03
4.594704660121351480e-05 1.457504229620099068e-03
4.571057797875255346e-05 1.457010628655552864e-03
4.556817657430656254e-05 1.457633683457970619e-03
4.544489274849183857e-05 1.458214712329208851e-03
4.534234903985634446e-05 1.455852296203374863e-03
4.506411642068997025e-05 1.456234604120254517e-03
4.499800343182869256e-05 1.457450096495449543e-03
4.487177648115903139e-05 1.455350313335657120e-03
4.470248313737101853e-05 1.455456833355128765e-03
4.454989903024397790e-05 1.456562546081840992e-03
4.441609053174033761e-05 1.455266028642654419e-03
4.433518552104942501e-05 1.454933779314160347e-03
4.414744398673065007e-05 1.455361023545265198e-03
4.402191189001314342e-05 1.454989076592028141e-03
4.391280526760965586e-05 1.454302691854536533e-03
4.379194797365926206e-05 1.453724689781665802e-03
4.366056964499875903e-05 1.454025506973266602e-03
4.351466850494034588e-05 1.453489647246897221e-03
4.342532702139578760e-05 1.452755881473422050e-03
4.330125375417992473e-05 1.453594886697828770e-03
4.317384809837676585e-05 1.453182077966630459e-03
4.305480251787230372e-05 1.452252501621842384e-03
4.294345490052364767e-05 1.452624332159757614e-03
4.284382157493382692e-05 1.452217460609972477e-03
4.271540819900110364e-05 1.451485208235681057e-03
4.260415880708023906e-05 1.451347372494637966e-03
4.249909761711023748e-05 1.451213262043893337e-03
4.239317422616295516e-05 1.450822688639163971e-03
4.228613033774308860e-05 1.450270181521773338e-03
4.217018431518226862e-05 1.450423966161906719e-03
4.207107122056186199e-05 1.450370764359831810e-03
4.196950976620428264e-05 1.449735020287334919e-03
4.186517617199569941e-05 1.449867151677608490e-03
4.176123184151947498e-05 1.449752599000930786e-03
4.165711288806051016e-05 1.449129544198513031e-03
4.156240538577549160e-05 1.449045608751475811e-03
4.146291394135914743e-05 1.448968076147139072e-03
4.136276402277871966e-05 1.448667608201503754e-03
4.126466592424549162e-05 1.448420342057943344e-03
4.116763739148154855e-05 1.448409166187047958e-03
4.107525455765426159e-05 1.448300667107105255e-03
4.097943019587546587e-05 1.447880524210631847e-03
4.088420973857864738e-05 1.447848626412451267e-03
4.079112841282039881e-05 1.447747461497783661e-03
4.069893839186988771e-05 1.447299961000680923e-03
4.060915307491086423e-05 1.447189948521554470e-03
4.051762880408205092e-05 1.447087037377059460e-03
4.042685031890869141e-05 1.446821261197328568e-03
4.033774166600778699e-05 1.446656417101621628e-03
4.024942973046563566e-05 1.446603564545512199e-03
4.016262755612842739e-05 1.446457463316619396e-03
4.007517782156355679e-05 1.446166774258017540e-03
3.998832835350185633e-05 1.446094946004450321e-03
3.990270124631933868e-05 1.445958274416625500e-03
3.981785266660153866e-05 1.445664209313690662e-03
3.973409911850467324e-05 1.445583300665020943e-03
3.965038195019587874e-05 1.445470843464136124e-03
3.956709042540751398e-05 1.445266883820295334e-03
3.948467201553285122e-05 1.445132773369550705e-03
3.940296301152557135e-05 1.445056754164397717e-03
3.932219988200813532e-05 1.444898545742034912e-03
3.924179691239260137e-05 1.444688066840171814e-03
3.916182686225511134e-05 1.444598659873008728e-03
3.908244252670556307e-05 1.444415072910487652e-03
3.900365481968037784e-05 1.444195280782878399e-03
3.892566383001394570e-05 1.444094930775463581e-03
3.884824400302022696e-05 1.443959539756178856e-03
3.877130075125023723e-05 1.443792483769357204e-03
3.869486317853443325e-05 1.443664077669382095e-03
3.861885488731786609e-05 1.443558954633772373e-03
3.854354508803226054e-05 1.443383516743779182e-03
3.846873732982203364e-05 1.443232060410082340e-03
3.839455166598781943e-05 1.443140557967126369e-03
3.832086440525017679e-05 1.442978973500430584e-03
3.824758096016012132e-05 1.442835549823939800e-03
3.817479591816663742e-05 1.442725653760135174e-03
3.810252019320614636e-05 1.442587818019092083e-03
3.803077925113029778e-05 1.442435430362820625e-03
3.795955126406624913e-05 1.442321226932108402e-03
3.788879621424712241e-05 1.442206208594143391e-03
3.781851773965172470e-05 1.442049513570964336e-03
3.774869037442840636e-05 1.441932399757206440e-03
3.767930684261955321e-05 1.441814587451517582e-03
3.761038169614039361e-05 1.441668369807302952e-03
3.754191493499092758e-05 1.441540429368615150e-03
3.747390655917115510e-05 1.441430533304810524e-03
3.740637839655391872e-05 1.441298285499215126e-03
3.733923585969023407e-05 1.441169879399240017e-03
3.727255534613505006e-05 1.441071392036974430e-03
3.720626773429103196e-05 1.440948923118412495e-03
3.714040212798863649e-05 1.440820633433759212e-03
3.707493669935502112e-05 1.440708292648196220e-03
3.700991510413587093e-05 1.440585358068346977e-03
3.694529368658550084e-05 1.440452877432107925e-03
3.688106517074629664e-05 1.440343097783625126e-03
3.681726593640632927e-05 1.440236810594797134e-03
3.675384868984110653e-05 1.440115389414131641e-03
3.669083525892347097e-05 1.440008869394659996e-03
3.662818198790773749e-05 1.439903629943728447e-03
3.656591434264555573e-05 1.439783489331603050e-03
3.650402140920050442e-05 1.439671264961361885e-03
3.644249591161496937e-05 1.439568470232188702e-03
3.638134512584656477e-05 1.439451822079718113e-03
3.632055813795886934e-05 1.439338549971580505e-03
3.626012039603665471e-05 1.439237152226269245e-03
3.620006464188918471e-05 1.439124345779418945e-03
3.614035085774958134e-05 1.439012470655143261e-03
3.608097540563903749e-05 1.438912586309015751e-03
3.602194192353636026e-05 1.438804203644394875e-03
3.596327587729319930e-05 1.438693027012050152e-03
3.590491542126983404e-05 1.438593142665922642e-03
3.584690057323314250e-05 1.438489882275462151e-03
3.578926043701358140e-05 1.438379869796335697e-03
3.573189314920455217e-05 1.438281615264713764e-03
3.567489693523384631e-05 1.438180683180689812e-03
3.561819903552532196e-05 1.438073115423321724e-03
3.556181036401540041e-05 1.437974045984447002e-03
3.550576730049215257e-05 1.437875791452825069e-03
3.544998617144301534e-05 1.437769737094640732e-03
3.539456520229578018e-05 1.437671715393662453e-03
3.533944618538953364e-05 1.437573810108006001e-03
3.528460001689381897e-05 1.437470782548189163e-03
3.523009218042716384e-05 1.437372062355279922e-03
3.517586446832865477e-05 1.437279745005071163e-03
3.512194598442874849e-05 1.437176135368645191e-03
3.506837310851551592e-05 1.437083818018436432e-03
3.501505125313997269e-05 1.436985912732779980e-03
3.496210774756036699e-05 1.436894177459180355e-03
3.490954259177669883e-05 1.436788355931639671e-03
3.485742126940749586e-05 1.436709426343441010e-03
3.480594023130834103e-05 1.436594757251441479e-03
3.475534686003811657e-05 1.436527469195425510e-03
3.470629962976090610e-05 1.436404301784932613e-03
3.465995905571617186e-05 1.436373684555292130e-03
3.461877713561989367e-05 1.436223858036100864e-03
3.458773062448017299e-05 1.436292892321944237e-03
3.457721322774887085e-05 1.436122925952076912e-03
3.460914012975990772e-05 1.436467049643397331e-03
3.473032120382413268e-05 1.436416874639689922e-03
3.504199412418529391e-05 1.437726896256208420e-03
3.576510061975568533e-05 1.438703155145049095e-03
3.739086969289928675e-05 1.443882472813129425e-03
4.100877049495466053e-05 1.451208954676985741e-03
4.909264316665939987e-05 1.473426586017012596e-03
6.711307651130482554e-05 1.516496180556714535e-03
1.074069950846023858e-04 1.613023341633379459e-03
1.948719291249290109e-04 1.832084613852202892e-03
3.764051070902496576e-04 2.135390881448984146e-03
6.955082644708454609e-04 2.733603352680802345e-03
1.090992591343820095e-03 2.593698678538203239e-03
1.197158708237111568e-03 2.279606414958834648e-03
6.532674888148903847e-04 1.547541702166199684e-03
1.368750672554597259e-04 1.702656503766775131e-03
3.037737915292382240e-04 2.184147946536540985e-03
5.847534048371016979e-04 1.714108046144247055e-03
4.066533001605421305e-04 1.600582152605056763e-03
1.209873589687049389e-04 1.749991555698215961e-03
2.148409403162077069e-04 1.712425029836595058e-03
4.040432977490127087e-04 1.832808484323322773e-03
2.733575238380581141e-04 1.529364613816142082e-03
7.789718802087008953e-05 1.589926192536950111e-03
2.281837660120800138e-04 1.840416109189391136e-03
3.148411342408508062e-04 1.466806395910680294e-03
1.002684803097508848e-04 1.467422465793788433e-03
1.088752032956108451e-04 1.701175351627171040e-03
2.300387859577313066e-04 1.469666254706680775e-03
1.482094085076823831e-04 1.486139837652444839e-03
7.806737994542345405e-05 1.573523972183465958e-03
1.183799831778742373e-04 1.501805032603442669e-03
1.592248445376753807e-04 1.564883277751505375e-03
1.040464412653818727e-04 1.483885338529944420e-03
5.437829531729221344e-05 1.495949225500226021e-03
1.135634447564370930e-04 1.589836319908499718e-03
1.118450891226530075e-04 1.455401652492582798e-03
5.127230906509794295e-05 1.470874063670635223e-03
6.704177212668582797e-05 1.531092682853341103e-03
9.335704817203804851e-05 1.436120946891605854e-03
7.186312723206356168e-05 1.461707055568695068e-03
5.051202606409788132e-05 1.482408843003213406e-03
6.046606358722783625e-05 1.443668734282255173e-03
7.584149716421961784e-05 1.489289104938507080e-03
5.809624053654260933e-05 1.447887392714619637e-03
4.059493221575394273e-05 1.436338876374065876e-03
6.035638944013044238e-05 1.491482369601726532e-03
6.395511445589363575e-05 1.435233396477997303e-03
4.213181091472506523e-05 1.436265418305993080e-03
4.424112557899206877e-05 1.483741332776844501e-03
5.441443499876186252e-05 1.445337082259356976e-03
4.956674456479959190e-05 1.448117778636515141e-03
4.240063935867510736e-05 1.451552030630409718e-03
4.020434789708815515e-05 1.430717064067721367e-03
4.578684092848561704e-05 1.444127061404287815e-03
4.765411722473800182e-05 1.430186326615512371e-03
3.870265936711803079e-05 1.429184572771191597e-03
3.703397669596597552e-05 1.443926361389458179e-03
4.362101026345044374e-05 1.435420708730816841e-03
4.259299748810008168e-05 1.438307459466159344e-03
3.738575105671770871e-05 1.427508308552205563e-03
3.648536949185654521e-05 1.426775939762592316e-03
3.844069215119816363e-05 1.438640872947871685e-03
3.971212572650983930e-05 1.421459484845399857e-03
3.736574581125751138e-05 1.426723552867770195e-03
3.454221587162464857e-05 1.430098316632211208e-03
3.615032619563862681e-05 1.418630592525005341e-03
3.794774966081604362e-05 1.428501680493354797e-03
3.614306842791847885e-05 1.422455650754272938e-03
3.449830546742305160e-05 1.420676591806113720e-03
3.480334999039769173e-05 1.430425327271223068e-03
3.549587563611567020e-05 1.424581510946154594e-03
3.565918086678721011e-05 1.425224007107317448e-03
3.457686398178339005e-05 1.422964502125978470e-03
3.349857797729782760e-05 1.420324668288230896e-03
3.416633626329712570e-05 1.422957982867956161e-03
3.488362563075497746e-05 1.420137588866055012e-03
3.412944352021440864e-05 1.424401765689253807e-03
3.335492147016339004e-05 1.423371490091085434e-03
3.337356611154973507e-05 1.422858331352472305e-03
3.361649578437209129e-05 1.426357659511268139e-03
3.376041058800183237e-05 1.419792766682803631e-03
3.343806383782066405e-05 1.422058790922164917e-03
3.285457205493003130e-05 1.423047506250441074e-03
3.283112164353951812e-05 1.420131418853998184e-03
3.315881986054591835e-05 1.424268004484474659e-03
3.310498505015857518e-05 1.421859255060553551e-03
3.278708027210086584e-05 1.420528278686106205e-03
3.255573392380028963e-05 1.421563792973756790e-03
3.247122731409035623e-05 1.420396845787763596e-03
3.256952913943678141e-05 1.420808141119778156e-03
3.263898179284296930e-05 1.420850516296923161e-03
3.244180697947740555e-05 1.421657740138471127e-03
3.220460348529741168e-05 1.420298824086785316e-03
3.215539618395268917e-05 1.421236665919423103e-03
3.218202618882060051e-05 1.421935041435062885e-03
3.217953053535893559e-05 1.419906504452228546e-03
3.212046794942580163e-05 1.422340166755020618e-03
3.197367186658084393e-05 1.421224442310631275e-03
3.184247179888188839e-05 1.420408603735268116e-03
3.183098306180909276e-05 1.422071014530956745e-03
3.184637898812070489e-05 1.420014654286205769e-03
3.179938721586950123e-05 1.420366810634732246e-03
3.172204014845192432e-05 1.420808956027030945e-03
3.163422297802753747e-05 1.420100801624357700e-03
3.155132071697153151e-05 1.420488697476685047e-03
3.151827331748791039e-05 1.420740503817796707e-03
3.151327837258577347e-05 1.420123502612113953e-03
3.147445386275649071e-05 1.419697422534227371e-03
3.140675471513532102e-05 1.420293003320693970e-03
3.134051075903698802e-05 1.419301843270659447e-03
3.127884701825678349e-05 1.419762847945094109e-03
3.123221176792867482e-05 1.420097891241312027e-03
3.120697874692268670e-05 1.419152249582111835e-03
3.117794403806328773e-05 1.419933862052857876e-03
3.112958802375942469e-05 1.419430715031921864e-03
3.107542215730063617e-05 1.419115695171058178e-03
3.102280970779247582e-05 1.419337000697851181e-03
3.097255103057250381e-05 1.418908825144171715e-03
3.093280247412621975e-05 1.418718602508306503e-03
3.090163590968586504e-05 1.418781117536127567e-03
3.086633660132065415e-05 1.418648869730532169e-03
3.082459807046689093e-05 1.418361440300941467e-03
3.078104418818838894e-05 1.418760512024164200e-03
3.073526750085875392e-05 1.418407191522419453e-03
3.068949445150792599e-05 1.418443629518151283e-03
3.064947668462991714e-05 1.418609288521111012e-03
3.061390816583298147e-05 1.418240135535597801e-03
3.057797584915533662e-05 1.418414292857050896e-03
3.054163607885129750e-05 1.418368774466216564e-03
3.050507621082942933e-05 1.418285421095788479e-03
3.046596430067438632e-05 1.418282859958708286e-03
3.042507159989327192e-05 1.418325467966496944e-03
3.038556496903765947e-05 1.418065978214144707e-03
3.034760629816446453e-05 1.418129075318574905e-03
3.031010601262096316e-05 1.418050727806985378e-03
3.027409002243075520e-05 1.417841296643018723e-03
3.023958197445608675e-05 1.417965278960764408e-03
3.020488657057285309e-05 1.417760853655636311e-03
3.016957089130301028e-05 1.417699852026998997e-03
3.013439163623843342e-05 1.417715684510767460e-03
3.009907595696859062e-05 1.417638966813683510e-03
3.006315273523796350e-05 1.417577499523758888e-03
3.002738048962783068e-05 1.417677965946495533e-03
2.999217576871160418e-05 1.417476800270378590e-03
2.995717477460857481e-05 1.417483552359044552e-03
2.992240843013860285e-05 1.417456311173737049e-03
2.988834421557839960e-05 1.417298684827983379e-03
2.985471473948564380e-05 1.417358638718724251e-03
2.982120531669352204e-05 1.417281338945031166e-03
2.978805605380330235e-05 1.417173189111053944e-03
2.975526513182558119e-05 1.417180872522294521e-03
2.972262518596835434e-05 1.417064340785145760e-03
2.969007800857070833e-05 1.416966202668845654e-03
2.965782005048822612e-05 1.417021034285426140e-03
2.962581493193283677e-05 1.416885061189532280e-03
2.959389712486881763e-05 1.416930346749722958e-03
2.956224307126831263e-05 1.416890299879014492e-03
2.953095099655911326e-05 1.416799728758633137e-03
2.950002635770943016e-05 1.416766783222556114e-03
2.946946551674045622e-05 1.416714047081768513e-03
2.943951403722167015e-05 1.416582148522138596e-03
2.941041020676493645e-05 1.416624058037996292e-03
2.938234501925762743e-05 1.416473533026874065e-03
2.935587690444663167e-05 1.416476792655885220e-03
2.933191353804431856e-05 1.416402868926525116e-03
2.931177368736825883e-05 1.416386570781469345e-03
2.929757283709477633e-05 1.416325685568153858e-03
2.929313268396072090e-05 1.416411949321627617e-03
2.930481423391029239e-05 1.416306360624730587e-03
2.934353869932238013e-05 1.416516839526593685e-03
2.942840546893421561e-05 1.416499377228319645e-03
2.959345511044375598e-05 1.416948274709284306e-03
2.989920358231756836e-05 1.417354098521173000e-03
3.045635276066605002e-05 1.418631174601614475e-03
3.146606832160614431e-05 1.420340733602643013e-03
3.330644904053770006e-05 1.424344955012202263e-03
3.667380951810628176e-05 1.430563163012266159e-03
4.290445576771162450e-05 1.443887245841324329e-03
5.444769703899510205e-05 1.465821405872702599e-03
7.600704702781513333e-05 1.511980663053691387e-03
1.156756843556649983e-04 1.583502860739827156e-03
1.878007169580087066e-04 1.732891425490379333e-03
3.099269233644008636e-04 1.902923220768570900e-03
4.986823769286274910e-04 2.214625710621476173e-03
7.154333870857954025e-04 2.244914183393120766e-03
8.565341122448444366e-04 2.275120234116911888e-03
7.201418629847466946e-04 1.722091343253850937e-03
3.797186946030706167e-04 1.628116820938885212e-03
1.347439974779263139e-04 1.574677997268736362e-03
1.483848755015060306e-04 1.644595875404775143e-03
2.781455696094781160e-04 1.916052075102925301e-03
3.668025019578635693e-04 1.651345402933657169e-03
3.259382792748510838e-04 1.753693912178277969e-03
2.233669802080839872e-04 1.490383292548358440e-03
9.575092553859576583e-05 1.457906211726367474e-03
8.982206782093271613e-05 1.661856425926089287e-03
1.998493098653852940e-04 1.537390286102890968e-03
1.974179613171145320e-04 1.497583114542067051e-03
9.486937779001891613e-05 1.418516621924936771e-03
7.297899719560518861e-05 1.450731884688138962e-03
1.059262722264975309e-04 1.495875883847475052e-03
9.657356713432818651e-05 1.465708948671817780e-03
1.140450112870894372e-04 1.565444632433354855e-03
1.258261618204414845e-04 1.437383587472140789e-03
7.213927892735227942e-05 1.440277439542114735e-03
4.878464460489340127e-05 1.476265140809118748e-03
7.282639853656291962e-05 1.448590424843132496e-03
7.321319571929052472e-05 1.485830289311707020e-03
7.013183494564145803e-05 1.419447013176977634e-03
7.110391015885397792e-05 1.435936312191188335e-03
4.897518010693602264e-05 1.413863617926836014e-03
3.487086723907850683e-05 1.414380501955747604e-03
5.520739432540722191e-05 1.479633850976824760e-03
6.519889575429260731e-05 1.411441597156226635e-03
4.875733793596737087e-05 1.423738081939518452e-03
4.207436359138227999e-05 1.427319250069558620e-03
4.159973832429386675e-05 1.408545882441103458e-03
3.715699494932778180e-05 1.434322912245988846e-03
4.147397339693270624e-05 1.430385978892445564e-03
4.795231507159769535e-05 1.431683660484850407e-03
4.151713437750004232e-05 1.413158257491886616e-03
3.418425330892205238e-05 1.425304682925343513e-03
3.577417010092176497e-05 1.416561193764209747e-03
3.601754724513739347e-05 1.405216637067496777e-03
3.436863335082307458e-05 1.421708730049431324e-03
3.748739618458785117e-05 1.405191374942660332e-03
3.899014700436964631e-05 1.419972744770348072e-03
3.469048533588647842e-05 1.412501325830817223e-03
3.177349208272062242e-05 1.405269955284893513e-03
3.226034095860086381e-05 1.409222022630274296e-03
3.153952275170013309e-05 1.401356887072324753e-03
3.130190816591493785e-05 1.407292322255671024e-03
3.355750595801509917e-05 1.408874755725264549e-03
3.382669819984585047e-05 1.406461000442504883e-03
3.158485560561530292e-05 1.398274791426956654e-03
3.058525180676952004e-05 1.407516887411475182e-03
3.051774183404631913e-05 1.400697976350784302e-03
2.967890577565412968e-05 1.403371919877827168e-03
2.947056600532960147e-05 1.409341231919825077e-03
3.050588384212460369e-05 1.399473752826452255e-03
3.081533577642403543e-05 1.406981493346393108e-03
3.015513721038587391e-05 1.401651650667190552e-03
2.994934038724750280e-05 1.401903340592980385e-03
2.991799192386679351e-05 1.402134308591485023e-03
2.912246054620482028e-05 1.401804503984749317e-03
2.849453085218556225e-05 1.401948509737849236e-03
2.874228448490612209e-05 1.405151677317917347e-03
2.900876461353618652e-05 1.404366339556872845e-03
2.888678864110261202e-05 1.399926259182393551e-03
2.895725083362776786e-05 1.404935028403997421e-03
2.914437391154933721e-05 1.399313332512974739e-03
2.894434328482020646e-05 1.403685309924185276e-03
2.863573354261461645e-05 1.403660629875957966e-03
2.855254024325404316e-05 1.401422196067869663e-03
2.845775270543526858e-05 1.402268884703516960e-03
2.816817141138017178e-05 1.401357119902968407e-03
2.799128378683235496e-05 1.400280161760747433e-03
2.806353586493059993e-05 1.402867841534316540e-03
2.810763180605135858e-05 1.401366316713392735e-03
2.803072675305884331e-05 1.401044311933219433e-03
2.802938797685783356e-05 1.403499278239905834e-03
2.810664227581582963e-05 1.400492619723081589e-03
2.810286241583526134e-05 1.403071219101548195e-03
2.804103496600873768e-05 1.401457935571670532e-03
2.803964343911502510e-05 1.402109628543257713e-03
2.805274743877816945e-05 1.402112888172268867e-03
2.799304638756439090e-05 1.402792171575129032e-03
2.792029590636957437e-05 1.400728360749781132e-03
2.790336657199077308e-05 1.402797526679933071e-03
2.790248072415124625e-05 1.400442677550017834e-03
2.786343611660413444e-05 1.402130932547152042e-03
2.783090712910052389e-05 1.401748973876237869e-03
2.784871503536123782e-05 1.401559682562947273e-03
2.788255733321420848e-05 1.400985522195696831e-03
2.791213410091586411e-05 1.402034424245357513e-03
2.798392233671620488e-05 1.399962930008769035e-03
2.813315404637251049e-05 1.403397996909916401e-03
2.835519990185275674e-05 1.400640001520514488e-03
2.867402145056985319e-05 1.404089969582855701e-03
2.917600795626640320e-05 1.402414753101766109e-03
2.997895535372663289e-05 1.406230730935931206e-03
3.122629641438834369e-05 1.405046554282307625e-03
3.318252493045292795e-05 1.412476878613233566e-03
3.628568447311408818e-05 1.411672797985374928e-03
4.130662273382768035e-05 1.427929964847862720e-03
4.940183134749531746e-05 1.432156423106789589e-03
6.266615673666819930e-05 1.467266469262540340e-03
8.409285510424524546e-05 1.488244743086397648e-03
1.190266702906228602e-04 1.568087493069469929e-03
1.732664532028138638e-04 1.624411204829812050e-03
2.558049745857715607e-04 1.788397785276174545e-03
3.650573780760169029e-04 1.855622627772390842e-03
4.923778469674289227e-04 2.051612129434943199e-03
5.808459245599806309e-04 1.919703325256705284e-03
5.743087967857718468e-04 1.926238765008747578e-03
4.334055993240326643e-04 1.564124249853193760e-03
2.251653204439207911e-04 1.538293319754302502e-03
8.959443221101537347e-05 1.471302821300923824e-03
7.421091868309304118e-05 1.518933335319161415e-03
1.420927728759124875e-04 1.698274281807243824e-03
2.162727323593571782e-04 1.570192514918744564e-03
2.350486756768077612e-04 1.698675681836903095e-03
2.077837270917370915e-04 1.473570824600756168e-03
1.271611399715766311e-04 1.462953281588852406e-03
6.310870958259329200e-05 1.442206325009465218e-03
5.990891440887935460e-05 1.436703838407993317e-03
1.069100981112569571e-04 1.545280218124389648e-03
1.367088552797213197e-04 1.432293909601867199e-03
1.064384559867903590e-04 1.460172119550406933e-03
7.233615178847685456e-05 1.433287630788981915e-03
6.416787800844758749e-05 1.440345426090061665e-03
6.360111001413315535e-05 1.443589339032769203e-03
5.541179780266247690e-05 1.426321454346179962e-03
5.586701809079386294e-05 1.451124553568661213e-03
6.717148062307387590e-05 1.438110251910984516e-03
6.621322972932830453e-05 1.432413351722061634e-03
5.166632035980001092e-05 1.398793072439730167e-03
4.265698953531682491e-05 1.431087846867740154e-03
4.578119842335581779e-05 1.409411081112921238e-03
4.750730295199900866e-05 1.417465740814805031e-03
4.163693665759637952e-05 1.421722932718694210e-03
3.842334990622475743e-05 1.400706474669277668e-03
4.255784733686596155e-05 1.440620981156826019e-03
4.604699643095955253e-05 1.403391128405928612e-03
4.138181611779145896e-05 1.416035345755517483e-03
3.484668559394776821e-05 1.409798860549926758e-03
3.273860056651756167e-05 1.398396794684231281e-03
3.333033964736387134e-05 1.416056067682802677e-03
3.318814196973107755e-05 1.397227402776479721e-03
3.355665830895304680e-05 1.409100717864930630e-03
3.605313031584955752e-05 1.404854352585971355e-03
3.749348979908972979e-05 1.404354581609368324e-03
3.488023139652796090e-05 1.399195054545998573e-03
3.055488923564553261e-05 1.403633155860006809e-03
2.863438203348778188e-05 1.395962666720151901e-03
2.929587935796007514e-05 1.401527551934123039e-03
2.984253478643950075e-05 1.396780484355986118e-03
2.935998418251983821e-05 1.391005003824830055e-03
2.932144707301631570e-05 1.402563182637095451e-03
3.020126314368098974e-05 1.389138516969978809e-03
3.053870022995397449e-05 1.401073532178997993e-03
2.971112735394854099e-05 1.392564619891345501e-03
2.872943332477007061e-05 1.393566606566309929e-03
2.863047666323836893e-05 1.397661864757537842e-03
2.890980795200448483e-05 1.391357160173356533e-03
2.876786675187759101e-05 1.395733677782118320e-03
2.824864714057184756e-05 1.394182327203452587e-03
2.791411316138692200e-05 1.392046338878571987e-03
2.775164466584101319e-05 1.395374303683638573e-03
2.736469468800351024e-05 1.390747609548270702e-03
2.677811426110565662e-05 1.392831094563007355e-03
2.649982525326777250e-05 1.394563238136470318e-03
2.672877963050268590e-05 1.392831909470260143e-03
2.707111161726061255e-05 1.395190716721117496e-03
2.711786692088935524e-05 1.392763108015060425e-03
2.694682734727393836e-05 1.391566707752645016e-03
2.686262087081559002e-05 1.394282211549580097e-03
2.693674832698889077e-05 1.391415367834270000e-03
2.701771336433012038e-05 1.394162187352776527e-03
2.704023791011422873e-05 1.393919927068054676e-03
2.713993126235436648e-05 1.391989993862807751e-03
2.743544791883323342e-05 1.396709703840315342e-03
2.789660720736719668e-05 1.391509082168340683e-03
2.845302878995425999e-05 1.398343243636190891e-03
2.919735925388522446e-05 1.394883496686816216e-03
3.036396446987055242e-05 1.401166431605815887e-03
3.220023791072890162e-05 1.400851295329630375e-03
3.503313200781121850e-05 1.408675219863653183e-03
3.935166387236677110e-05 1.411261735484004021e-03
4.620135950972326100e-05 1.429342897608876228e-03
5.703655551769770682e-05 1.438902923837304115e-03
7.446826202794909477e-05 1.480111037380993366e-03
1.015381349134258926e-04 1.508784713223576546e-03
1.437115715816617012e-04 1.596104004420340061e-03
2.045504079433158040e-04 1.655038446187973022e-03
2.887259761337190866e-04 1.803190563805401325e-03
3.818064287770539522e-04 1.822534017264842987e-03
4.622733977157622576e-04 1.929432735778391361e-03
4.697622789535671473e-04 1.725534675642848015e-03
3.870600194204598665e-04 1.715941238217055798e-03
2.471074985805898905e-04 1.464557135477662086e-03
1.277587143704295158e-04 1.532941474579274654e-03
9.346732986159622669e-05 1.502036931924521923e-03
1.154269484686665237e-04 1.525077503174543381e-03
1.390751858707517385e-04 1.584622659720480442e-03
1.456371683161705732e-04 1.488507376052439213e-03
1.427163515472784638e-04 1.588067971169948578e-03
1.436068268958479166e-04 1.462563523091375828e-03
1.175973447971045971e-04 1.451465417630970478e-03
7.020230259513482451e-05 1.399353845044970512e-03
4.630250259651802480e-05 1.409362070262432098e-03
7.310874934773892164e-05 1.492770737968385220e-03
1.070126745617017150e-04 1.443260698579251766e-03
9.596253948984667659e-05 1.446671318262815475e-03
6.618544284719973803e-05 1.422025728970766068e-03
5.598798816208727658e-05 1.431205892004072666e-03
6.226020923350006342e-05 1.433315803296864033e-03
