9.163697063922882080e-02 6.286686658859252930e-02
6.305428594350814819e-02 4.830160737037658691e-02
4.769232124090194702e-02 4.153737053275108337e-02
3.982972726225852966e-02 3.723666816949844360e-02
3.467195481061935425e-02 3.342194110155105591e-02
3.040081262588500977e-02 3.004938922822475433e-02
2.672793529927730560e-02 2.747547999024391174e-02
2.373399771749973297e-02 2.587368153035640717e-02
2.151335589587688446e-02 2.509647794067859650e-02
1.997658610343933105e-02 2.482600882649421692e-02
1.894046179950237274e-02 2.478924579918384552e-02
1.828105561435222626e-02 2.490297146141529083e-02
1.796066574752330780e-02 2.511412650346755981e-02
1.792431995272636414e-02 2.521795779466629028e-02
1.792699843645095825e-02 2.504312805831432343e-02
1.767865382134914398e-02 2.462439052760601044e-02
1.716112345457077026e-02 2.411363273859024048e-02
1.658492721617221832e-02 2.357869781553745270e-02
1.637998409569263458e-02 2.297479473054409027e-02
1.562913879752159119e-02 2.245369181036949158e-02
1.520182378590106964e-02 2.205214649438858032e-02
1.483900099992752075e-02 2.173512242734432220e-02
1.452467683702707291e-02 2.145410515367984772e-02
1.425516791641712189e-02 2.117294631898403168e-02
1.402337662875652313e-02 2.087788470089435577e-02
1.384107023477554321e-02 2.061983384191989899e-02
1.359986141324043274e-02 2.047156542539596558e-02
1.321986410766839981e-02 2.035691216588020325e-02
1.288825552910566330e-02 1.992947049438953400e-02
1.240388769656419754e-02 1.907826215028762817e-02
1.193972956389188766e-02 1.831099763512611389e-02
1.131871249526739120e-02 1.795062236487865448e-02
1.074915938079357147e-02 1.745312660932540894e-02
1.035411935299634933e-02 1.783059164881706238e-02
1.052981987595558167e-02 1.576044782996177673e-02
9.930955246090888977e-03 1.585432514548301697e-02
9.422996081411838531e-03 1.600146666169166565e-02
9.272418916225433350e-03 1.477700378745794296e-02
9.065536782145500183e-03 1.422960963100194931e-02
9.010586887598037720e-03 1.385556906461715698e-02
8.403672836720943451e-03 1.350740063935518265e-02
8.127204142510890961e-03 1.301704999059438705e-02
8.250448852777481079e-03 1.253250055015087128e-02
7.773503195494413376e-03 1.242047641426324844e-02
7.520746439695358276e-03 1.189013291150331497e-02
7.146508898586034775e-03 1.162404939532279968e-02
7.042413111776113510e-03 1.125454995781183243e-02
6.794725079089403152e-03 1.063052099198102951e-02
6.380103528499603271e-03 1.035839226096868515e-02
6.121678277850151062e-03 1.386464573442935944e-02
9.059356525540351868e-03 1.393062155693769455e-02
9.708003140985965729e-03 1.091920398175716400e-02
6.515003740787506104e-03 1.554966717958450317e-02
8.699534460902214050e-03 1.586550660431385040e-02
8.576933294534683228e-03 1.476411428302526474e-02
7.932813838124275208e-03 1.450192742049694061e-02
7.972723804414272308e-03 1.479580998420715332e-02
8.333437144756317139e-03 1.478282641619443893e-02
8.286280557513237000e-03 1.422289106994867325e-02
7.642756681889295578e-03 1.360108982771635056e-02
6.959075108170509338e-03 1.344889495521783829e-02
6.794917397201061249e-03 1.353345904499292374e-02
6.923651322722434998e-03 1.302427053451538086e-02
6.723218597471714020e-03 1.211793720722198486e-02
6.256923545151948929e-03 1.165335997939109802e-02
6.057484541088342667e-03 1.147441845387220383e-02
6.090005394071340561e-03 1.077904086560010910e-02
5.586205050349235535e-03 1.027222257107496262e-02
5.153342150151729584e-03 1.026922278106212616e-02
5.278412718325853348e-03 9.355838410556316376e-03
4.758390597999095917e-03 8.978141471743583679e-03
4.685904830694198608e-03 8.685400709509849548e-03
4.532635211944580078e-03 8.024469949305057526e-03
4.120390396565198898e-03 7.766927126795053482e-03
4.168069455772638321e-03 7.511529605835676193e-03
3.846416482701897621e-03 8.409753441810607910e-03
3.959400113672018051e-03 7.733438163995742798e-03
3.633908927440643311e-03 7.248897571116685867e-03
3.772946074604988098e-03 7.531674113124608994e-03
3.726757830008864403e-03 7.105656433850526810e-03
3.611896187067031860e-03 6.288075819611549377e-03
3.419888205826282501e-03 6.019653286784887314e-03
3.295770147815346718e-03 6.045300979167222977e-03
3.322275122627615929e-03 5.733073223382234573e-03
3.275072202086448669e-03 5.398983135819435120e-03
3.235197160392999649e-03 5.310193635523319244e-03
3.139130072668194771e-03 5.455122329294681549e-03
3.078779671341180801e-03 5.383846815675497055e-03
3.012988716363906860e-03 5.256384611129760742e-03
3.012789878994226456e-03 5.322820972651243210e-03
2.943353960290551186e-03 5.315213464200496674e-03
2.908228430896997452e-03 5.026351660490036011e-03
2.853522077202796936e-03 5.069615785032510757e-03
2.757675247266888618e-03 5.128996446728706360e-03
2.725836820900440216e-03 4.967714194208383560e-03
2.702295780181884766e-03 5.051259417086839676e-03
2.662934595718979836e-03 5.168566945940256119e-03
2.632518298923969269e-03 4.989611916244029999e-03
2.578926505520939827e-03 5.060058087110519409e-03
2.534917322918772697e-03 5.108552519232034683e-03
2.520526992157101631e-03 4.884244874119758606e-03
2.491309307515621185e-03 4.939914681017398834e-03
2.438185038045048714e-03 4.747338593006134033e-03
2.395972143858671188e-03 4.627185873687267303e-03
2.377415541559457779e-03 4.647811874747276306e-03
2.362415660172700882e-03 4.433359485119581223e-03
2.338062506169080734e-03 4.542994312942028046e-03
2.305603818967938423e-03 4.399815574288368225e-03
2.267149509862065315e-03 4.407959058880805969e-03
2.235754160210490227e-03 4.426573403179645538e-03
2.216606168076395988e-03 4.305688664317131042e-03
2.194039989262819290e-03 4.361262079328298569e-03
2.161924028769135475e-03 4.236329812556505203e-03
2.131204120814800262e-03 4.197890870273113251e-03
2.106870524585247040e-03 4.174102563410997391e-03
2.082888502627611160e-03 4.038297105580568314e-03
2.059199148789048195e-03 4.122717306017875671e-03
2.039992250502109528e-03 3.943090792745351791e-03
2.024401444941759109e-03 4.141818266361951828e-03
2.017716644331812859e-03 3.837247146293520927e-03
2.027871087193489075e-03 4.296621307730674744e-03
2.089443849399685860e-03 3.775776363909244537e-03
2.180600306019186974e-03 4.515916109085083008e-03
2.280367305502295494e-03 3.759895684197545052e-03
2.123309066519141197e-03 3.921628929674625397e-03
1.897141686640679836e-03 3.907766658812761307e-03
1.883584540337324142e-03 3.676855005323886871e-03
1.988568808883428574e-03 4.018367733806371689e-03
1.917505403980612755e-03 3.666240721940994263e-03
1.768615329638123512e-03 3.581427037715911865e-03
1.778472331352531910e-03 3.978378139436244965e-03
1.883482327684760094e-03 3.512809285894036293e-03
1.916807610541582108e-03 3.967915195971727371e-03
1.859702286310493946e-03 3.483242122456431389e-03
1.718861632980406284e-03 3.573121735826134682e-03
1.623447053134441376e-03 3.671862883493304253e-03
1.633900101296603680e-03 3.446477930992841721e-03
1.681427354924380779e-03 3.854855662211775780e-03
1.679313601925969124e-03 3.467155853286385536e-03
1.601197291165590286e-03 3.553948132321238518e-03
1.527881133370101452e-03 3.524476662278175354e-03
1.512820599600672722e-03 3.312787273898720741e-03
1.538474927656352520e-03 3.637629328295588493e-03
1.566656865179538727e-03 3.269610228016972542e-03
1.562939607538282871e-03 3.593044355511665344e-03
1.536048483103513718e-03 3.199765924364328384e-03
1.477169804275035858e-03 3.376295091584324837e-03
1.415025559253990650e-03 3.233756171539425850e-03
1.374254934489727020e-03 3.193954704329371452e-03
1.362390932627022266e-03 3.319007810205221176e-03
1.368117751553654671e-03 3.093553939834237099e-03
1.378995133563876152e-03 3.384133102372288704e-03
1.388726755976676941e-03 3.050911240279674530e-03
1.387631986290216446e-03 3.371753264218568802e-03
1.390966004692018032e-03 2.980134915560483932e-03
1.390172285027801991e-03 3.391037695109844208e-03
1.402838621288537979e-03 2.984509570524096489e-03
1.397814019583165646e-03 3.390082856640219688e-03
1.386244548484683037e-03 2.954234369099140167e-03
1.321866177022457123e-03 3.178505692631006241e-03
1.251631299965083599e-03 2.943710424005985260e-03
1.190283102914690971e-03 2.965002553537487984e-03
1.162789296358823776e-03 3.043879987671971321e-03
1.167636248283088207e-03 2.860430860891938210e-03
1.199370948597788811e-03 3.248429391533136368e-03
1.279146526940166950e-03 2.899406244978308678e-03
1.446022186428308487e-03 3.948423545807600021e-03
1.855993992649018764e-03 3.414873965084552765e-03
2.169774612411856651e-03 4.130451940000057220e-03
2.033347263932228088e-03 3.011230379343032837e-03
1.204407424665987492e-03 3.279275028035044670e-03
1.739634317345917225e-03 3.811906324699521065e-03
1.696707098744809628e-03 3.305532736703753471e-03
1.251993235200643539e-03 3.440133295953273773e-03
1.812368049286305904e-03 3.540480043739080429e-03
1.357393804937601089e-03 3.498611506074666977e-03
1.310792402364313602e-03 3.297003917396068573e-03
1.634504296816885471e-03 3.284466918557882309e-03
1.169663039036095142e-03 3.358277492225170135e-03
1.229690737091004848e-03 3.148129442706704140e-03
1.496253535151481628e-03 3.322506323456764221e-03
1.171343843452632427e-03 3.285893937572836876e-03
1.111047342419624329e-03 3.136326326057314873e-03
1.329934457316994667e-03 3.387177363038063049e-03
1.112070982344448566e-03 3.311736276373267174e-03
1.076017855666577816e-03 3.049361286684870720e-03
1.239293138496577740e-03 3.253091359511017799e-03
1.062525436282157898e-03 3.226221771910786629e-03
1.050992636010050774e-03 2.966755069792270660e-03
1.155839418061077595e-03 3.100662492215633392e-03
1.015324844047427177e-03 3.063574200496077538e-03
1.017025206238031387e-03 2.813789527863264084e-03
1.103513408452272415e-03 3.017824841663241386e-03
1.010605017654597759e-03 2.952119335532188416e-03
9.700834052637219429e-04 2.841214649379253387e-03
1.050911727361381054e-03 3.085745964199304581e-03
1.021077623590826988e-03 2.822795649990439415e-03
9.413849911652505398e-04 2.740146359428763390e-03
9.813342476263642311e-04 3.010746790096163750e-03
1.007974497042596340e-03 2.766546327620744705e-03
9.437579428777098656e-04 2.775857457891106606e-03
9.318025549873709679e-04 2.951158443465828896e-03
9.693628526292741299e-04 2.692250302061438560e-03
9.466382907703518867e-04 2.757956972345709801e-03
9.067197097465395927e-04 2.813498256728053093e-03
9.165304363705217838e-04 2.672308357432484627e-03
9.377581882290542126e-04 2.844095695763826370e-03
9.248995920643210411e-04 2.666600048542022705e-03
8.928990573622286320e-04 2.660855185240507126e-03
8.836397319100797176e-04 2.764210803434252739e-03
8.995628450065851212e-04 2.613381948322057724e-03
9.053875692188739777e-04 2.756645204499363899e-03
8.913946221582591534e-04 2.623361768200993538e-03
8.707569213584065437e-04 2.631062874570488930e-03
8.608900825493037701e-04 2.682225545868277550e-03
8.673949050717055798e-04 2.554116770625114441e-03
8.737436146475374699e-04 2.676177769899368286e-03
8.713421993888914585e-04 2.526595024392008781e-03
8.607778581790626049e-04 2.612502546980977058e-03
8.476190851069986820e-04 2.533619757741689682e-03
8.378656348213553429e-04 2.521935850381851196e-03
8.326546521857380867e-04 2.536673098802566528e-03
8.315956220030784607e-04 2.476828405633568764e-03
8.330068667419254780e-04 2.585532842203974724e-03
8.385654655285179615e-04 2.446790691465139389e-03
8.479887037537992001e-04 2.627037698403000832e-03
8.685876964591443539e-04 2.406535437330603600e-03
9.038985008373856544e-04 2.788811922073364258e-03
9.751308243721723557e-04 2.482447540387511253e-03
1.064599840901792049e-03 3.074852982535958290e-03
1.207633526064455509e-03 2.548839664086699486e-03
1.209184876643121243e-03 2.935438649728894234e-03
1.113264821469783783e-03 2.434160327538847923e-03
8.769895648583769798e-04 2.447248436510562897e-03
8.379943901672959328e-04 2.810227219015359879e-03
9.813517099246382713e-04 2.494356594979763031e-03
1.030948013067245483e-03 2.828075317665934563e-03
9.707423159852623940e-04 2.431128872558474541e-03
8.381037041544914246e-04 2.463602926582098007e-03
7.849085959605872631e-04 2.578141400590538979e-03
8.265232318080961704e-04 2.402221551164984703e-03
9.141334448941051960e-04 2.881128806620836258e-03
1.019865274429321289e-03 2.481347182765603065e-03
1.049423939548432827e-03 2.900018589571118355e-03
1.018173876218497753e-03 2.423287136480212212e-03
8.642937755212187767e-04 2.475092420354485512e-03
7.773027173243463039e-04 2.621124964207410812e-03
8.310908451676368713e-04 2.420693170279264450e-03
8.997789118438959122e-04 2.722989069297909737e-03
8.834205800667405128e-04 2.390484791249036789e-03
7.948443526402115822e-04 2.426898805424571037e-03
7.523041567765176296e-04 2.514976775273680687e-03
7.808993104845285416e-04 2.355250064283609390e-03
8.413791656494140625e-04 2.723592799156904221e-03
9.086244390346109867e-04 2.381973899900913239e-03
9.298942750319838524e-04 2.742272568866610527e-03
9.201935608871281147e-04 2.357225865125656128e-03
8.350298157893121243e-04 2.470902167260646820e-03
7.562665268778800964e-04 2.439138246700167656e-03
7.429998368024826050e-04 2.349322428926825523e-03
7.892399444244801998e-04 2.614782424643635750e-03
8.263739873655140400e-04 2.325745299458503723e-03
8.050817414186894894e-04 2.484971890226006508e-03
7.628225139342248440e-04 2.311481395736336708e-03
7.259554113261401653e-04 2.328421454876661301e-03
7.145199924707412720e-04 2.395096002146601677e-03
7.261205464601516724e-04 2.280660206452012062e-03
7.531417650170624256e-04 2.544362563639879227e-03
7.967786514200270176e-04 2.307369140908122063e-03
8.482133853249251842e-04 2.725806785747408867e-03
9.185821400023996830e-04 2.345825778320431709e-03
9.287153370678424835e-04 2.650270937010645866e-03
8.868846925906836987e-04 2.266296884045004845e-03
7.654884248040616512e-04 2.304303692653775215e-03
7.030128617770969868e-04 2.426551654934883118e-03
7.406430086120963097e-04 2.279131673276424408e-03
8.105541928671300411e-04 2.653243951499462128e-03
8.674655109643936157e-04 2.295452868565917015e-03
8.606888004578649998e-04 2.592113567516207695e-03
8.425561827607452869e-04 2.246642019599676132e-03
7.849173271097242832e-04 2.400001045316457748e-03
7.305440958589315414e-04 2.236348809674382210e-03
6.840892019681632519e-04 2.274784492328763008e-03
6.690503796562552452e-04 2.369485795497894287e-03
6.856024847365915775e-04 2.244246890768408775e-03
7.157454383559525013e-04 2.483212389051914215e-03
7.512200972996652126e-04 2.217512810602784157e-03
7.753817480988800526e-04 2.510136691853404045e-03
8.009706507436931133e-04 2.207907149568200111e-03
7.951106526888906956e-04 2.455220324918627739e-03
7.756972918286919594e-04 2.183246193453669548e-03
7.197346421889960766e-04 2.313899109140038490e-03
6.688422872684895992e-04 2.237053122371435165e-03
6.437904085032641888e-04 2.210386563092470169e-03
6.482462049461901188e-04 2.345589688047766685e-03
6.757861119695007801e-04 2.178529044613242149e-03
7.168439333327114582e-04 2.498001558706164360e-03
7.884028600528836250e-04 2.243831520900130272e-03
8.737828466109931469e-04 2.759592374786734581e-03
1.012614811770617962e-03 2.330732997506856918e-03
1.028342288918793201e-03 2.670346293598413467e-03
9.430727222934365273e-04 2.195841632783412933e-03
7.097005145624279976e-04 2.200740622356534004e-03
6.526316865347325802e-04 2.525042043998837471e-03
7.847535889595746994e-04 2.263143658638000488e-03
8.393690804950892925e-04 2.532507060095667839e-03
7.763983448967337608e-04 2.188205253332853317e-03
6.506305071525275707e-04 2.194085391238331795e-03
6.098431185819208622e-04 2.337236190214753151e-03
6.636834586970508099e-04 2.194881904870271683e-03
7.475989405065774918e-04 2.605203306302428246e-03
8.302044589072465897e-04 2.253995509818196297e-03
8.264930802397429943e-04 2.527308650314807892e-03
7.642662967555224895e-04 2.167494269087910652e-03
6.396034150384366512e-04 2.176801441237330437e-03
5.988610209897160530e-04 2.346283290535211563e-03
6.602883804589509964e-04 2.163179218769073486e-03
7.034852169454097748e-04 2.394488546997308731e-03
6.793272914364933968e-04 2.141772769391536713e-03
6.086655776016414165e-04 2.173921326175332069e-03
5.732920835725963116e-04 2.234936691820621490e-03
5.908589810132980347e-04 2.117358613759279251e-03
6.366969319060444832e-04 2.405044622719287872e-03
6.899777217768132687e-04 2.159247174859046936e-03
7.146660936996340752e-04 2.464960562065243721e-03
7.207294693216681480e-04 2.131140790879726410e-03
6.599485641345381737e-04 2.224497031420469284e-03
5.883502890355885029e-04 2.105413470417261124e-03
5.519308033399283886e-04 2.074600895866751671e-03
5.717970198020339012e-04 2.292843302711844444e-03
6.163818761706352234e-04 2.102008787915110588e-03
6.391284987330436707e-04 2.337222686037421227e-03
6.415821262635290623e-04 2.073446987196803093e-03
6.098869489505887032e-04 2.216494176536798477e-03
5.764592788182199001e-04 2.059011487290263176e-03
5.429465090855956078e-04 2.120558638125658035e-03
5.224845954217016697e-04 2.114892704412341118e-03
5.168620846234261990e-04 2.070168964564800262e-03
5.219536833465099335e-04 2.166009275242686272e-03
5.349953426048159599e-04 2.018066588789224625e-03
5.555658135563135147e-04 2.233800012618303299e-03
5.906980950385332108e-04 2.032254356890916824e-03
6.300443201325833797e-04 2.384600928053259850e-03
6.923329201526939869e-04 2.088950248435139656e-03
7.227209280245006084e-04 2.468732185661792755e-03
7.546351407654583454e-04 2.053297124803066254e-03
6.789125618524849415e-04 2.227353630587458611e-03
5.816878401674330235e-04 2.018045866861939430e-03
4.946689005009829998e-04 2.021882683038711548e-03
4.888788098469376564e-04 2.233159961178898811e-03
5.501825362443923950e-04 2.056833356618881226e-03
6.305826245807111263e-04 2.519053872674703598e-03
7.497156038880348206e-04 2.164428355172276497e-03
8.144145831465721130e-04 2.620304236188530922e-03
8.694911957718431950e-04 2.073547104373574257e-03
6.982081104069948196e-04 2.124154008924961090e-03
5.118310800753533840e-04 2.098149387165904045e-03
4.787985817529261112e-04 2.035255776718258858e-03
5.963309085927903652e-04 2.469615777954459190e-03
6.848340854048728943e-04 2.056951168924570084e-03
5.830184090882539749e-04 2.145375357940793037e-03
4.594556812662631273e-04 2.117894822731614113e-03
4.432241548784077168e-04 2.003679983317852020e-03
5.332788568921387196e-04 2.506446093320846558e-03
6.906799389980733395e-04 2.166504971683025360e-03
7.887188694439828396e-04 2.738625742495059967e-03
8.964490843936800957e-04 2.089133718982338905e-03
5.811775336042046547e-04 2.027363283559679985e-03
7.002549245953559875e-04 2.808458870276808739e-03
9.693002793937921524e-04 2.085089916363358498e-03
6.497197318822145462e-04 2.262333640828728676e-03
7.193788769654929638e-04 2.185370540246367455e-03
5.033059278503060341e-04 2.309631090611219406e-03
7.706342730671167374e-04 2.299924846738576889e-03
6.559520843438804150e-04 2.140913624316453934e-03
6.447678315453231335e-04 2.283854177221655846e-03
5.251094116829335690e-04 2.508043544366955757e-03
6.029417854733765125e-04 2.126527717337012291e-03
5.600646254606544971e-04 2.275899518281221390e-03
5.874094786122441292e-04 2.113512950018048286e-03
4.551020683720707893e-04 2.177082234993577003e-03
5.252900300547480583e-04 2.195301000028848648e-03
4.898047773167490959e-04 2.076772041618824005e-03
5.661611794494092464e-04 2.183924196287989616e-03
4.548752331174910069e-04 2.133462578058242798e-03
4.808727244380861521e-04 1.915347878821194172e-03
4.229886108078062534e-04 2.048024442046880722e-03
4.944580141454935074e-04 1.964346040040254593e-03
4.206394660286605358e-04 2.161366865038871765e-03
4.474438610486686230e-04 1.987813506275415421e-03
3.924922784790396690e-04 1.914516091346740723e-03
4.335221892688423395e-04 2.083076396957039833e-03
4.253234947100281715e-04 1.923771807923913002e-03
4.296529223211109638e-04 1.995440106838941574e-03
4.337810387369245291e-04 1.879549934528768063e-03
3.818295081146061420e-04 2.029483439400792122e-03
4.083929525222629309e-04 1.888659084215760231e-03
3.643589443527162075e-04 1.820521894842386246e-03
3.876507398672401905e-04 2.006415277719497681e-03
4.022016655653715134e-04 1.831389963626861572e-03
3.724170674104243517e-04 1.956850290298461914e-03
3.922705363947898149e-04 1.882944256067276001e-03
3.625352983362972736e-04 1.871570013463497162e-03
3.381023416295647621e-04 1.824465347453951836e-03
3.553779970388859510e-04 1.847705687396228313e-03
3.470630035735666752e-04 1.861918019130825996e-03
3.294499183539301157e-04 1.792406430467963219e-03
3.388394252397119999e-04 1.938528846949338913e-03
3.634633903857320547e-04 1.760999439284205437e-03
3.781642881222069263e-04 2.014864934608340263e-03
4.013176949229091406e-04 1.762676401995122433e-03
4.435307055246084929e-04 2.190795261412858963e-03
5.321041098795831203e-04 1.847414998337626457e-03
6.250194273889064789e-04 2.426083665341138840e-03
7.607773877680301666e-04 1.942114671692252159e-03
6.828252808190882206e-04 2.093363320454955101e-03
5.061588017269968987e-04 1.840754877775907516e-03
3.298053052276372910e-04 1.822739373892545700e-03
4.511327715590596199e-04 2.423070603981614113e-03
6.339984829537570477e-04 1.995917176827788353e-03
6.668681162409484386e-04 3.097890177741646767e-03
1.153071527369320393e-03 2.505017211660742760e-03
1.220732112415134907e-03 2.226243261247873306e-03
5.472037009894847870e-04 2.354546915739774704e-03
8.005506242625415325e-04 1.860199496150016785e-03
4.413218121044337749e-04 2.130676992237567902e-03
7.355666020885109901e-04 1.866113278083503246e-03
5.566023755818605423e-04 2.293218160048127174e-03
5.683113704435527325e-04 2.254680730402469635e-03
5.587909836322069168e-04 1.940190559253096581e-03
4.502244410105049610e-04 2.130246255546808243e-03
6.041967426426708698e-04 1.982453744858503342e-03
4.772967367898672819e-04 2.311319811269640923e-03
4.648602043744176626e-04 2.399678342044353485e-03
5.105278105475008488e-04 2.028153045102953911e-03
4.238111141603440046e-04 2.076011383906006813e-03
4.943412495777010918e-04 1.952237682417035103e-03
4.296095867175608873e-04 2.100831596180796623e-03
3.934203996323049068e-04 2.317490288987755775e-03
4.492975713219493628e-04 2.024520421400666237e-03
3.781053819693624973e-04 1.975916791707277298e-03
4.017810861114412546e-04 1.882833312265574932e-03
3.708075964823365211e-04 1.941448193974792957e-03
3.582872741390019655e-04 2.090730005875229836e-03
3.882888413500040770e-04 1.838085590861737728e-03
3.459936997387558222e-04 1.855811453424394131e-03
3.692448080983012915e-04 1.785457250662147999e-03
3.254252951592206955e-04 1.890463987365365028e-03
3.416747495066374540e-04 1.928583486005663872e-03
3.313019406050443649e-04 1.783449901267886162e-03
3.361076232977211475e-04 1.886947778984904289e-03
3.351725463289767504e-04 1.805408275686204433e-03
3.210918512195348740e-04 1.892782980576157570e-03
3.138254105579108000e-04 1.756396261043846607e-03
3.038716968148946762e-04 1.753377960994839668e-03
2.954395895358175039e-04 1.797850592993199825e-03
2.922739076893776655e-04 1.816111966036260128e-03
2.844185801222920418e-04 1.851784181781113148e-03
2.882361295633018017e-04 1.739143161103129387e-03
2.808216086123138666e-04 1.817968906834721565e-03
2.854824124369770288e-04 1.728881616145372391e-03
2.818958892021328211e-04 1.867253915406763554e-03
2.869285235647112131e-04 1.711708609946072102e-03
2.929788024630397558e-04 1.881668227724730968e-03
3.090478421654552221e-04 1.681292545981705189e-03
3.319334937259554863e-04 2.062306040897965431e-03
3.986669180449098349e-04 1.760477083735167980e-03
5.047804443165659904e-04 2.504335949197411537e-03
7.350015803240239620e-04 1.968734432011842728e-03
8.806781843304634094e-04 2.679178724065423012e-03
9.110200917348265648e-04 1.796271186321973801e-03
4.763759206980466843e-04 1.752193435095250607e-03
3.078419249504804611e-04 2.275985665619373322e-03
5.430980818346142769e-04 1.862502307631075382e-03
5.607375060208141804e-04 2.112102461978793144e-03
3.606729442253708839e-04 1.926060533151030540e-03
2.606784400995820761e-04 1.851972425356507301e-03
3.983212809544056654e-04 2.408142201602458954e-03
5.622997996397316456e-04 1.832042471505701542e-03
4.887832910753786564e-04 2.085900632664561272e-03
3.401408903300762177e-04 1.849800697527825832e-03
2.502585703041404486e-04 1.815769588574767113e-03
3.087051736656576395e-04 2.170370891690254211e-03
3.892982203979045153e-04 1.778352190740406513e-03
3.318077942822128534e-04 1.889835693873465061e-03
2.502807474229484797e-04 1.896015019156038761e-03
2.675362629815936089e-04 1.764188986271619797e-03
3.200033097527921200e-04 1.967452699318528175e-03
3.041538584511727095e-04 1.774325617589056492e-03
2.398518990958109498e-04 1.794859068468213081e-03
2.366653643548488617e-04 1.962485024705529213e-03
2.810232108458876610e-04 1.749113900586962700e-03
2.911545161623507738e-04 1.924832584336400032e-03
2.648656372912228107e-04 1.739284722134470940e-03
2.627012145239859819e-04 1.971303252503275871e-03
3.483799519017338753e-04 1.896815141662955284e-03
4.896179889328777790e-04 2.395288785919547081e-03
6.038913852535188198e-04 1.772722578607499599e-03
5.487691378220915794e-04 2.303546993061900139e-03
5.904269637539982796e-04 1.766958856023848057e-03
3.611219290178269148e-04 1.726098009385168552e-03
2.787587291095405817e-04 2.069745911285281181e-03
4.430354165378957987e-04 1.752821961417794228e-03
4.253056540619581938e-04 2.164642326533794403e-03
3.883566532749682665e-04 1.826235791668295860e-03
2.494434884283691645e-04 1.813354436308145523e-03
3.012868401128798723e-04 2.145971404388546944e-03
3.597806207835674286e-04 1.776913646608591080e-03
3.636161563917994499e-04 1.983515219762921333e-03
3.247325366828590631e-04 1.752531388774514198e-03
2.328762493561953306e-04 1.766080851666629314e-03
2.745962701737880707e-04 1.957882428541779518e-03
2.998645068146288395e-04 1.729742274619638920e-03
3.037011192645877600e-04 1.946696662344038486e-03
2.728045510593801737e-04 1.766111003234982491e-03
2.181357122026383877e-04 1.720257219858467579e-03
2.483537246007472277e-04 1.946962205693125725e-03
2.811659942381083965e-04 1.680858200415968895e-03
2.759037015493959188e-04 1.899407943710684776e-03
2.677053271327167749e-04 1.712021068669855595e-03
2.317414473509415984e-04 1.757116871885955334e-03
2.051340852631255984e-04 1.800902187824249268e-03
2.183640026487410069e-04 1.690190285444259644e-03
2.363073144806548953e-04 1.856870832853019238e-03
2.405515697319060564e-04 1.670197118073701859e-03
2.479431277606636286e-04 1.883802935481071472e-03
2.614141558296978474e-04 1.675537903793156147e-03
2.498565299902111292e-04 1.832048408687114716e-03
2.297915052622556686e-04 1.665657619014382362e-03
2.188282960560172796e-04 1.785848988220095634e-03
2.142515149898827076e-04 1.685090246610343456e-03
2.026578877121210098e-04 1.719753490760922432e-03
1.928407727973535657e-04 1.712100231088697910e-03
1.929646532516926527e-04 1.690292730927467346e-03
1.980629022000357509e-04 1.735989004373550415e-03
1.992341858567669988e-04 1.660690060816705227e-03
1.960486115422099829e-04 1.741619664244353771e-03
1.954741746885702014e-04 1.645978307351469994e-03
2.038248348981142044e-04 1.800088328309357166e-03
2.276520535815507174e-04 1.638547517359256744e-03
2.721979981288313866e-04 2.002798486500978470e-03
3.545172221492975950e-04 1.697480445727705956e-03
4.624343418981879950e-04 2.391303889453411102e-03
6.340168183669447899e-04 1.812223810702562332e-03
7.051440188661217690e-04 2.484848722815513611e-03
7.779233856126666069e-04 1.800731988623738289e-03
5.122493603266775608e-04 1.730763236992061138e-03
2.579357242211699486e-04 1.952691818587481976e-03
3.336863592267036438e-04 1.828539301641285419e-03
4.874578444287180901e-04 2.140663564205169678e-03
3.823624865617603064e-04 1.789088593795895576e-03
2.655871503520756960e-04 1.898589311167597771e-03
2.802255039568990469e-04 2.007027389481663704e-03
2.664587518665939569e-04 1.814986811950802803e-03
3.771394549403339624e-04 2.218496752902865410e-03
4.082315426785498857e-04 1.730698393657803535e-03
3.155469021294265985e-04 1.987139228731393814e-03
3.033097600564360619e-04 1.802938873879611492e-03
2.102438447764143348e-04 1.739977975375950336e-03
2.587489143479615450e-04 1.937874243594706059e-03
3.009169013239443302e-04 1.651738304644823074e-03
2.523809089325368404e-04 1.870415522716939449e-03
2.577701525297015905e-04 1.723296707496047020e-03
2.043931308435276151e-04 1.712655648589134216e-03
1.998106454266235232e-04 1.915380242280662060e-03
2.503274299670010805e-04 1.695799292065203190e-03
2.474040084052830935e-04 1.966847339645028114e-03
2.705980441533029079e-04 1.661397749558091164e-03
2.796120243147015572e-04 1.874622772447764874e-03
2.439087111270055175e-04 1.655100262723863125e-03
2.200576273025944829e-04 1.740922685712575912e-03
1.995025522774085402e-04 1.720755011774599552e-03
1.814322167774662375e-04 1.677939086221158504e-03
2.069223119178786874e-04 1.875575981102883816e-03
2.281865163240581751e-04 1.657126238569617271e-03
2.394723414909094572e-04 1.956766005605459213e-03
2.691602276172488928e-04 1.650654827244579792e-03
2.707629173528403044e-04 1.939214533194899559e-03
2.653844712767750025e-04 1.652480452321469784e-03
2.544900344219058752e-04 1.877057482488453388e-03
2.357926859986037016e-04 1.655446831136941910e-03
1.989521551877260208e-04 1.758584752678871155e-03
1.820946490624919534e-04 1.700208522379398346e-03
1.798903977032750845e-04 1.649486599490046501e-03
1.766120840329676867e-04 1.744749024510383606e-03
1.846765953814610839e-04 1.626253477297723293e-03
2.030571049544960260e-04 1.836695242673158646e-03
2.180793089792132378e-04 1.630556536838412285e-03
2.261198824271559715e-04 1.919236732646822929e-03
2.516175154596567154e-04 1.648564939387142658e-03
2.824016555678099394e-04 2.015327569097280502e-03
3.202846273779869080e-04 1.634293701499700546e-03
3.189906128682196140e-04 1.964342547580599785e-03
3.018165007233619690e-04 1.617240486666560173e-03
2.453640045132488012e-04 1.747406437061727047e-03
1.942713861353695393e-04 1.684459741227328777e-03
1.681450812611728907e-04 1.629042671993374825e-03
1.862347562564536929e-04 1.887156628072261810e-03
2.374353207414969802e-04 1.654122374020516872e-03
2.898951934184879065e-04 2.092305803671479225e-03
3.668595745693892241e-04 1.705671544186770916e-03
4.331017553340643644e-04 2.316206460818648338e-03
5.406764685176312923e-04 1.737799611873924732e-03
4.770699888467788696e-04 1.984449569135904312e-03
3.013561363331973553e-04 1.726075541228055954e-03
1.988214644370600581e-04 1.719362684525549412e-03
2.862397814169526100e-04 2.041538711637258530e-03
3.183415974490344524e-04 1.680690795183181763e-03
2.747077378444373608e-04 1.902092015370726585e-03
2.940708072856068611e-04 1.782383536919951439e-03
2.411236346233636141e-04 1.707384479232132435e-03
1.724312605801969767e-04 1.795437070541083813e-03
2.338092599529772997e-04 1.761883962899446487e-03
2.385399275226518512e-04 1.883158693090081215e-03
2.059017424471676350e-04 1.714194309897720814e-03
2.579966967459768057e-04 1.917202956974506378e-03
2.331506693735718727e-04 1.685378258116543293e-03
2.007479197345674038e-04 1.778309815563261509e-03
2.117879630532115698e-04 1.725690322928130627e-03
1.701291330391541123e-04 1.675270847044885159e-03
1.944973773788660765e-04 1.796317053958773613e-03
2.060027181869372725e-04 1.649031066335737705e-03
1.817452866816893220e-04 1.837980817072093487e-03
2.082087448798120022e-04 1.646461314521729946e-03
2.113265945808961987e-04 1.823801430873572826e-03
2.010186144616454840e-04 1.630416722036898136e-03
2.238585730083286762e-04 1.890009734779596329e-03
2.469033352099359035e-04 1.607432728633284569e-03
2.504879084881395102e-04 1.958244247362017632e-03
2.838562068063765764e-04 1.632938394322991371e-03
2.870146417990326881e-04 1.920506823807954788e-03
2.620148297864943743e-04 1.609518774785101414e-03
2.202386822318658233e-04 1.755633973516523838e-03
1.846929080784320831e-04 1.654343213886022568e-03
1.538987708045169711e-04 1.637987093999981880e-03
1.585540012456476688e-04 1.808680011890828609e-03
1.913686719490215182e-04 1.633992418646812439e-03
2.281876368215307593e-04 2.013088436797261238e-03
2.961471036542207003e-04 1.690196571871638298e-03
3.902291646227240562e-04 2.317518694326281548e-03
5.290360422804951668e-04 1.725945272482931614e-03
5.126828909851610661e-04 2.129706321284174919e-03
4.058729682583361864e-04 1.683184760622680187e-03
2.395587944192811847e-04 1.687230658717453480e-03
2.150020882254466414e-04 2.034749602898955345e-03
2.985592000186443329e-04 1.728353323414921761e-03
3.430877695791423321e-04 2.014540601521730423e-03
2.966554020531475544e-04 1.705760951153934002e-03
1.808901724871248007e-04 1.724181696772575378e-03
1.700825523585081100e-04 1.908472971990704536e-03
2.367576671531423926e-04 1.694224774837493896e-03
2.529271005187183619e-04 2.049167174845933914e-03
2.787206030916422606e-04 1.731269643642008305e-03
2.985580940730869770e-04 1.978143583983182907e-03
2.466852602083235979e-04 1.683353562839329243e-03
1.814674615161493421e-04 1.733012148179113865e-03
1.871946733444929123e-04 1.814495073631405830e-03
1.917870831675827503e-04 1.629427773877978325e-03
2.127014449797570705e-04 1.871179556474089622e-03
2.234566491097211838e-04 1.652259961701929569e-03
1.760739105520769954e-04 1.750884228385984898e-03
1.584517303854227066e-04 1.712525147013366222e-03
1.706898328848183155e-04 1.670698402449488640e-03
1.591255131643265486e-04 1.729798153974115849e-03
1.529110304545611143e-04 1.651942497119307518e-03
1.764185726642608643e-04 1.797279692254960537e-03
1.871363638201728463e-04 1.606314093805849552e-03
1.852546702139079571e-04 1.828909735195338726e-03
2.030324394581839442e-04 1.609149738214910030e-03
1.925321848830208182e-04 1.754623954184353352e-03
1.692316727712750435e-04 1.620283350348472595e-03
1.647812023293226957e-04 1.712959143333137035e-03
1.594191271578893065e-04 1.644555479288101196e-03
1.436284946976229548e-04 1.697772182524204254e-03
1.430161210009828210e-04 1.660033361986279488e-03
1.477821642765775323e-04 1.677198801189661026e-03
1.407823147019371390e-04 1.651149592362344265e-03
1.360900932922959328e-04 1.632908475585281849e-03
1.405123766744509339e-04 1.647574594244360924e-03
1.403881615260615945e-04 1.617534435354173183e-03
1.361316244583576918e-04 1.655031577683985233e-03
1.381653273710981011e-04 1.617322908714413643e-03
1.417671446688473225e-04 1.675631850957870483e-03
1.431182172382250428e-04 1.579095493070781231e-03
1.505173859186470509e-04 1.761507242918014526e-03
1.764449552865698934e-04 1.570801599882543087e-03
2.335959870833903551e-04 2.096563111990690231e-03
3.904065233655273914e-04 1.846824423409998417e-03
7.065181853249669075e-04 3.298958297818899155e-03
1.394008868373930454e-03 2.307368209585547447e-03
1.359310583211481571e-03 2.631403971463441849e-03
8.594478713348507881e-04 2.126269275322556496e-03
5.588506464846432209e-04 1.923133619129657745e-03
6.618205225095152855e-04 2.754737157374620438e-03
9.596163872629404068e-04 2.003497676923871040e-03
3.881602315232157707e-04 2.131901448592543602e-03
5.381198134273290634e-04 2.518064808100461960e-03
5.806908593513071537e-04 2.063381252810359001e-03
5.133825470693409443e-04 2.022740431129932404e-03
2.896779624279588461e-04 2.518732566386461258e-03
5.332420114427804947e-04 2.004406182095408440e-03
3.959200985264033079e-04 2.251017373055219650e-03
3.964850038755685091e-04 2.105585066601634026e-03
2.738241746556013823e-04 2.018541796132922173e-03
3.606503014452755451e-04 2.326740184798836708e-03
3.570517001207917929e-04 1.979339169338345528e-03
2.230832760687917471e-04 1.864994759671390057e-03
3.451362135820090771e-04 2.014900324866175652e-03
2.690952678676694632e-04 1.889884588308632374e-03
2.286624367116019130e-04 1.827709027566015720e-03
2.606198540888726711e-04 2.001769840717315674e-03
2.712127170525491238e-04 1.737146987579762936e-03
2.563846646808087826e-04 1.790860551409423351e-03
1.793626724975183606e-04 1.962740439921617508e-03
2.332711155759170651e-04 1.732770586386322975e-03
2.158572606276720762e-04 1.883537275716662407e-03
2.257049345644190907e-04 1.725326292216777802e-03
1.750444062054157257e-04 1.745451125316321850e-03
1.963444665307179093e-04 1.919344300404191017e-03
2.030807663686573505e-04 1.703910063952207565e-03
1.897242764243856072e-04 1.744411420077085495e-03
1.679721171967685223e-04 1.796850585378706455e-03
1.689711352810263634e-04 1.712724450044333935e-03
1.857992465374991298e-04 1.845799502916634083e-03
1.843015634221956134e-04 1.655547297559678555e-03
1.685721217654645443e-04 1.732985838316380978e-03
1.518246281193569303e-04 1.790300360880792141e-03
1.542215322842821479e-04 1.708196592517197132e-03
1.641948620090261102e-04 1.812402158975601196e-03
1.652016362641006708e-04 1.663612201809883118e-03
1.567806175444275141e-04 1.725126639939844608e-03
1.431048876838758588e-04 1.734025194309651852e-03
1.479490165365859866e-04 1.635037246160209179e-03
1.475491299061104655e-04 1.742866355925798416e-03
1.536602212581783533e-04 1.659803208895027637e-03
1.426139497198164463e-04 1.730306190438568592e-03
1.409814285580068827e-04 1.685150316916406155e-03
1.341275492450222373e-04 1.640909933485090733e-03
1.387206284562125802e-04 1.716202707029879093e-03
1.391029800288379192e-04 1.636328175663948059e-03
1.427248789696022868e-04 1.704722410067915916e-03
1.408179232385009527e-04 1.597601571120321751e-03
1.385984651278704405e-04 1.671866630204021931e-03
1.334530534222722054e-04 1.630684826523065567e-03
1.309874205617234111e-04 1.623018993996083736e-03
1.283754536416381598e-04 1.621807459741830826e-03
1.293851091759279370e-04 1.594909350387752056e-03
1.289560459554195404e-04 1.657084329053759575e-03
1.317294227192178369e-04 1.585596241056919098e-03
1.316989364568144083e-04 1.663710805587470531e-03
1.348952355328947306e-04 1.575410133227705956e-03
1.353059633402153850e-04 1.683719223365187645e-03
1.391666592098772526e-04 1.559469965286552906e-03
1.426115632057189941e-04 1.692595891654491425e-03
1.496625191066414118e-04 1.540555036626756191e-03
1.565998391015455127e-04 1.737470855005085468e-03
1.690847566351294518e-04 1.541613717563450336e-03
1.834175054682418704e-04 1.809483394026756287e-03
2.099876583088189363e-04 1.548243919387459755e-03
2.342008083360269666e-04 1.923031639307737350e-03
2.770003338810056448e-04 1.580766518600285053e-03
3.005538892466574907e-04 1.994003308936953545e-03
3.309431485831737518e-04 1.570112188346683979e-03
2.878616796806454659e-04 1.843721605837345123e-03
2.241155161755159497e-04 1.574083347804844379e-03
1.508569403085857630e-04 1.609146129339933395e-03
1.256582327187061310e-04 1.733852550387382507e-03
1.524637336842715740e-04 1.585290767252445221e-03
2.003458066610619426e-04 1.928535988554358482e-03
2.534164523240178823e-04 1.592464628629386425e-03
2.726195380091667175e-04 1.945441006682813168e-03
2.741593925748020411e-04 1.578569761477410793e-03
2.179502189392223954e-04 1.753719523549079895e-03
1.591766776982694864e-04 1.622681040316820145e-03
1.253238151548430324e-04 1.598731614649295807e-03
1.391049154335632920e-04 1.808390603400766850e-03
1.752885436872020364e-04 1.588502665981650352e-03
1.938699424499645829e-04 1.830043969675898552e-03
1.930401776917278767e-04 1.574216992594301701e-03
1.658656547078862786e-04 1.708892988972365856e-03
1.380630274070426822e-04 1.615911489352583885e-03
1.211683993460610509e-04 1.618737354874610901e-03
1.206684246426448226e-04 1.707084709778428078e-03
1.323483593296259642e-04 1.581233926117420197e-03
1.489386049797758460e-04 1.775366603396832943e-03
1.685209717834368348e-04 1.553838374093174934e-03
1.807718799682334065e-04 1.786545966751873493e-03
1.867819082690402865e-04 1.552441972307860851e-03
1.749556104186922312e-04 1.749445335008203983e-03
1.597488881088793278e-04 1.570290187373757362e-03
1.409104879712685943e-04 1.679694745689630508e-03
1.268327760044485331e-04 1.598207862116396427e-03
1.180253966595046222e-04 1.613024505786597729e-03
1.150610478362068534e-04 1.622666954062879086e-03
1.165126304840669036e-04 1.571099506691098213e-03
1.211293711094185710e-04 1.673310878686606884e-03
1.293619279749691486e-04 1.556815812364220619e-03
1.428804098395630717e-04 1.764383167028427124e-03
1.677807304076850414e-04 1.550551387481391430e-03
2.031889016507193446e-04 1.912461477331817150e-03
2.630185626912862062e-04 1.583768520504236221e-03
3.149081603623926640e-04 2.060831757262349129e-03
3.748623421415686607e-04 1.596735324710607529e-03
3.415666287764906883e-04 1.921204384416341782e-03
2.689387474674731493e-04 1.571555389091372490e-03
1.610093895578756928e-04 1.626886776648461819e-03
1.204340005642734468e-04 1.781619037501513958e-03
1.596050860825926065e-04 1.599359442479908466e-03
2.296618913533166051e-04 2.027483191341161728e-03
3.046134370379149914e-04 1.626825658604502678e-03
3.170774434693157673e-04 2.005662070587277412e-03
3.040670999325811863e-04 1.584685407578945160e-03
2.124203892890363932e-04 1.722005312331020832e-03
1.358111039735376835e-04 1.700783381238579750e-03
1.260090939467772841e-04 1.612588646821677685e-03
1.725114561850205064e-04 1.918852212838828564e-03
2.137274568667635322e-04 1.608076272532343864e-03
1.958359498530626297e-04 1.777282916009426117e-03
1.532466121716424823e-04 1.617482164874672890e-03
1.197318779304623604e-04 1.609993400052189827e-03
1.213719515362754464e-04 1.765794353559613228e-03
1.471233408665284514e-04 1.599455601535737514e-03
1.765697088558226824e-04 1.885434496216475964e-03
2.044166030827909708e-04 1.594102825038135052e-03
2.037598169408738613e-04 1.818056451156735420e-03
1.853323483373969793e-04 1.562333200126886368e-03
1.470353454351425171e-04 1.646834774874150753e-03
1.193748685182072222e-04 1.651701750233769417e-03
1.167140362667851150e-04 1.584705198183655739e-03
1.369976380374282598e-04 1.805434818379580975e-03
1.649811893003061414e-04 1.582313561812043190e-03
1.846179366111755371e-04 1.852698740549385548e-03
2.065718144876882434e-04 1.564260339364409447e-03
2.124928432749584317e-04 1.834152266383171082e-03
2.117869589710608125e-04 1.549569657072424889e-03
1.847048115450888872e-04 1.754701952449977398e-03
1.555906492285430431e-04 1.585008227266371250e-03
1.262002770090475678e-04 1.634647371247410774e-03
1.117556821554899216e-04 1.675219740718603134e-03
1.177989106508903205e-04 1.568508450873196125e-03
1.359240122837945819e-04 1.756372395902872086e-03
1.557801297167316079e-04 1.558824675157666206e-03
1.693758240435272455e-04 1.811266294680535793e-03
1.850863045547157526e-04 1.568969688378274441e-03
1.889164414023980498e-04 1.830453285947442055e-03
1.899168419186025858e-04 1.559489639475941658e-03
1.742563035804778337e-04 1.750344992615282536e-03
1.546516723465174437e-04 1.560301403515040874e-03
1.277576811844483018e-04 1.622479641810059547e-03
1.106587515096180141e-04 1.631978549994528294e-03
1.102988026104867458e-04 1.573930028825998306e-03
1.216777091030962765e-04 1.738334074616432190e-03
1.396895240759477019e-04 1.567973289638757706e-03
1.635210064705461264e-04 1.843294478021562099e-03
2.044460125034675002e-04 1.570575172081589699e-03
2.500525733921676874e-04 1.994356047362089157e-03
3.191315045114606619e-04 1.594745670445263386e-03
3.389160556253045797e-04 2.007285831496119499e-03
3.266463754698634148e-04 1.563553814776241779e-03
2.172234817408025265e-04 1.678646658547222614e-03
1.300995791098102927e-04 1.696029677987098694e-03
1.276858092751353979e-04 1.579244504682719707e-03
1.927806442836299539e-04 1.979343593120574951e-03
2.658677112776786089e-04 1.615757355466485023e-03
2.760752104222774506e-04 1.968360738828778267e-03
2.685470681171864271e-04 1.589020946994423866e-03
2.096814569085836411e-04 1.746771857142448425e-03
1.488776179030537605e-04 1.623336807824671268e-03
1.107864882214926183e-04 1.607473124749958515e-03
1.271771616302430630e-04 1.812622416764497757e-03
1.649663172429427505e-04 1.596763846464455128e-03
1.716972619760781527e-04 1.791588612832129002e-03
1.564637932460755110e-04 1.586885657161474228e-03
1.303026510868221521e-04 1.637408393435180187e-03
1.117178326239809394e-04 1.658296561799943447e-03
1.119515291065908968e-04 1.579204457812011242e-03
1.310344232479110360e-04 1.783521263860166073e-03
1.541324309073388577e-04 1.570307067595422268e-03
1.638192770769819617e-04 1.790401060134172440e-03
1.700852153589949012e-04 1.552575849927961826e-03
1.635461376281455159e-04 1.717453356832265854e-03
1.478551130276173353e-04 1.562191871926188469e-03
1.219140976900234818e-04 1.637515262700617313e-03
1.072482118615880609e-04 1.635656575672328472e-03
1.073347666533663869e-04 1.588106271810829639e-03
1.153861667262390256e-04 1.709550619125366211e-03
1.304967590840533376e-04 1.540235592983663082e-03
1.523505343357101083e-04 1.790967420674860477e-03
1.860619086073711514e-04 1.543140737339854240e-03
2.218606969108805060e-04 1.934911357238888741e-03
2.784328826237469912e-04 1.589669962413609028e-03
3.035324916709214449e-04 1.986448885872960091e-03
3.044507757294923067e-04 1.560420496389269829e-03
2.213497937191277742e-04 1.723043969832360744e-03
1.470909774070605636e-04 1.624923665076494217e-03
1.211447015521116555e-04 1.564066973514854908e-03
1.436258608009666204e-04 1.847771462053060532e-03
1.935091568157076836e-04 1.594844739884138107e-03
2.312140422873198986e-04 1.945568248629570007e-03
2.539829583838582039e-04 1.580242882482707500e-03
2.159942814614623785e-04 1.796091673895716667e-03
1.724218163872137666e-04 1.576672191731631756e-03
1.336053683189675212e-04 1.638722838833928108e-03
1.160064493888057768e-04 1.693813363090157509e-03
1.164174100267700851e-04 1.595158129930496216e-03
1.378842716803774238e-04 1.800777390599250793e-03
1.608115708222612739e-04 1.582374563440680504e-03
1.547183346701785922e-04 1.729736104607582092e-03
1.365568459732457995e-04 1.561532379128038883e-03
1.183732747449539602e-04 1.639055437408387661e-03
1.076086628017947078e-04 1.603632583282887936e-03
1.024359735311008990e-04 1.577900024130940437e-03
1.051563522196374834e-04 1.674681901931762695e-03
1.159851090051233768e-04 1.541527104564011097e-03
1.294281537411734462e-04 1.720391795970499516e-03
1.444249501219019294e-04 1.528059947304427624e-03
1.562980614835396409e-04 1.762464293278753757e-03
1.710361684672534466e-04 1.545178354717791080e-03
1.749649818520992994e-04 1.780791673809289932e-03
1.772909163264557719e-04 1.535943825729191303e-03
1.649671175982803106e-04 1.740989857353270054e-03
1.537508214823901653e-04 1.525828498415648937e-03
1.369900564895942807e-04 1.668122131377458572e-03
1.224027510033920407e-04 1.544588594697415829e-03
1.091128142434172332e-04 1.621717819944024086e-03
1.019086703308857977e-04 1.589462044648826122e-03
9.936079732142388821e-05 1.588522573001682758e-03
9.884082101052626967e-05 1.610616920515894890e-03
9.912843961501494050e-05 1.556332921609282494e-03
1.016462119878269732e-04 1.625346951186656952e-03
1.071749939001165330e-04 1.529998262412846088e-03
1.149615854956209660e-04 1.673548482358455658e-03
1.265755126951262355e-04 1.524316845461726189e-03
1.420836633769795299e-04 1.763278036378324032e-03
1.695725368335843086e-04 1.528677530586719513e-03
2.042484265984967351e-04 1.909334561787545681e-03
2.675912983249872923e-04 1.582559198141098022e-03
3.292986948508769274e-04 2.115215640515089035e-03
4.253231454640626907e-04 1.631512655876576900e-03
4.109950095880776644e-04 2.015170175582170486e-03
3.385993477422744036e-04 1.554165268316864967e-03
1.849411928560584784e-04 1.640263362787663937e-03
1.312140957452356815e-04 1.777550554834306240e-03
1.729356299620121717e-04 1.587314181961119175e-03
2.133937377948313951e-04 1.979044638574123383e-03
2.647798683028668165e-04 1.656168373301625252e-03
2.907528541982173920e-04 1.930123544298112392e-03
2.754927263595163822e-04 1.574127585627138615e-03
1.765652414178475738e-04 1.677196356467902660e-03
1.182279011118225753e-04 1.685208291746675968e-03
1.370259269606322050e-04 1.626868848688900471e-03
1.468573318561539054e-04 1.800120691768825054e-03
1.421922934241592884e-04 1.644356176257133484e-03
1.718952116789296269e-04 1.792083960026502609e-03
1.712605007924139500e-04 1.573811285197734833e-03
1.213374052895233035e-04 1.663648174144327641e-03
1.190435068565420806e-04 1.643914845772087574e-03
1.243007136508822441e-04 1.571389846503734589e-03
1.145097048720344901e-04 1.742543070577085018e-03
1.435870362911373377e-04 1.551801222376525402e-03
1.666005991864949465e-04 1.768638379871845245e-03
1.688552438281476498e-04 1.535614253953099251e-03
1.789451343938708305e-04 1.778380596078932285e-03
1.986678544199094176e-04 1.549109467305243015e-03
1.652970386203378439e-04 1.734236138872802258e-03
1.389909739373251796e-04 1.562853809446096420e-03
1.291557418880984187e-04 1.638646121136844158e-03
1.092514285119250417e-04 1.586384023539721966e-03
9.591088019078597426e-05 1.547213527373969555e-03
1.089421057258732617e-04 1.666372292675077915e-03
1.219327896251343191e-04 1.533812377601861954e-03
1.267325715161859989e-04 1.742908847518265247e-03
1.462967338738963008e-04 1.564197591505944729e-03
1.700935536064207554e-04 1.821131911128759384e-03
1.911919243866577744e-04 1.534661510959267616e-03
1.965725241461768746e-04 1.835941686294972897e-03
2.060044353129342198e-04 1.528282416984438896e-03
1.761719322530552745e-04 1.696202321909368038e-03
1.323701435467228293e-04 1.565534854307770729e-03
1.036791072692722082e-04 1.594219822436571121e-03
1.028406841214746237e-04 1.688035554252564907e-03
1.125648268498480320e-04 1.552499830722808838e-03
1.329938386334106326e-04 1.797702978365123272e-03
1.770041999407112598e-04 1.564314123243093491e-03
2.305471134604886174e-04 1.975580584257841110e-03
3.081529575865715742e-04 1.581864315085113049e-03
3.418095584493130445e-04 2.046450506895780563e-03
3.552064881660044193e-04 1.561948447488248348e-03
2.431640314171090722e-04 1.682989532127976418e-03
1.314862165600061417e-04 1.658552209846675396e-03
1.138713632826693356e-04 1.564284437336027622e-03
1.874098816188052297e-04 1.962132053449749947e-03
2.594478137325495481e-04 1.591585110872983932e-03
2.502697461750358343e-04 1.903269439935684204e-03
2.302862703800201416e-04 1.586849801242351532e-03
1.782396720955148339e-04 1.687952200882136822e-03
1.240801648236811161e-04 1.616982044652104378e-03
9.799237159313634038e-05 1.590933185070753098e-03
1.266690378542989492e-04 1.769749214872717857e-03
1.524186809547245502e-04 1.562076620757579803e-03
